1 0.05851978063583374 0.9977856278419495 0.0068846940994262695 0.004428744316101074
1 0.04475045204162598 0.9973427653312683 0.0068846940994262695 0.005314469337463379
1 0.9475043043494225 0.9601417183876038 0.008605852723121643 0.008857369422912598
1 0.03227192163467407 0.9534986615180969 0.009466409683227539 0.009743094444274902
1 0.54432013630867 0.9468556046485901 0.009466409683227539 0.005314469337463379
0 0.4307228922843933 0.9472984671592712 0.011187553405761719 0.007971644401550293
0 0.283993124961853 0.9455270171165466 0.00860583782196045 0.007971644401550293
1 0.19621342420578003 0.9415411949157715 0.00860583782196045 0.005314469337463379
0 0.0796041488647461 0.9415411949157715 0.007745265960693359 0.007085919380187988
1 0.3683304786682129 0.9424269199371338 0.010326981544494629 0.008857369422912598
1 0.8941480219364166 0.9375553727149963 0.008605852723121643 0.004428744316101074
1 0.54432013630867 0.9371125102043152 0.009466409683227539 0.005314469337463379
0 0.8115318417549133 0.9371125102043152 0.00860583782196045 0.005314469337463379
1 0.52108433842659 0.9353410005569458 0.007745265960693359 0.005314469337463379
1 0.36876076459884644 0.9344552755355835 0.009466409683227539 0.005314469337463379
0 0.3907057046890259 0.9340124130249023 0.00860583782196045 0.004428744316101074
1 0.21772807836532593 0.9344552755355835 0.00516355037689209 0.008857369422912598
0 0.17297762632369995 0.9313551783561707 0.00860583782196045 0.004428744316101074
1 0.6906196177005768 0.9313551783561707 0.007745265960693359 0.006200194358825684
0 0.8648881167173386 0.9317980408668518 0.010327011346817017 0.007085919380187988
0 0.29862308502197266 0.9326837658882141 0.0068846940994262695 0.010628819465637207
0 0.35370051860809326 0.929583728313446 0.00860583782196045 0.007971644401550293
0 0.16695350408554077 0.9291408061981201 0.00860583782196045 0.010628819465637207
0 0.7345094680786133 0.9193977117538452 0.009466409683227539 0.005314469337463379
1 0.7839931100606918 0.9193977117538452 0.010327011346817017 0.005314469337463379
0 0.8171256482601166 0.9185119867324829 0.009466439485549927 0.007085919380187988
0 0.6032702326774597 0.9171833395957947 0.0068846940994262695 0.006200194358825684
0 0.3132529854774475 0.9154118895530701 0.00860583782196045 0.007971644401550293
0 0.6148881316184998 0.9167404770851135 0.012908756732940674 0.010628819465637207
0 0.26807230710983276 0.9140832424163818 0.007745265960693359 0.007085919380187988
1 0.5559380352497101 0.9136403799057007 0.00860583782196045 0.006200194358825684
0 0.16695350408554077 0.9114260673522949 0.0068846940994262695 0.008857369422912598
1 0.5477624833583832 0.9114260673522949 0.004302918910980225 0.008857369422912598
1 0.7844234108924866 0.9114260673522949 0.006024092435836792 0.008857369422912598
1 0.19578313827514648 0.9092116951942444 0.007745265960693359 0.009743094444274902
1 0.2061101794242859 0.9092116951942444 0.00602412223815918 0.009743094444274902
1 0.8984509482979774 0.9092116951942444 0.005163505673408508 0.009743094444274902
0 0.3816695213317871 0.907440185546875 0.007745265960693359 0.015057563781738281
1 0.20740103721618652 0.9007971882820129 0.00860583782196045 0.005314469337463379
1 0.6669535338878632 0.9100974202156067 0.02237522602081299 0.02391493320465088
0 0.6897590458393097 0.9030115008354187 0.007745265960693359 0.009743094444274902
1 0.19664371013641357 0.900354266166687 0.009466409683227539 0.006200194358825684
0 0.6325301229953766 0.9012400507926941 0.00860583782196045 0.007971644401550293
0 0.15146297216415405 0.897254228591919 0.00860583782196045 0.007085919380187988
1 0.9952667811885476 0.8976970911026001 0.009466437622904778 0.009743094444274902
0 0.27796900272369385 0.886625349521637 0.00860583782196045 0.005314469337463379
0 0.07487088441848755 0.886625349521637 0.0068846940994262695 0.007085919380187988
1 0.22719448804855347 0.8857395648956299 0.00860583782196045 0.005314469337463379
0 0.66351118683815 0.8875110745429993 0.010327041149139404 0.008857369422912598
0 0.5180722773075104 0.8852967023849487 0.0068846940994262695 0.006200194358825684
0 0.6901893317699432 0.886625349521637 0.00860583782196045 0.008857369422912598
0 0.28528398275375366 0.8844109773635864 0.007745265960693359 0.006200194358825684
0 0.3429431915283203 0.8844109773635864 0.007745265960693359 0.006200194358825684
1 0.26807230710983276 0.8835252523422241 0.007745265960693359 0.006200194358825684
0 0.17125648260116577 0.8817537426948547 0.013769388198852539 0.009743094444274902
0 0.1540447473526001 0.8799822926521301 0.0068846940994262695 0.007971644401550293
1 0.20783132314682007 0.8782107830047607 0.009466409683227539 0.009743094444274902
0 0.7134251296520233 0.8746678233146667 0.00860583782196045 0.004428744316101074
1 0.37220311164855957 0.8768821954727173 0.009466409683227539 0.015943288803100586
1 0.8395008593797684 0.879539430141449 0.023235797882080078 0.021257758140563965
1 0.7818416506052017 0.879539430141449 0.024956971406936646 0.023029208183288574
1 0.7654905319213867 0.8733392357826233 0.007745265960693359 0.012400388717651367
0 0.32788294553756714 0.8702391386032104 0.0068846940994262695 0.009743094444274902
1 0.5563683211803436 0.8573959469795227 0.007745265960693359 0.005314469337463379
1 0.6346815824508667 0.8565101623535156 0.00602412223815918 0.005314469337463379
0 0.8205679804086685 0.8556244373321533 0.007745265960693359 0.008857369422912598
1 0.7246127426624298 0.8542958498001099 0.0051634907722473145 0.007971644401550293
0 0.16953527927398682 0.8520814776420593 0.00860583782196045 0.007085919380187988
1 0.5563683211803436 0.8507528901100159 0.009466409683227539 0.006200194358825684
1 0.7336488664150238 0.847652792930603 0.007745265960693359 0.005314469337463379
1 0.37306368350982666 0.8472099304199219 0.00602412223815918 0.009743094444274902
0 0.895438902080059 0.8494242429733276 0.009466439485549927 0.015943288803100586
0 0.8055077493190765 0.8436669707298279 0.0068846940994262695 0.007971644401550293
1 0.870051633566618 0.8507528901100159 0.02237521857023239 0.02214348316192627
1 0.7134251296520233 0.8418954610824585 0.010327041149139404 0.009743094444274902
1 0.21686744689941406 0.8356953263282776 0.00516355037689209 0.007971644401550293
1 0.7336488664150238 0.8197519779205322 0.00602412223815918 0.009743094444274902
1 0.19707399606704712 0.8170948028564453 0.00516355037689209 0.009743094444274902
0 0.8050774484872818 0.8139947056770325 0.007745265960693359 0.008857369422912598
1 0.2009466290473938 0.8122231960296631 0.00602412223815918 0.008857369422912598
0 0.6901893317699432 0.8131089210510254 0.010327041149139404 0.012400388717651367
0 0.1673838496208191 0.8091230988502502 0.00602412223815918 0.007971644401550293
0 0.4888123869895935 0.8091230988502502 0.0068846940994262695 0.007971644401550293
0 0.35671257972717285 0.8064659237861633 0.007745265960693359 0.006200194358825684
0 0.5563683211803436 0.8007085919380188 0.00602412223815918 0.008857369422912598
0 0.9156626537442207 0.7971656322479248 0.01032702624797821 0.005314469337463379
1 0.6092943251132965 0.7922940850257874 0.00860583782196045 0.004428744316101074
1 0.5288296043872833 0.7914083003997803 0.007745265960693359 0.004428744316101074
1 0.3734939694404602 0.7896368503570557 0.00860583782196045 0.004428744316101074
1 0.38597244024276733 0.7896368503570557 0.007745265960693359 0.004428744316101074
1 0.44621342420578003 0.7900797128677368 0.007745265960693359 0.005314469337463379
1 0.1815834641456604 0.7891939878463745 0.00860583782196045 0.005314469337463379
0 0.2224612832069397 0.7900797128677368 0.007745265960693359 0.007085919380187988
1 0.1518932580947876 0.7883082628250122 0.007745265960693359 0.005314469337463379
1 0.8274526745080948 0.7803365588188171 0.007745265960693359 0.005314469337463379
0 0.7388123869895935 0.7790079712867737 0.007745265960693359 0.006200194358825684
0 0.6428571343421936 0.776350736618042 0.00860583782196045 0.006200194358825684
1 0.8975903615355492 0.7652789950370789 0.008605852723121643 0.005314469337463379
0 0.44406193494796753 0.762178897857666 0.00860583782196045 0.006200194358825684
0 0.3476763963699341 0.7608503103256226 0.01204824447631836 0.010628819465637207
1 0.7332185804843903 0.7599645853042603 0.0051634907722473145 0.008857369422912598
1 0.2000860571861267 0.7542072534561157 0.00602412223815918 0.009743094444274902
0 0.08089500665664673 0.7537643909454346 0.00516355037689209 0.010628819465637207
0 0.3743545413017273 0.7537643909454346 0.00860583782196045 0.010628819465637207
0 0.8657487034797668 0.7506642937660217 0.010327011346817017 0.007971644401550293
0 0.38425129652023315 0.75199294090271 0.007745265960693359 0.015943288803100586
0 0.9079173803329468 0.744907021522522 0.008605852723121643 0.005314469337463379
0 0.32917386293411255 0.744464099407196 0.007745265960693359 0.006200194358825684
0 0.25946640968322754 0.744907021522522 0.009466409683227539 0.008857369422912598
0 0.30034422874450684 0.744464099407196 0.00860583782196045 0.007971644401550293
1 0.7956110090017319 0.7426926493644714 0.006024092435836792 0.004428744316101074
0 0.17426848411560059 0.7435783743858337 0.011187553405761719 0.007971644401550293
1 0.5778829455375671 0.7400354146957397 0.00602412223815918 0.004428744316101074
0 0.5352839827537537 0.7391496896743774 0.00860583782196045 0.004428744316101074
1 0.5615318417549133 0.7395925521850586 0.00602412223815918 0.005314469337463379
0 0.7801204770803452 0.7373782396316528 0.007745265960693359 0.006200194358825684
1 0.6712564527988434 0.7347210049629211 0.010327041149139404 0.006200194358825684
0 0.49225473403930664 0.7320637702941895 0.00860583782196045 0.006200194358825684
0 0.5215146243572235 0.7329494953155518 0.010327041149139404 0.007971644401550293
1 0.5580894947052002 0.7316209077835083 0.007745265960693359 0.005314469337463379
0 0.5322719514369965 0.7320637702941895 0.007745265960693359 0.007971644401550293
0 0.31798624992370605 0.7302923202514648 0.007745265960693359 0.006200194358825684
0 0.09509468078613281 0.7302923202514648 0.011187553405761719 0.007971644401550293
0 0.17297762632369995 0.7298493981361389 0.00860583782196045 0.007085919380187988
0 0.2611876130104065 0.7302923202514648 0.011187553405761719 0.007971644401550293
0 0.2895869016647339 0.7302923202514648 0.009466409683227539 0.007971644401550293
1 0.7336488664150238 0.730735182762146 0.00602412223815918 0.008857369422912598
1 0.8868330493569374 0.7302923202514648 0.004302918910980225 0.007971644401550293
0 0.7646299451589584 0.7276350855827332 0.009466439485549927 0.006200194358825684
1 0.5580894947052002 0.7254207134246826 0.007745265960693359 0.005314469337463379
0 0.6110154986381531 0.7245349884033203 0.00860583782196045 0.005314469337463379
1 0.4655765891075134 0.7245349884033203 0.00516355037689209 0.008857369422912598
1 0.7241824567317963 0.7232064008712769 0.00602412223815918 0.006200194358825684
0 0.8063683360815048 0.7214348912239075 0.0068846940994262695 0.007971644401550293
0 0.8468158394098282 0.7205491662025452 0.00860583782196045 0.006200194358825684
1 0.20137691497802734 0.7192205786705017 0.0068846940994262695 0.007085919380187988
0 0.3304647207260132 0.7147918343544006 0.00860583782196045 0.007085919380187988
0 0.11445784568786621 0.7139061093330383 0.00860583782196045 0.007085919380187988
0 0.44449228048324585 0.7156776189804077 0.011187553405761719 0.010628819465637207
0 0.46471601724624634 0.7139061093330383 0.010326981544494629 0.007085919380187988
1 0.9965576592367142 0.7041629552841187 0.006884681526571512 0.012400388717651367
0 0.3476763963699341 0.6997342705726624 0.00860583782196045 0.007085919380187988
1 0.7246127426624298 0.6997342705726624 0.0068846940994262695 0.008857369422912598
0 0.4479345679283142 0.6984056830406189 0.007745265960693359 0.007971644401550293
1 0.5469018816947937 0.6961913108825684 0.007745265960693359 0.008857369422912598
1 0.3756454586982727 0.6948627233505249 0.007745265960693359 0.009743094444274902
1 0.5585197806358337 0.695305585861206 0.00860583782196045 0.010628819465637207
0 0.49440622329711914 0.6930912137031555 0.00602412223815918 0.007971644401550293
0 0.8214285671710968 0.6948627233505249 0.007745265960693359 0.013286113739013672
0 0.8059380352497101 0.6917626261711121 0.009466439485549927 0.010628819465637207
0 0.38597244024276733 0.6913197636604309 0.007745265960693359 0.015057563781738281
0 0.4806368350982666 0.6780336499214172 0.007745265960693359 0.007971644401550293
1 0.5765920877456665 0.6709477305412292 0.00860583782196045 0.004428744316101074
0 0.8046471625566483 0.6727192401885986 0.0068846940994262695 0.009743094444274902
0 0.8205679804086685 0.6736049652099609 0.009466439485549927 0.011514663696289062
1 0.2121342420578003 0.6651904582977295 0.00602412223815918 0.008857369422912598
1 0.7349397540092468 0.6647475361824036 0.0068846940994262695 0.009743094444274902
1 0.21686744689941406 0.659433126449585 0.00516355037689209 0.009743094444274902
0 0.3868330717086792 0.6625332236289978 0.007745265960693359 0.015943288803100586
0 0.18846815824508667 0.6541187167167664 0.0068846940994262695 0.007971644401550293
1 0.7586058527231216 0.6465898752212524 0.009466439485549927 0.005314469337463379
1 0.44406193494796753 0.6408326029777527 0.00860583782196045 0.006200194358825684
0 0.46385544538497925 0.6395040154457092 0.00860583782196045 0.008857369422912598
1 0.4376075863838196 0.6390610933303833 0.00602412223815918 0.009743094444274902
1 0.5593803822994232 0.6359610557556152 0.00860583782196045 0.010628819465637207
0 0.17383819818496704 0.6359610557556152 0.00860583782196045 0.012400388717651367
0 0.8218588680028915 0.6341895461082458 0.0068846940994262695 0.010628819465637207
1 0.2521514892578125 0.6319751739501953 0.0068846940994262695 0.007971644401550293
1 0.7702237516641617 0.6293179988861084 0.00860583782196045 0.004428744316101074
1 0.8412220329046249 0.6390610933303833 0.02151462435722351 0.02391493320465088
0 0.32530122995376587 0.6306465864181519 0.00860583782196045 0.010628819465637207
1 0.21815836429595947 0.6293179988861084 0.00602412223815918 0.009743094444274902
0 0.3876936435699463 0.6319751739501953 0.007745265960693359 0.015057563781738281
0 0.6346815824508667 0.627546489238739 0.007745265960693359 0.006200194358825684
1 0.16049915552139282 0.6248892545700073 0.00602412223815918 0.007971644401550293
0 0.30593806505203247 0.6253321766853333 0.007745265960693359 0.008857369422912598
0 0.14543890953063965 0.624003529548645 0.00860583782196045 0.009743094444274902
1 0.23666095733642578 0.6213462948799133 0.00860583782196045 0.004428744316101074
1 0.24655765295028687 0.6213462948799133 0.007745265960693359 0.004428744316101074
1 0.10757315158843994 0.6200177073478699 0.00860583782196045 0.005314469337463379
0 0.4634250998497009 0.6071745157241821 0.00602412223815918 0.007971644401550293
1 0.7413941621780396 0.6009743213653564 0.007745265960693359 0.004428744316101074
1 0.7822719514369965 0.6014171838760376 0.010327011346817017 0.005314469337463379
1 0.694922536611557 0.6000885963439941 0.007745265960693359 0.004428744316101074
1 0.650602400302887 0.5992028117179871 0.00860583782196045 0.004428744316101074
1 0.6398451030254364 0.5987599492073059 0.009466409683227539 0.005314469337463379
0 0.72891566157341 0.5987599492073059 0.010327041149139404 0.008857369422912598
1 0.25473320484161377 0.5947741270065308 0.00860583782196045 0.004428744316101074
1 0.6686747074127197 0.5956598520278931 0.0068846940994262695 0.006200194358825684
1 0.19664371013641357 0.5938884019851685 0.00602412223815918 0.004428744316101074
1 0.5860585272312164 0.596102774143219 0.0068846940994262695 0.008857369422912598
1 0.68459552526474 0.5956598520278931 0.00602412223815918 0.007971644401550293
0 0.5172117054462433 0.5952169895172119 0.012048184871673584 0.008857369422912598
1 0.6037005186080933 0.5952169895172119 0.00602412223815918 0.008857369422912598
1 0.5395869314670563 0.5947741270065308 0.0051634907722473145 0.009743094444274902
0 0.576161801815033 0.5938884019851685 0.00602412223815918 0.007971644401550293
1 0.24569708108901978 0.5930026769638062 0.00602412223815918 0.007971644401550293
1 0.153184175491333 0.5934455394744873 0.00516355037689209 0.010628819465637207
0 0.5318416655063629 0.5934455394744873 0.00860583782196045 0.010628819465637207
1 0.5679862201213837 0.5916740298271179 0.0051634907722473145 0.008857369422912598
1 0.6183304786682129 0.5912311673164368 0.007745265960693359 0.007971644401550293
1 0.6617900133132935 0.5934455394744873 0.0068846940994262695 0.012400388717651367
1 0.8166953474283218 0.5916740298271179 0.010327011346817017 0.012400388717651367
1 0.32788294553756714 0.5885739326477051 0.00516355037689209 0.007971644401550293
1 0.2603270411491394 0.5876882076263428 0.00602412223815918 0.007971644401550293
1 0.28012049198150635 0.5872453451156616 0.00602412223815918 0.007085919380187988
1 0.34466439485549927 0.5876882076263428 0.009466409683227539 0.007971644401550293
1 0.24010324478149414 0.585473895072937 0.0068846940994262695 0.005314469337463379
1 0.2521514892578125 0.5863596200942993 0.00516355037689209 0.007085919380187988
0 0.4160929322242737 0.5859167575836182 0.00602412223815918 0.007971644401550293
1 0.7061101496219635 0.5828166604042053 0.00602412223815918 0.007085919380187988
0 0.5335628092288971 0.5806022882461548 0.012048184871673584 0.009743094444274902
0 0.43459552526474 0.5792737007141113 0.0068846940994262695 0.008857369422912598
1 0.22676420211791992 0.5757307410240173 0.009466409683227539 0.005314469337463379
0 0.8756454400718212 0.5708591938018799 0.00946643203496933 0.006200194358825684
0 0.8360585272312164 0.570416271686554 0.007745265960693359 0.007085919380187988
1 0.21858865022659302 0.570416271686554 0.00516355037689209 0.008857369422912598
1 0.37908780574798584 0.5735163688659668 0.009466409683227539 0.015057563781738281
0 0.3889845013618469 0.5735163688659668 0.00860583782196045 0.015057563781738281
0 0.7831325232982635 0.567759096622467 0.00860583782196045 0.005314469337463379
0 0.5055938065052032 0.5651018619537354 0.007745265960693359 0.005314469337463379
0 0.4677280783653259 0.5646589994430542 0.01290881633758545 0.007971644401550293
1 0.00301206111907959 0.5659875869750977 0.00602412223815918 0.012400388717651367
0 0.1897590160369873 0.5624446272850037 0.007745265960693359 0.007085919380187988
0 0.15017211437225342 0.5620017647743225 0.009466409683227539 0.007971644401550293
0 0.6170395910739899 0.5540301203727722 0.010327041149139404 0.007971644401550293
1 0.5972461402416229 0.5513728857040405 0.00860583782196045 0.004428744316101074
0 0.44836491346359253 0.5513728857040405 0.00860583782196045 0.006200194358825684
0 0.7358003556728363 0.5522586107254028 0.00860583782196045 0.009743094444274902
0 0.17771083116531372 0.5478299260139465 0.007745265960693359 0.007971644401550293
0 0.1897590160369873 0.5487156510353088 0.011187553405761719 0.009743094444274902
1 0.8962994813919067 0.5482727885246277 0.004302918910980225 0.008857369422912598
1 0.7271944880485535 0.5469442009925842 0.0051634907722473145 0.009743094444274902
1 0.5529260039329529 0.5429583787918091 0.004302918910980225 0.008857369422912598
0 0.6897590458393097 0.5425155162811279 0.00602412223815918 0.007971644401550293
0 0.8055077493190765 0.5442869663238525 0.00860583782196045 0.011514663696289062
1 0.27280551195144653 0.5429583787918091 0.00516355037689209 0.010628819465637207
1 0.5598106682300568 0.5411868691444397 0.00602412223815918 0.007085919380187988
1 0.06712561845779419 0.5411868691444397 0.00516355037689209 0.010628819465637207
1 0.20955246686935425 0.5394154191017151 0.004302978515625 0.008857369422912598
1 0.6703958809375763 0.5460584759712219 0.02237522602081299 0.02214348316192627
0 0.4358863830566406 0.5367581844329834 0.007745265960693359 0.008857369422912598
0 0.32099825143814087 0.5354295969009399 0.0068846940994262695 0.007971644401550293
0 0.11790019273757935 0.5345438718795776 0.0068846940994262695 0.007971644401550293
1 0.1153184175491333 0.5256864428520203 0.0068846940994262695 0.006200194358825684
0 0.4651463031768799 0.5208148956298828 0.007745265960693359 0.007085919380187988
0 0.2951807379722595 0.5199291706085205 0.00860583782196045 0.007085919380187988
1 0.3876936435699463 0.5172719359397888 0.004302978515625 0.008857369422912598
1 0.6703958809375763 0.5172719359397888 0.00860583782196045 0.008857369422912598
0 0.10542166233062744 0.5163862109184265 0.007745265960693359 0.008857369422912598
1 0.5012909024953842 0.5163862109184265 0.006024092435836792 0.008857369422912598
1 0.20654046535491943 0.5155004262924194 0.00860583782196045 0.008857369422912598
1 0.5503442287445068 0.51771479845047 0.009466409683227539 0.015057563781738281
1 0.5619621276855469 0.5150575637817383 0.00860583782196045 0.011514663696289062
1 0.8136833012104034 0.5194862484931946 0.02151462435722351 0.02214348316192627
1 0.39156627655029297 0.5115146040916443 0.00860583782196045 0.009743094444274902
1 0.6987951695919037 0.51771479845047 0.020654022693634033 0.02214348316192627
0 0.4182444214820862 0.5039858222007751 0.00860583782196045 0.007085919380187988
1 0.09165233373641968 0.5026572346687317 0.007745265960693359 0.006200194358825684
1 0.31669533252716064 0.5017714649438858 0.0068846940994262695 0.0044287145137786865
1 0.21987950801849365 0.5004428774118423 0.009466409683227539 0.005314439535140991
1 0.5606712698936462 0.4991142749786377 0.004302918910980225 0.007971644401550293
1 0.6019793450832367 0.4973428100347519 0.00602412223815918 0.00797167420387268
0 0.6510327160358429 0.4920283555984497 0.00602412223815918 0.007971644401550293
1 0.4070568084716797 0.4920283555984497 0.0068846940994262695 0.009743154048919678
1 0.5589500963687897 0.49069973826408386 0.004302918910980225 0.007085919380187988
1 0.24827885627746582 0.48981398344039917 0.00602412223815918 0.007085919380187988
0 0.37478482723236084 0.489371120929718 0.00602412223815918 0.007971644401550293
1 0.1785714030265808 0.4884853959083557 0.00602412223815918 0.007971644401550293
0 0.5271084308624268 0.4884853959083557 0.007745265960693359 0.007971644401550293
0 0.8941480219364166 0.49158546328544617 0.008605852723121643 0.015943288803100586
0 0.7228915691375732 0.489371120929718 0.00860583782196045 0.015057563781738281
1 0.15533560514450073 0.484056681394577 0.004302978515625 0.007971644401550293
1 0.23493975400924683 0.48715677857398987 0.0068846940994262695 0.014171838760375977
0 0.5503442287445068 0.4867139160633087 0.007745265960693359 0.015057563781738281
0 0.37994837760925293 0.4844995439052582 0.007745265960693359 0.014171838760375977
0 0.17814111709594727 0.4774136543273926 0.00860583782196045 0.010628879070281982
1 0.8907056823372841 0.4641275405883789 0.005163505673408508 0.008857369422912598
1 0.7254733145236969 0.46279892325401306 0.0051634907722473145 0.009743154048919678
1 0.9061962142586708 0.46014171838760376 0.006884679198265076 0.004428684711456299
1 0.49526679515838623 0.4605845808982849 0.007745265960693359 0.007085919380187988
0 0.2951807379722595 0.4596988558769226 0.0068846940994262695 0.008857369422912598
1 0.5490533709526062 0.46014171838760376 0.0051634907722473145 0.009743154048919678
1 0.39457833766937256 0.4579273760318756 0.004302978515625 0.008857369422912598
1 0.5972461402416229 0.45571303367614746 0.00860583782196045 0.004428684711456299
0 0.8334767669439316 0.45659875869750977 0.006024092435836792 0.007971644401550293
1 0.40533560514450073 0.45305579900741577 0.00860583782196045 0.004428684711456299
1 0.4457831382751465 0.4534986615180969 0.010326981544494629 0.0053144097328186035
1 0.5529260039329529 0.4552701413631439 0.00602412223815918 0.008857369422912598
1 0.5623924136161804 0.45659875869750977 0.009466409683227539 0.011514604091644287
0 0.3816695213317871 0.4517271816730499 0.007745265960693359 0.008857369422912598
0 0.15748709440231323 0.45039859414100647 0.00860583782196045 0.007971644401550293
1 0.18502581119537354 0.44818422198295593 0.0068846940994262695 0.0053144097328186035
1 0.0047332048416137695 0.4490699768066406 0.009466409683227539 0.008857369422912598
1 0.23235797882080078 0.44198405742645264 0.00860583782196045 0.012400329113006592
0 0.06712561845779419 0.4282550811767578 0.0068846940994262695 0.007971644401550293
0 0.6755593717098236 0.4193977117538452 0.00860583782196045 0.006200194358825684
0 0.7026678025722504 0.41984057426452637 0.009466409683227539 0.007085919380187988
0 0.2000860571861267 0.4109831750392914 0.007745265960693359 0.0053144097328186035
1 0.11187607049942017 0.40965455770492554 0.00860583782196045 0.004428684711456299
0 0.6673838198184967 0.4092116951942444 0.011187613010406494 0.007085919380187988
1 0.7147160172462463 0.40611159801483154 0.00602412223815918 0.004428684711456299
0 0.8067986220121384 0.40788307785987854 0.006024092435836792 0.007971644401550293
0 0.30679863691329956 0.4047829806804657 0.009466409683227539 0.0053144097328186035
1 0.7362306416034698 0.4047829806804657 0.009466409683227539 0.0053144097328186035
1 0.8967297747731209 0.4038972556591034 0.008605852723121643 0.010628879070281982
1 0.9444922544062138 0.40079715847969055 0.0043029263615608215 0.007971644401550293
1 0.3907057046890259 0.39991143345832825 0.00516355037689209 0.009743154048919678
0 0.40275388956069946 0.3994685709476471 0.00516355037689209 0.008857369422912598
0 0.8063683360815048 0.39636847376823425 0.0068846940994262695 0.007971644401550293
1 0.3007745146751404 0.3950398564338684 0.004302978515625 0.008857369422912598
0 0.10111874341964722 0.39371123909950256 0.00602412223815918 0.007971644401550293
0 0.6932013630867004 0.39459699392318726 0.007745265960693359 0.009743154048919678
0 0.6209122240543365 0.39193975925445557 0.007745265960693359 0.006200194358825684
0 0.6729776263237 0.3906111717224121 0.00860583782196045 0.0053144097328186035
1 0.04001718759536743 0.3852967321872711 0.007745265960693359 0.0053144097328186035
1 0.03227192163467407 0.38573959469795227 0.00602412223815918 0.007971644401550293
0 0.07616180181503296 0.3848538398742676 0.007745265960693359 0.011514604091644287
0 0.11617898941040039 0.3813108801841736 0.00860583782196045 0.007971644401550293
0 0.6114457845687866 0.379539430141449 0.007745265960693359 0.006200194358825684
0 0.6497418284416199 0.3786536753177643 0.00860583782196045 0.006200194358825684
1 0.7358003556728363 0.377767950296402 0.00860583782196045 0.004428684711456299
0 0.7603270262479782 0.37643933296203613 0.009466439485549927 0.0053144097328186035
1 0.7233218550682068 0.37555357813835144 0.004302918910980225 0.007085919380187988
1 0.1867470145225525 0.37378209829330444 0.00860583782196045 0.0053144097328186035
0 0.31067126989364624 0.3733392357826233 0.00860583782196045 0.007971644401550293
0 0.36790019273757935 0.37289637327194214 0.007745265960693359 0.008857369422912598
1 0.9444922544062138 0.372453510761261 0.0043029263615608215 0.007971644401550293
1 0.39629948139190674 0.37023913860321045 0.004302978515625 0.008857369422912598
1 0.5636833012104034 0.368910551071167 0.00860583782196045 0.011514604091644287
0 0.6652323603630066 0.365367591381073 0.0068846940994262695 0.007971644401550293
0 0.7598967254161835 0.36226749420166016 0.00860583782196045 0.0053144097328186035
1 0.21256452798843384 0.36315321922302246 0.00860583782196045 0.010628879070281982
0 0.49870914220809937 0.36049601435661316 0.009466409683227539 0.007085919380187988
0 0.19621342420578003 0.35695305466651917 0.00860583782196045 0.008857369422912598
1 0.20567983388900757 0.35429584980010986 0.0068846940994262695 0.0053144097328186035
1 0.17211705446243286 0.3520814776420593 0.0068846940994262695 0.006200194358825684
1 0.23493975400924683 0.35252436995506287 0.00860583782196045 0.007085919380187988
1 0.7861445844173431 0.3520814776420593 0.006024092435836792 0.006200194358825684
0 0.31540447473526 0.3520814776420593 0.007745265960693359 0.007971644401550293
1 0.18029260635375977 0.3498671352863312 0.004302978515625 0.007085919380187988
1 0.2641996741294861 0.34898141026496887 0.00860583782196045 0.0053144097328186035
1 0.8958691880106926 0.3480956554412842 0.008605852723121643 0.007085919380187988
1 0.007745265960693359 0.3480956554412842 0.00860583782196045 0.008857369422912598
1 0.25473320484161377 0.34588131308555603 0.00860583782196045 0.006200194358825684
0 0.8067986220121384 0.3480956554412842 0.007745265960693359 0.012400329113006592
1 0.23106712102890015 0.34322407841682434 0.00602412223815918 0.009743154048919678
0 0.2977624535560608 0.34233835339546204 0.0068846940994262695 0.007971644401550293
0 0.1673838496208191 0.3410097360610962 0.007745265960693359 0.008857369422912598
1 0.895438902080059 0.34056687355041504 0.006024092435836792 0.007971644401550293
0 0.7353700399398804 0.3427812159061432 0.009466409683227539 0.014171838760375977
0 0.6811531782150269 0.33790966868400574 0.00602412223815918 0.007971644401550293
1 0.2224612832069397 0.3356952965259552 0.009466409683227539 0.014171838760375977
0 0.3257315158843994 0.33170947432518005 0.00602412223815918 0.007971644401550293
0 0.8717728145420551 0.3193091154098511 0.008605845272541046 0.004428684711456299
0 0.6932013630867004 0.3193091154098511 0.007745265960693359 0.009743154048919678
1 0.4216867685317993 0.3157661557197571 0.00516355037689209 0.007971644401550293
1 0.43029260635375977 0.3139946758747101 0.00860583782196045 0.004428684711456299
1 0.61919105052948 0.3148804306983948 0.004302918910980225 0.007971644401550293
1 0.8962994813919067 0.31355181336402893 0.007745265960693359 0.010628879070281982
0 0.7349397540092468 0.3139946758747101 0.00860583782196045 0.013286113739013672
0 0.4741824269294739 0.3113374710083008 0.010326981544494629 0.009743154048919678
1 0.7246127426624298 0.3131089508533478 0.00860583782196045 0.015057563781738281
1 0.5064543783664703 0.30912312865257263 0.004302918910980225 0.008857369422912598
0 0.5533562898635864 0.31178033351898193 0.00860583782196045 0.014171838760375977
1 0.8429432064294815 0.3153232932090759 0.02151462435722351 0.021257758140563965
1 0.5632530152797699 0.30735164880752563 0.00602412223815918 0.007085919380187988
0 0.08347678184509277 0.3086802363395691 0.010326981544494629 0.011514604091644287
1 0.6729776263237 0.31355181336402893 0.020654022693634033 0.021257758140563965
1 0.3958691954612732 0.3086802363395691 0.0068846940994262695 0.013286113739013672
1 0.4182444214820862 0.30558016896247864 0.00516355037689209 0.008857369422912598
1 0.19061964750289917 0.3051372766494751 0.00602412223815918 0.011514604091644287
1 0.16049915552139282 0.30292293429374695 0.004302978515625 0.008857369422912598
1 0.5701376795768738 0.29849424958229065 0.004302918910980225 0.008857369422912598
1 0.12220311164855957 0.2891939878463745 0.0068846940994262695 0.006200194358825684
1 0.3919965624809265 0.281665176153183 0.004302978515625 0.008857369422912598
0 0.5335628092288971 0.2807794511318207 0.010327041149139404 0.007085919380187988
0 0.8360585272312164 0.2807794511318207 0.006024092435836792 0.008857369422912598
1 0.8717728108167648 0.2865367531776428 0.02065405249595642 0.02214348316192627
1 0.2233218550682068 0.27856510877609253 0.007745265960693359 0.009743154048919678
0 0.5387263298034668 0.2754650115966797 0.00860583782196045 0.008857369422912598
0 0.6888984441757202 0.2736935317516327 0.009466409683227539 0.0053144097328186035
1 0.599397599697113 0.2728078067302704 0.007745265960693359 0.0053144097328186035
1 0.5800344347953796 0.2719220519065857 0.00860583782196045 0.0053144097328186035
0 0.17685025930404663 0.26527899503707886 0.007745265960693359 0.006200194358825684
1 0.21557658910751343 0.26262179017066956 0.004302978515625 0.007971644401550293
1 0.8752151392400265 0.26262179017066956 0.005163513123989105 0.007971644401550293
1 0.477624773979187 0.25907883048057556 0.0068846940994262695 0.006200194358825684
0 0.6209122240543365 0.2604074478149414 0.004302918910980225 0.008857369422912598
1 0.6970739960670471 0.25996458530426025 0.0051634907722473145 0.009743154048919678
1 0.2233218550682068 0.2586359679698944 0.004302978515625 0.008857369422912598
1 0.23493975400924683 0.25819310545921326 0.00860583782196045 0.007971644401550293
0 0.5361445844173431 0.25907883048057556 0.0051634907722473145 0.009743154048919678
1 0.7039586901664734 0.2595216929912567 0.0051634907722473145 0.010628879070281982
1 0.20352840423583984 0.2577502131462097 0.004302978515625 0.008857369422912598
1 0.5021514743566513 0.2577502131462097 0.006024092435836792 0.008857369422912598
1 0.17082613706588745 0.25642162561416626 0.00602412223815918 0.009743154048919678
1 0.27495694160461426 0.2550930082798004 0.007745265960693359 0.007085919380187988
0 0.8700516372919083 0.2586359679698944 0.00860583782196045 0.015943288803100586
1 0.3653184175491333 0.2542072460055351 0.004302978515625 0.008857384324073792
1 0.13209980726242065 0.2524357736110687 0.011187553405761719 0.007085919380187988
1 0.1867470145225525 0.2524357736110687 0.00516355037689209 0.007085919380187988
0 0.10370051860809326 0.2515500485897064 0.01290881633758545 0.007085919380187988
1 0.23537003993988037 0.2515500485897064 0.007745265960693359 0.007085919380187988
0 0.477624773979187 0.25066429376602173 0.0068846940994262695 0.007085919380187988
0 0.360154926776886 0.25243576616048813 0.007745265960693359 0.01594330370426178
1 0.19061964750289917 0.24446412920951843 0.00602412223815918 0.007085919380187988
1 0.10886400938034058 0.24357838928699493 0.004302978515625 0.008857399225234985
0 0.13209980726242065 0.2431355118751526 0.011187553405761719 0.007971644401550293
0 0.7852839976549149 0.23472099006175995 0.006024092435836792 0.008857399225234985
1 0.8330464661121368 0.2325066477060318 0.0068846940994262695 0.004428684711456299
1 0.7074010372161865 0.23383525013923645 0.00860583782196045 0.008857399225234985
1 0.4888123869895935 0.2289636880159378 0.00860583782196045 0.004428684711456299
1 0.22719448804855347 0.22364924848079681 0.00860583782196045 0.004428684711456299
1 0.19621342420578003 0.22276350855827332 0.00860583782196045 0.004428684711456299
1 0.13425129652023315 0.22143489122390747 0.00860583782196045 0.005314439535140991
1 0.1450086236000061 0.22143489122390747 0.009466409683227539 0.005314439535140991
1 0.43029260635375977 0.22143489122390747 0.0068846940994262695 0.005314439535140991
1 0.576161801815033 0.22320637106895447 0.004302918910980225 0.008857399225234985
1 0.4092082381248474 0.22143489122390747 0.007745265960693359 0.007085919380187988
1 0.4388984441757202 0.22099202871322632 0.00516355037689209 0.006200164556503296
1 0.58648881316185 0.22143489122390747 0.004302918910980225 0.007085919380187988
0 0.945352841168642 0.22232063114643097 0.0043029263615608215 0.008857399225234985
1 0.30034422874450684 0.22187776863574982 0.00516355037689209 0.00974312424659729
1 0.2061101794242859 0.21966342628002167 0.00602412223815918 0.008857399225234985
1 0.5662650465965271 0.22054915130138397 0.0068846940994262695 0.010628879070281982
1 0.175559401512146 0.21877768635749817 0.00516355037689209 0.010628879070281982
1 0.6815834641456604 0.21744906902313232 0.0051634907722473145 0.007971644401550293
1 0.21557658910751343 0.21612046658992767 0.007745265960693359 0.007085919380187988
1 0.4767642021179199 0.21700620651245117 0.0068846940994262695 0.008857399225234985
1 0.5146299600601196 0.21523472666740417 0.0051634907722473145 0.007085919380187988
1 0.22676420211791992 0.21479184925556183 0.009466409683227539 0.007971644401550293
1 0.7074010372161865 0.21612046658992767 0.0051634907722473145 0.010628879070281982
1 0.8584337383508682 0.21213462948799133 0.009466439485549927 0.00974312424659729
1 0.6157487034797668 0.21124888956546783 0.007745265960693359 0.00974312424659729
1 0.6686747074127197 0.20947740972042084 0.0051634907722473145 0.006200164556503296
0 0.6867469847202301 0.21390610933303833 0.00860583782196045 0.015057563781738281
0 0.6570568084716797 0.21302036941051483 0.011187613010406494 0.015057563781738281
1 0.20481926202774048 0.20903454720973969 0.00516355037689209 0.008857399225234985
1 0.5185025930404663 0.20682018995285034 0.004302918910980225 0.006200164556503296
1 0.13123923540115356 0.2063773274421692 0.004302978515625 0.008857399225234985
1 0.16265058517456055 0.2063773274421692 0.0068846940994262695 0.010628879070281982
1 0.17469877004623413 0.2063773274421692 0.00516355037689209 0.010628879070281982
1 0.10843372344970703 0.20327723026275635 0.00860583782196045 0.015057563781738281
0 0.5189328789710999 0.19043400883674622 0.010327041149139404 0.005314439535140991
1 0.49225473403930664 0.18910540640354156 0.0068846940994262695 0.007971644401550293
0 0.4591221809387207 0.18246234953403473 0.00602412223815918 0.008857399225234985
0 0.35972464084625244 0.17847652733325958 0.00860583782196045 0.006200164556503296
1 0.9432013779878616 0.1705048680305481 0.008605852723121643 0.004428684711456299
1 0.6660929322242737 0.1678476482629776 0.00860583782196045 0.004428684711456299
1 0.5963855385780334 0.1669619083404541 0.00860583782196045 0.004428684711456299
1 0.4888123869895935 0.1651904284954071 0.00860583782196045 0.004428684711456299
1 0.4582616090774536 0.16297608613967896 0.004302978515625 0.008857399225234985
0 0.9199655801057816 0.1616474688053131 0.008605852723121643 0.006200164556503296
1 0.7861445844173431 0.1572187840938568 0.007745265960693359 0.004428684711456299
0 0.9328743517398834 0.1598760038614273 0.008605852723121643 0.00974312424659729
1 0.7444061934947968 0.15677590668201447 0.00860583782196045 0.005314439535140991
0 0.47805505990982056 0.15323294699192047 0.009466409683227539 0.005314439535140991
1 0.9160929396748543 0.15500442683696747 0.009466439485549927 0.008857399225234985
1 0.4388984441757202 0.15146146714687347 0.00860583782196045 0.005314439535140991
0 0.8012048155069351 0.15013286471366882 0.012048184871673584 0.006200164556503296
0 0.8795180693268776 0.14968998730182648 0.01032702624797821 0.010628879070281982
1 0.1062822937965393 0.14614702761173248 0.007745265960693359 0.005314439535140991
1 0.1325300931930542 0.14481842517852783 0.00860583782196045 0.004428684711456299
1 0.10585200786590576 0.1390611231327057 0.00860583782196045 0.005314439535140991
1 0.5559380352497101 0.13773250579833984 0.00860583782196045 0.004428684711456299
1 0.23537003993988037 0.1381753832101822 0.00602412223815918 0.007085919380187988
1 0.175559401512146 0.14216120541095734 0.013769388198852539 0.01682904362678528
1 0.2551634907722473 0.13241806626319885 0.00602412223815918 0.00974312424659729
0 0.14328742027282715 0.1257750242948532 0.007745265960693359 0.005314439535140991
1 0.3498278856277466 0.12223206460475922 0.00602412223815918 0.007085919380187988
1 0.3132529854774475 0.12046058475971222 0.0068846940994262695 0.007085919380187988
1 0.19750428199768066 0.11957484483718872 0.007745265960693359 0.007085919380187988
1 0.8687607645988464 0.11957484483718872 0.006024092435836792 0.008857399225234985
1 0.7818416506052017 0.11868910491466522 0.004302918910980225 0.008857399225234985
1 0.7930292636156082 0.11824623495340347 0.007745265960693359 0.007971659302711487
1 0.8605851978063583 0.11913197487592697 0.0068846940994262695 0.009743139147758484
1 0.8055077493190765 0.11824623495340347 0.00860583782196045 0.009743139147758484
1 0.0047332048416137695 0.11558901518583298 0.007745265960693359 0.007971659302711487
1 0.6372633278369904 0.11603188514709473 0.00602412223815918 0.008857399225234985
0 0.8382099866867065 0.11514614522457123 0.00860583782196045 0.007085919380187988
1 0.6471600830554962 0.11558901518583298 0.0068846940994262695 0.009743139147758484
1 0.5886402726173401 0.11470327526330948 0.0051634907722473145 0.009743139147758484
1 0.7323580086231232 0.11248892545700073 0.010327041149139404 0.005314439535140991
0 0.7577452659606934 0.11248892545700073 0.009466439485549927 0.005314439535140991
0 0.4410499334335327 0.10850310325622559 0.011187553405761719 0.00620017945766449
1 0.006454408168792725 0.10761736333370209 0.009466409683227539 0.00620017945766449
1 0.7667814046144485 0.1040744036436081 0.0068846940994262695 0.004428699612617493
0 0.29130810499191284 0.10451727360486984 0.007745265960693359 0.007085919380187988
0 0.09294319152832031 0.10097431391477585 0.00860583782196045 0.007085919380187988
1 0.4939758777618408 0.0996457040309906 0.0068846940994262695 0.004428699612617493
1 0.162220299243927 0.09920283406972885 0.007745265960693359 0.005314439535140991
0 0.8975903615355492 0.09920283406972885 0.006884679198265076 0.007085919380187988
1 0.8399311602115631 0.0969884842634201 0.00860583782196045 0.004428699612617493
1 0.8506884723901749 0.09743135422468185 0.009466439485549927 0.005314439535140991
1 0.7112736701965332 0.09477413445711136 0.007745265960693359 0.005314439535140991
1 0.3214285969734192 0.09167404472827911 0.004302978515625 0.007971659302711487
0 0.16394150257110596 0.09034543484449387 0.009466409683227539 0.007085919380187988
1 0.3123924136161804 0.08901683241128922 0.0068846940994262695 0.00620017945766449
1 0.9040447473526001 0.08768822252750397 0.006024092435836792 0.007085919380187988
1 0.81540447473526 0.08281665295362473 0.007745265960693359 0.00620017945766449
1 0.9100688472390175 0.07927369326353073 0.006024092435836792 0.00620017945766449
1 0.7956110090017319 0.07883082330226898 0.006024092435836792 0.01240035891532898
1 0.005593776702880859 0.07395925372838974 0.011187553405761719 0.00620017945766449
1 0.7198795080184937 0.07484499365091324 0.00602412223815918 0.007971659302711487
0 0.7676419913768768 0.07395925372838974 0.00860583782196045 0.00620017945766449
1 0.4186747074127197 0.07351638376712799 0.007745265960693359 0.007085919380187988
1 0.7788296043872833 0.07617360353469849 0.0068846940994262695 0.01240035891532898
0 0.3317555785179138 0.07218777388334274 0.007745265960693359 0.007971659302711487
1 0.3838210105895996 0.06864482164382935 0.00860583782196045 0.004428699612617493
0 0.8911359757184982 0.06953056156635284 0.007745265960693359 0.00620017945766449
1 0.22934597730636597 0.06953056156635284 0.00602412223815918 0.007971659302711487
0 0.14328742027282715 0.06598760187625885 0.007745265960693359 0.00620017945766449
1 0.7293459475040436 0.0628875121474266 0.012908756732940674 0.007085919380187988
0 0.2142857313156128 0.056687332689762115 0.00860583782196045 0.007085919380187988
0 0.8119621276855469 0.05845881439745426 0.012908786535263062 0.012400355190038681
1 0.8192771077156067 0.05491585657000542 0.00860583782196045 0.005314439535140991
0 0.37478482723236084 0.05580159276723862 0.00602412223815918 0.008857399225234985
0 0.1837349534034729 0.05491585657000542 0.00602412223815918 0.008857391774654388
1 0.7719449251890182 0.05270150676369667 0.00860583782196045 0.004428699612617493
1 0.0038726329803466797 0.05270150676369667 0.004302978515625 0.007971659302711487
1 0.2254733443260193 0.050044286996126175 0.00860583782196045 0.004428699612617493
1 0.00602412223815918 0.04074402153491974 0.00516355037689209 0.008857399225234985
1 0.16265058517456055 0.04030115157365799 0.0068846940994262695 0.007971659302711487
0 0.9363167006522417 0.037201061844825745 0.005163509398698807 0.010628879070281982
1 0.9432013779878616 0.037201061844825745 0.005163513123989105 0.010628879070281982
1 0.9113597273826599 0.03454384673386812 0.006884679198265076 0.007085917517542839
0 0.9290017187595367 0.03675819095224142 0.007745265960693359 0.011514613404870033
1 0.019793450832366943 0.03055801521986723 0.00860583782196045 0.011514613404870033
1 0.8653184175491333 0.024357838556170464 0.006024092435836792 0.006200175732374191
1 0.8760757334530354 0.023472098633646965 0.008605845272541046 0.004428695887327194
1 0.9001721143722534 0.023472098633646965 0.006884679198265076 0.004428695887327194
1 0.8235800415277481 0.023029228672385216 0.00860583782196045 0.005314435809850693
1 0.6290877759456635 0.018600530922412872 0.00860583782196045 0.005314439535140991
1 0.5611015558242798 0.017271922435611486 0.00860583782196045 0.004428696818649769
1 0.5856282413005829 0.017271922435611486 0.007745265960693359 0.004428696818649769
1 0.5309810638427734 0.016386182513087988 0.00860583782196045 0.004428696818649769
0 0.5425989627838135 0.014614703133702278 0.00602412223815918 0.007971655577421188
0 0.35972464084625244 0.007085916819050908 0.0068846940994262695 0.007085917051881552
0 0.6049914062023163 0.005757307051680982 0.0068846940994262695 0.0062001768965274096
1 0.14457833766937256 0.006200177362188697 0.00516355037689209 0.008857395965605974
0 0.2908778190612793 0.0044286977499723434 0.0068846940994262695 0.008857395499944687
