1 0.019583333333333335 0.9585561497326203 0.010833333333333334 0.011586452762923352
1 0.2654166666666667 0.9380570409982175 0.009166666666666667 0.006238859180035651
1 0.25666666666666665 0.9376114081996435 0.005 0.008912655971479501
0 0.28708333333333336 0.9362745098039216 0.010833333333333334 0.011586452762923352
0 0.3 0.9362745098039216 0.013333333333333334 0.013368983957219251
1 0.96 0.9344919786096256 0.01 0.011586452762923352
0 0.3475 0.9349376114081996 0.01 0.012477718360071301
1 0.07958333333333334 0.9367201426024956 0.010833333333333334 0.017825311942959002
0 0.5695833333333333 0.9300356506238859 0.010833333333333334 0.011586452762923352
1 0.2683333333333333 0.929144385026738 0.005 0.00980392156862745
1 0.25333333333333335 0.9309269162210339 0.01 0.013368983957219251
0 0.5566666666666666 0.929144385026738 0.011666666666666667 0.013368983957219251
1 0.13958333333333334 0.9322638146167558 0.0225 0.026737967914438502
1 0.7995833333333333 0.9211229946524064 0.009166666666666667 0.008021390374331552
0 0.165 0.9233511586452763 0.011666666666666667 0.012477718360071301
1 0.32458333333333333 0.9273618538324421 0.0225 0.025846702317290554
0 0.30125 0.9202317290552585 0.010833333333333334 0.011586452762923352
0 0.28708333333333336 0.9211229946524064 0.010833333333333334 0.013368983957219251
1 0.4741666666666667 0.9237967914438503 0.021666666666666667 0.025846702317290554
0 0.51 0.9153297682709447 0.01 0.0106951871657754
0 0.49875 0.9148841354723708 0.010833333333333334 0.011586452762923352
1 0.7995833333333333 0.911319073083779 0.009166666666666667 0.006238859180035651
0 0.6566666666666666 0.9122103386809269 0.011666666666666667 0.011586452762923352
1 0.6791666666666667 0.9184491978609626 0.021666666666666667 0.025846702317290554
0 0.6445833333333333 0.911319073083779 0.010833333333333334 0.011586452762923352
1 0.8775 0.9131016042780749 0.021666666666666667 0.025846702317290554
0 0.17833333333333334 0.9037433155080213 0.013333333333333334 0.012477718360071301
1 0.7320833333333333 0.8988413547237076 0.0075 0.004456327985739751
0 0.33208333333333334 0.9006238859180036 0.010833333333333334 0.011586452762923352
0 0.31833333333333336 0.9006238859180036 0.01 0.011586452762923352
1 0.74875 0.8970588235294118 0.005833333333333334 0.006238859180035651
0 0.37875 0.8997326203208557 0.010833333333333334 0.011586452762923352
0 0.39166666666666666 0.8992869875222816 0.011666666666666667 0.012477718360071301
0 0.50875 0.8970588235294118 0.014166666666666666 0.011586452762923352
0 0.49625 0.8961675579322638 0.0075 0.00980392156862745
0 0.56875 0.8952762923351159 0.009166666666666667 0.00980392156862745
1 0.25625 0.892602495543672 0.0075 0.006238859180035651
0 0.5566666666666666 0.8943850267379679 0.01 0.011586452762923352
0 0.6429166666666667 0.893048128342246 0.009166666666666667 0.0106951871657754
0 0.7129166666666666 0.8921568627450981 0.009166666666666667 0.0106951871657754
0 0.74125 0.8912655971479501 0.010833333333333334 0.0106951871657754
0 0.70125 0.8912655971479501 0.010833333333333334 0.012477718360071301
0 0.7291666666666666 0.8899286987522281 0.011666666666666667 0.011586452762923352
0 0.6566666666666666 0.8908199643493762 0.01 0.015151515151515152
1 0.20375 0.8952762923351159 0.0225 0.025846702317290554
0 0.14875 0.8877005347593583 0.010833333333333334 0.0106951871657754
0 0.18 0.8868092691622104 0.01 0.0106951871657754
0 0.16708333333333333 0.8872549019607843 0.010833333333333334 0.011586452762923352
1 0.29541666666666666 0.89349376114082 0.0225 0.025846702317290554
1 0.7975 0.8850267379679144 0.008333333333333333 0.0106951871657754
0 0.37833333333333335 0.8841354723707665 0.01 0.012477718360071301
0 0.3625 0.8836898395721925 0.01 0.011586452762923352
0 0.34875 0.8845811051693404 0.010833333333333334 0.013368983957219251
0 0.39125 0.8827985739750446 0.0125 0.011586452762923352
1 0.475 0.8890374331550802 0.021666666666666667 0.025846702317290554
0 0.4975 0.8805704099821747 0.01 0.0106951871657754
0 0.5104166666666666 0.8796791443850267 0.010833333333333334 0.0106951871657754
0 0.56875 0.8783422459893048 0.009166666666666667 0.00980392156862745
0 0.5558333333333333 0.8792335115864528 0.01 0.011586452762923352
1 0.7970833333333334 0.875222816399287 0.009166666666666667 0.0053475935828877
1 0.6566666666666666 0.8774509803921569 0.008333333333333333 0.00980392156862745
1 0.6783333333333333 0.8841354723707665 0.021666666666666667 0.024955436720142603
0 0.7133333333333334 0.8761140819964349 0.01 0.0106951871657754
0 0.645 0.8765597147950089 0.013333333333333334 0.011586452762923352
0 0.7004166666666667 0.8761140819964349 0.010833333333333334 0.012477718360071301
0 0.7408333333333333 0.8743315508021391 0.01 0.0106951871657754
0 0.72875 0.875222816399287 0.010833333333333334 0.012477718360071301
1 0.032916666666666664 0.8716577540106952 0.004166666666666667 0.0071301247771836
1 0.8470833333333333 0.8796791443850267 0.020833333333333332 0.024955436720142603
0 0.8125 0.8716577540106952 0.01 0.0106951871657754
1 0.25666666666666665 0.8694295900178253 0.008333333333333333 0.006238859180035651
0 0.8816666666666667 0.8716577540106952 0.01 0.012477718360071301
0 0.8683333333333333 0.8712121212121212 0.01 0.011586452762923352
0 0.1675 0.8689839572192514 0.01 0.0106951871657754
0 0.18 0.8685383244206774 0.011666666666666667 0.011586452762923352
0 0.2891666666666667 0.8654188948306596 0.01 0.0106951871657754
0 0.3620833333333333 0.8645276292335116 0.010833333333333334 0.012477718360071301
0 0.3491666666666667 0.8645276292335116 0.01 0.012477718360071301
0 0.30333333333333334 0.8645276292335116 0.011666666666666667 0.0142602495543672
0 0.5683333333333334 0.8609625668449198 0.01 0.008912655971479501
0 0.5104166666666666 0.8618538324420677 0.009166666666666667 0.0106951871657754
0 0.4975 0.8614081996434938 0.01 0.00980392156862745
0 0.55625 0.8605169340463458 0.010833333333333334 0.00980392156862745
0 0.54 0.8609625668449198 0.008333333333333333 0.0106951871657754
0 0.52625 0.8600713012477719 0.009166666666666667 0.012477718360071301
1 0.07333333333333333 0.85650623885918 0.006666666666666667 0.0053475935828877
1 0.08416666666666667 0.8618538324420677 0.01 0.017825311942959002
1 0.7695833333333333 0.8560606060606061 0.005833333333333334 0.008021390374331552
0 0.6995833333333333 0.857397504456328 0.009166666666666667 0.0106951871657754
1 0.44166666666666665 0.8524955436720143 0.008333333333333333 0.004456327985739751
0 0.85125 0.8538324420677362 0.009166666666666667 0.0106951871657754
0 0.8395833333333333 0.8538324420677362 0.010833333333333334 0.0106951871657754
0 0.8795833333333334 0.8529411764705882 0.009166666666666667 0.0106951871657754
0 0.8670833333333333 0.8529411764705882 0.009166666666666667 0.0106951871657754
1 0.20541666666666666 0.8596256684491979 0.0225 0.025846702317290554
0 0.16833333333333333 0.8529411764705882 0.011666666666666667 0.012477718360071301
0 0.15166666666666667 0.8529411764705882 0.01 0.012477718360071301
0 0.13791666666666666 0.8533868092691622 0.010833333333333334 0.013368983957219251
0 0.18125 0.8511586452762924 0.010833333333333334 0.0106951871657754
0 0.30291666666666667 0.8498217468805704 0.009166666666666667 0.00980392156862745
0 0.2891666666666667 0.8511586452762924 0.01 0.012477718360071301
0 0.36333333333333334 0.8493761140819964 0.008333333333333333 0.0106951871657754
0 0.34958333333333336 0.8489304812834224 0.009166666666666667 0.00980392156862745
1 0.62625 0.8516042780748663 0.009166666666666667 0.01693404634581105
1 0.475 0.8542780748663101 0.021666666666666667 0.025846702317290554
0 0.54 0.8449197860962567 0.008333333333333333 0.0106951871657754
0 0.52625 0.8458110516934046 0.009166666666666667 0.012477718360071301
0 0.51 0.8444741532976827 0.01 0.00980392156862745
0 0.4975 0.8453654188948306 0.01 0.011586452762923352
1 0.76875 0.8431372549019608 0.004166666666666667 0.008912655971479501
0 0.56875 0.8449197860962567 0.009166666666666667 0.012477718360071301
0 0.5558333333333333 0.8440285204991087 0.01 0.0106951871657754
0 0.655 0.8431372549019608 0.008333333333333333 0.0106951871657754
1 0.035416666666666666 0.8413547237076648 0.004166666666666667 0.0071301247771836
0 0.6991666666666667 0.8418003565062389 0.008333333333333333 0.00980392156862745
1 0.6770833333333334 0.8498217468805704 0.020833333333333332 0.025846702317290554
0 0.6420833333333333 0.8431372549019608 0.009166666666666667 0.012477718360071301
1 0.7395833333333334 0.8400178253119429 0.009166666666666667 0.00980392156862745
0 0.7275 0.8404634581105169 0.01 0.0106951871657754
0 0.7095833333333333 0.839572192513369 0.010833333333333334 0.008912655971479501
1 0.8170833333333334 0.8462566844919787 0.020833333333333332 0.02406417112299465
0 0.8516666666666667 0.839572192513369 0.01 0.012477718360071301
0 0.8383333333333334 0.839126559714795 0.01 0.013368983957219251
0 0.87875 0.8377896613190731 0.010833333333333334 0.012477718360071301
0 0.10833333333333334 0.8355614973262032 0.01 0.00980392156862745
1 0.44083333333333335 0.8324420677361853 0.01 0.0053475935828877
0 0.19958333333333333 0.8337789661319073 0.009166666666666667 0.00980392156862745
0 0.2125 0.8337789661319073 0.013333333333333334 0.011586452762923352
1 0.47 0.8302139037433155 0.008333333333333333 0.006238859180035651
0 0.35083333333333333 0.8306595365418895 0.008333333333333333 0.008912655971479501
0 0.29 0.8311051693404634 0.006666666666666667 0.00980392156862745
0 0.36375 0.8302139037433155 0.009166666666666667 0.011586452762923352
0 0.30416666666666664 0.8306595365418895 0.01 0.012477718360071301
0 0.3933333333333333 0.8293226381461676 0.011666666666666667 0.013368983957219251
0 0.5266666666666666 0.8270944741532977 0.01 0.0106951871657754
0 0.4820833333333333 0.8275401069518716 0.009166666666666667 0.011586452762923352
0 0.37875 0.8284313725490197 0.009166666666666667 0.013368983957219251
0 0.54 0.8266488413547237 0.01 0.011586452762923352
0 0.7108333333333333 0.8226381461675579 0.01 0.0106951871657754
0 0.6979166666666666 0.8230837789661319 0.009166666666666667 0.011586452762923352
1 0.44208333333333333 0.8226381461675579 0.009166666666666667 0.0106951871657754
0 0.8766666666666667 0.820855614973262 0.008333333333333333 0.008912655971479501
0 0.865 0.81951871657754 0.01 0.011586452762923352
0 0.12375 0.8181818181818182 0.0075 0.008912655971479501
0 0.10916666666666666 0.81951871657754 0.011666666666666667 0.011586452762923352
1 0.17666666666666667 0.8257575757575758 0.021666666666666667 0.025846702317290554
0 0.20083333333333334 0.8177361853832442 0.01 0.011586452762923352
0 0.15291666666666667 0.8159536541889483 0.009166666666666667 0.008021390374331552
0 0.14083333333333334 0.8168449197860963 0.01 0.00980392156862745
0 0.21458333333333332 0.8177361853832442 0.010833333333333334 0.013368983957219251
0 0.37958333333333333 0.8146167557932263 0.0075 0.008912655971479501
1 0.3275 0.8226381461675579 0.021666666666666667 0.024955436720142603
0 0.30416666666666664 0.8150623885918004 0.01 0.00980392156862745
0 0.2916666666666667 0.8159536541889483 0.011666666666666667 0.011586452762923352
0 0.3641666666666667 0.8146167557932263 0.008333333333333333 0.0106951871657754
0 0.3925 0.8123885918003565 0.008333333333333333 0.008021390374331552
0 0.3516666666666667 0.8141711229946524 0.011666666666666667 0.011586452762923352
0 0.4675 0.8128342245989305 0.008333333333333333 0.0106951871657754
1 0.53875 0.8097147950089126 0.0075 0.006238859180035651
0 0.5258333333333334 0.8123885918003565 0.01 0.011586452762923352
1 0.50375 0.8190730837789661 0.020833333333333332 0.024955436720142603
0 0.48125 0.8123885918003565 0.010833333333333334 0.011586452762923352
0 0.5683333333333334 0.8106060606060606 0.008333333333333333 0.00980392156862745
0 0.5554166666666667 0.8114973262032086 0.010833333333333334 0.011586452762923352
1 0.6758333333333333 0.8163992869875223 0.021666666666666667 0.024955436720142603
0 0.64125 0.8101604278074866 0.010833333333333334 0.012477718360071301
0 0.71125 0.8088235294117647 0.009166666666666667 0.011586452762923352
0 0.6979166666666666 0.8083778966131907 0.009166666666666667 0.0106951871657754
0 0.65375 0.8088235294117647 0.010833333333333334 0.011586452762923352
1 0.80875 0.8057040998217468 0.0075 0.008912655971479501
0 0.8633333333333333 0.8057040998217468 0.008333333333333333 0.0106951871657754
1 0.8429166666666666 0.8128342245989305 0.020833333333333332 0.024955436720142603
1 0.7558333333333334 0.8025846702317291 0.005 0.006238859180035651
0 0.90375 0.803475935828877 0.009166666666666667 0.00980392156862745
0 0.89125 0.8043672014260249 0.009166666666666667 0.011586452762923352
0 0.8754166666666666 0.8043672014260249 0.010833333333333334 0.011586452762923352
0 0.11125 0.8003565062388592 0.009166666666666667 0.0106951871657754
0 0.17166666666666666 0.7990196078431373 0.01 0.011586452762923352
0 0.12416666666666666 0.7994652406417112 0.011666666666666667 0.012477718360071301
0 0.35208333333333336 0.7972370766488414 0.009166666666666667 0.00980392156862745
0 0.20125 0.7981283422459893 0.009166666666666667 0.011586452762923352
0 0.185 0.7981283422459893 0.011666666666666667 0.013368983957219251
0 0.39416666666666667 0.7954545454545454 0.01 0.00980392156862745
0 0.36541666666666667 0.7959001782531194 0.009166666666666667 0.0106951871657754
0 0.32166666666666666 0.7959001782531194 0.01 0.0106951871657754
0 0.21583333333333332 0.7967914438502673 0.011666666666666667 0.012477718360071301
0 0.3358333333333333 0.7959001782531194 0.01 0.012477718360071301
1 0.9966666666666667 0.7909982174688057 0.006666666666666667 0.004456327985739751
0 0.48125 0.7932263814616756 0.009166666666666667 0.0106951871657754
0 0.4683333333333333 0.7932263814616756 0.01 0.0106951871657754
0 0.38 0.7941176470588235 0.01 0.012477718360071301
0 0.6408333333333334 0.7914438502673797 0.008333333333333333 0.008912655971479501
0 0.555 0.7923351158645277 0.01 0.0106951871657754
1 0.69625 0.7901069518716578 0.0075 0.008021390374331552
1 0.8204166666666667 0.7887700534759359 0.0075 0.0071301247771836
0 0.5679166666666666 0.7914438502673797 0.010833333333333334 0.012477718360071301
0 0.81 0.7892156862745098 0.011666666666666667 0.00980392156862745
0 0.71 0.7892156862745098 0.006666666666666667 0.00980392156862745
0 0.6533333333333333 0.7905525846702317 0.01 0.012477718360071301
1 0.2708333333333333 0.7892156862745098 0.008333333333333333 0.00980392156862745
1 0.07916666666666666 0.7865418894830659 0.006666666666666667 0.004456327985739751
0 0.9020833333333333 0.7878787878787878 0.009166666666666667 0.008912655971479501
0 0.7245833333333334 0.7887700534759359 0.010833333333333334 0.0106951871657754
0 0.7379166666666667 0.7887700534759359 0.009166666666666667 0.012477718360071301
1 0.4529166666666667 0.7878787878787878 0.009166666666666667 0.0106951871657754
0 0.8741666666666666 0.7874331550802139 0.011666666666666667 0.011586452762923352
1 0.755 0.7869875222816399 0.006666666666666667 0.0106951871657754
0 0.8904166666666666 0.7865418894830659 0.010833333333333334 0.011586452762923352
0 0.8625 0.786096256684492 0.008333333333333333 0.0106951871657754
1 0.7720833333333333 0.7834224598930482 0.004166666666666667 0.0071301247771836
1 0.14875 0.7914438502673797 0.0225 0.024955436720142603
0 0.21666666666666667 0.7834224598930482 0.008333333333333333 0.0106951871657754
0 0.18583333333333332 0.7829768270944741 0.01 0.00980392156862745
0 0.17208333333333334 0.783868092691622 0.010833333333333334 0.011586452762923352
0 0.125 0.7829768270944741 0.01 0.00980392156862745
0 0.11166666666666666 0.7843137254901961 0.011666666666666667 0.012477718360071301
0 0.32166666666666666 0.7820855614973262 0.01 0.011586452762923352
1 0.2991666666666667 0.7887700534759359 0.021666666666666667 0.024955436720142603
0 0.20291666666666666 0.7829768270944741 0.0125 0.013368983957219251
0 0.39458333333333334 0.7803030303030303 0.0075 0.00980392156862745
0 0.38125 0.7803030303030303 0.010833333333333334 0.00980392156862745
0 0.3641666666666667 0.7807486631016043 0.01 0.0106951871657754
0 0.35208333333333336 0.7803030303030303 0.010833333333333334 0.00980392156862745
0 0.3358333333333333 0.7811942959001783 0.01 0.011586452762923352
1 0.50375 0.785650623885918 0.020833333333333332 0.02406417112299465
0 0.4683333333333333 0.7794117647058824 0.01 0.011586452762923352
0 0.5258333333333334 0.7785204991087344 0.01 0.011586452762923352
0 0.48083333333333333 0.7785204991087344 0.01 0.011586452762923352
0 0.5545833333333333 0.7771836007130125 0.009166666666666667 0.0106951871657754
0 0.53875 0.7758467023172906 0.009166666666666667 0.008021390374331552
1 0.6745833333333333 0.7829768270944741 0.020833333333333332 0.02406417112299465
0 0.5658333333333333 0.7749554367201426 0.01 0.008021390374331552
0 0.7366666666666667 0.7745098039215687 0.01 0.0106951871657754
0 0.7245833333333334 0.7745098039215687 0.010833333333333334 0.0106951871657754
0 0.70875 0.7749554367201426 0.009166666666666667 0.011586452762923352
0 0.6966666666666667 0.7745098039215687 0.008333333333333333 0.0106951871657754
1 0.81875 0.7713903743315508 0.0075 0.006238859180035651
0 0.8620833333333333 0.7718360071301248 0.009166666666666667 0.008912655971479501
1 0.84125 0.7798573975044564 0.020833333333333332 0.024955436720142603
0 0.8070833333333334 0.7727272727272727 0.009166666666666667 0.0106951871657754
0 0.8745833333333334 0.7722816399286988 0.009166666666666667 0.011586452762923352
1 0.7445833333333334 0.768270944741533 0.005833333333333334 0.012477718360071301
1 0.9916666666666667 0.7553475935828877 0.008333333333333333 0.004456327985739751
1 0.7995833333333333 0.7526737967914439 0.005833333333333334 0.006238859180035651
1 0.7795833333333333 0.750445632798574 0.004166666666666667 0.008912655971479501
1 0.7358333333333333 0.750445632798574 0.005 0.0106951871657754
1 0.7075 0.7491087344028521 0.005 0.008021390374331552
1 0.995 0.7473262032085561 0.01 0.006238859180035651
1 0.7629166666666667 0.7482174688057041 0.004166666666666667 0.008021390374331552
1 0.7066666666666667 0.7375222816399287 0.005 0.006238859180035651
0 0.14625 0.732174688057041 0.009166666666666667 0.00980392156862745
1 0.9904166666666666 0.7286096256684492 0.0075 0.004456327985739751
1 0.2725 0.7281639928698752 0.008333333333333333 0.0053475935828877
1 0.2625 0.7281639928698752 0.008333333333333333 0.0053475935828877
0 0.17541666666666667 0.7303921568627451 0.009166666666666667 0.00980392156862745
0 0.35333333333333333 0.7290552584670231 0.008333333333333333 0.008912655971479501
0 0.15875 0.7308377896613191 0.0125 0.012477718360071301
0 0.395 0.7286096256684492 0.01 0.011586452762923352
0 0.36666666666666664 0.7286096256684492 0.01 0.011586452762923352
0 0.18916666666666668 0.7295008912655971 0.01 0.013368983957219251
1 0.08375 0.7272727272727273 0.004166666666666667 0.008912655971479501
0 0.5095833333333334 0.7268270944741533 0.009166666666666667 0.00980392156862745
0 0.38166666666666665 0.7277183600713012 0.01 0.011586452762923352
0 0.7066666666666667 0.7254901960784313 0.008333333333333333 0.008912655971479501
0 0.5675 0.7259358288770054 0.008333333333333333 0.00980392156862745
0 0.5258333333333334 0.7263814616755794 0.008333333333333333 0.0106951871657754
0 0.6791666666666667 0.7250445632798574 0.01 0.00980392156862745
0 0.5545833333333333 0.7254901960784313 0.009166666666666667 0.0106951871657754
0 0.53875 0.7263814616755794 0.010833333333333334 0.012477718360071301
0 0.8704166666666666 0.7237076648841355 0.009166666666666667 0.008912655971479501
0 0.6670833333333334 0.7245989304812834 0.010833333333333334 0.0106951871657754
0 0.8166666666666667 0.7232620320855615 0.008333333333333333 0.00980392156862745
0 0.6941666666666667 0.7241532976827094 0.01 0.011586452762923352
1 0.27375 0.7210338680926917 0.0075 0.0053475935828877
1 0.26375 0.7214795008912656 0.005833333333333334 0.006238859180035651
1 0.8983333333333333 0.7219251336898396 0.006666666666666667 0.008912655971479501
0 0.80375 0.7223707664884136 0.0075 0.00980392156862745
0 0.8575 0.7210338680926917 0.008333333333333333 0.0106951871657754
1 0.45375 0.7214795008912656 0.0075 0.011586452762923352
1 0.44333333333333336 0.7210338680926917 0.008333333333333333 0.0106951871657754
1 0.78 0.7179144385026738 0.005 0.00980392156862745
1 0.12291666666666666 0.7237076648841355 0.0225 0.024955436720142603
0 0.21875 0.713903743315508 0.009166666666666667 0.0071301247771836
0 0.18958333333333333 0.714795008912656 0.0075 0.008912655971479501
0 0.14583333333333334 0.716131907308378 0.01 0.011586452762923352
0 0.3375 0.714795008912656 0.008333333333333333 0.0106951871657754
1 0.30125 0.7219251336898396 0.020833333333333332 0.024955436720142603
0 0.17625 0.7152406417112299 0.010833333333333334 0.011586452762923352
0 0.15791666666666668 0.7130124777183601 0.009166666666666667 0.0071301247771836
0 0.3829166666666667 0.7130124777183601 0.009166666666666667 0.008912655971479501
0 0.32458333333333333 0.713903743315508 0.009166666666666667 0.0106951871657754
0 0.51 0.7116755793226381 0.006666666666666667 0.008021390374331552
1 0.47541666666666665 0.7196969696969697 0.020833333333333332 0.02406417112299465
0 0.3954166666666667 0.713903743315508 0.010833333333333334 0.012477718360071301
1 0.7779166666666667 0.7116755793226381 0.009166666666666667 0.00980392156862745
0 0.5683333333333334 0.7125668449197861 0.008333333333333333 0.011586452762923352
0 0.5383333333333333 0.7112299465240641 0.008333333333333333 0.008912655971479501
0 0.5266666666666666 0.7112299465240641 0.008333333333333333 0.008912655971479501
1 0.645 0.7179144385026738 0.02 0.02406417112299465
0 0.5545833333333333 0.7112299465240641 0.009166666666666667 0.0106951871657754
0 0.49875 0.7116755793226381 0.010833333333333334 0.011586452762923352
0 0.70625 0.7103386809269162 0.009166666666666667 0.0106951871657754
0 0.6941666666666667 0.7103386809269162 0.01 0.0106951871657754
0 0.6783333333333333 0.7103386809269162 0.01 0.0106951871657754
0 0.6670833333333334 0.7098930481283422 0.009166666666666667 0.00980392156862745
0 0.8170833333333334 0.7090017825311943 0.0075 0.00980392156862745
0 0.73375 0.7094474153297683 0.010833333333333334 0.0106951871657754
0 0.7220833333333333 0.7094474153297683 0.010833333333333334 0.0106951871657754
0 0.87 0.7090017825311943 0.01 0.011586452762923352
0 0.8570833333333333 0.7076648841354723 0.0075 0.008912655971479501
1 0.8375 0.7152406417112299 0.02 0.02406417112299465
0 0.8041666666666667 0.7076648841354723 0.01 0.008912655971479501
0 0.20708333333333334 0.6978609625668449 0.0075 0.008912655971479501
0 0.4979166666666667 0.6956327985739751 0.0075 0.006238859180035651
0 0.3825 0.696524064171123 0.008333333333333333 0.008021390374331552
0 0.3254166666666667 0.6974153297682709 0.010833333333333334 0.00980392156862745
0 0.30833333333333335 0.6974153297682709 0.01 0.00980392156862745
1 0.5266666666666666 0.6951871657754011 0.008333333333333333 0.0071301247771836
0 0.3954166666666667 0.6956327985739751 0.009166666666666667 0.00980392156862745
1 0.27666666666666667 0.6951871657754011 0.005 0.008912655971479501
0 0.19041666666666668 0.696524064171123 0.0125 0.011586452762923352
0 0.17791666666666667 0.696969696969697 0.010833333333333334 0.012477718360071301
0 0.5383333333333333 0.6947415329768271 0.008333333333333333 0.00980392156862745
0 0.5104166666666666 0.6947415329768271 0.009166666666666667 0.00980392156862745
0 0.4691666666666667 0.6947415329768271 0.01 0.00980392156862745
0 0.4816666666666667 0.6947415329768271 0.01 0.011586452762923352
0 0.3383333333333333 0.6951871657754011 0.01 0.012477718360071301
0 0.69375 0.6925133689839572 0.009166666666666667 0.008912655971479501
0 0.63875 0.6929590017825312 0.009166666666666667 0.00980392156862745
0 0.6508333333333334 0.6925133689839572 0.01 0.0106951871657754
0 0.8691666666666666 0.6911764705882353 0.008333333333333333 0.00980392156862745
0 0.8416666666666667 0.6911764705882353 0.008333333333333333 0.00980392156862745
0 0.8145833333333333 0.6911764705882353 0.0075 0.00980392156862745
0 0.8570833333333333 0.6907308377896613 0.010833333333333334 0.0106951871657754
0 0.8016666666666666 0.6902852049910874 0.01 0.00980392156862745
0 0.7054166666666667 0.6916221033868093 0.010833333333333334 0.012477718360071301
0 0.8295833333333333 0.6898395721925134 0.009166666666666667 0.0106951871657754
1 0.08666666666666667 0.6867201426024956 0.005 0.006238859180035651
1 0.27416666666666667 0.6880570409982175 0.008333333333333333 0.0106951871657754
1 0.80875 0.6844919786096256 0.004166666666666667 0.0071301247771836
1 0.4533333333333333 0.6867201426024956 0.008333333333333333 0.011586452762923352
1 0.9958333333333333 0.6827094474153298 0.008333333333333333 0.0053475935828877
1 0.6216666666666667 0.6853832442067737 0.008333333333333333 0.012477718360071301
1 0.6133333333333333 0.6871657754010695 0.008333333333333333 0.017825311942959002
0 0.33958333333333335 0.6822638146167558 0.005833333333333334 0.008021390374331552
0 0.19291666666666665 0.6827094474153298 0.0075 0.008912655971479501
1 0.125 0.6902852049910874 0.023333333333333334 0.02406417112299465
0 0.20666666666666667 0.6844919786096256 0.01 0.0142602495543672
0 0.14833333333333334 0.6822638146167558 0.01 0.00980392156862745
0 0.38333333333333336 0.6809269162210339 0.008333333333333333 0.008912655971479501
1 0.36041666666666666 0.6885026737967914 0.020833333333333332 0.02406417112299465
0 0.30833333333333335 0.6813725490196079 0.01 0.00980392156862745
0 0.22083333333333333 0.6809269162210339 0.008333333333333333 0.008912655971479501
0 0.17833333333333334 0.6818181818181818 0.01 0.0106951871657754
0 0.16166666666666665 0.6813725490196079 0.01 0.00980392156862745
0 0.39625 0.68048128342246 0.0075 0.00980392156862745
0 0.3258333333333333 0.6809269162210339 0.01 0.0106951871657754
0 0.29625 0.68048128342246 0.010833333333333334 0.00980392156862745
1 0.5604166666666667 0.6867201426024956 0.020833333333333332 0.02406417112299465
0 0.52625 0.6795900178253119 0.009166666666666667 0.00980392156862745
0 0.5095833333333334 0.6800356506238859 0.009166666666666667 0.0106951871657754
1 0.6716666666666666 0.6853832442067737 0.02 0.023172905525846704
0 0.6504166666666666 0.679144385026738 0.009166666666666667 0.0106951871657754
1 0.49875 0.6773618538324421 0.0075 0.0071301247771836
0 0.47041666666666665 0.67825311942959 0.009166666666666667 0.008912655971479501
0 0.7054166666666667 0.6773618538324421 0.009166666666666667 0.008912655971479501
0 0.6383333333333333 0.6773618538324421 0.008333333333333333 0.008912655971479501
0 0.8566666666666667 0.6755793226381461 0.006666666666666667 0.0071301247771836
0 0.8291666666666667 0.6764705882352942 0.008333333333333333 0.008912655971479501
0 0.815 0.6769162210338681 0.008333333333333333 0.00980392156862745
0 0.8020833333333334 0.6760249554367201 0.009166666666666667 0.008021390374331552
0 0.6933333333333334 0.6769162210338681 0.008333333333333333 0.00980392156862745
1 0.8891666666666667 0.6827094474153298 0.02 0.023172905525846704
0 0.8683333333333333 0.6764705882352942 0.008333333333333333 0.0106951871657754
0 0.8416666666666667 0.6773618538324421 0.01 0.012477718360071301
0 0.35541666666666666 0.6653297682709447 0.009166666666666667 0.008021390374331552
0 0.15041666666666667 0.6653297682709447 0.0075 0.008021390374331552
1 0.11958333333333333 0.6653297682709447 0.0075 0.008021390374331552
0 0.47041666666666665 0.6639928698752228 0.009166666666666667 0.0071301247771836
1 0.265 0.6631016042780749 0.008333333333333333 0.0053475935828877
1 0.5658333333333333 0.6626559714795008 0.008333333333333333 0.008021390374331552
0 0.2966666666666667 0.6639928698752228 0.008333333333333333 0.0106951871657754
0 0.13333333333333333 0.6644385026737968 0.01 0.011586452762923352
0 0.4820833333333333 0.6626559714795008 0.0075 0.00980392156862745
0 0.39666666666666667 0.6631016042780749 0.008333333333333333 0.0106951871657754
0 0.38458333333333333 0.6635472370766489 0.010833333333333334 0.011586452762923352
0 0.3104166666666667 0.6631016042780749 0.0075 0.0106951871657754
0 0.16333333333333333 0.6635472370766489 0.011666666666666667 0.011586452762923352
1 0.89375 0.6599821746880571 0.0075 0.006238859180035651
0 0.65 0.661319073083779 0.006666666666666667 0.008912655971479501
0 0.5104166666666666 0.6622103386809269 0.009166666666666667 0.0106951871657754
0 0.3670833333333333 0.6631016042780749 0.010833333333333334 0.012477718360071301
1 0.8395833333333333 0.6599821746880571 0.0075 0.008021390374331552
0 0.7041666666666667 0.660873440285205 0.01 0.00980392156862745
0 0.6770833333333334 0.660873440285205 0.0075 0.00980392156862745
0 0.6370833333333333 0.660873440285205 0.0075 0.00980392156862745
0 0.8133333333333334 0.6599821746880571 0.008333333333333333 0.00980392156862745
0 0.8008333333333333 0.6595365418894831 0.01 0.008912655971479501
0 0.5541666666666667 0.661319073083779 0.01 0.012477718360071301
0 0.6916666666666667 0.6599821746880571 0.01 0.011586452762923352
0 0.6641666666666667 0.6599821746880571 0.008333333333333333 0.011586452762923352
0 0.8279166666666666 0.6586452762923352 0.009166666666666667 0.0106951871657754
1 0.050416666666666665 0.6568627450980392 0.004166666666666667 0.0071301247771836
0 0.8808333333333334 0.6581996434937611 0.008333333333333333 0.011586452762923352
1 0.44333333333333336 0.6541889483065954 0.008333333333333333 0.0053475935828877
1 0.7770833333333333 0.6555258467023173 0.005833333333333334 0.00980392156862745
1 0.26625 0.6541889483065954 0.005833333333333334 0.0106951871657754
1 0.9845833333333334 0.6519607843137255 0.004166666666666667 0.008021390374331552
0 0.6125 0.6532976827094474 0.008333333333333333 0.016042780748663103
1 0.48291666666666666 0.6483957219251337 0.005833333333333334 0.008021390374331552
1 0.3325 0.6564171122994652 0.021666666666666667 0.02406417112299465
0 0.3095833333333333 0.6492869875222816 0.009166666666666667 0.00980392156862745
1 0.21583333333333332 0.6564171122994652 0.021666666666666667 0.02406417112299465
1 0.13333333333333333 0.6475044563279857 0.006666666666666667 0.006238859180035651
1 0.7758333333333334 0.6466131907308378 0.008333333333333333 0.006238859180035651
0 0.36833333333333335 0.6492869875222816 0.008333333333333333 0.011586452762923352
1 0.35541666666666666 0.6466131907308378 0.0075 0.006238859180035651
0 0.2975 0.6483957219251337 0.008333333333333333 0.00980392156862745
0 0.19333333333333333 0.6492869875222816 0.01 0.011586452762923352
0 0.18083333333333335 0.6488413547237076 0.01 0.0106951871657754
0 0.16375 0.6488413547237076 0.009166666666666667 0.0106951871657754
0 0.15083333333333335 0.6497326203208557 0.01 0.012477718360071301
1 0.5320833333333334 0.6546345811051694 0.020833333333333332 0.02406417112299465
0 0.47 0.6479500891265597 0.01 0.0106951871657754
0 0.3958333333333333 0.6470588235294118 0.01 0.008912655971479501
0 0.385 0.6466131907308378 0.008333333333333333 0.008021390374331552
1 0.725 0.6532976827094474 0.021666666666666667 0.023172905525846704
0 0.70375 0.6457219251336899 0.009166666666666667 0.008021390374331552
1 0.69125 0.6466131907308378 0.0075 0.00980392156862745
0 0.6645833333333333 0.6470588235294118 0.009166666666666667 0.0106951871657754
1 0.6375 0.6452762923351159 0.008333333333333333 0.0071301247771836
0 0.55375 0.6466131907308378 0.009166666666666667 0.00980392156862745
0 0.5091666666666667 0.6461675579322638 0.008333333333333333 0.008912655971479501
1 0.49875 0.6452762923351159 0.0075 0.0071301247771836
1 0.86 0.6519607843137255 0.02 0.022281639928698752
0 0.8120833333333334 0.6461675579322638 0.009166666666666667 0.0106951871657754
0 0.64875 0.6461675579322638 0.009166666666666667 0.0106951871657754
0 0.88125 0.6452762923351159 0.009166666666666667 0.0106951871657754
0 0.8 0.6457219251336899 0.008333333333333333 0.011586452762923352
0 0.8283333333333334 0.6443850267379679 0.011666666666666667 0.0106951871657754
0 0.3383333333333333 0.6332442067736186 0.008333333333333333 0.008021390374331552
0 0.18166666666666667 0.6327985739750446 0.008333333333333333 0.0071301247771836
0 0.46958333333333335 0.6314616755793226 0.0075 0.006238859180035651
1 0.38375 0.6319073083778967 0.0075 0.0071301247771836
0 0.21 0.6319073083778967 0.008333333333333333 0.008912655971479501
0 0.15166666666666667 0.6319073083778967 0.006666666666666667 0.008912655971479501
0 0.6366666666666667 0.6301247771836007 0.008333333333333333 0.0071301247771836
0 0.32708333333333334 0.6319073083778967 0.010833333333333334 0.0106951871657754
1 0.7841666666666667 0.6278966131907309 0.008333333333333333 0.004456327985739751
0 0.4820833333333333 0.6305704099821747 0.0075 0.00980392156862745
0 0.22375 0.6310160427807486 0.010833333333333334 0.0106951871657754
0 0.16625 0.6305704099821747 0.009166666666666667 0.00980392156862745
0 0.89125 0.6292335115864528 0.009166666666666667 0.008912655971479501
0 0.8379166666666666 0.6292335115864528 0.0075 0.008912655971479501
0 0.53875 0.6301247771836007 0.009166666666666667 0.0106951871657754
0 0.39708333333333334 0.6305704099821747 0.009166666666666667 0.011586452762923352
0 0.19458333333333333 0.6310160427807486 0.010833333333333334 0.012477718360071301
0 0.8645833333333334 0.6283422459893048 0.0075 0.008912655971479501
1 0.7170833333333333 0.6278966131907309 0.005833333333333334 0.008021390374331552
0 0.7033333333333334 0.6287878787878788 0.01 0.00980392156862745
0 0.5541666666666667 0.6292335115864528 0.01 0.0106951871657754
0 0.8529166666666667 0.6283422459893048 0.010833333333333334 0.0106951871657754
0 0.82625 0.6283422459893048 0.009166666666666667 0.0106951871657754
0 0.7304166666666667 0.6283422459893048 0.009166666666666667 0.0106951871657754
0 0.69 0.6283422459893048 0.008333333333333333 0.0106951871657754
0 0.6495833333333333 0.6278966131907309 0.009166666666666667 0.011586452762923352
1 0.4454166666666667 0.6274509803921569 0.005833333333333334 0.0106951871657754
1 0.09291666666666666 0.6216577540106952 0.005833333333333334 0.00980392156862745
0 0.6116666666666667 0.6229946524064172 0.008333333333333333 0.016042780748663103
1 0.44416666666666665 0.6172014260249554 0.008333333333333333 0.004456327985739751
1 0.3045833333333333 0.6243315508021391 0.020833333333333332 0.02406417112299465
1 0.18333333333333332 0.6154188948306596 0.008333333333333333 0.006238859180035651
1 0.12958333333333333 0.6243315508021391 0.0225 0.02406417112299465
0 0.6491666666666667 0.6154188948306596 0.006666666666666667 0.008021390374331552
0 0.5658333333333333 0.6145276292335116 0.006666666666666667 0.006238859180035651
1 0.50375 0.6229946524064172 0.020833333333333332 0.023172905525846704
0 0.4820833333333333 0.6158645276292335 0.009166666666666667 0.008912655971479501
0 0.46958333333333335 0.6167557932263814 0.009166666666666667 0.0106951871657754
0 0.36875 0.6163101604278075 0.0075 0.00980392156862745
0 0.35625 0.6158645276292335 0.0075 0.008912655971479501
0 0.34041666666666665 0.6167557932263814 0.009166666666666667 0.0106951871657754
0 0.3275 0.6172014260249554 0.01 0.011586452762923352
0 0.22416666666666665 0.6167557932263814 0.008333333333333333 0.0106951871657754
0 0.21083333333333334 0.6167557932263814 0.01 0.0106951871657754
0 0.195 0.6167557932263814 0.008333333333333333 0.0106951871657754
0 0.16625 0.6163101604278075 0.009166666666666667 0.00980392156862745
0 0.1525 0.6167557932263814 0.01 0.0106951871657754
0 0.7179166666666666 0.6149732620320856 0.009166666666666667 0.008912655971479501
1 0.7020833333333333 0.6136363636363636 0.0075 0.006238859180035651
0 0.6908333333333333 0.6154188948306596 0.01 0.00980392156862745
1 0.67 0.6221033868092691 0.02 0.023172905525846704
0 0.5375 0.6149732620320856 0.01 0.008912655971479501
0 0.525 0.6163101604278075 0.008333333333333333 0.011586452762923352
0 0.385 0.6154188948306596 0.01 0.00980392156862745
0 0.8916666666666667 0.6145276292335116 0.008333333333333333 0.00980392156862745
0 0.8779166666666667 0.6145276292335116 0.0075 0.00980392156862745
0 0.8645833333333334 0.6145276292335116 0.009166666666666667 0.00980392156862745
0 0.8379166666666666 0.6140819964349377 0.009166666666666667 0.008912655971479501
1 0.805 0.6212121212121212 0.02 0.023172905525846704
0 0.73 0.6145276292335116 0.008333333333333333 0.00980392156862745
0 0.6366666666666667 0.6149732620320856 0.008333333333333333 0.0106951871657754
0 0.5545833333333333 0.6145276292335116 0.010833333333333334 0.00980392156862745
0 0.8520833333333333 0.6140819964349377 0.009166666666666667 0.0106951871657754
0 0.82625 0.6140819964349377 0.009166666666666667 0.0106951871657754
0 0.38625 0.6020499108734403 0.009166666666666667 0.006238859180035651
1 0.5645833333333333 0.6007130124777184 0.0075 0.0071301247771836
1 0.5370833333333334 0.6007130124777184 0.0075 0.0071301247771836
0 0.47 0.5998217468805704 0.008333333333333333 0.0071301247771836
0 0.39791666666666664 0.6002673796791443 0.0075 0.008021390374331552
0 0.21208333333333335 0.6007130124777184 0.009166666666666667 0.008912655971479501
0 0.125 0.6002673796791443 0.008333333333333333 0.008021390374331552
1 0.7029166666666666 0.5993761140819964 0.0075 0.008021390374331552
0 0.34 0.5998217468805704 0.008333333333333333 0.008912655971479501
0 0.2991666666666667 0.6002673796791443 0.008333333333333333 0.00980392156862745
0 0.8366666666666667 0.5984848484848485 0.008333333333333333 0.008021390374331552
0 0.7295833333333334 0.5989304812834224 0.0075 0.008912655971479501
0 0.3275 0.5998217468805704 0.01 0.0106951871657754
0 0.1675 0.5993761140819964 0.01 0.00980392156862745
0 0.15375 0.5993761140819964 0.009166666666666667 0.00980392156862745
0 0.86375 0.5980392156862745 0.005833333333333334 0.008912655971479501
1 0.85 0.5975935828877005 0.006666666666666667 0.008021390374331552
0 0.8233333333333334 0.5975935828877005 0.006666666666666667 0.008021390374331552
0 0.6470833333333333 0.5984848484848485 0.009166666666666667 0.00980392156862745
0 0.6358333333333334 0.5989304812834224 0.01 0.0106951871657754
0 0.55375 0.5989304812834224 0.009166666666666667 0.0106951871657754
0 0.5254166666666666 0.5989304812834224 0.009166666666666667 0.0106951871657754
0 0.22541666666666665 0.5989304812834224 0.009166666666666667 0.0106951871657754
0 0.7175 0.5975935828877005 0.008333333333333333 0.00980392156862745
0 0.8766666666666667 0.5967023172905526 0.006666666666666667 0.00980392156862745
0 0.4825 0.5980392156862745 0.01 0.012477718360071301
1 0.7545833333333334 0.5940285204991087 0.005833333333333334 0.008021390374331552
1 0.725 0.5940285204991087 0.005 0.008021390374331552
1 0.69875 0.5922459893048129 0.004166666666666667 0.008021390374331552
1 0.10708333333333334 0.589126559714795 0.005833333333333334 0.008912655971479501
1 0.7825 0.589126559714795 0.005 0.0106951871657754
0 0.6108333333333333 0.5918003565062389 0.008333333333333333 0.016042780748663103
1 0.38375 0.5860071301247772 0.005833333333333334 0.008021390374331552
1 0.8033333333333333 0.5913547237076648 0.02 0.022281639928698752
0 0.7295833333333334 0.5846702317290553 0.009166666666666667 0.008912655971479501
0 0.7170833333333333 0.5846702317290553 0.0075 0.008912655971479501
0 0.6895833333333333 0.5851158645276292 0.009166666666666667 0.00980392156862745
1 0.6691666666666667 0.5913547237076648 0.02 0.022281639928698752
0 0.6475 0.5837789661319073 0.008333333333333333 0.0071301247771836
0 0.5654166666666667 0.5842245989304813 0.009166666666666667 0.008021390374331552
1 0.5529166666666666 0.5837789661319073 0.0075 0.0071301247771836
0 0.525 0.5855614973262032 0.01 0.0106951871657754
1 0.50375 0.5918003565062389 0.020833333333333332 0.023172905525846704
1 0.39708333333333334 0.5828877005347594 0.0075 0.0053475935828877
1 0.36291666666666667 0.5922459893048129 0.020833333333333332 0.02406417112299465
0 0.22541666666666665 0.5842245989304813 0.009166666666666667 0.008021390374331552
1 0.19 0.5922459893048129 0.021666666666666667 0.02406417112299465
0 0.8879166666666667 0.5833333333333334 0.009166666666666667 0.008021390374331552
0 0.85 0.5842245989304813 0.006666666666666667 0.00980392156862745
0 0.83625 0.5842245989304813 0.0075 0.00980392156862745
0 0.82375 0.5833333333333334 0.0075 0.008021390374331552
0 0.6354166666666666 0.5837789661319073 0.0075 0.008912655971479501
0 0.5375 0.5833333333333334 0.008333333333333333 0.008021390374331552
0 0.4816666666666667 0.5833333333333334 0.008333333333333333 0.008021390374331552
0 0.4691666666666667 0.5855614973262032 0.01 0.012477718360071301
0 0.31 0.5842245989304813 0.011666666666666667 0.00980392156862745
0 0.21458333333333332 0.5828877005347594 0.009166666666666667 0.0071301247771836
0 0.16708333333333333 0.5837789661319073 0.009166666666666667 0.008912655971479501
0 0.155 0.5851158645276292 0.01 0.011586452762923352
0 0.13791666666666666 0.5842245989304813 0.009166666666666667 0.00980392156862745
0 0.8616666666666667 0.5837789661319073 0.01 0.0106951871657754
1 0.9866666666666667 0.5788770053475936 0.01 0.006238859180035651
1 0.00375 0.5753119429590018 0.0075 0.008021390374331552
1 0.7691666666666667 0.5476827094474154 0.005 0.00980392156862745
1 0.7454166666666666 0.5467914438502673 0.004166666666666667 0.008021390374331552
0 0.6583333333333333 0.5459001782531194 0.006666666666666667 0.008021390374331552
1 0.62125 0.5463458110516934 0.005833333333333334 0.008912655971479501
1 0.6525 0.5463458110516934 0.005 0.0106951871657754
1 0.6904166666666667 0.5392156862745098 0.0075 0.0053475935828877
1 0.5091666666666667 0.5383244206773619 0.006666666666666667 0.0071301247771836
1 0.8070833333333334 0.5374331550802139 0.0075 0.0071301247771836
0 0.37 0.5378787878787878 0.008333333333333333 0.008021390374331552
0 0.8858333333333334 0.5374331550802139 0.008333333333333333 0.008912655971479501
0 0.7 0.5374331550802139 0.008333333333333333 0.008912655971479501
1 0.6341666666666667 0.5369875222816399 0.006666666666666667 0.008021390374331552
0 0.5525 0.5374331550802139 0.008333333333333333 0.008912655971479501
0 0.4820833333333333 0.5369875222816399 0.0075 0.008021390374331552
0 0.47041666666666665 0.5374331550802139 0.0075 0.008912655971479501
1 0.4554166666666667 0.535650623885918 0.009166666666666667 0.0053475935828877
0 0.31375 0.5369875222816399 0.009166666666666667 0.008021390374331552
0 0.30083333333333334 0.5374331550802139 0.008333333333333333 0.008912655971479501
1 0.72875 0.5365418894830659 0.0075 0.008912655971479501
0 0.7145833333333333 0.5365418894830659 0.0075 0.008912655971479501
0 0.6470833333333333 0.5365418894830659 0.009166666666666667 0.008912655971479501
0 0.35833333333333334 0.5369875222816399 0.008333333333333333 0.00980392156862745
0 0.33 0.5369875222816399 0.008333333333333333 0.00980392156862745
0 0.86125 0.535650623885918 0.005833333333333334 0.008912655971479501
0 0.84625 0.536096256684492 0.009166666666666667 0.00980392156862745
1 0.78125 0.535204991087344 0.009166666666666667 0.008021390374331552
1 0.77125 0.535204991087344 0.0075 0.008021390374331552
0 0.5654166666666667 0.5365418894830659 0.0075 0.0106951871657754
0 0.34208333333333335 0.5365418894830659 0.009166666666666667 0.0106951871657754
0 0.15833333333333333 0.5365418894830659 0.01 0.0106951871657754
0 0.17083333333333334 0.535650623885918 0.01 0.0106951871657754
1 0.14375 0.5347593582887701 0.0075 0.008912655971479501
1 0.10375 0.5329768270944741 0.004166666666666667 0.008912655971479501
1 0.7808333333333334 0.5271836007130125 0.008333333333333333 0.004456327985739751
1 0.7708333333333334 0.5289661319073083 0.008333333333333333 0.00980392156862745
1 0.6195833333333334 0.5271836007130125 0.009166666666666667 0.006238859180035651
1 0.11708333333333333 0.5262923351158645 0.005833333333333334 0.008021390374331552
1 0.2708333333333333 0.5245098039215687 0.008333333333333333 0.006238859180035651
1 0.68625 0.5245098039215687 0.005833333333333334 0.008021390374331552
0 0.8466666666666667 0.5240641711229946 0.008333333333333333 0.008912655971479501
1 0.82625 0.5307486631016043 0.019166666666666665 0.022281639928698752
0 0.79375 0.5249554367201426 0.009166666666666667 0.0106951871657754
0 0.885 0.5245098039215687 0.01 0.011586452762923352
0 0.8729166666666667 0.5231729055258467 0.009166666666666667 0.008912655971479501
1 0.6675 0.5298573975044564 0.02 0.022281639928698752
0 0.6458333333333334 0.5231729055258467 0.008333333333333333 0.008912655971479501
0 0.63375 0.5240641711229946 0.009166666666666667 0.0106951871657754
1 0.53125 0.5298573975044564 0.020833333333333332 0.022281639928698752
0 0.5091666666666667 0.5222816399286988 0.006666666666666667 0.0071301247771836
0 0.4975 0.5236185383244206 0.008333333333333333 0.00980392156862745
0 0.4820833333333333 0.5227272727272727 0.0075 0.008021390374331552
0 0.47041666666666665 0.5227272727272727 0.0075 0.008021390374331552
0 0.2995833333333333 0.5245098039215687 0.0075 0.011586452762923352
1 0.9941666666666666 0.5213903743315508 0.011666666666666667 0.0071301247771836
0 0.7154166666666667 0.5231729055258467 0.010833333333333334 0.0106951871657754
0 0.5529166666666666 0.5222816399286988 0.009166666666666667 0.008912655971479501
1 0.3929166666666667 0.5294117647058824 0.020833333333333332 0.023172905525846704
0 0.3304166666666667 0.5227272727272727 0.009166666666666667 0.00980392156862745
0 0.22875 0.5227272727272727 0.009166666666666667 0.00980392156862745
1 0.19375 0.5294117647058824 0.020833333333333332 0.023172905525846704
1 0.14375 0.5218360071301248 0.0075 0.008021390374331552
0 0.12916666666666668 0.5222816399286988 0.008333333333333333 0.008912655971479501
0 0.37041666666666667 0.5213903743315508 0.009166666666666667 0.008912655971479501
0 0.34208333333333335 0.5222816399286988 0.009166666666666667 0.0106951871657754
0 0.31375 0.5222816399286988 0.009166666666666667 0.0106951871657754
0 0.21583333333333332 0.5218360071301248 0.01 0.00980392156862745
0 0.17083333333333334 0.5218360071301248 0.01 0.00980392156862745
0 0.15875 0.5222816399286988 0.010833333333333334 0.0106951871657754
0 0.8833333333333333 0.5089126559714795 0.008333333333333333 0.008912655971479501
1 0.8708333333333333 0.5080213903743316 0.006666666666666667 0.0071301247771836
0 0.8441666666666666 0.5080213903743316 0.006666666666666667 0.0071301247771836
0 0.8304166666666667 0.5089126559714795 0.009166666666666667 0.008912655971479501
1 0.7266666666666667 0.5075757575757576 0.008333333333333333 0.008021390374331552
0 0.6725 0.5080213903743316 0.01 0.008912655971479501
0 0.5091666666666667 0.5071301247771836 0.008333333333333333 0.0071301247771836
0 0.3416666666666667 0.5075757575757576 0.01 0.008021390374331552
0 0.85625 0.5080213903743316 0.009166666666666667 0.0106951871657754
1 0.60875 0.5053475935828877 0.009166666666666667 0.0053475935828877
0 0.5370833333333334 0.5066844919786097 0.0075 0.008021390374331552
0 0.47041666666666665 0.5066844919786097 0.009166666666666667 0.008021390374331552
1 0.21625 0.5057932263814616 0.005833333333333334 0.006238859180035651
0 0.8183333333333334 0.5066844919786097 0.008333333333333333 0.00980392156862745
0 0.645 0.5071301247771836 0.01 0.0106951871657754
1 0.7791666666666667 0.5053475935828877 0.006666666666666667 0.008912655971479501
0 0.33 0.5053475935828877 0.006666666666666667 0.008912655971479501
0 0.31625 0.5053475935828877 0.0075 0.008912655971479501
0 0.30333333333333334 0.5062388591800356 0.01 0.0106951871657754
0 0.23041666666666666 0.5049019607843137 0.0075 0.00980392156862745
0 0.17375 0.5049019607843137 0.009166666666666667 0.00980392156862745
0 0.16041666666666668 0.5049019607843137 0.009166666666666667 0.00980392156862745
0 0.2025 0.5040106951871658 0.006666666666666667 0.00980392156862745
1 0.11458333333333333 0.5022281639928698 0.010833333333333334 0.00980392156862745
1 0.7545833333333334 0.5008912655971479 0.005833333333333334 0.008912655971479501
1 0.6670833333333334 0.5008912655971479 0.005833333333333334 0.0106951871657754
1 0.7791666666666667 0.4968805704099822 0.008333333333333333 0.004456327985739751
1 0.6079166666666667 0.49732620320855614 0.0075 0.008912655971479501
1 0.4529166666666667 0.49732620320855614 0.004166666666666667 0.008912655971479501
1 0.44416666666666665 0.49866310160427807 0.008333333333333333 0.011586452762923352
0 0.8704166666666666 0.4950980392156863 0.0075 0.00980392156862745
0 0.85625 0.4946524064171123 0.009166666666666667 0.008912655971479501
1 0.8441666666666666 0.4942067736185383 0.008333333333333333 0.008021390374331552
1 0.8170833333333334 0.4942067736185383 0.005833333333333334 0.008021390374331552
1 0.79875 0.5008912655971479 0.019166666666666665 0.0213903743315508
1 0.7495833333333334 0.4928698752228164 0.0075 0.0053475935828877
0 0.8820833333333333 0.4946524064171123 0.009166666666666667 0.0106951871657754
0 0.83 0.4946524064171123 0.008333333333333333 0.0106951871657754
1 0.71375 0.49376114081996436 0.0075 0.008912655971479501
0 0.6333333333333333 0.49331550802139035 0.008333333333333333 0.008021390374331552
0 0.6720833333333334 0.4928698752228164 0.0075 0.008912655971479501
0 0.6604166666666667 0.49331550802139035 0.0075 0.00980392156862745
1 0.5583333333333333 0.49955436720142604 0.02 0.022281639928698752
0 0.4979166666666667 0.49153297682709446 0.0075 0.006238859180035651
0 0.47041666666666665 0.49153297682709446 0.0075 0.006238859180035651
0 0.51 0.4919786096256685 0.008333333333333333 0.008912655971479501
1 0.3933333333333333 0.49910873440285203 0.02 0.023172905525846704
1 0.37041666666666667 0.49019607843137253 0.0075 0.0053475935828877
0 0.3595833333333333 0.49242424242424243 0.009166666666666667 0.00980392156862745
0 0.34375 0.4919786096256685 0.009166666666666667 0.008912655971479501
0 0.33125 0.49153297682709446 0.009166666666666667 0.008021390374331552
0 0.21833333333333332 0.49153297682709446 0.01 0.00980392156862745
1 0.20166666666666666 0.4910873440285205 0.008333333333333333 0.008912655971479501
0 0.16041666666666668 0.4919786096256685 0.010833333333333334 0.0106951871657754
1 0.13791666666666666 0.4977718360071301 0.020833333333333332 0.022281639928698752
0 0.22916666666666666 0.49019607843137253 0.008333333333333333 0.008912655971479501
0 0.17375 0.49064171122994654 0.009166666666666667 0.00980392156862745
1 0.7633333333333333 0.48841354723707664 0.005 0.0071301247771836
1 0.06458333333333334 0.4857397504456328 0.004166666666666667 0.0071301247771836
1 0.6816666666666666 0.48440285204991085 0.005 0.006238859180035651
1 0.005 0.48128342245989303 0.01 0.0053475935828877
1 0.855 0.47950089126559714 0.006666666666666667 0.0071301247771836
1 0.86875 0.4786096256684492 0.0075 0.0071301247771836
0 0.84375 0.4786096256684492 0.009166666666666667 0.0106951871657754
0 0.8033333333333333 0.4781639928698752 0.008333333333333333 0.00980392156862745
0 0.7254166666666667 0.47771836007130125 0.0075 0.008912655971479501
0 0.6729166666666667 0.4772727272727273 0.0075 0.008021390374331552
0 0.6591666666666667 0.4768270944741533 0.006666666666666667 0.008912655971479501
0 0.6454166666666666 0.4772727272727273 0.0075 0.00980392156862745
0 0.6325 0.4768270944741533 0.006666666666666667 0.008912655971479501
0 0.5379166666666667 0.4763814616755793 0.005833333333333334 0.008021390374331552
0 0.52375 0.4763814616755793 0.0075 0.008021390374331552
0 0.3725 0.47593582887700536 0.008333333333333333 0.0071301247771836
0 0.31583333333333335 0.47593582887700536 0.008333333333333333 0.0071301247771836
0 0.30375 0.47549019607843135 0.0075 0.008021390374331552
1 0.06541666666666666 0.4750445632798574 0.004166666666666667 0.0071301247771836
0 0.8816666666666667 0.4772727272727273 0.008333333333333333 0.013368983957219251
0 0.3595833333333333 0.4750445632798574 0.0075 0.008912655971479501
0 0.17541666666666667 0.47459893048128343 0.009166666666666667 0.00980392156862745
1 0.1325 0.4741532976827095 0.008333333333333333 0.008912655971479501
0 0.14708333333333334 0.47281639928698754 0.009166666666666667 0.00980392156862745
1 0.27375 0.47237076648841353 0.009166666666666667 0.0106951871657754
1 0.7683333333333333 0.4732620320855615 0.008333333333333333 0.0142602495543672
0 0.16083333333333333 0.47281639928698754 0.008333333333333333 0.013368983957219251
1 0.9891666666666666 0.4679144385026738 0.01 0.0053475935828877
0 0.8566666666666667 0.46880570409982175 0.006666666666666667 0.0106951871657754
0 0.44458333333333333 0.46880570409982175 0.009166666666666667 0.012477718360071301
0 0.8795833333333334 0.46524064171123 0.009166666666666667 0.0071301247771836
0 0.8675 0.46702317290552586 0.008333333333333333 0.0106951871657754
1 0.8229166666666666 0.47192513368983957 0.019166666666666665 0.020499108734402853
0 0.8025 0.4661319073083779 0.008333333333333333 0.008912655971479501
1 0.27416666666666667 0.46390374331550804 0.008333333333333333 0.004456327985739751
1 0.8425 0.46479500891265596 0.006666666666666667 0.008021390374331552
0 0.7908333333333334 0.46568627450980393 0.008333333333333333 0.00980392156862745
1 0.65875 0.46479500891265596 0.005833333333333334 0.008021390374331552
0 0.7129166666666666 0.46524064171123 0.009166666666666667 0.0106951871657754
1 0.6920833333333334 0.4710338680926916 0.019166666666666665 0.022281639928698752
0 0.6329166666666667 0.464349376114082 0.0075 0.008912655971479501
1 0.11583333333333333 0.4674688057040998 0.011666666666666667 0.015151515151515152
1 0.5583333333333333 0.4696969696969697 0.02 0.0213903743315508
0 0.47 0.4625668449197861 0.006666666666666667 0.008912655971479501
0 0.4 0.4625668449197861 0.008333333333333333 0.008912655971479501
0 0.38666666666666666 0.4621212121212121 0.006666666666666667 0.008021390374331552
0 0.49875 0.4612299465240642 0.009166666666666667 0.008021390374331552
1 0.33791666666666664 0.4683600713012478 0.020833333333333332 0.022281639928698752
0 0.31708333333333333 0.4612299465240642 0.0075 0.008021390374331552
0 0.30333333333333334 0.46167557932263814 0.006666666666666667 0.008912655971479501
1 0.19708333333333333 0.4679144385026738 0.020833333333333332 0.023172905525846704
0 0.13333333333333333 0.4612299465240642 0.008333333333333333 0.00980392156862745
0 0.23125 0.46078431372549017 0.009166666666666667 0.0106951871657754
0 0.17583333333333334 0.4603386809269162 0.008333333333333333 0.00980392156862745
0 0.1625 0.4603386809269162 0.008333333333333333 0.00980392156862745
1 0.7375 0.45454545454545453 0.005 0.0071301247771836
1 0.7558333333333334 0.4532085561497326 0.005 0.006238859180035651
1 0.6304166666666666 0.45454545454545453 0.0075 0.008912655971479501
1 0.61125 0.45454545454545453 0.004166666666666667 0.008912655971479501
1 0.705 0.4536541889483066 0.006666666666666667 0.008912655971479501
1 0.6795833333333333 0.45409982174688057 0.0075 0.00980392156862745
1 0.5441666666666667 0.4505347593582888 0.005 0.008021390374331552
0 0.87875 0.4500891265597148 0.009166666666666667 0.008912655971479501
0 0.8525 0.4505347593582888 0.01 0.00980392156862745
0 0.8666666666666667 0.4496434937611408 0.008333333333333333 0.00980392156862745
1 0.80125 0.4496434937611408 0.0075 0.00980392156862745
0 0.79 0.44919786096256686 0.008333333333333333 0.008912655971479501
0 0.71125 0.44875222816399285 0.0075 0.008021390374331552
1 0.6083333333333333 0.44696969696969696 0.008333333333333333 0.004456327985739751
1 0.53625 0.44786096256684493 0.0075 0.006238859180035651
0 0.7241666666666666 0.4483065953654189 0.008333333333333333 0.008912655971479501
0 0.5091666666666667 0.4474153297682709 0.008333333333333333 0.0071301247771836
0 0.3720833333333333 0.44696969696969696 0.009166666666666667 0.008021390374331552
0 0.33375 0.446524064171123 0.009166666666666667 0.0071301247771836
1 0.755 0.4451871657754011 0.005 0.008021390374331552
0 0.5516666666666666 0.446524064171123 0.008333333333333333 0.0106951871657754
0 0.36041666666666666 0.4451871657754011 0.0075 0.008021390374331552
1 0.19041666666666668 0.44385026737967914 0.005833333333333334 0.0071301247771836
0 0.22041666666666668 0.4447415329768271 0.009166666666666667 0.0106951871657754
0 0.17708333333333334 0.4442959001782531 0.009166666666666667 0.00980392156862745
0 0.16333333333333333 0.4442959001782531 0.008333333333333333 0.00980392156862745
0 0.23333333333333334 0.44385026737967914 0.01 0.0106951871657754
0 0.20458333333333334 0.4442959001782531 0.010833333333333334 0.011586452762923352
1 0.5566666666666666 0.43983957219251335 0.005 0.00980392156862745
0 0.61875 0.4416221033868093 0.0075 0.015151515151515152
0 0.8779166666666667 0.43716577540106955 0.009166666666666667 0.008021390374331552
0 0.8533333333333334 0.43805704099821746 0.008333333333333333 0.00980392156862745
1 0.84 0.43716577540106955 0.006666666666666667 0.008021390374331552
0 0.6079166666666667 0.43805704099821746 0.009166666666666667 0.00980392156862745
0 0.8008333333333333 0.43672014260249553 0.006666666666666667 0.008912655971479501
0 0.78875 0.4358288770053476 0.0075 0.008912655971479501
0 0.28791666666666665 0.43894830659536543 0.009166666666666667 0.015151515151515152
0 0.685 0.43493761140819964 0.006666666666666667 0.008912655971479501
1 0.665 0.4411764705882353 0.02 0.0213903743315508
0 0.5504166666666667 0.43404634581105167 0.0075 0.008912655971479501
0 0.5245833333333333 0.43315508021390375 0.0075 0.008912655971479501
0 0.4970833333333333 0.4327094474153298 0.0075 0.008021390374331552
1 0.4766666666666667 0.43983957219251335 0.02 0.022281639928698752
0 0.11875 0.4362745098039216 0.009166666666666667 0.015151515151515152
0 0.3616666666666667 0.4318181818181818 0.008333333333333333 0.008021390374331552
0 0.33166666666666667 0.4327094474153298 0.008333333333333333 0.00980392156862745
1 0.31125 0.4385026737967914 0.020833333333333332 0.0213903743315508
1 0.19125 0.43137254901960786 0.005833333333333334 0.0071301247771836
0 0.23333333333333334 0.43137254901960786 0.008333333333333333 0.008912655971479501
0 0.21916666666666668 0.4322638146167558 0.008333333333333333 0.0106951871657754
0 0.20583333333333334 0.4304812834224599 0.006666666666666667 0.008912655971479501
0 0.17666666666666667 0.4304812834224599 0.008333333333333333 0.008912655971479501
1 0.14208333333333334 0.43716577540106955 0.020833333333333332 0.022281639928698752
0 0.165 0.4295900178253119 0.01 0.008912655971479501
1 0.87625 0.42245989304812837 0.0075 0.0071301247771836
0 0.8645833333333334 0.42112299465240643 0.0075 0.00980392156862745
0 0.8508333333333333 0.42112299465240643 0.01 0.00980392156862745
0 0.7991666666666667 0.4206773618538324 0.008333333333333333 0.008912655971479501
0 0.83875 0.42023172905525846 0.009166666666666667 0.00980392156862745
0 0.7095833333333333 0.4193404634581105 0.005833333333333334 0.008021390374331552
0 0.6433333333333333 0.41889483065953653 0.006666666666666667 0.0071301247771836
0 0.56375 0.41889483065953653 0.0075 0.0071301247771836
1 0.6966666666666667 0.41889483065953653 0.006666666666666667 0.008912655971479501
0 0.5366666666666666 0.4180035650623886 0.008333333333333333 0.0071301247771836
1 0.7766666666666666 0.41711229946524064 0.005 0.008912655971479501
0 0.5508333333333333 0.41711229946524064 0.006666666666666667 0.008912655971479501
0 0.3729166666666667 0.4166666666666667 0.010833333333333334 0.00980392156862745
1 0.9725 0.41354723707664887 0.005 0.0071301247771836
0 0.22125 0.4144385026737968 0.009166666666666667 0.008912655971479501
1 0.71625 0.4117647058823529 0.009166666666666667 0.0053475935828877
0 0.20583333333333334 0.4144385026737968 0.01 0.0106951871657754
0 0.23458333333333334 0.41354723707664887 0.009166666666666667 0.0106951871657754
1 0.7729166666666667 0.4117647058823529 0.005833333333333334 0.008912655971479501
0 0.8008333333333333 0.40998217468805703 0.006666666666666667 0.008912655971479501
0 0.87625 0.4095365418894831 0.0075 0.00980392156862745
0 0.8645833333333334 0.4086452762923351 0.009166666666666667 0.008021390374331552
0 0.85 0.4090909090909091 0.008333333333333333 0.008912655971479501
1 0.8370833333333333 0.4086452762923351 0.005833333333333334 0.008021390374331552
1 0.81875 0.41488413547237074 0.019166666666666665 0.020499108734402853
1 0.6066666666666667 0.4090909090909091 0.008333333333333333 0.008912655971479501
1 0.12458333333333334 0.4090909090909091 0.004166666666666667 0.008912655971479501
0 0.7866666666666666 0.40819964349376114 0.008333333333333333 0.008912655971479501
0 0.4454166666666667 0.4095365418894831 0.009166666666666667 0.011586452762923352
1 0.70875 0.40730837789661317 0.005833333333333334 0.008912655971479501
1 0.4558333333333333 0.4077540106951872 0.008333333333333333 0.00980392156862745
0 0.6845833333333333 0.40641711229946526 0.009166666666666667 0.008912655971479501
1 0.66375 0.4126559714795009 0.019166666666666665 0.0213903743315508
0 0.6433333333333333 0.4068627450980392 0.008333333333333333 0.00980392156862745
0 0.6316666666666667 0.4055258467023173 0.006666666666666667 0.0071301247771836
1 0.4766666666666667 0.410427807486631 0.02 0.020499108734402853
0 0.33416666666666667 0.40240641711229946 0.008333333333333333 0.008021390374331552
1 0.3120833333333333 0.4086452762923351 0.020833333333333332 0.022281639928698752
0 0.23583333333333334 0.4019607843137255 0.006666666666666667 0.008912655971479501
1 0.16458333333333333 0.4019607843137255 0.0075 0.008912655971479501
1 0.14416666666666667 0.40730837789661317 0.02 0.0213903743315508
1 0.07208333333333333 0.4006238859180036 0.004166666666666667 0.008021390374331552
0 0.2225 0.4015151515151515 0.011666666666666667 0.011586452762923352
0 0.7004166666666667 0.3961675579322638 0.009166666666666667 0.00980392156862745
1 0.9095833333333333 0.3899286987522282 0.004166666666666667 0.006238859180035651
1 0.07291666666666667 0.3899286987522282 0.004166666666666667 0.006238859180035651
1 0.95625 0.38814616755793224 0.0075 0.004456327985739751
1 0.7170833333333333 0.3890374331550802 0.005833333333333334 0.008021390374331552
1 0.9841666666666666 0.3841354723707665 0.008333333333333333 0.0053475935828877
0 0.725 0.3872549019607843 0.006666666666666667 0.011586452762923352
1 0.9733333333333334 0.3787878787878788 0.01 0.0053475935828877
1 0.8729166666666667 0.36675579322638147 0.0075 0.008021390374331552
0 0.79625 0.36541889483065954 0.0075 0.0071301247771836
0 0.8608333333333333 0.36541889483065954 0.01 0.008912655971479501
0 0.8108333333333333 0.36452762923351156 0.008333333333333333 0.008912655971479501
1 0.7195833333333334 0.36363636363636365 0.0075 0.0071301247771836
1 0.6691666666666667 0.36185383244206776 0.006666666666666667 0.0071301247771836
1 0.7725 0.36185383244206776 0.005 0.008912655971479501
0 0.5516666666666666 0.3609625668449198 0.008333333333333333 0.0071301247771836
0 0.6429166666666667 0.3605169340463458 0.0075 0.008021390374331552
1 0.9841666666666666 0.35873440285204994 0.01 0.008021390374331552
0 0.47125 0.35873440285204994 0.0075 0.008021390374331552
1 0.34958333333333336 0.357397504456328 0.005833333333333334 0.0071301247771836
0 0.2375 0.356951871657754 0.008333333333333333 0.008021390374331552
1 0.77 0.3551693404634581 0.006666666666666667 0.006238859180035651
0 0.22416666666666665 0.35561497326203206 0.006666666666666667 0.0071301247771836
0 0.19666666666666666 0.3560606060606061 0.006666666666666667 0.008021390374331552
0 0.4583333333333333 0.3560606060606061 0.005 0.00980392156862745
0 0.21041666666666667 0.3551693404634581 0.005833333333333334 0.008021390374331552
0 0.14166666666666666 0.35472370766488415 0.008333333333333333 0.008912655971479501
1 0.9770833333333333 0.3516042780748663 0.005833333333333334 0.004456327985739751
0 0.8595833333333334 0.3533868092691622 0.0075 0.008021390374331552
1 0.8408333333333333 0.35962566844919786 0.018333333333333333 0.020499108734402853
0 0.8216666666666667 0.35249554367201424 0.006666666666666667 0.008021390374331552
0 0.7966666666666666 0.3533868092691622 0.006666666666666667 0.00980392156862745
1 0.7841666666666667 0.3516042780748663 0.006666666666666667 0.006238859180035651
0 0.15458333333333332 0.35427807486631013 0.009166666666666667 0.011586452762923352
0 0.70625 0.3516042780748663 0.0075 0.00980392156862745
1 0.28875 0.3516042780748663 0.009166666666666667 0.00980392156862745
1 0.6879166666666666 0.3560606060606061 0.019166666666666665 0.020499108734402853
0 0.2791666666666667 0.35071301247771836 0.008333333333333333 0.00980392156862745
0 0.6679166666666667 0.3498217468805704 0.009166666666666667 0.00980392156862745
0 0.64125 0.34893048128342247 0.009166666666666667 0.008021390374331552
0 0.5504166666666667 0.34759358288770054 0.0075 0.0071301247771836
0 0.5366666666666666 0.34759358288770054 0.006666666666666667 0.0071301247771836
1 0.75875 0.34536541889483063 0.005833333333333334 0.006238859180035651
1 0.50375 0.35294117647058826 0.019166666666666665 0.0213903743315508
0 0.3904166666666667 0.34536541889483063 0.0075 0.008021390374331552
1 0.36916666666666664 0.3511586452762923 0.02 0.0213903743315508
0 0.34875 0.3444741532976827 0.005833333333333334 0.008021390374331552
0 0.3358333333333333 0.34402852049910876 0.008333333333333333 0.0071301247771836
0 0.3075 0.3449197860962567 0.006666666666666667 0.008912655971479501
1 0.22375 0.34402852049910876 0.0075 0.008912655971479501
0 0.12416666666666666 0.3444741532976827 0.008333333333333333 0.00980392156862745
1 0.19666666666666666 0.34358288770053474 0.008333333333333333 0.00980392156862745
0 0.21041666666666667 0.34180035650623886 0.0075 0.008021390374331552
1 0.74 0.34180035650623886 0.005 0.00980392156862745
0 0.15458333333333332 0.34180035650623886 0.009166666666666667 0.00980392156862745
0 0.14166666666666666 0.34269162210338683 0.01 0.011586452762923352
1 0.07708333333333334 0.339572192513369 0.004166666666666667 0.0071301247771836
1 0.8704166666666666 0.33868092691622104 0.005833333333333334 0.0071301247771836
1 0.82125 0.33778966131907306 0.005833333333333334 0.0071301247771836
0 0.85875 0.33778966131907306 0.009166666666666667 0.0106951871657754
1 0.8320833333333333 0.33645276292335113 0.005833333333333334 0.008021390374331552
1 0.00375 0.33511586452762926 0.0075 0.0053475935828877
0 0.8075 0.33645276292335113 0.008333333333333333 0.00980392156862745
1 0.7195833333333334 0.3355614973262032 0.005833333333333334 0.008021390374331552
0 0.70625 0.3355614973262032 0.0075 0.008021390374331552
0 0.55125 0.33288770053475936 0.0075 0.006238859180035651
1 0.9558333333333333 0.3319964349376114 0.01 0.006238859180035651
0 0.6408333333333334 0.3333333333333333 0.008333333333333333 0.008912655971479501
1 0.9929166666666667 0.3302139037433155 0.0075 0.004456327985739751
0 0.52375 0.3319964349376114 0.0075 0.008021390374331552
0 0.4708333333333333 0.3306595365418895 0.006666666666666667 0.008912655971479501
0 0.4033333333333333 0.3302139037433155 0.008333333333333333 0.008021390374331552
0 0.3095833333333333 0.3293226381461676 0.0075 0.006238859180035651
0 0.3641666666666667 0.32887700534759357 0.008333333333333333 0.008912655971479501
1 0.8695833333333334 0.32575757575757575 0.0075 0.006238859180035651
1 0.19875 0.3270944741532977 0.0075 0.008912655971479501
0 0.14291666666666666 0.3266488413547237 0.0075 0.008021390374331552
0 0.8445833333333334 0.32575757575757575 0.009166666666666667 0.008021390374331552
0 0.18375 0.3266488413547237 0.009166666666666667 0.00980392156862745
0 0.17083333333333334 0.32620320855614976 0.006666666666666667 0.008912655971479501
0 0.8329166666666666 0.32575757575757575 0.009166666666666667 0.00980392156862745
0 0.81875 0.32575757575757575 0.009166666666666667 0.00980392156862745
0 0.8075 0.32486631016042783 0.006666666666666667 0.008021390374331552
1 0.60375 0.3244206773618538 0.005833333333333334 0.0071301247771836
0 0.21208333333333335 0.32620320855614976 0.009166666666666667 0.0106951871657754
0 0.1575 0.32486631016042783 0.008333333333333333 0.00980392156862745
1 0.7379166666666667 0.3226381461675579 0.004166666666666667 0.008912655971479501
0 0.6920833333333334 0.32219251336898397 0.009166666666666667 0.008021390374331552
0 0.6804166666666667 0.32219251336898397 0.005833333333333334 0.008021390374331552
1 0.6608333333333334 0.3284313725490196 0.02 0.020499108734402853
1 0.64125 0.321301247771836 0.005833333333333334 0.006238859180035651
1 0.44708333333333333 0.3230837789661319 0.009166666666666667 0.011586452762923352
0 0.5358333333333334 0.31862745098039214 0.006666666666666667 0.006238859180035651
1 0.50375 0.32486631016042783 0.019166666666666665 0.020499108734402853
0 0.48375 0.31862745098039214 0.005833333333333334 0.008021390374331552
1 0.29041666666666666 0.31996434937611407 0.009166666666666667 0.0106951871657754
1 0.28291666666666665 0.31907308377896615 0.005833333333333334 0.0106951871657754
1 0.0033333333333333335 0.3163992869875223 0.006666666666666667 0.0053475935828877
1 0.9720833333333333 0.31506238859180036 0.0075 0.004456327985739751
0 0.40291666666666665 0.31684491978609625 0.0075 0.008021390374331552
0 0.36333333333333334 0.3163992869875223 0.006666666666666667 0.008912655971479501
1 0.34291666666666665 0.32219251336898397 0.020833333333333332 0.020499108734402853
0 0.3225 0.31595365418894833 0.006666666666666667 0.008021390374331552
1 0.3095833333333333 0.3146167557932264 0.005833333333333334 0.0071301247771836
1 0.23291666666666666 0.32085561497326204 0.020833333333333332 0.0213903743315508
0 0.19916666666666666 0.3141711229946524 0.008333333333333333 0.008021390374331552
0 0.21208333333333335 0.31283422459893045 0.0075 0.0071301247771836
0 0.17208333333333334 0.31327985739750447 0.009166666666666667 0.008021390374331552
1 0.14375 0.3141711229946524 0.0075 0.00980392156862745
1 0.84375 0.31194295900178254 0.005833333333333334 0.0071301247771836
0 0.18375 0.31283422459893045 0.009166666666666667 0.008912655971479501
0 0.1575 0.31327985739750447 0.008333333333333333 0.00980392156862745
0 0.86875 0.3114973262032086 0.005833333333333334 0.008021390374331552
0 0.8566666666666667 0.3114973262032086 0.006666666666666667 0.008021390374331552
0 0.8191666666666667 0.31105169340463457 0.006666666666666667 0.0071301247771836
0 0.7175 0.3083778966131907 0.008333333333333333 0.0071301247771836
0 0.64 0.3074866310160428 0.006666666666666667 0.0071301247771836
0 0.68 0.30704099821746883 0.008333333333333333 0.008021390374331552
1 0.7675 0.30614973262032086 0.006666666666666667 0.00980392156862745
1 0.75875 0.3052584670231729 0.0075 0.00980392156862745
1 0.7375 0.303475935828877 0.005 0.006238859180035651
0 0.53625 0.30392156862745096 0.0075 0.008912655971479501
0 0.5104166666666666 0.303475935828877 0.005833333333333334 0.008021390374331552
1 0.0075 0.3016934046345811 0.008333333333333333 0.004456327985739751
0 0.4033333333333333 0.3025846702317291 0.008333333333333333 0.008021390374331552
0 0.3104166666666667 0.30080213903743314 0.0075 0.006238859180035651
0 0.3645833333333333 0.30080213903743314 0.0075 0.008021390374331552
0 0.8679166666666667 0.29901960784313725 0.0075 0.008021390374331552
0 0.8566666666666667 0.2994652406417112 0.008333333333333333 0.008912655971479501
0 0.83125 0.2976827094474153 0.0075 0.0053475935828877
1 0.9704166666666667 0.2976827094474153 0.005833333333333334 0.0071301247771836
0 0.8429166666666666 0.29901960784313725 0.0075 0.00980392156862745
0 0.8175 0.2985739750445633 0.008333333333333333 0.008912655971479501
1 0.7875 0.30392156862745096 0.02 0.0196078431372549
1 0.24208333333333334 0.29812834224598933 0.0075 0.008021390374331552
0 0.2 0.29812834224598933 0.008333333333333333 0.008021390374331552
1 0.7041666666666667 0.2967914438502674 0.005 0.0071301247771836
0 0.15833333333333333 0.2976827094474153 0.01 0.008912655971479501
0 0.14583333333333334 0.29812834224598933 0.01 0.00980392156862745
1 0.9595833333333333 0.29590017825311943 0.010833333333333334 0.0071301247771836
0 0.7179166666666666 0.2963458110516934 0.005833333333333334 0.008021390374331552
0 0.21375 0.2976827094474153 0.0075 0.0106951871657754
1 0.6795833333333333 0.2945632798573975 0.0075 0.006238859180035651
1 0.008333333333333333 0.2936720142602496 0.008333333333333333 0.004456327985739751
1 0.66 0.30080213903743314 0.02 0.020499108734402853
0 0.6404166666666666 0.29545454545454547 0.009166666666666667 0.00980392156862745
1 0.29375 0.2945632798573975 0.0075 0.008021390374331552
1 0.55625 0.29812834224598933 0.019166666666666665 0.020499108734402853
0 0.28291666666666665 0.29233511586452765 0.009166666666666667 0.0142602495543672
0 0.3775 0.2887700534759358 0.006666666666666667 0.008912655971479501
1 0.3433333333333333 0.2945632798573975 0.02 0.020499108734402853
1 0.94 0.28654188948306597 0.006666666666666667 0.006238859180035651
1 0.19958333333333333 0.2874331550802139 0.005833333333333334 0.008021390374331552
0 0.3225 0.2874331550802139 0.008333333333333333 0.00980392156862745
0 0.22791666666666666 0.28698752228163993 0.0075 0.008912655971479501
1 0.18 0.29188948306595364 0.02 0.020499108734402853
1 0.8670833333333333 0.28475935828877 0.0075 0.008021390374331552
0 0.8425 0.28431372549019607 0.006666666666666667 0.0071301247771836
0 0.21291666666666667 0.28475935828877 0.009166666666666667 0.008021390374331552
1 0.9483333333333334 0.2820855614973262 0.008333333333333333 0.004456327985739751
0 0.8295833333333333 0.2838680926916221 0.0075 0.008021390374331552
0 0.15875 0.28475935828877 0.009166666666666667 0.00980392156862745
0 0.14625 0.28520499108734404 0.009166666666666667 0.0106951871657754
0 0.8554166666666667 0.2838680926916221 0.009166666666666667 0.00980392156862745
0 0.7791666666666667 0.2820855614973262 0.008333333333333333 0.00980392156862745
0 0.6658333333333334 0.2798573975044563 0.006666666666666667 0.0071301247771836
0 0.6529166666666667 0.2789661319073084 0.0075 0.008912655971479501
1 0.017083333333333332 0.2767379679144385 0.0075 0.004456327985739751
0 0.5495833333333333 0.2767379679144385 0.005833333333333334 0.008021390374331552
1 0.9395833333333333 0.2727272727272727 0.0075 0.0053475935828877
1 0.33791666666666664 0.2731729055258467 0.005833333333333334 0.006238859180035651
0 0.6133333333333333 0.27406417112299464 0.006666666666666667 0.00980392156862745
0 0.3770833333333333 0.2736185383244207 0.0075 0.008912655971479501
0 0.8666666666666667 0.2731729055258467 0.008333333333333333 0.00980392156862745
1 0.8558333333333333 0.2709447415329768 0.006666666666666667 0.0053475935828877
0 0.8416666666666667 0.2727272727272727 0.006666666666666667 0.008912655971479501
0 0.8291666666666667 0.2727272727272727 0.008333333333333333 0.008912655971479501
0 0.3104166666666667 0.2718360071301248 0.0075 0.0071301247771836
1 0.8104166666666667 0.27718360071301246 0.019166666666666665 0.0196078431372549
0 0.7920833333333334 0.2718360071301248 0.0075 0.008912655971479501
0 0.3233333333333333 0.2718360071301248 0.008333333333333333 0.008912655971479501
0 0.17583333333333334 0.2709447415329768 0.008333333333333333 0.0071301247771836
0 0.78 0.27049910873440286 0.008333333333333333 0.008021390374331552
0 0.3516666666666667 0.2713903743315508 0.006666666666666667 0.00980392156862745
1 0.14666666666666667 0.2696078431372549 0.006666666666666667 0.006238859180035651
1 0.7158333333333333 0.26871657754010697 0.006666666666666667 0.006238859180035651
1 0.6770833333333334 0.26916221033868093 0.005833333333333334 0.0071301247771836
0 0.24291666666666667 0.27049910873440286 0.0075 0.00980392156862745
1 0.08291666666666667 0.2700534759358289 0.004166666666666667 0.008912655971479501
0 0.7033333333333334 0.26827094474153296 0.006666666666666667 0.0071301247771836
0 0.16083333333333333 0.26871657754010697 0.008333333333333333 0.00980392156862745
0 0.6529166666666667 0.26737967914438504 0.0075 0.008912655971479501
1 0.63375 0.2731729055258467 0.019166666666666665 0.020499108734402853
0 0.18791666666666668 0.26871657754010697 0.009166666666666667 0.011586452762923352
1 0.285 0.266934046345811 0.008333333333333333 0.00980392156862745
0 0.4575 0.26827094474153296 0.008333333333333333 0.0142602495543672
1 0.4475 0.26648841354723707 0.008333333333333333 0.0106951871657754
1 0.9595833333333333 0.26336898395721925 0.010833333333333334 0.006238859180035651
0 0.9475 0.2638146167557932 0.013333333333333334 0.0071301247771836
1 0.7308333333333333 0.26336898395721925 0.005 0.006238859180035651
1 0.53 0.27049910873440286 0.02 0.020499108734402853
0 0.5095833333333334 0.2642602495543672 0.0075 0.008021390374331552
0 0.48333333333333334 0.2620320855614973 0.006666666666666667 0.0071301247771836
1 0.93875 0.26158645276292336 0.009166666666666667 0.008021390374331552
1 0.3983333333333333 0.267825311942959 0.02 0.020499108734402853
0 0.3645833333333333 0.26158645276292336 0.005833333333333334 0.008021390374331552
1 0.28541666666666665 0.2589126559714795 0.0075 0.004456327985739751
0 0.8395833333333333 0.25846702317290554 0.0075 0.0053475935828877
1 0.2425 0.2580213903743315 0.006666666666666667 0.006238859180035651
0 0.22958333333333333 0.25935828877005346 0.0075 0.008912655971479501
1 0.96 0.25623885918003564 0.008333333333333333 0.004456327985739751
0 0.8533333333333334 0.25757575757575757 0.006666666666666667 0.0071301247771836
1 0.20916666666666667 0.2642602495543672 0.02 0.020499108734402853
0 0.865 0.25757575757575757 0.006666666666666667 0.008912655971479501
0 0.8033333333333333 0.25668449197860965 0.008333333333333333 0.0071301247771836
0 0.16083333333333333 0.25668449197860965 0.008333333333333333 0.0071301247771836
1 0.8270833333333333 0.25623885918003564 0.0075 0.008021390374331552
0 0.17583333333333334 0.25668449197860965 0.008333333333333333 0.008912655971479501
0 0.14708333333333334 0.25846702317290554 0.009166666666666667 0.012477718360071301
1 0.9716666666666667 0.2540106951871658 0.008333333333333333 0.008912655971479501
1 0.99375 0.2522281639928699 0.0125 0.0071301247771836
1 0.9366666666666666 0.25089126559714797 0.006666666666666667 0.004456327985739751
0 0.7158333333333333 0.2531194295900178 0.006666666666666667 0.008912655971479501
1 0.6904166666666667 0.25267379679144386 0.005833333333333334 0.008021390374331552
0 0.5625 0.25044563279857396 0.006666666666666667 0.0071301247771836
1 0.7579166666666667 0.25044563279857396 0.004166666666666667 0.008912655971479501
0 0.52375 0.25 0.0075 0.008021390374331552
0 0.48291666666666666 0.24910873440285206 0.0075 0.008021390374331552
1 0.6070833333333333 0.2464349376114082 0.004166666666666667 0.008021390374331552
1 0.7645833333333333 0.24509803921568626 0.004166666666666667 0.0071301247771836
0 0.33916666666666667 0.24509803921568626 0.008333333333333333 0.0071301247771836
0 0.8270833333333333 0.2446524064171123 0.0075 0.008021390374331552
0 0.8141666666666667 0.24554367201426025 0.008333333333333333 0.00980392156862745
1 0.8033333333333333 0.24420677361853832 0.006666666666666667 0.0071301247771836
0 0.3516666666666667 0.2446524064171123 0.008333333333333333 0.008021390374331552
1 0.7841666666666667 0.25 0.018333333333333333 0.020499108734402853
1 0.21625 0.24331550802139038 0.0075 0.0071301247771836
0 0.17708333333333334 0.24331550802139038 0.0075 0.0071301247771836
0 0.23083333333333333 0.2428698752228164 0.008333333333333333 0.008021390374331552
1 0.9720833333333333 0.24197860962566844 0.0125 0.008021390374331552
0 0.7029166666666666 0.24242424242424243 0.0075 0.008912655971479501
0 0.665 0.24242424242424243 0.006666666666666667 0.008912655971479501
0 0.20416666666666666 0.24242424242424243 0.008333333333333333 0.008912655971479501
1 0.9891666666666666 0.24064171122994651 0.006666666666666667 0.0071301247771836
1 0.6016666666666667 0.2410873440285205 0.005 0.008021390374331552
0 0.245 0.24197860962566844 0.008333333333333333 0.00980392156862745
1 0.6329166666666667 0.24598930481283424 0.019166666666666665 0.0196078431372549
0 0.19041666666666668 0.24019607843137256 0.009166666666666667 0.013368983957219251
1 0.50375 0.24242424242424243 0.019166666666666665 0.0196078431372549
1 0.9841666666666666 0.232174688057041 0.008333333333333333 0.004456327985739751
1 0.6708333333333333 0.2339572192513369 0.006666666666666667 0.008021390374331552
1 0.13208333333333333 0.23351158645276293 0.005833333333333334 0.0071301247771836
1 0.8970833333333333 0.232620320855615 0.004166666666666667 0.0071301247771836
1 0.8316666666666667 0.23128342245989306 0.005 0.006238859180035651
1 0.64375 0.23172905525846701 0.005833333333333334 0.0071301247771836
0 0.33916666666666667 0.232174688057041 0.008333333333333333 0.008021390374331552
1 0.31833333333333336 0.23841354723707664 0.02 0.020499108734402853
0 0.24458333333333335 0.23039215686274508 0.0075 0.008021390374331552
1 0.7866666666666666 0.22950089126559714 0.005 0.008021390374331552
0 0.23208333333333334 0.23039215686274508 0.010833333333333334 0.00980392156862745
0 0.20375 0.22994652406417113 0.0075 0.008912655971479501
0 0.17708333333333334 0.22994652406417113 0.009166666666666667 0.008912655971479501
1 0.15625 0.23529411764705882 0.020833333333333332 0.0196078431372549
1 0.18916666666666668 0.22771836007130125 0.006666666666666667 0.006238859180035651
1 0.6825 0.22593582887700533 0.006666666666666667 0.006238859180035651
1 0.6166666666666667 0.2250445632798574 0.005 0.008021390374331552
1 0.9516666666666667 0.22281639928698752 0.008333333333333333 0.0071301247771836
1 0.89625 0.22237076648841356 0.004166666666666667 0.006238859180035651
1 0.50375 0.22103386809269163 0.009166666666666667 0.008912655971479501
1 0.40291666666666665 0.21836007130124777 0.005833333333333334 0.0053475935828877
0 0.3754166666666667 0.21880570409982175 0.010833333333333334 0.006238859180035651
0 0.68375 0.21836007130124777 0.010833333333333334 0.0071301247771836
1 0.6316666666666667 0.2196969696969697 0.006666666666666667 0.011586452762923352
1 0.3466666666666667 0.21657754010695188 0.01 0.008912655971479501
1 0.9695833333333334 0.214349376114082 0.009166666666666667 0.006238859180035651
1 0.9591666666666666 0.21568627450980393 0.005 0.008912655971479501
1 0.21333333333333335 0.21479500891265596 0.01 0.0071301247771836
1 0.9445833333333333 0.21479500891265596 0.005833333333333334 0.008912655971479501
1 0.32416666666666666 0.21479500891265596 0.005 0.008912655971479501
1 0.9766666666666667 0.21479500891265596 0.01 0.0106951871657754
1 0.18458333333333332 0.21301247771836007 0.009166666666666667 0.008912655971479501
1 0.16125 0.21212121212121213 0.005833333333333334 0.0071301247771836
1 0.9629166666666666 0.2090017825311943 0.0075 0.004456327985739751
1 0.08791666666666667 0.21122994652406418 0.004166666666666667 0.008912655971479501
1 0.7154166666666667 0.2090017825311943 0.005833333333333334 0.006238859180035651
0 0.31875 0.21256684491978609 0.0075 0.015151515151515152
1 0.21041666666666667 0.20677361853832443 0.005833333333333334 0.0071301247771836
0 0.6558333333333334 0.20677361853832443 0.005 0.008912655971479501
1 0.18208333333333335 0.20677361853832443 0.004166666666666667 0.008912655971479501
1 0.15708333333333332 0.20855614973262032 0.009166666666666667 0.0142602495543672
1 0.6045833333333334 0.20454545454545456 0.004166666666666667 0.008021390374331552
0 0.97125 0.20231729055258468 0.0075 0.0071301247771836
1 0.9575 0.2018716577540107 0.005 0.006238859180035651
0 0.69 0.19607843137254902 0.008333333333333333 0.008912655971479501
1 0.6633333333333333 0.19429590017825313 0.006666666666666667 0.0071301247771836
1 0.5866666666666667 0.19206773618538325 0.01 0.00980392156862745
1 0.54375 0.1893939393939394 0.004166666666666667 0.008021390374331552
1 0.08958333333333333 0.18983957219251338 0.004166666666666667 0.008912655971479501
1 0.01875 0.1876114081996435 0.0075 0.004456327985739751
1 0.8083333333333333 0.1889483065953654 0.006666666666666667 0.0106951871657754
1 0.7383333333333333 0.1858288770053476 0.005 0.006238859180035651
1 0.69625 0.18627450980392157 0.004166666666666667 0.008912655971479501
1 0.61375 0.18538324420677363 0.005833333333333334 0.0071301247771836
1 0.50625 0.1858288770053476 0.005833333333333334 0.008021390374331552
0 0.8366666666666667 0.18716577540106952 0.006666666666666667 0.012477718360071301
1 0.63875 0.18493761140819964 0.004166666666666667 0.008021390374331552
1 0.78875 0.18538324420677363 0.0075 0.012477718360071301
1 0.6570833333333334 0.17914438502673796 0.0075 0.0053475935828877
1 0.6408333333333334 0.1769162210338681 0.008333333333333333 0.004456327985739751
1 0.3408333333333333 0.17647058823529413 0.005 0.0071301247771836
1 0.5445833333333333 0.1746880570409982 0.004166666666666667 0.0071301247771836
1 0.49166666666666664 0.17335115864527628 0.005 0.006238859180035651
1 0.22125 0.17335115864527628 0.005833333333333334 0.006238859180035651
1 0.41541666666666666 0.17557932263814616 0.0075 0.0142602495543672
1 0.40208333333333335 0.1746880570409982 0.0075 0.012477718360071301
1 0.39125 0.17424242424242425 0.0075 0.013368983957219251
0 0.36375 0.17335115864527628 0.010833333333333334 0.013368983957219251
0 0.35083333333333333 0.17379679144385027 0.008333333333333333 0.0142602495543672
0 0.23041666666666666 0.17023172905525846 0.010833333333333334 0.0142602495543672
1 0.17708333333333334 0.1657754010695187 0.004166666666666667 0.008912655971479501
1 0.7341666666666666 0.1448306595365419 0.006666666666666667 0.004456327985739751
1 0.6979166666666666 0.14393939393939395 0.005833333333333334 0.004456327985739751
1 0.6633333333333333 0.14304812834224598 0.008333333333333333 0.004456327985739751
1 0.6316666666666667 0.14215686274509803 0.008333333333333333 0.004456327985739751
1 0.6016666666666667 0.1412655971479501 0.006666666666666667 0.004456327985739751
1 0.5675 0.14037433155080214 0.006666666666666667 0.004456327985739751
1 0.94625 0.14171122994652408 0.010833333333333334 0.008912655971479501
1 0.7708333333333334 0.13636363636363635 0.006666666666666667 0.0071301247771836
1 0.14333333333333334 0.13502673796791445 0.008333333333333333 0.004456327985739751
0 0.09666666666666666 0.13458110516934046 0.008333333333333333 0.0071301247771836
1 0.7920833333333334 0.13279857397504458 0.010833333333333334 0.0142602495543672
1 0.2675 0.12789661319073084 0.006666666666666667 0.004456327985739751
1 0.6616666666666666 0.12745098039215685 0.005 0.0071301247771836
1 0.16 0.12611408199643495 0.006666666666666667 0.004456327985739751
1 0.7708333333333334 0.12611408199643495 0.006666666666666667 0.006238859180035651
1 0.020416666666666666 0.12566844919786097 0.0075 0.0053475935828877
1 0.7429166666666667 0.12611408199643495 0.005833333333333334 0.008021390374331552
1 0.7204166666666667 0.1265597147950089 0.004166666666666667 0.008912655971479501
1 0.012083333333333333 0.12566844919786097 0.005833333333333334 0.008912655971479501
1 0.6454166666666666 0.12522281639928698 0.009166666666666667 0.00980392156862745
1 0.5979166666666667 0.12254901960784313 0.004166666666666667 0.008021390374331552
0 0.705 0.12165775401069519 0.01 0.011586452762923352
1 0.9404166666666667 0.11809269162210338 0.0075 0.006238859180035651
1 0.6241666666666666 0.11809269162210338 0.005 0.008021390374331552
1 0.26875 0.11541889483065954 0.0125 0.008021390374331552
1 0.285 0.11363636363636363 0.005 0.006238859180035651
1 0.93375 0.11363636363636363 0.010833333333333334 0.008021390374331552
1 0.23 0.1140819964349376 0.008333333333333333 0.008912655971479501
1 0.77375 0.11185383244206773 0.005833333333333334 0.006238859180035651
1 0.7425 0.10962566844919786 0.005 0.0053475935828877
1 0.15958333333333333 0.11096256684491979 0.0125 0.008021390374331552
1 0.7295833333333334 0.11007130124777184 0.005833333333333334 0.008021390374331552
1 0.1725 0.11007130124777184 0.011666666666666667 0.008021390374331552
1 0.9675 0.10784313725490197 0.005 0.0071301247771836
1 0.67 0.10784313725490197 0.006666666666666667 0.0071301247771836
1 0.6616666666666666 0.10739750445632798 0.005 0.008021390374331552
0 0.6354166666666666 0.10650623885918004 0.0075 0.008021390374331552
1 0.15333333333333332 0.10561497326203209 0.005 0.00980392156862745
1 0.14416666666666667 0.10561497326203209 0.006666666666666667 0.013368983957219251
1 0.28708333333333336 0.10383244206773619 0.005833333333333334 0.011586452762923352
1 0.13625 0.10427807486631016 0.005833333333333334 0.012477718360071301
0 0.8320833333333333 0.09937611408199644 0.009166666666666667 0.006238859180035651
1 0.82 0.09893048128342247 0.006666666666666667 0.0053475935828877
1 0.20625 0.09759358288770054 0.009166666666666667 0.008021390374331552
1 0.15583333333333332 0.09491978609625669 0.005 0.006238859180035651
1 0.72625 0.09402852049910873 0.005833333333333334 0.008021390374331552
1 0.09791666666666667 0.09269162210338681 0.004166666666666667 0.0071301247771836
1 0.9591666666666666 0.09090909090909091 0.01 0.0053475935828877
0 0.6825 0.09135472370766488 0.01 0.006238859180035651
1 0.6458333333333334 0.09090909090909091 0.006666666666666667 0.008912655971479501
1 0.4041666666666667 0.08511586452762923 0.006666666666666667 0.006238859180035651
1 0.72625 0.08155080213903744 0.0075 0.004456327985739751
1 0.09875 0.08244206773618538 0.004166666666666667 0.006238859180035651
1 0.21958333333333332 0.08110516934046345 0.0075 0.0053475935828877
1 0.043333333333333335 0.08065953654188948 0.008333333333333333 0.004456327985739751
0 0.7591666666666667 0.08021390374331551 0.006666666666666667 0.0071301247771836
1 0.17916666666666667 0.08065953654188948 0.006666666666666667 0.008021390374331552
1 0.955 0.0784313725490196 0.01 0.0053475935828877
1 0.5633333333333334 0.0784313725490196 0.006666666666666667 0.0053475935828877
1 0.71875 0.07798573975044563 0.005833333333333334 0.006238859180035651
0 0.6458333333333334 0.07798573975044563 0.008333333333333333 0.006238859180035651
1 0.57375 0.07798573975044563 0.005833333333333334 0.006238859180035651
1 0.92 0.07575757575757576 0.006666666666666667 0.0053475935828877
1 0.1625 0.0784313725490196 0.008333333333333333 0.0106951871657754
1 0.9325 0.07219251336898395 0.01 0.0053475935828877
0 0.58125 0.07174688057040998 0.0075 0.006238859180035651
1 0.22208333333333333 0.06996434937611408 0.005833333333333334 0.004456327985739751
1 0.8095833333333333 0.07040998217468805 0.005833333333333334 0.0071301247771836
1 0.14458333333333334 0.06639928698752229 0.005833333333333334 0.004456327985739751
1 0.94875 0.06506238859180036 0.009166666666666667 0.0053475935828877
1 0.43125 0.06372549019607843 0.005833333333333334 0.004456327985739751
1 0.41 0.06283422459893048 0.008333333333333333 0.004456327985739751
0 0.66 0.06194295900178253 0.011666666666666667 0.006238859180035651
1 0.3179166666666667 0.059269162210338684 0.005833333333333334 0.004456327985739751
0 0.5958333333333333 0.06016042780748663 0.005 0.00980392156862745
1 0.215 0.05570409982174688 0.008333333333333333 0.004456327985739751
1 0.19666666666666666 0.05481283422459893 0.008333333333333333 0.004456327985739751
1 0.17875 0.05392156862745098 0.005833333333333334 0.004456327985739751
1 0.26458333333333334 0.05124777183600713 0.0075 0.006238859180035651
1 0.6779166666666666 0.05035650623885918 0.005833333333333334 0.008021390374331552
1 0.32916666666666666 0.04768270944741533 0.006666666666666667 0.004456327985739751
1 0.6204166666666666 0.04857397504456328 0.005833333333333334 0.008021390374331552
1 0.11708333333333333 0.04723707664884135 0.0075 0.0106951871657754
1 0.25916666666666666 0.044563279857397504 0.008333333333333333 0.0106951871657754
1 0.04416666666666667 0.039661319073083776 0.011666666666666667 0.006238859180035651
1 0.9525 0.03609625668449198 0.006666666666666667 0.006238859180035651
0 0.79875 0.0285204991087344 0.005833333333333334 0.008912655971479501
1 0.9558333333333333 0.02540106951871658 0.01 0.006238859180035651
0 0.7166666666666667 0.02406417112299465 0.005 0.008912655971479501
1 0.69 0.022727272727272728 0.005 0.006238859180035651
1 0.4925 0.021836007130124777 0.008333333333333333 0.004456327985739751
1 0.9466666666666667 0.017379679144385027 0.008333333333333333 0.004456327985739751
1 0.31666666666666665 0.014705882352941176 0.008333333333333333 0.004456327985739751
0 0.73375 0.012923351158645277 0.0075 0.006238859180035651
1 0.45458333333333334 0.012477718360071301 0.005833333333333334 0.0071301247771836
1 0.3754166666666667 0.011586452762923352 0.005833333333333334 0.0053475935828877
1 0.19625 0.010249554367201427 0.0075 0.004456327985739751
1 0.004166666666666667 0.015151515151515152 0.008333333333333333 0.0142602495543672
1 0.9933333333333333 0.008912655971479501 0.01 0.0053475935828877
1 0.44 0.010249554367201427 0.006666666666666667 0.00980392156862745
1 0.98125 0.008021390374331552 0.0125 0.0071301247771836
1 0.38166666666666665 0.008467023172905526 0.006666666666666667 0.00980392156862745
0 0.31 0.008021390374331552 0.011666666666666667 0.008912655971479501
1 0.39166666666666666 0.007575757575757576 0.008333333333333333 0.00980392156862745
1 0.3591666666666667 0.0071301247771836 0.006666666666666667 0.0142602495543672
1 0.2575 0.004010695187165776 0.006666666666666667 0.008021390374331552
1 0.15541666666666668 0.004901960784313725 0.005833333333333334 0.00980392156862745
1 0.12958333333333333 0.004456327985739751 0.0075 0.008912655971479501
1 0.12125 0.004010695187165776 0.0075 0.008021390374331552
0 0.11625 0.004456327985739751 0.0075 0.008912655971479501
1 0.1075 0.0035650623885918 0.006666666666666667 0.0071301247771836
1 0.015 0.0053475935828877 0.005 0.0106951871657754