1 0.9998385272094875 0.9473110664180531 0.0003229455810249693 0.00480625154117631
1 0.06087547367877731 0.9992677765813722 0.011289669563255257 0.0014644468372555508
0 0.42644299292315363 0.9650534096728944 0.010830622186096539 0.00658333146162049
0 0.3850714898500423 0.9665059406011044 0.009191302395744061 0.007253567096539015
0 0.3348830713426554 0.9707617147311387 0.010049185007699413 0.007326312059124818
0 0.397473093759931 0.9650431661519898 0.010125689810296656 0.008142042653468295
0 0.5832131393363122 0.9492931643710208 0.014568301718454912 0.010137362495923785
0 0.2292439235658032 0.9784860989017456 0.011994564829030302 0.009919120056785302
0 0.19921665181721077 0.9810322896386454 0.012147585570294966 0.011550699983551183
0 0.5705820395670811 0.9483086257818998 0.010355274723197305 0.01058935820883089
0 0.3218229653303726 0.9698134942885249 0.012147615254814392 0.011550702500677579
0 0.2115800181680606 0.979161648633796 0.013005497866769827 0.011623447463263381
0 0.9938133883314699 0.9107758300556492 0.009344263767969818 0.008885141989050438
0 0.80464166388467 0.9268168242725952 0.010355274723197194 0.01058935820883089
0 0.41397305651473976 0.9611773227841995 0.01144268287901451 0.013109413692525718
0 0.7886553603630979 0.926939011230922 0.007705003346656358 0.009555382658222422
1 0.8829502118783572 0.9181209129168394 0.00942076857056684 0.009700872583394471
0 0.9309555824009987 0.9136391434474782 0.009497273373164417 0.010516603177737949
0 0.9790374577262375 0.9099731045724606 0.01315856684100336 0.013254913686204572
1 0.2893912830830204 0.9651633090491256 0.0049781863469282595 0.0077055552580657105
1 0.4913089294400213 0.9513305036476016 0.010890771244479347 0.01629970481113896
1 0.5151394733274632 0.9472541657066089 0.02530612272677879 0.024805611152628804
0 0.42748660219676715 0.9485198997703275 0.011289673273820189 0.011477952503838207
1 0.3594266846574148 0.960457978009241 0.02444818074578442 0.024732861155789432
1 0.32126548309844805 0.9546491371230643 0.008180350809555426 0.0055493559110115775
0 0.19694333942430145 0.9660133680635715 0.008333360414749802 0.0071808170996996434
1 0.174077309432888 0.9757637435849495 0.02437167222824682 0.023917012452649655
0 0.5835136287699014 0.9340560546915944 0.011213157335152713 0.01066210317141636
1 0.5502923370400801 0.9348174807868439 0.009972739574141132 0.006510586499034243
0 0.39562872824103457 0.9499879314646618 0.011213157335152768 0.010662103171416693
0 0.3834265697777811 0.9489670203942473 0.009114797593146817 0.006437836502194982
0 0.3328474326811957 0.9536670348198735 0.009191302395744061 0.007253567096538571
0 0.2408503622380932 0.963934786250964 0.012224090372892182 0.012366430577894771
1 0.7341854691918857 0.9270354589364729 0.026164005338734087 0.024878356115214606
0 0.6156856515751614 0.9313279977725395 0.012224060688372673 0.012366428060767931
0 0.6014917423862103 0.9321204747005698 0.011289673273820244 0.011477952503838096
0 0.5702157952251652 0.9351836569884642 0.013939944650361302 0.012511928054447008
0 0.53890168471638 0.9378389664278064 0.013082002669366988 0.012439178057607303
0 0.8038847306380751 0.9141360932576246 0.011289673273820133 0.01147795250383854
0 0.7892618207741073 0.9149649477012014 0.011213157335152713 0.010662103171417026
0 0.7081117226932805 0.9210238688259023 0.01020226511800304 0.008957897020143712
0 0.6962155352074473 0.9232660039051943 0.012147555885775652 0.011550697466424342
1 0.9535839256761733 0.9059645872045344 0.026164005338733975 0.024878356115214606
0 0.9778515887417 0.8973288054078219 0.013082062038405784 0.012439183091860762
0 0.8837944053898551 0.9040710860166741 0.01386343984776417 0.011696197460102975
1 0.9975131842612638 0.8910961493816972 0.004973631477472429 0.009409882664543678
1 0.7918519430922655 0.905700559996083 0.010754117383499295 0.00576760086727679
1 0.8096387241969722 0.901725539815375 0.007322468197600074 0.005476610948426108
0 0.3509648074332024 0.9393858391142105 0.009972680205102336 0.006510581464781118
1 0.48912845904547436 0.9280812911732219 0.010355215354158509 0.01058935317457732
0 0.3941750813113366 0.934488456481742 0.011060147729958336 0.00903064198272907
0 0.3817352194321142 0.9355433062646457 0.010202205748964077 0.00895789198588981
0 0.5682566966188574 0.9189047645234547 0.011060147729958225 0.009030641982729182
1 0.4270903130101794 0.9304639917881665 0.006694040624397324 0.007851052734617725
0 0.6938657476964603 0.9074313492186497 0.01020226511800304 0.008957897020143712
0 0.4121149369583117 0.9321449518245067 0.011213157335152768 0.010662103171416693
0 0.36364234304387444 0.9362552309951158 0.012071099316147083 0.010734853168256064
0 0.19548969249460352 0.9505138930806518 0.012071069631627546 0.010734850651129668
0 0.16503346459777368 0.9530964575574079 0.01121315733515274 0.010662103171416693
0 0.7693246085514904 0.9006216352272165 0.010278769920600173 0.009773627614486968
0 0.6128303585865607 0.9147139900071977 0.011289673273820244 0.01147795250383854
0 0.5501638202306176 0.9196166892539248 0.011366178076417266 0.012293683098181796
0 0.5363988078208648 0.9203727974763523 0.011289643589300735 0.011477949986711367
1 0.06228228604758419 0.9593425669847373 0.005054691153900927 0.008521403646564951
0 0.5990271327342533 0.9150621697877241 0.01315856684100325 0.013254913686204906
0 0.7853955650632475 0.8967921100059336 0.008562885958611544 0.009628127620808558
0 0.5834697705186589 0.9151479842647576 0.009650294114428859 0.012148183104503496
0 0.9436056451891621 0.8825543196355663 0.011136652532555802 0.009846372577073104
1 0.7907808313116238 0.8942798567229596 0.005759593840805821 0.006962572143434986
1 0.4876584804880464 0.9216278970529903 0.010355215354158398 0.010589353174577765
0 0.9762449210707373 0.8801977504981369 0.014797827262316487 0.012584673017032477
0 0.8946275699135954 0.8858851838412123 0.011289673273820355 0.01147795250383854
0 0.8003709707996347 0.8951111474524664 0.011519187681611753 0.013925144286869418
1 0.10846521553765041 0.9492595685142672 0.005989119384667729 0.009409882664543678
0 0.26188020087215247 0.9346061049824719 0.007704973662136794 0.009555380141095693
0 0.6636171190018885 0.9030072186876164 0.010032829263485143 0.0162269548142997
0 0.20892674821629353 0.9370407382138726 0.008486381156014411 0.008812397026464525
0 0.19180656173871927 0.938903569466621 0.008562885958611655 0.009628127620808224
0 0.5506938352080686 0.9068268900956071 0.007551982605391583 0.007923802731457319
1 0.3248910368181128 0.9333743108898058 0.024371664807117 0.023917011823367695
1 0.23180651369241395 0.9412675005380634 0.025229606788111203 0.023989761820206956
1 0.511412514004856 0.9167357691486148 0.02522960678811126 0.0239897618202074
0 0.39248375508215394 0.9210646804659746 0.012147615254814448 0.011550702500677912
0 0.1320662338812305 0.9427359200521653 0.011213157335152713 0.010662103171417137
1 0.8258954073703875 0.8814352496541109 0.007475477802794339 0.007108072137113397
0 0.5668795544917565 0.9042210201348788 0.011060147729958336 0.009030641982729182
0 0.38024331453308247 0.9196359066155151 0.010125689810296656 0.008142042653468629
0 0.36198927478402554 0.923239379645559 0.013082002669366988 0.012439178057607414
0 0.349358145330275 0.9222548435735642 0.010125689810296656 0.00814204265346874
0 0.1757054806029566 0.9378021024229566 0.011136652532555552 0.00984637257707277
0 0.16287490941313565 0.9393012515558496 0.01121314991402289 0.010662102542135066
0 0.1457547266461263 0.9411640824939576 0.011289673273820189 0.011477952503838096
1 0.7304584801847591 0.8965170648956056 0.026087489400066555 0.024062506782793203
0 0.7044612440567861 0.8913212647484179 0.010125749179335619 0.008142047687721865
0 0.6921361152649752 0.8935997723090028 0.011213157335152824 0.010662103171416693
0 0.5792046832835676 0.9019425125742938 0.011841514403246323 0.008287537612893914
0 0.7679474664243897 0.8859378908386404 0.010278769920600173 0.00977362761448708
0 0.7854583269643833 0.8836308230659905 0.01113665253255558 0.009846372577072993
0 0.7546114398473938 0.886657622804085 0.011213157335152713 0.010662103171416804
0 0.9733049695239164 0.8672910216267123 0.01121315733515238 0.010662103171416693
1 0.9181138551697642 0.8781378776014293 0.026087489400066444 0.024062506782793203
0 0.7982506494634707 0.8817238083212844 0.011136652532555469 0.009846372577073104
0 0.32758213818615106 0.9113564446900039 0.010049185007699468 0.007326312059124707
0 0.38970497246418545 0.9052664626640151 0.011060147729958336 0.00903064198272907
0 0.5337210487795554 0.8918210974040194 0.01285247712550519 0.009991867536498278
0 0.17378461955568753 0.9219310765136823 0.012071069631627601 0.01073485065112978
0 0.7033982804637322 0.8753774926179942 0.00934426376796993 0.008885141989050438
0 0.564491455210432 0.8879785051854155 0.01292904129714123 0.010807603165095436
0 0.5481527207535145 0.8889528545884178 0.00942076857056695 0.00970087258339436
0 0.40569944828982973 0.900621144962223 0.007628439175020152 0.008739647029625264
0 0.6111334320754693 0.8827900682308041 0.008562885958611655 0.009628127620808224
1 0.8285018854327603 0.8631247192001387 0.007628498544059115 0.008739652063878722
0 0.7517943992600917 0.8704514803359149 0.010355274723197305 0.01058935820883089
0 0.5781417196905135 0.8859987404438703 0.013082062038405784 0.012439183091860762
0 0.314797993559171 0.9087403880602831 0.01144268287901451 0.013109413692525718
0 0.7834992283580755 0.8673519306009811 0.01214755588577554 0.011550697466424231
0 0.6882699244911895 0.8754269889485202 0.010431790661864726 0.011405207541252294
0 0.5947946976185519 0.8837644176338062 0.012224060688372673 0.012366428060767931
0 0.9862829648836582 0.8489233063453175 0.011213157335152824 0.010662103171416693
0 0.9223295432407433 0.8539351280701771 0.010278769920600173 0.009773627614487301
1 0.8072914845916641 0.8628676705109042 0.0049782160314476576 0.00770555777519244
1 0.7963298032584614 0.8658527811534468 0.012224060688372673 0.012366428060768042
0 0.954034372338727 0.8508355783352435 0.012071039947107898 0.010734848134002717
1 0.29323518589921393 0.9093354399295586 0.011672208422876418 0.01555672421363441
0 0.9720507383563343 0.8493078636413907 0.013939944650361413 0.012511928054446675
1 0.20827083854635767 0.9116065249285284 0.00505470228559568 0.008521404590487114
1 0.10882841677756117 0.9208611163015488 0.01253012071935121 0.015629471693347385
0 0.42046162485753047 0.887446734173047 0.010125689810296712 0.008142042653468295
0 0.40642067147276983 0.8898707366930569 0.011213157335152768 0.010662103171416804
0 0.1893282184595257 0.9078681863918865 0.0077049736621368214 0.009555380141095693
1 0.8582695125815203 0.8532002850462209 0.012530091034831714 0.015629469176220656
1 0.507723782967063 0.8866252997739583 0.025229606788111092 0.023989761820206956
1 0.35247821768881027 0.900200602375343 0.025306122726778735 0.024805611152628804
0 0.3140793423983941 0.8964675198253573 0.01027871055156132 0.009773622580233732
1 0.22893746666628156 0.9106763565003568 0.025306122726778624 0.024805611152628804
0 0.14257148624368743 0.9118329674566618 0.012147585570295022 0.011550699983551072
0 0.1290824296512023 0.9109211801229433 0.007475433276015214 0.007108068361423636
0 0.5939995119706583 0.8706758213216635 0.009191243026705154 0.007253562062285335
0 0.576450399029366 0.8725750237971417 0.010125749179335397 0.008142047687721976
0 0.5318767129451784 0.8767658601995645 0.010202205748964133 0.008957891985890143
0 0.3762021469919091 0.8903775403164953 0.011136652532555524 0.009846372577073548
0 0.171473045487255 0.9065043502690384 0.010049214692218894 0.007326314576251547
0 0.6879419325505722 0.8627098854522567 0.008486381156014522 0.008812397026464858
0 0.5448220209329757 0.8764903685297116 0.012224060688372895 0.012366428060767931
0 0.6058956400874527 0.8684336912766251 0.010983631791290915 0.008214792650307667
1 0.7266932981453726 0.8655908005233133 0.02624051014133122 0.025694086709558195
0 0.9224305575431777 0.8411817064274058 0.009497273373164417 0.010516603177737949
0 0.7809117077465999 0.8535930392848812 0.011289673273820133 0.011477952503838318
0 0.7513133921462449 0.8561028562819248 0.01214755588577554 0.011550697466424342
0 0.9537064453351838 0.8381185291737651 0.01043179066186517 0.011405207541252294
1 0.8826437902313902 0.8503112273673629 0.026164005338733864 0.024878356115214606
0 0.9703594176951869 0.835884146994662 0.013005557235809206 0.01162345249751695
0 0.9381873355208881 0.8386122089479704 0.01214755588577554 0.01155069746642401
0 0.9069114477288818 0.8416753862016113 0.013082062038405895 0.012439183091860762
0 0.3171830645807501 0.8834594807450286 0.00818035080955537 0.0055493559110115775
0 0.3776282914145789 0.8779228021237246 0.010830622186096484 0.006583331461620268
1 0.1711450980734169 0.8937872429970848 0.008256855612152614 0.0063650865053556105
0 0.3876938377345279 0.8746025711465961 0.009267807198341249 0.008069297690882604
0 0.32592346964439334 0.8798404475798216 0.009267807198341249 0.008069297690882604
0 0.592660622244856 0.8563999422302594 0.009267747829302397 0.008069292656629035
0 0.4164724637551872 0.8725733694435636 0.013786923909096638 0.01088034812768146
0 0.15730358828219687 0.8937276199958868 0.010202220591223832 0.008957893244453508
0 0.5762453774173062 0.8565585016698789 0.00747547780279445 0.007108072137113397
1 0.14260415320533698 0.8937406857346444 0.006694010939877898 0.007851050217490885
1 0.4703685169502605 0.8663587073214059 0.010355215354158398 0.010589353174577432
1 0.2794809382259914 0.8825451990149042 0.007781478464733926 0.010371110735439504
0 0.21856848243233176 0.8877103279684169 0.009497303057683648 0.010516605694864789
0 0.5612317192796206 0.8578315989261738 0.01207103994710812 0.010734848134002495
0 0.5131498439543818 0.8614976378011914 0.010431731292825819 0.011405202506998946
0 0.9821652869718525 0.8188491500829151 0.010202265118003151 0.008957897020143268
0 0.9499932047975537 0.8215772120362235 0.011213157335152713 0.010662103171416804
0 0.8873266720096455 0.8264799706519896 0.011136652532555469 0.009846372577072993
0 0.968400319088879 0.8196052545296526 0.01214755588577554 0.01155069746642412
0 0.9361899845132813 0.8219254511857891 0.011213157335152824 0.01066210317141647
0 0.8726655041763441 0.8269009004293557 0.011289673273820355 0.011477952503838318
0 0.28989891548128577 0.8783728055930998 0.009098441848932437 0.015338479257370086
0 0.2774289735048368 0.8744966593353658 0.00989617540250498 0.005694850870437196
0 0.10635008091949744 0.8898257325975323 0.010109374886671935 0.017042806663847943
1 0.8402338516135115 0.8222507126728297 0.005989119384667618 0.009409882664543678
0 0.4172018944947541 0.8572998872828439 0.009267807198341249 0.008069297690882715
1 0.34882773905231595 0.8704979982978583 0.02522960678811126 0.0239897618202074
1 0.2185164759935016 0.8733253263988803 0.008256855612152614 0.0063650865053553884
1 0.1948307898174768 0.8835563143825019 0.024371664807116944 0.02391701182336803
1 0.16965319874242038 0.877879902716993 0.008333360414749746 0.007180817099699421
0 0.13833905112798583 0.8805352153027438 0.009191272711224635 0.007253564579412286
0 0.1256232334314958 0.8832579606417934 0.011213157335152726 0.010662103171416915
0 0.4976935257257412 0.848830028118327 0.009114797593146873 0.006437836502195204
0 0.6834335713021225 0.8330800263373579 0.006693981255358472 0.007851047700364377
0 0.5904255975057999 0.8417889428042693 0.00942076857056695 0.00970087258339436
0 0.5746305077577523 0.8439505800207863 0.010431790661864837 0.011405207541252405
1 0.5357399348282577 0.8534152162610757 0.02530612272677868 0.024805611152628804
0 0.15807124544910783 0.878862005334825 0.012928989349232228 0.010807598760123938
0 0.8051819725188096 0.82193397846695 0.008409865217347101 0.007996547694043121
0 0.7764798513007474 0.8247789107643262 0.007628498544059115 0.008739652063878611
0 0.604933750165872 0.8397364924691768 0.009420768570567062 0.009700872583394138
1 0.7234335084135575 0.8354439586673637 0.02522960678811126 0.02398976182020729
0 0.7596356113662162 0.8249739070885309 0.011994535144511098 0.009919117539659017
0 0.9804357139094063 0.8050175681390147 0.011213157335152824 0.010662103171416693
0 0.966670686657394 0.8057736776200056 0.011136652532555691 0.009846372577072993
1 0.9106981944938833 0.8175090091516521 0.02616400533873442 0.024878356115214717
0 0.8847774093675038 0.8131290040021004 0.012071039947108009 0.010734848134002717
0 0.8715561399944037 0.8150723318590605 0.013082062038405784 0.01243918309186065
0 0.9344986044830951 0.808501739573314 0.01214755588577554 0.01155069746642412
1 0.8376381290134444 0.8130149546173222 0.005759593840805932 0.006962572143434653
1 0.8296026507575659 0.8149297172279637 0.00700002273788769 0.011114207553894917
1 0.8436517523299143 0.8079826458506534 0.0049782160314476576 0.00770555777519244
1 0.7712721097254379 0.8153535323679115 0.00778150814925338 0.010371113252566233
1 0.21729234903963035 0.8602731025680306 0.008256855612152614 0.0063650865053558325
0 0.22883604622107936 0.8588831349676678 0.009191272711224607 0.007253564579412175
1 0.5702124053494313 0.8291135877725961 0.009191243026705154 0.007253562062285446
0 0.3828330102981782 0.8458248176244608 0.011918089710952595 0.009103391979568665
0 0.6928186891780737 0.8178947949396022 0.014338776174593115 0.007690051974814871
0 0.41449961667938273 0.8423174000752283 0.011918089710952595 0.009103391979568776
0 0.18496726653436163 0.8613696427050493 0.009267777513821823 0.008069295173755764
1 0.799944180530793 0.8075776015127709 0.007705003346656247 0.009555382658222533
0 0.5897915807867589 0.8258088575615918 0.011213157335152713 0.010662103171416804
0 0.5575812406431262 0.8281289948486894 0.010278769920600173 0.00977362761448708
0 0.5082890220860674 0.8327199436480951 0.011213157335152713 0.010662103171416693
0 0.7577147651612068 0.8091028799206934 0.011060147729958225 0.009030641982729293
0 0.6021549619798684 0.8239382152981787 0.012224060688372784 0.012366428060767931
0 0.1985409965273265 0.8585741498862871 0.013158507471964231 0.013254908651950892
0 0.9780476146280818 0.7887750531895517 0.011213157335152824 0.010662103171416804
0 0.743873227538562 0.8090431994383016 0.011289673273820244 0.011477952503838207
0 0.9633481943934816 0.788788117669746 0.011289673273820022 0.011477952503838318
0 0.8089987641284829 0.8026985406057163 0.009726798917025992 0.012963913698846974
1 0.840550637422276 0.7979674652788027 0.009497273373164083 0.01051660317773806
1 0.827919478284006 0.7969829317239349 0.006540971650164207 0.006219586511676978
1 0.6668214530501008 0.8126989947924144 0.00692350679922038 0.010298358221473403
1 0.6526657368934092 0.8138993420518701 0.007781508149253491 0.010371113252566233
1 0.229641952078724 0.8444253859184188 0.006694010939877898 0.007851050217491107
0 0.12119136214338355 0.8544438333798019 0.007704958819877081 0.009555378882532661
0 0.4149530563491275 0.8287117566187427 0.008562885958611599 0.009628127620808447
1 0.8395860808569386 0.7922934911577875 0.010355274723197305 0.01058935820883078
0 0.3836389161558228 0.8313670685752117 0.011289673273820189 0.011477952503838318
1 0.31468280423417744 0.8429700315137927 0.024371664807116944 0.023917011823367806
0 0.19778409853328616 0.8458934757232285 0.008486381156014411 0.008812397026464636
0 0.1840955909261306 0.8474653145399997 0.011994564829030357 0.009919120056785524
1 0.16068585870990326 0.8560283472837955 0.025229599366981353 0.02398976119092533
0 0.13562301927508297 0.8515755918227635 0.011136652532555552 0.00984637257707277
1 0.8502335836560948 0.7905684082570921 0.009497273373164195 0.010516603177737949
0 0.33844501562309426 0.8335548322349903 0.010278710551561265 0.00977362258023362
0 0.21486601219926693 0.8436227210628324 0.01020223543348353 0.008957894503016539
0 0.6018269700392511 0.811221111801915 0.010431790661864837 0.011405207541252294
0 0.5872040601752833 0.8120499662454917 0.010355274723197305 0.01058935820883078
0 0.5555374890466334 0.8155574406466364 0.012224060688372673 0.01236642806076782
1 0.5320512037904647 0.8233047468864194 0.025306122726778568 0.02480561115262858
0 0.40150226700020075 0.8282078333236327 0.014721381828758429 0.011768947456942347
0 0.371674431424019 0.8282703991686062 0.009972680205102225 0.006510581464781007
0 0.6941765363547729 0.8001012522609341 0.008256855612152614 0.0063650865053557215
0 0.5695784424313939 0.8131334381266262 0.011289673273820244 0.011477952503838318
1 0.7434305377630879 0.7951024950162688 0.0073989730001972065 0.006292341542769808
1 0.7197830835780669 0.8057412901865868 0.025306122726778568 0.024805611152628804
0 0.681345955886352 0.8016003423394295 0.008486381156014522 0.008812397026464636
0 0.7876517632274107 0.7917638235756483 0.01020226511800304 0.00895789702014338
0 0.7743921820839731 0.79329929116969 0.01113665253255558 0.009846372577072993
0 0.9767087249022797 0.7744991740981475 0.011136652532555358 0.009846372577072993
0 0.9454328371102737 0.7775623513517884 0.010355274723197194 0.010589358208831001
0 0.9308481796476045 0.778799071092537 0.012071039947108009 0.010734848134002717
1 0.9069712054867568 0.7869906151107849 0.026087489400066444 0.02406250678279309
0 0.9629820094206047 0.7756631438420568 0.011289673273820466 0.011477952503838207
1 0.10063391135574154 0.8380975100493385 0.008961747167362769 0.00480625405830315
1 0.22795877960516425 0.8264786004143898 0.008103834870887977 0.004733506578590396
1 0.12886881845623255 0.8348810268256079 0.008961747167362782 0.004806254058303039
1 0.3124258234689982 0.8189050290760304 0.007322408828561167 0.00547660591417265
1 0.5203570931424689 0.8000399149078375 0.00810383487088795 0.004733506578590507
1 0.9917086345704691 0.7592489999385268 0.0073989730001974285 0.006292341542769586
1 0.7518812032874125 0.7791742236519698 0.009896234771543888 0.005694855904690765
1 0.8148237271451426 0.7726036263319698 0.0073989730001972065 0.006292341542769697
1 0.8262909139559593 0.7703978687682242 0.00818035080955537 0.005549355911012022
1 0.8695011822660584 0.7655004267667168 0.008961717482843357 0.004806251541176421
1 0.7784849591954337 0.7723959552351836 0.007858024087920912 0.011186962584987747
1 0.8349930610502688 0.7663709109368062 0.006065624187264751 0.01022561325888749
1 0.80438378829569 0.767321957372963 0.010049244376738375 0.007326317093378387
1 0.7534139678624606 0.7724662689460926 0.005912614582070486 0.008594152070199979
1 0.824315459605437 0.7631651190520685 0.007322468197599963 0.005476610948426108
0 0.8563645714511784 0.7637364757297593 0.00808753849571242 0.013634154368018847
1 0.04778962860884696 0.823255592310386 0.005054691153900899 0.00852140364656484
1 0.7527717973877968 0.7610091931916764 0.004901711228850414 0.006889827180848851
1 0.8123591174931857 0.7555453214191241 0.005836098643403065 0.007778302737778464
1 0.8473808923741768 0.7509311214705319 0.0056830890382086885 0.006146841549090953
1 0.40844731440855175 0.7823951422587894 0.007398913631158355 0.006292336508516239
0 0.3338846182512949 0.7895399740676818 0.009267807198341249 0.008069297690882493
0 0.3462479753279202 0.7876693936904344 0.010278710551561265 0.009773622580233732
1 0.2787098726305219 0.7913407460333022 0.00903827794828993 0.005622104649288029
0 0.20851328543192077 0.7989376272606055 0.009344293452489216 0.008885144506177167
1 0.1934613990094207 0.7998027973335631 0.006694010939877926 0.007851050217491218
0 0.5815562305311823 0.7656606044058258 0.009191243026705265 0.007253562062285224
0 0.5193951735363689 0.7713427186175161 0.010125689810296712 0.008142042653468518
1 0.751310002270511 0.7500327870660568 0.0073989730001973175 0.006292341542769808
0 0.5936053738212063 0.7650499949185139 0.014568301718454801 0.010137362495923452
0 0.551100032318872 0.7682431663654555 0.01020226511800304 0.00895789702014338
0 0.7071652816087853 0.754187189101021 0.010202265118002929 0.008957897020143268
1 0.4590728520940235 0.7735799242730352 0.009896175402505036 0.005694850870437196
0 0.5325782146246545 0.7689914635772186 0.011213157335152713 0.010662103171416804
0 0.8759080961938901 0.7370006012003647 0.008256855612152836 0.0063650865053554995
1 0.09784953773008892 0.803799085859151 0.0068470316811425486 0.009482630144256432
1 0.46999633482693165 0.7701868839300283 0.010355215354158398 0.010589353174577432
0 0.9714133261935242 0.7272576498138061 0.011289673273820355 0.011477952503838207
0 0.9567904163295564 0.728086504257383 0.011213157335152824 0.010662103171416804
0 0.9400609335989207 0.7295050964731032 0.010355274723197305 0.01058935820883078
1 0.09509266846455909 0.7974548148463334 0.009267777513821795 0.008069295173755875
0 0.16189580693065053 0.7905567932400243 0.007628468859539578 0.008739649546751993
1 0.1238248790540724 0.7995408179619927 0.024295174846779483 0.02310128248758747
1 0.4583924589025804 0.7617149807043204 0.008961776851882208 0.004806256575429657
1 0.3928762037234609 0.7685038798324972 0.006617535821800191 0.007035322140274136
0 0.20838476862245825 0.7837368357276864 0.008256855612152586 0.0063650865053556105
0 0.18997770442594714 0.7857088488276063 0.009191272711224607 0.007253564579412064
1 0.30777259523490674 0.7831205805461052 0.025306122726778735 0.02480561115262858
0 0.22004321373357844 0.7835705246464415 0.011136652532555552 0.009846372577072882
0 0.14719637742182579 0.7905699183478208 0.011289673273820161 0.011477952503838096
1 0.595230998943066 0.7501116280581267 0.006693981255358472 0.007851047700364377
1 0.4942558200203513 0.7660741735077424 0.02437166480711689 0.023917011823367806
0 0.34440363949354313 0.7726141564859794 0.011213157335152713 0.010662103171416804
0 0.721345501697279 0.7394176302354114 0.008562885958611655 0.009628127620808447
0 0.5629824063981348 0.7520239000480524 0.009267747829302286 0.008069292656629146
0 0.5179415210386358 0.7558431842655575 0.010125689810296601 0.008142042653468518
0 0.7037198245843506 0.7405011071507992 0.009497273373164083 0.01051660317773817
1 0.6815587343854914 0.7485471511753683 0.025229606788111147 0.02398976182020718
0 0.530419640887192 0.7551962591488646 0.011213157335152713 0.010662103171416804
1 0.8326376138883342 0.7320361155238893 0.011825229164141082 0.017188304140400068
0 0.7815994312720602 0.7318415682763362 0.009267747829302286 0.008069292656629146
0 0.7503235434800541 0.734904745529977 0.008486381156014411 0.008812397026464636
0 0.550933263108111 0.7526345095353646 0.012929041297141342 0.010807603165095547
1 0.11219093602165955 0.7861379774354044 0.008961747167362796 0.00480625405830315
0 0.9923804530212618 0.7110903110786059 0.014338776174592782 0.007690051974814649
0 0.9702274516409517 0.7146132912801283 0.011213157335152713 0.010662103171416693
0 0.9543176584900119 0.7155512682018375 0.008562885958611433 0.009628127620808336
1 0.9000227440861874 0.7267332988459256 0.025229606788110814 0.02398976182020718
1 0.41316844858810586 0.7589717508405882 0.00896177685188232 0.004806256575429768
0 0.8736730120857952 0.7223896068086281 0.01214755588577554 0.01155069746642412
1 0.5957145483945567 0.7414369781251517 0.009038233421510888 0.005622100873597824
1 0.8090310249473648 0.7200596157082384 0.007322468197600074 0.005476610948425997
0 0.40229960368523016 0.7537265112147866 0.010907126988693672 0.0073990620559641895
0 0.21913329499827344 0.7692582705566176 0.01020220574896405 0.00895789198588992
0 0.5500998250589187 0.73913804792605 0.01355739836523484 0.008433037606572436
0 0.5611380705637579 0.7369686628435975 0.008333360414749857 0.007180817099699421
0 0.20611144695532435 0.7687179747802145 0.010355215354158509 0.01058935317457732
0 0.3304718430307696 0.7577616091368793 0.012147615254814392 0.01155070250067769
1 0.2784528371585021 0.7609392229657845 0.005912614582070541 0.008594152070199979
0 0.4851737339156332 0.7429990212391067 0.01113665253255558 0.009846372577072993
0 0.39126953605249837 0.7513728249228122 0.010355215354158454 0.01058935317457732
1 0.47000709028923726 0.7426405954205486 0.004978156662408861 0.007705552740939092
0 0.7462961299764124 0.7196235155033219 0.01207103994710812 0.010734848134002717
0 0.733779787411077 0.7198625728057162 0.011060147729958225 0.009030641982729515
0 0.29732711547258434 0.7593387607922192 0.011519187681611753 0.013925144286869529
1 0.8893395312233765 0.7050272424624842 0.006617476452761006 0.007035317106020567
1 0.8192276842154239 0.7089168378737716 0.0056830890382086885 0.006146841549090953
0 0.9343421938660965 0.7008000904306806 0.013005557235808762 0.011623452497517062
0 0.8584161393037899 0.707238311606235 0.010431790661864837 0.011405207541252294
1 0.8101812488053216 0.709272829923526 0.006617476452761117 0.007035317106020567
0 0.9209296569184682 0.7007040324327425 0.010355274723197305 0.01058935820883078
0 0.9050198637675284 0.7016420093544515 0.01144268287901451 0.013109413692525718
1 0.2642369366908732 0.7522776400301305 0.009896175402505092 0.005694850870437307
1 0.46607807824527686 0.7376291040342629 0.010508236095423173 0.012220933101342646
1 0.6776022198345029 0.7155814466133923 0.00818035080955537 0.005549355911011911
1 0.8655253783327036 0.7000574945065356 0.004978216031447769 0.00770555777519244
1 0.7737277236517169 0.7078415629352243 0.006693981255358583 0.007851047700364377
1 0.6529520216199198 0.7201384567003085 0.01050829546446208 0.012220938135595993
0 0.40704266977442294 0.739757184694523 0.007857964718881949 0.011186957550734289
0 0.2181851090194101 0.7545381524281851 0.009344293452489272 0.008885144506177167
0 0.20484906760015453 0.755257885652193 0.008409865217346962 0.00799654769404301
0 0.14237379496564484 0.762200030752139 0.010431746135085601 0.01140520376556231
1 0.1210323423985723 0.7697654638876688 0.026087519084586064 0.02406250929991971
0 0.7906948745457667 0.7043471530142739 0.010049244376738486 0.007326317093378165
1 0.4818047816937957 0.7301286698832286 0.006694040624397324 0.007851052734617947
1 0.36667391629890883 0.7472915600751733 0.02522960678811126 0.02398976182020718
0 0.17759500787214133 0.7551021459132997 0.012546446779046178 0.006728826421045664
0 0.39125578758300184 0.7373957480194864 0.011060147729958392 0.009030641982729404
0 0.329408909122235 0.7418178344893291 0.009191302395744061 0.007253567096538793
0 0.5276653566329905 0.7258287703717126 0.011213157335152713 0.010662103171416804
0 0.5146435085900414 0.7252884745953094 0.009191302395744061 0.007253567096538793
1 0.5843947764750608 0.7267741104859978 0.025306122726778568 0.024805611152628693
0 0.494834807608852 0.7261458942852048 0.009191302395744005 0.007253567096538682
1 0.7091458855716695 0.7153734451780323 0.026164005338733975 0.024878356115214606
0 0.7636402806746837 0.7017077858663274 0.008333360414749746 0.007180817099699421
0 0.744765972676082 0.7033082505570194 0.010049244376738375 0.007326317093378054
0 0.6707470102812533 0.7116403626280468 0.011289673273820133 0.011477952503838318
0 0.7332605278959317 0.7051060834545543 0.011213157335152824 0.010662103171416693
0 0.8575061908839654 0.6929260600335378 0.011060147729958225 0.009030641982729293
1 0.9588857774963364 0.6904963562259097 0.02522960678811126 0.02398976182020729
0 0.9206016705458862 0.6879869883055176 0.01214755588577554 0.01155069746642412
0 0.8693640665994612 0.6902760646913275 0.010907126988693783 0.0073990620559640785
0 0.9323830952597884 0.6845211979656712 0.010125749179335619 0.008142047687722087
1 0.4932964724364145 0.7143537007133293 0.008256855612152614 0.0063650865053557215
1 0.29601272967858433 0.731493670094661 0.008333360414749746 0.007180817099699421
0 0.35992789335216563 0.7260739237035908 0.012775972322907947 0.009176136942154578
1 0.6698370674294639 0.6973281704243884 0.008180350809555481 0.005549355911012022
0 0.40142233706931507 0.7213219766615087 0.010125689810296656 0.008142042653468406
0 0.370537138181988 0.7239409161366847 0.00840986521734699 0.007996547694043121
0 0.12403765755321182 0.7464876267979316 0.011289673273820161 0.011477952503838207
0 0.7007222663167909 0.6947092309492124 0.010049244376738264 0.007326317093378165
0 0.5758946468495498 0.7052941062937954 0.011060147729958225 0.009030641982729404
0 0.48199047867093453 0.7136679074603742 0.010278710551561265 0.00977362258023351
0 0.3104061195667255 0.7282175644990143 0.008562885958611599 0.009628127620808336
0 0.6813425066415792 0.6955302781578148 0.011060147729958336 0.009030641982729404
0 0.8994923378082281 0.6749764535702196 0.010125749179335619 0.008142047687721754
0 0.588219775641361 0.7030155987332105 0.010431790661864837 0.011405207541252294
0 0.3875043243285925 0.7204465630676464 0.01222412005741158 0.01236643309502139
1 0.27371492810280096 0.7288620552176219 0.009420813097346104 0.009700876359084454
1 0.26256194208942063 0.7298077831516749 0.007704973662136849 0.009555380141095804
0 0.7125418840629529 0.6916513109407914 0.01214755588577554 0.011550697466424231
0 0.8869377428415944 0.674807645575442 0.011060147729958558 0.009030641982729293
0 0.8693503181299648 0.6762989877880018 0.010202265118003151 0.00895789702014338
0 0.744208520128677 0.6881438908744322 0.010431790661864837 0.011405207541252405
1 0.9644266068236214 0.6665924088827361 0.0066174764527613394 0.007035317106020678
0 0.728107453835174 0.6870424225722043 0.009726798917025992 0.012963913698846974
1 0.08943108478292662 0.737088316734303 0.008961747167362782 0.004806254058303039
1 0.2610154438871357 0.7225386596956629 0.010830622186096539 0.006583331461620268
1 0.27162470355921786 0.7204056508701935 0.008180350809555426 0.005549355911011911
0 0.9478965992241404 0.6655273130618011 0.012377070293566717 0.01399788924945533
0 0.13997196947821344 0.7319804370115052 0.009420798255086432 0.009700875100520978
1 0.209141266041766 0.7318709260843235 0.024371664807116944 0.023917011823367917
0 0.12320423619937415 0.7329911039317332 0.010355230196418166 0.010589354433140685
0 0.15307848535360719 0.7288133932663885 0.010202205748964105 0.00895789198588992
1 0.649118477397489 0.6838733335073333 0.008961717482843357 0.00480625154117631
1 0.33252898148077037 0.7197635932911076 0.024371664807117 0.023917011823367806
1 0.29491151368423174 0.7151420326670658 0.009191302395744061 0.007253567096538793
1 0.3995014667478213 0.7054510113798367 0.009191302395744005 0.007253567096538793
0 0.3079716196965146 0.7160902531096796 0.013158507471964231 0.013254908651951003
0 0.388424992958168 0.7072124692789516 0.012928981928102379 0.010807598130842089
1 0.7438423351557999 0.6750189170467431 0.006693981255358472 0.007851047700364266
1 0.549391899675928 0.6993188936987715 0.026164005338733975 0.024878356115214717
0 0.512203432554406 0.6946609555591832 0.010125689810296601 0.008142042653468406
0 0.6966948472451139 0.6794279415535185 0.010355274723197416 0.01058935820883078
1 0.6673342647452474 0.6798619951801175 0.008256855612152725 0.0063650865053557215
0 0.5869191383168573 0.6891475849389783 0.010431790661864837 0.011405207541252405
0 0.5722962284528895 0.689976439382555 0.010355274723197416 0.01058935820883078
1 0.5224219736372897 0.6929721870293052 0.010125719494816221 0.008142045170595136
1 0.7671127895365996 0.6788014415924692 0.027803373362055073 0.024208006776471724
0 0.7291811079534596 0.6754398518583626 0.010278769920600173 0.00977362761448708
0 0.6794599128378684 0.6800671162871491 0.01207103994710812 0.010734848134002606
1 0.9239594760049098 0.6638569837368514 0.026087489400066444 0.02406250678279309
0 0.8993255685974672 0.6593677967401286 0.011136652532555358 0.009846372577073215
0 0.9481123707304708 0.6539974873105454 0.01106014772995867 0.009030641982729293
0 0.8855988531157923 0.6605317664840379 0.011289673273820355 0.011477952503838429
1 0.36692494163131173 0.6946461748392453 0.008256855612152558 0.0063650865053557215
0 0.21343345891534232 0.7084839071474152 0.008409865217347018 0.007996547694043121
0 0.19966846134784938 0.7092400141112793 0.008486381156014439 0.008812397026464636
0 0.13836530180725087 0.7148493821018203 0.011289673273820189 0.011477952503838096
0 0.15408384222592225 0.7118720180666495 0.008562885958611627 0.009628127620808336
0 0.7282329665013755 0.6607197299542401 0.00911473822410791 0.006437831467941635
0 0.35343589988108637 0.6937343862469634 0.011213157335152713 0.010662103171416804
0 0.895412912297721 0.6453101626049891 0.009191243026705265 0.007253562062285224
0 0.6775008142315606 0.6637882238221398 0.011213157335152713 0.010662103171416804
0 0.5702605601069104 0.6728817619884164 0.009497273373164195 0.01051660317773806
0 0.2691300267991995 0.6984164086564675 0.009497317899943347 0.010516606953428265
0 0.9458007818197784 0.638570762324465 0.009191243026704932 0.007253562062285224
0 0.7404815311215504 0.657625496833565 0.010355274723197416 0.01058935820883078
0 0.958669614689498 0.6374795375431417 0.01292904129714123 0.010807603165095547
1 0.4494930415152557 0.6806556437481126 0.010355215354158454 0.010589353174577432
0 0.9289947887185106 0.6391735645768026 0.010355274723197305 0.01058935820883089
0 0.9126943066628918 0.6405557792769767 0.010355274723197194 0.01058935820883089
1 0.08846098730471934 0.7129141918184083 0.010814281284141858 0.015483975475358736
1 0.26832669853175334 0.6898509405706639 0.00896176200962251 0.0048062553168665145
0 0.1971191987057076 0.69588904746139 0.005836098643403093 0.007778302737778464
1 0.11458934936996744 0.7102875038480151 0.02437167964937667 0.02391701308193106
0 0.21256178330711134 0.6945795789823654 0.009420798255086488 0.009700875100520978
0 0.18214380781158007 0.6975700087562937 0.00863939076120887 0.010443858215152146
0 0.1504389638713366 0.7006695597497908 0.012147585570295022 0.01155069998355085
0 0.13753187860031846 0.7013529192339423 0.012071069631627573 0.010734850651129335
0 0.6353177994508608 0.6611982986699338 0.010890830613518143 0.01629970984539242
0 0.38220077743224923 0.6777281076406052 0.005836098643403065 0.007778302737778575
1 0.29846055703326424 0.6930514164704245 0.025382627529375867 0.025621341746972393
0 0.35334564104095756 0.6789415193802549 0.010049185007699413 0.007326312059124707
0 0.365900265692111 0.6791103248579058 0.011289673273820189 0.011477952503838318
0 0.5381512398337474 0.6624485370017816 0.009344263767969818 0.008885141989050549
1 0.5143890432870901 0.6718637350220207 0.02530609304225917 0.024805608635502074
0 0.39499309993133647 0.6758210928958992 0.014721381828758318 0.011768947456942458
1 0.701301283589811 0.654780949209548 0.02522960678811126 0.023989761820207067
0 0.6767056341517022 0.650699686879036 0.010355274723197305 0.01058935820883089
0 0.7559103765276822 0.6423388908236124 0.00934426376796993 0.008885141989050549
0 0.7382847587837928 0.6434223627047468 0.010125749179335619 0.008142047687721976
1 0.8572900280771272 0.6399092413507698 0.02522960678811126 0.02398976182020718
0 0.8937679977934951 0.6277713017671711 0.009114738224108243 0.006437831467941524
0 0.9131860043019702 0.6273580604867017 0.012071039947108342 0.010734848134002717
0 0.407457465742361 0.6611970315068416 0.009038292790549574 0.0056221059078512825
0 0.30240029485501085 0.6705166218643575 0.009972680205102225 0.006510581464780896
1 0.29042765636758416 0.6719429619460132 0.008333360414749746 0.007180817099699421
1 0.7804621732825838 0.6275121420963268 0.008961717482843246 0.00480625154117631
1 0.6226045296600498 0.6408978293910574 0.007245952258932653 0.004660761616004483
1 0.2562719568129154 0.6719613442990295 0.008961747167362755 0.004806254058303039
0 0.1359634688986896 0.6846297889904681 0.010278725393820992 0.009773623838796874
0 0.47457478831053435 0.653039041527724 0.008486381156014577 0.008812397026464636
1 0.0876520754507189 0.685848516715095 0.0050546874433359534 0.008521403331924082
1 0.7368693642553934 0.6283307530189989 0.01020226511800304 0.00895789702014338
0 0.9095110217336739 0.611224668015371 0.009497273373164083 0.010516603177737949
0 0.5651319899779548 0.6412488894999124 0.010508295464461859 0.012220938135596104
0 0.9553333739560893 0.6065169006895562 0.010355274723197194 0.01058935820883078
0 0.9420738521816906 0.6080523632493444 0.013005557235808762 0.011623452497517062
1 0.7960358318733538 0.6183801899046929 0.005759593840805821 0.006962572143434764
1 0.7621861775074038 0.6216616121145985 0.004978216031447769 0.007705557775192551
1 0.07588702132110293 0.6802681032065241 0.006770530589110257 0.00866689986455349
0 0.7796970918484012 0.6193544799386561 0.00942076857056684 0.009700872583394249
0 0.1493622666510459 0.6707487094574782 0.010355245038677935 0.010589355691704161
0 0.13434863819787957 0.6720218041966466 0.00949730305768362 0.010516605694864789
1 0.30316794831135685 0.6556510075179365 0.007551923236352731 0.00792379769720386
1 0.17263275071636486 0.6745312314860776 0.024448180745784365 0.024732861155789432
0 0.11707543654707578 0.6722531148916688 0.00942079825508646 0.00970087510052109
0 0.20922552773144293 0.6636169433873433 0.010278710551561293 0.00977362258023362
1 0.8144128363829332 0.6114772388746111 0.005989119384667507 0.009409882664543678
1 0.3316788260713753 0.6507666274794963 0.008256855612152614 0.0063650865053557215
0 0.28772537855221286 0.6569604747383977 0.009573848680870523 0.011332457544413033
0 0.3939928982394183 0.6467160338255327 0.011213157335152768 0.010662103171416804
0 0.3797989241133931 0.6475084564187776 0.008562885958611599 0.009628127620808447
1 0.3572853732946691 0.6564066654051489 0.02530612272677868 0.024805611152628693
0 0.548189278078633 0.6311740334799236 0.00934426376796993 0.008885141989050438
1 0.5111293221985385 0.6417168275042155 0.02444818074578442 0.02473286115578921
1 0.697612546983983 0.6246704204658527 0.02522960678811126 0.02398976182020718
0 0.764975715587678 0.6099135414070781 0.009114738224108021 0.006437831467941635
0 0.7530030771002512 0.611339881488734 0.009191243026705154 0.007253562062285335
0 0.7351014738545747 0.6140912514431411 0.01113665253255558 0.009846372577073104
0 0.5368450615963738 0.63008037241267 0.012699515753279544 0.008360292643986522
1 0.8536012914712992 0.6097987126070744 0.02522960678811126 0.02398976182020718
0 0.9233388108868221 0.597307271594437 0.010431790661864837 0.011405207541252405
0 0.9078197010725263 0.5978009513686424 0.010278769920600617 0.00977362761448708
0 0.9533278098238209 0.5943531574498897 0.012224060688372562 0.012366428060767931
0 0.9399535308455266 0.5946650241181621 0.011213157335153268 0.010662103171416804
0 0.891166728712523 0.6000353335477455 0.01315856684100325 0.013254913686204461
1 0.2853235252333567 0.62674082351657 0.008103834870888005 0.004733506578590507
1 0.3842604934724485 0.6167068746597806 0.00724589288989369 0.004660756581751135
1 0.34822776143723366 0.619762304047486 0.008961776851882208 0.004806256575429879
0 0.42368662229226395 0.6129525900560528 0.00903829279054974 0.0056221059078512825
1 0.9424151419222575 0.5701999042491634 0.006847001996623359 0.00948262762712948
1 0.5368175590893458 0.6021261592369797 0.008961717482843357 0.004806251541176421
0 0.48881218856670433 0.6066079287063408 0.009038292790549685 0.0056221059078513935
0 0.5122520138649478 0.6029758310609394 0.008333360414749746 0.00718081709969931
1 0.6493282573214025 0.5892967175614279 0.008409865217347101 0.007996547694043121
1 0.7130904058217542 0.5822454506126311 0.008011033693115288 0.012818423773675147
1 0.7316968765061566 0.5777898151379117 0.005912614582070486 0.00859415207020009
1 0.7230794362030357 0.578109370303081 0.005836098643403176 0.007778302737778464
1 0.788786934840199 0.5733599189159679 0.00700002273788769 0.011114207553894917
1 0.8088716157551403 0.570834541783761 0.007858024087920912 0.011186962584987747
0 0.11411613068081458 0.6268691039872538 0.010202220591223832 0.008957893244453285
0 0.10120905283092628 0.6275524628421236 0.01027872539382102 0.009773623838796985
1 0.480104435622451 0.5921346814080939 0.008256855612152558 0.0063650865053556105
1 0.26254476849163566 0.609760580180569 0.010830622186096484 0.006583331461620268
1 0.8513168081990917 0.5577794969936217 0.008180350809555481 0.005549355911012022
0 0.34537246844863284 0.6031482962821442 0.010355215354158509 0.010589353174577432
1 0.4510962840579298 0.5917165725900174 0.010907126988693727 0.0073990620559640785
0 0.3586702723088496 0.6020206965024011 0.013082002669367043 0.012439178057607303
0 0.8396583482457118 0.5579458093334302 0.009191243026705154 0.007253562062285224
0 0.7298443869161566 0.5672575874217182 0.00747547780279445 0.007108072137113508
0 0.6527461524697702 0.5750285913702127 0.011136652532555469 0.009846372577072993
0 0.46751155856999904 0.5915580106332712 0.011289673273820189 0.011477952503838318
1 0.25166773087439304 0.6090384131877576 0.008562885958611655 0.009628127620808336
0 0.946707275426795 0.5468128903465086 0.0073989730001970955 0.006292341542769808
0 0.6663964225178869 0.5730488859977062 0.011289673273820244 0.011477952503838207
0 0.7447814808822064 0.5651687646053327 0.010355274723197416 0.01058935820883089
0 0.7147924763771722 0.5681228193808412 0.012147555885775652 0.011550697466424231
0 0.5670004328755909 0.5781882112951509 0.009972739574141132 0.006510586499034465
1 0.08484019931803824 0.6235958793492171 0.013388047858085783 0.015702220431623393
0 0.9149641939275126 0.5495045747842706 0.011136652532555691 0.009846372577072993
1 0.26166492985355716 0.6003793221313827 0.010907126988693727 0.0073990620559641895
0 0.09877455296071541 0.6154251514527889 0.007704958819877081 0.00955537888253244
1 0.45033120262374704 0.5835589104323469 0.010907126988693727 0.0073990620559641895
1 0.16786734657476549 0.6144998499329428 0.02437166480711697 0.023917011823367917
0 0.1441296391176508 0.6103458376055915 0.01121315733515274 0.010662103171416693
0 0.204069405000645 0.6040298021298003 0.011289673273820189 0.011477952503838318
0 0.3120910517769131 0.5940477871480305 0.009573848680870523 0.011332457544413144
0 0.2833506781575523 0.5964848541482348 0.012147615254814448 0.01155070250067769
1 0.030110719203279922 0.6163140190771376 0.004978175215233457 0.007705554314143326
1 0.38204176510856785 0.5930497375191903 0.024371664807116944 0.023917011823367917
0 0.357875086660956 0.5889321001902584 0.010355215354158454 0.01058935317457732
1 0.5350277720314428 0.5784326496150962 0.02522960678811126 0.02398976182020718
0 0.47954698307504584 0.5769703217255067 0.010355215354158454 0.010589353174577543
1 0.9160761653841708 0.5383099237023863 0.006770497194025893 0.008666897032785892
0 0.5583227897130835 0.568645957520415 0.010202265118002929 0.00895789702014349
1 0.4669158480532602 0.5759857262844732 0.009267807198341305 0.008069297690882604
1 0.7245300901255429 0.5520854798731953 0.00818035080955537 0.005549355911012022
1 0.7134153342500715 0.5534390749922653 0.008256855612152725 0.0063650865053557215
1 0.6893389443271078 0.5641143020129151 0.02530612272677868 0.024805611152628804
0 0.5706478591358555 0.5663674549940835 0.009267747829302508 0.008069292656629035
1 0.8753549457207567 0.5466964046758 0.025306122726778568 0.024805611152628693
1 0.9502481409037202 0.5292453455242943 0.007245952258932875 0.004660761616004261
1 0.28193527806111784 0.5813931850934481 0.00818035080955537 0.005549355911012022
1 0.18978517760252614 0.5900294172253757 0.009191272711224607 0.007253564579412064
0 0.20382613098728672 0.5876054147053655 0.008562885958611655 0.009628127620808447
0 0.1592907121466574 0.5922041151463968 0.012147585570294994 0.011550699983551072
0 0.3559542404559467 0.5730610730224208 0.009267807198341305 0.008069297690882604
0 0.17418957782789285 0.589707365146674 0.00949730305768362 0.010516605694864789
1 0.5252025067176614 0.5566539026038544 0.008333360414749968 0.007180817099699421
0 0.3435143785767243 0.5741159228053245 0.013863439847764114 0.011696197460103086
0 0.4643283330098198 0.5622268943374122 0.010278710551561265 0.009773622580233732
0 0.3121619562976016 0.5763633719817485 0.013082002669367043 0.012439178057607303
0 0.14318963101089466 0.5911026481027322 0.011595703620279202 0.014740993619290932
0 0.6932021365256678 0.5407636605915532 0.008486381156014522 0.008812397026464636
0 0.5091779452267556 0.5563681648959701 0.007628498544059115 0.008739652063878722
0 0.7398823713600386 0.5359831483031524 0.007628498544059004 0.008739652063878722
0 0.6626694335107601 0.542530491956839 0.007628498544059004 0.008739652063878833
0 0.6476558347421132 0.5438035841788806 0.010355274723197416 0.01058935820883089
0 0.8645569756540501 0.523766752400843 0.010202265118002929 0.00895789702014338
0 0.48063699293754586 0.5563216082628113 0.005912614582070597 0.008594152070199867
0 0.9099885796027476 0.5195032278877465 0.008562885958611877 0.009628127620808336
0 0.8795323813904372 0.5220857898473761 0.007705003346656136 0.009555382658222311
1 0.2616292494744219 0.5769481803301193 0.009021937046335249 0.014522748663026275
1 0.24895986761937278 0.5755557789609528 0.009420798255086488 0.009700875100520978
0 0.926212610656773 0.5173052181899365 0.010278769920600173 0.00977362761448719
0 0.8926006300222729 0.5185108820636508 0.00871590669987643 0.01125970754757366
1 0.10513504403627122 0.5910405313344101 0.024371679649376685 0.02391701308193106
1 0.7879806024294917 0.5232709666792812 0.008961717482843357 0.004806251541176421
0 0.43443216493511294 0.5569505988445762 0.010508236095423118 0.012220933101342646
0 0.17311846604725112 0.5782866618735507 0.009497303057683676 0.010516605694864789
1 0.14168956308201552 0.5797183185694652 0.008409865217346962 0.007996547694043232
0 0.12807757697718714 0.5821059464056965 0.012071077052757437 0.010734851280411073
0 0.2026402564347141 0.5749610561716878 0.010355245038677907 0.010589355691704161
1 0.189151199842229 0.5740492688379693 0.009114767908627447 0.006437833985068253
1 0.7434834508324207 0.528277531158921 0.006065624187264973 0.01022561325888749
1 0.6846010575347965 0.5320371323769075 0.0049782160314476576 0.00770555777519244
0 0.2801291649435199 0.5667458157032916 0.00934432313700867 0.008885147023304119
1 0.8165215602867366 0.5233175826814788 0.011748713225473661 0.016372454807978443
1 0.37924922845306774 0.5632743834448664 0.024295160004519756 0.023101281229023996
0 0.3551973072093517 0.56038034200745 0.012224120057411636 0.01236643309502139
0 0.34209898404832495 0.5590243131195767 0.010049185007699413 0.007326312059124818
0 0.29342693911921724 0.5656182184406755 0.013939944650361302 0.012511928054446675
0 0.4758582464692178 0.5468597929818114 0.010202205748964188 0.00895789198588992
0 0.7554642375074352 0.5223281222199649 0.008486381156014411 0.008812397026464747
1 0.5617952930069641 0.5457395538775178 0.02437172417615574 0.023917016857621265
1 0.7156774646276126 0.531457583790883 0.025153101985514015 0.023174031225863367
0 0.6602349336405493 0.5304031805675042 0.01207103994710812 0.010734848134002717
0 0.6468606490942197 0.530714987866738 0.00934426376796993 0.008885141989050549
0 0.5371996435688551 0.5416582915470056 0.013082062038405895 0.012439183091860762
1 0.8395324442790023 0.5197218575173704 0.02437172417615585 0.023917016857621265
0 0.9070868804572254 0.507004364313494 0.012071039947107898 0.010734848134002606
0 0.8937125959108958 0.5073161716127277 0.011060147729958336 0.009030641982729293
0 0.9249884837029019 0.5042529943590869 0.011994535144510987 0.009919117539658961
1 0.7963466149636315 0.5110500335779385 0.005836098643402954 0.007778302737778464
0 0.10997095583001587 0.5688407939182 0.01106014772995835 0.009030641982729293
1 0.7755269623962534 0.5103487420759859 0.0056830890382086885 0.006146841549091064
1 0.7008877911209188 0.5166778407734078 0.0073989730001972065 0.006292341542769808
0 0.12701463193695783 0.5661621727020689 0.009420798255086432 0.009700875100520867
1 0.0956239795199261 0.5680017546934757 0.006694010939877898 0.007851050217491218
0 0.3528092376125467 0.5441378245408603 0.010202205748964022 0.008957891985890143
0 0.2803531198899925 0.5506929779466481 0.014721381828758373 0.011768947456942236
0 0.14218943859320116 0.5619975284047634 0.009650323798948313 0.012148185621630003
0 0.3393584482636199 0.5436339012457503 0.011213157335152713 0.010662103171416804
0 0.6755107638734517 0.5134850539998252 0.011060147729958447 0.009030641982729404
1 0.43568336784294964 0.5334103345651805 0.00497815666240875 0.007705552740939092
0 0.5232679064751204 0.5268057391636521 0.01386343984776417 0.011696197460102864
0 0.4597051793049197 0.5313733824790858 0.008562885958611599 0.009628127620808447
0 0.535554723496594 0.5241193713401489 0.011289673273820133 0.011477952503838429
0 0.8421470055918887 0.49688820387131266 0.010355274723197305 0.01058935820883089
0 0.8287727266135942 0.49720007053958526 0.011213157335152713 0.010662103171416859
0 0.6577320715872939 0.5129370103574868 0.012300565490970028 0.013182158655111631
0 0.9195211717390586 0.48744936625283775 0.009420768570567062 0.009700872583394304
0 0.8899993609413008 0.4907749138442251 0.01214755588577554 0.011550697466424065
1 0.43175438548350864 0.5283988406617679 0.010508236095423173 0.012220933101342757
0 0.09619219680386143 0.5556197652389812 0.011994564829030371 0.009919120056785746
1 0.16321669036283734 0.5556921248989262 0.024371664807117 0.023917011823367806
1 0.6133277805370344 0.5097131626826166 0.008486381156014522 0.008812397026464525
0 0.19887502986854855 0.5440347955750853 0.010049185007699413 0.007326312059124707
1 0.799849228039258 0.49307462345855235 0.011213157335152713 0.010662103171416693
1 0.3156589932078038 0.5398877542155707 0.02429516000451981 0.023101281229024107
0 0.29153059684601 0.5361779796666839 0.012071099316147027 0.010734853168256175
0 0.278271050955127 0.5377135041126377 0.013005497866769855 0.011623447463263603
0 0.368590519522059 0.527999115455271 0.008486381156014411 0.008812397026464636
0 0.3514703534547796 0.529862004818495 0.01027871055156121 0.009773622580233732
0 0.3397353886988025 0.5292125865639598 0.009114797593146873 0.006437836502195093
0 0.23631757099251366 0.5375708288539386 0.008180350809555398 0.005549355911012022
1 0.5186120765343463 0.5140445696549454 0.006693981255358472 0.007851047700364377
0 0.45820509653378083 0.5199890542043821 0.007704943977617396 0.009555377623968964
0 0.489404503639674 0.516110084470232 0.008486381156014466 0.008812397026464636
0 0.3799812015302786 0.5249776272971818 0.010983631791290915 0.00821479265030789
0 0.7505269293849728 0.4927345762173204 0.007551982605391694 0.007923802731457263
1 0.5581448143704697 0.5160369498000332 0.02429521937355872 0.023101286263277565
0 0.5013771421271007 0.5146837443885761 0.013863439847764114 0.011696197460103086
0 0.734617076864994 0.493672558173283 0.01207103994710812 0.010734848134002717
1 0.711169103379163 0.5018277246759845 0.025229606788111147 0.02398976182020718
0 0.9176303703787212 0.47650927827372563 0.007628498544058782 0.008739652063878722
1 0.8654802756748279 0.48750937707380326 0.025153101985513904 0.02317403122586348
0 0.841780826187047 0.48376328941266256 0.010355274723197527 0.010589358208830835
0 0.827157910755044 0.48459208448720037 0.01027876992059995 0.009773627614487024
0 0.9011386207485743 0.4758521071190014 0.009114738224107799 0.006437831467941579
0 0.88756486107109 0.47864760245489035 0.009420768570567062 0.009700872583394193
0 0.9325292657444759 0.474012525756876 0.011994535144510876 0.009919117539658961
0 0.13053357107227942 0.5391406223509556 0.010754117383499295 0.005767600867276679
1 0.7799038731970888 0.4832544392109065 0.010754117383499295 0.005767600867276568
1 0.5696747575143871 0.5006698459273058 0.005989119384667729 0.009409882664543845
1 0.5138333300660181 0.5045827543739454 0.007551982605391694 0.007923802731457097
1 0.18603071577289082 0.5315568074916914 0.007398943315677808 0.006292339025643079
1 0.6381172454553505 0.4928105962501009 0.007628498544059115 0.008739652063878722
1 0.3380823204389536 0.516196735214403 0.008256855612152614 0.0063650865053556105
0 0.31967523583214763 0.5181686902038473 0.009191302395744061 0.007253567096538793
0 0.9369499754275149 0.4658262983528868 0.006770497194025893 0.008666897032786003
1 0.49886611704399786 0.501740644294422 0.009114767908627364 0.006437833985068309
1 0.15323840987582638 0.5322818573299579 0.0076284688595396055 0.008739649546752104
1 0.7840103408010156 0.476328200056239 0.008180348025537798 0.0055493262264925125
1 0.5889479012132469 0.494102059758589 0.005836101427420637 0.007778332422298029
1 0.5395791439930451 0.4978772359539985 0.006617476452761228 0.007035317106020567
1 0.48892353177838177 0.501761517268154 0.009972680205102169 0.006510581464781062
0 0.37918604417489565 0.5118890136256526 0.010125692594314173 0.008142072337988027
1 0.692718195773669 0.48489166609050416 0.005912614582070597 0.008594152070199923
1 0.3048993094029415 0.5173660092474379 0.007551926020370359 0.007923827381723036
0 0.5316665739126676 0.49649255528337494 0.008409870785382023 0.007996607063082029
0 0.367022111212439 0.5112760000540565 0.012147612470796931 0.01155067281615807
0 0.5487868007409947 0.49462967572815714 0.012071042731125692 0.010734877818522115
0 0.7322290369527085 0.47743003818956653 0.011918030341913632 0.009103386945315262
0 0.6529477814220783 0.484975014597088 0.011213162903187746 0.010662162540455766
0 0.8985511001370987 0.4620932158029013 0.010278769920600173 0.009773627614487135
0 0.07735875590240614 0.5346048749453839 0.011672208422876418 0.015556724213634743
0 0.885567505887457 0.46196080016593 0.012224057904355212 0.012366398376248477
1 0.7824256333322024 0.46865119268510536 0.006693986823393616 0.007851107069403285
0 0.15274928704292887 0.5224563293006607 0.0067705268785453465 0.008666899549912621
1 0.10180953093374348 0.5325315484901512 0.025153087143254302 0.023174029967300114
1 0.42853287783751143 0.4986598615858637 0.01128966770578499 0.011477893134799522
1 0.5518441209424556 0.48573682536569673 0.005836104211438209 0.007778362106817538
0 0.4410875024886648 0.49882866706351453 0.010814266441882103 0.015483974216795482
0 0.19931475632135132 0.516452132067186 0.007704973662136794 0.009555380141095915
0 0.18512078497934364 0.5172445843449504 0.01020220574896405 0.008957891985890143
0 0.16652244764026933 0.5171771522209331 0.009191272711224607 0.007253564579412064
1 0.28295396241790194 0.5138822448801379 0.024295160004519756 0.023101281229023996
1 0.3495739787130354 0.5004217388771108 0.008409870785382079 0.007996607063082029
0 0.3363144597226543 0.5019572311214184 0.009344323137008725 0.008885147023303952
0 0.31868880951022793 0.5030406758351602 0.01027871055156132 0.00977362258023351
1 0.46374592446905694 0.49608509201894874 0.024295162788537217 0.023101310913543505
0 0.4770600502129423 0.4859113074806995 0.008180345241520226 0.005549296541973114
0 0.653477734246473 0.4721851907885043 0.009420768570567062 0.009700872583394304
0 0.5470571697015185 0.48079811366076985 0.011060147729958225 0.009030641982729404
0 0.5309097028191291 0.48381184891867013 0.011366178076417377 0.012293683098182073
0 0.5157812819095124 0.48386129091441066 0.010278769920600173 0.009773627614487246
1 0.6762809935279874 0.4755962076760918 0.02429522215757618 0.02310131594779702
0 0.6383493727058951 0.4722346277499915 0.010202265118002818 0.008957897020143435
1 0.8605811689366778 0.4583237904561424 0.02429521937355872 0.023101286263277565
0 0.8968214677056138 0.4482616388932544 0.011136652532555358 0.009846372577072993
0 0.883561945931215 0.4497971014530425 0.012071045515143153 0.010734907503041569
0 0.8221440412449629 0.454182842608985 0.009344263767969707 0.008885141989050438
0 0.9493159045263035 0.4409324414715478 0.010049244376738486 0.007326317093378276
1 0.3774044363811087 0.4836724474716022 0.008180345241520337 0.005549296541973059
0 0.1232219056477818 0.5072817286142954 0.009420798255086474 0.009700875100520978
0 0.18409609141386554 0.5017087059376548 0.011213162903187857 0.010662162540455655
0 0.5581199191381596 0.4650595169721634 0.008333360414749746 0.007180817099699421
0 0.4976364194927373 0.4701882721858198 0.00747544811827483 0.007108069619986723
0 0.33482255482362266 0.486049831472288 0.011289667705785045 0.01147789313479941
1 0.7274446902024716 0.44946807714794057 0.0073989730001972065 0.006292341542769753
0 0.5285216035378046 0.46756933396920713 0.009344263767969818 0.008885141989050549
0 0.7415621511738469 0.4478598349067937 0.008333360414749746 0.007180817099699366
1 0.6076498411111875 0.4583928073194398 0.009896229203508744 0.005694796535651747
1 0.18851680109690444 0.4935224785336656 0.008961752735397899 0.004806313427341946
0 0.9237940102931945 0.43158506528293883 0.009191243026705265 0.007253562062285279
0 0.8808596681158437 0.434814614245427 0.009114738224108132 0.006437831467941468
0 0.8327777900065876 0.438480623435925 0.009344263767969818 0.008885141989050604
0 0.8932230520929708 0.43294400166653346 0.012147550317740174 0.011550638097385268
0 0.6496114813196308 0.454012382777756 0.012224060688372784 0.012366428060767931
1 0.10038038515183009 0.5034628322165581 0.024218670044182294 0.022285551893243605
1 0.9571081087688238 0.4225932914364716 0.00482520642625317 0.0060740965865052066
1 0.5932728097512783 0.4526227998507524 0.008103840438923093 0.004733565947629248
0 0.1661424993556362 0.49007510274848165 0.008333360414749746 0.007180817099699366
0 0.15171084222393677 0.4929433443055199 0.008639396329243959 0.010443917584190943
1 0.7321413232342411 0.4396139270204127 0.009896229203508855 0.005694796535651858
1 0.4372457831781442 0.4670866449294856 0.010355220922193653 0.010589412543616283
1 0.8251111012142862 0.43049711053755657 0.008961723050878612 0.004806310910215272
1 0.2802761857503152 0.485330516381849 0.024295160004519756 0.02310128122902405
1 0.6052071930533889 0.45078856478740525 0.008562885958611544 0.009628127620808447
0 0.36198634086924736 0.47141270560303633 0.00770494397761734 0.009555377623968964
1 0.34596178494637664 0.47112702726419087 0.008256855612152558 0.006365086505355666
0 0.5122838778152865 0.455790202360399 0.01020226511800304 0.008957897020143435
1 0.46013372652637186 0.4667903358792497 0.02429516000451981 0.02310128122902405
0 0.543016002160345 0.45153974736175007 0.008333360414749635 0.007180817099699366
0 0.7393653222510681 0.4336567354967482 0.008409870785382134 0.007996607063081973
0 0.7080894372430796 0.4367199424349086 0.011060147729958336 0.009030641982729293
1 0.6722780797801213 0.44674572151650366 0.025229612356146403 0.023989821189246086
0 0.6951440940027277 0.4369953772528493 0.00934426376796993 0.008885141989050382
1 0.8557203145998262 0.4295460691356534 0.02522961235614629 0.02398982118924614
0 0.8307340356260771 0.42590903954935255 0.013005551667773618 0.011623393128478154
0 0.9241710073133986 0.4171637158823754 0.011289667705784878 0.01147789313479941
0 0.8177886951697427 0.42618450405181274 0.01128966770578499 0.011477893134799466
1 0.7820018416385865 0.42264107152725383 0.0073989730001972065 0.006292341542769753
1 0.7137669798003834 0.4234935939950227 0.0073989730001972065 0.006292341542769697
0 0.8989877955461386 0.392987100345765 0.006693986823393061 0.00785110706940323
0 0.48126456183658817 0.42470820454203007 0.010754111815464207 0.005767541498237716
0 0.09103308848700259 0.45450925793935104 0.010049199849959181 0.007326313317688127
1 0.05102496237176567 0.45666839792769465 0.0072459133001885265 0.004660817209353296
0 0.15101110955531297 0.44860111744525116 0.010049185007699468 0.007326312059124707
0 0.19254380845777852 0.44425706538486026 0.009191272711224663 0.007253564579411953
1 0.07021344055673687 0.45380793612359704 0.00989618467672966 0.005694792759961709
0 0.1637651648108419 0.4462862386619366 0.008409870785382106 0.007996607063081917
0 0.10335818759429412 0.4522307528958928 0.011136652532555552 0.009846372577073104
0 0.1800274241496816 0.4444961561474641 0.010202235433483503 0.008957894503016761
0 0.9214712718356712 0.3791579546877949 0.009038227853475633 0.005622041504558972
0 0.35957076876541416 0.42721597496075614 0.010983637359326004 0.008214852019346686
0 0.3124233430077845 0.43162502411779735 0.009344323137008725 0.008885147023303952
0 0.2690982822412351 0.43529881337587706 0.008486381156014411 0.008812397026464636
0 0.4607290401745675 0.41781591642498495 0.009267812766376449 0.0080693570599214
0 0.29998345144404265 0.4326798764178278 0.010355220922193653 0.010589412543616283
1 0.9584466016260826 0.37232246672481306 0.004825206426253614 0.0060740965865050955
0 0.6272887743063899 0.4004033060176092 0.008256855612152503 0.006365086505355666
1 0.4236088730830336 0.41849681245581344 0.005836104211438209 0.007778362106817371
1 0.07049754919870453 0.4476169413963499 0.009972695047361951 0.006510582723344316
0 0.5493326572480479 0.4082470549286896 0.012071045515143153 0.010734907503041569
1 0.9145395546958068 0.37440111042358615 0.008256855612152614 0.006365086505355666
1 0.4337891766068783 0.4164001773702003 0.00591261458207043 0.008594152070199979
0 0.6717859880565173 0.3953967661882354 0.008486381156014411 0.008812397026464636
1 0.6430072998828016 0.3974259432410019 0.007551988173426616 0.00792386210049617
1 0.7334415636902014 0.3889352370115823 0.006693986823393616 0.00785110706940323
0 0.6558761327525211 0.3963347184596785 0.007705003346656358 0.009555382658222478
0 0.8534740837289175 0.3779347188193726 0.010278769920600173 0.009773627614487135
1 0.6025702166927798 0.3996214869683622 0.006065629755300006 0.010225672627926341
0 0.8383457221883397 0.37798415578085964 0.007628498544059115 0.008739652063878778
0 0.14689900780893161 0.4370271688296403 0.007704973662136794 0.009555380141095637
0 0.9014029438809267 0.37263715938662867 0.012071045515143375 0.010734907503041513
1 0.782971488447247 0.38226855704337814 0.008562885958611655 0.009628127620808336
1 0.1263389822151087 0.443704092318749 0.023360742905447734 0.022212803154967653
0 0.10306849814978976 0.4399215702901498 0.011136652532555552 0.009846372577072993
0 0.16211208449275083 0.4332704182554627 0.009267783081856912 0.008069354542794671
1 0.4310323175464959 0.4100559354126204 0.008486381156014411 0.008812397026464636
1 0.26759819947009633 0.42391448510117347 0.007628439175020152 0.008739647029625208
1 0.3353658648170057 0.4226904401330063 0.023360713220928198 0.02221280063784098
1 0.744020763675352 0.38187129025595073 0.006923512367255524 0.010298417590512199
1 0.6099171832541468 0.39036484712917924 0.008103840438922982 0.0047335659476293035
0 0.37020454721155815 0.41151375327056944 0.009114797593146873 0.006437836502195093
1 0.7797474032110512 0.37555279510252665 0.009896229203508855 0.005694796535651858
1 0.7681573054407158 0.3810579662630178 0.009021931478300105 0.014522689293987479
0 0.35858434244349446 0.41208796059206915 0.008333360414749802 0.007180817099699421
1 0.48355680199587525 0.4076577068641588 0.02336071322092842 0.02221280063784098
0 0.715212030656964 0.37896952811999174 0.006693986823393616 0.00785110706940323
0 0.6702476231995604 0.38360457513348656 0.009420768570567062 0.009700872583394304
1 0.6563678897606384 0.38313699463515005 0.0073989730001972065 0.006292341542769808
0 0.6393241691269173 0.3858156196269713 0.011060147729958336 0.009030641982729348
0 0.6261029025378348 0.3877589771684508 0.01035528029123245 0.010589417577869797
0 0.7310453162212892 0.3772157909194195 0.00934426376796993 0.008885141989050604
1 0.6939088230700603 0.3869428271819749 0.024295219373558496 0.023101286263277565
0 0.8518975230556833 0.36573462774867893 0.011136652532555469 0.009846372577073048
0 0.8381708075740084 0.36689859749258824 0.011136652532555469 0.009846372577072993
0 0.9154985081952178 0.3615749090994561 0.009803309287658268 0.013779703662229636
1 0.8764166676911953 0.3690001594848473 0.02429521937355894 0.02310128626327751
1 0.7771899923813217 0.36672489730993757 0.0066174764527613394 0.007035317106020678
0 0.11834431632444997 0.42300347466555355 0.006694016507913014 0.007851109586530014
0 0.267898659219166 0.40867737793887354 0.009114797593146928 0.006437836502195093
0 0.09135803454159719 0.42570291074494115 0.014644841773606601 0.01095315497643301
1 0.07151107652199695 0.4261524954514657 0.005836104211438195 0.007778362106817316
1 0.1623742742142447 0.4176254173700349 0.007551958488907273 0.007923859583369441
0 0.1032159250993527 0.42305291414416746 0.007628454017279865 0.008739648288188573
0 0.5463407020464144 0.38095535417224813 0.009114738224108021 0.006437831467941579
0 0.28268276212847054 0.4049569726785962 0.008562885958611599 0.009628127620808391
1 0.2500052310615791 0.4069056468343344 0.00497816223044395 0.0077056121099779995
1 0.6959332825001693 0.3670371240013034 0.008180345241520337 0.005549296541973114
0 0.5329664202841025 0.38126719115600133 0.008409870785382023 0.007996607063082029
0 0.34176460365674777 0.39871371562560054 0.008639396329243987 0.010443917584190998
1 0.06797279048836488 0.4206967631403067 0.010431740567050513 0.011405144396523459
0 0.6819004773029964 0.36493805766401344 0.008486381156014411 0.008812397026464636
0 0.8787170532540524 0.34742656326515653 0.012929046865176375 0.010807662534134399
0 0.8503673657553531 0.34941936280237657 0.00942076857056695 0.00970087258339436
0 0.7145015601523119 0.36217361819515864 0.012224060688372895 0.012366428060767931
1 0.24642868520551867 0.40104204985528524 0.00949733831023819 0.01051666758103037
0 0.9099546858607422 0.34395549102982437 0.010355280291232338 0.010589417577869742
0 0.8966569116850447 0.34508308829244067 0.012929046865176264 0.010807662534134455
0 0.8653427714917403 0.3477384002489097 0.01035528029123256 0.010589417577869742
0 0.11790160892269853 0.4090627418175647 0.008256855612152614 0.0063650865053557215
0 0.10132514878642247 0.41211285396172975 0.00942079825508646 0.009700875100520978
0 0.08677873166680969 0.41375746994273305 0.009497308625718778 0.010516665063903585
1 0.41704036924132204 0.38534148503580334 0.009573843112835378 0.011332398175374125
0 0.16141792520553389 0.407428369357466 0.011366178076417377 0.012293683098182018
1 0.4272589279504829 0.3836527449318815 0.009573843112835378 0.011332398175374125
1 0.18410643516536837 0.4096157148836759 0.024295160004519756 0.02310128122902405
0 0.8347717511384601 0.34909731198223826 0.01315856684100325 0.013254913686204517
1 0.2106800840756611 0.39790648262789824 0.008961752735397899 0.004806313427341946
0 0.3394066085891341 0.38740213483060953 0.009191302395744061 0.007253567096538793
0 0.3253274000190573 0.3894182423689284 0.008486381156014411 0.008812397026464636
1 0.30320453532099484 0.3978721838923156 0.02429516000451981 0.02310128122902405
0 0.26585487237011857 0.3961057668849084 0.011366178076417377 0.012293683098181962
0 0.5468706548708091 0.3681655303636645 0.007628498544059004 0.008739652063878667
1 0.48052656192440624 0.3799581136431528 0.024218655201922512 0.02228555063468035
1 0.7862690799108139 0.34827662479672905 0.009573783743796582 0.011332393141120667
1 0.7582336330992179 0.34900942124236767 0.004978221599482691 0.007705617144231458
0 0.5163762014731825 0.37034019734160284 0.008562885958611655 0.009628127620808447
0 0.6353977643576747 0.3577809085885061 0.008409870785382023 0.007996607063082029
1 0.659564472489806 0.36189854340031113 0.024295219373558608 0.02310128626327751
0 0.8498017056513214 0.3387780770113429 0.008562885958611544 0.009628127620808447
1 0.8107963699498958 0.3470190579910779 0.02507659718291677 0.02235830063151978
0 0.6736599774350582 0.35083629814739203 0.008180345241520448 0.005549296541973059
0 0.8779601227914751 0.3347458619347052 0.010278769920600062 0.00977362761448708
0 0.834167895218151 0.3380481261752598 0.01020226511800304 0.00895789702014338
0 0.9082251100142784 0.3301238794014044 0.007475477802794561 0.0071080721371135636
0 0.14713370986565713 0.39342795350995863 0.00911476790862742 0.006437833985068309
0 0.3244174840677698 0.37510601796362397 0.009114797593146873 0.006437836502195093
0 0.33728631693748945 0.37401479318230063 0.009267812766376393 0.0080693570599214
0 0.16102163323492852 0.3893724316907855 0.0067705268785453465 0.008666899549912677
0 0.264753656375766 0.379754129457313 0.008486381156014411 0.008812397026464636
1 0.735676194344732 0.33899956231902917 0.005054731970115078 0.00852140710761412
0 0.47132153517565 0.3601823774883893 0.008256855612152558 0.006365086505355666
0 0.2797290324276337 0.3780731694209728 0.007704943977617396 0.009555377623969019
1 0.7405176971461608 0.33530003129104713 0.006770497194025893 0.008666897032785892
1 0.6026299744506546 0.3449367158775358 0.0089617230508785 0.004806310910215217
1 0.2467837234155819 0.3771666677584301 0.009344323137008725 0.008885147023304063
0 0.6910724281633178 0.3382594026808144 0.012852536494544098 0.009991872570751847
0 0.7102609146959662 0.33539891024827484 0.010202265118002929 0.00895789702014338
0 0.8439819571840976 0.32282655198073046 0.010125754747370652 0.008142107056760772
0 0.8747523932994935 0.31898395724499995 0.010202265118002929 0.00895789702014338
1 0.595069897458679 0.3426998974125026 0.005054731970115078 0.008521407107614065
1 0.5890644223297969 0.3432091373218713 0.005054731970114967 0.00852140710761401
0 0.8614546191237964 0.32011155450761625 0.011213162903187857 0.0106621625404556
1 0.24527549245685532 0.37030540834102665 0.009114797593146873 0.006437836502195038
0 0.17297237228125345 0.37849205387858464 0.008639396329243959 0.010443917584190998
1 0.12285228348837411 0.3880866596619089 0.023360742905447734 0.02221280315496771
0 0.09915284327481776 0.384340511373166 0.010278725393820992 0.009773623838796985
0 0.08667472157316686 0.3849874964881794 0.011060147729958364 0.009030641982729348
1 0.7470832293131482 0.3269319017275668 0.0056830890382087995 0.006146841549091064
1 0.4259445421564829 0.3558076542343235 0.008562885958611599 0.009628127620808336
0 0.27826723452633045 0.3670967336108338 0.010202205748964022 0.00895789198588992
0 0.14626203147340855 0.3795235956603895 0.012147580002259933 0.011550640614511998
1 0.300641521425339 0.37054411065458115 0.024218655201922568 0.022285550634680296
0 0.26493117548079764 0.36781643840888545 0.01113665253255558 0.009846372577073048
0 0.35150475974276224 0.35965310213098967 0.00770494397761734 0.009555377623969019
0 0.33645287610427976 0.3605183018884667 0.008486381156014355 0.008812397026464747
0 0.48386240857328927 0.346374076378195 0.010202205748964133 0.00895789198588992
1 0.6557145753071782 0.33467959264070907 0.02507659718291677 0.02235830063151978
0 0.6329112580486337 0.33126859562963484 0.01035528029123256 0.010589417577869742
0 0.7066160391253982 0.3241964816159356 0.008639396329243931 0.010443917584190998
0 0.6928893236437232 0.3253604513598448 0.01035528029123245 0.010589417577869742
0 0.8440447135171982 0.3096652056717485 0.007551988173426616 0.00792386210049606
1 0.8069082203659694 0.31939224193430393 0.02593447979487229 0.02243104559410558
0 0.9039462121566342 0.3029413061573488 0.00926775339733732 0.008069352025667942
1 0.4628596607354552 0.33911026827787827 0.0073224032605260225 0.005476546545133687
0 0.8938123685907147 0.3009227326485802 0.009896229203508855 0.005694796535651858
0 0.296308072007203 0.35199978014343447 0.012546446779046205 0.006728826421045608
0 0.08436315214184667 0.3695607399297346 0.007628454017279893 0.008739648288188628
0 0.17393947396825232 0.3611427836971544 0.010202235433483503 0.00895789450301665
0 0.1276499428808202 0.365479056948527 0.010278710551561293 0.009773622580233676
0 0.10015819272600296 0.36739913680270875 0.008486381156014411 0.008812397026464636
0 0.18762796394913056 0.35957091645442707 0.008562885958611655 0.009628127620808336
0 0.27630810623550306 0.3508178436629511 0.009344323137008725 0.008885147023304063
0 0.2617234487728339 0.35205456340369967 0.007628439175020207 0.00873964702962532
0 0.4400564028459495 0.33569926623255064 0.011136652532555524 0.009846372577073048
0 0.46688968151381494 0.3313682786523539 0.006617535821800191 0.007035322140274136
0 0.5410234038965571 0.3242597921573617 0.007628498544059115 0.008739652063878722
1 0.4144034225652323 0.33417440469963355 0.004901651859811618 0.006889822146595337
0 0.2442207095199261 0.34983859452069577 0.009420827939605858 0.009700877617647763
1 0.016251211467215643 0.3671138479354954 0.0049016685573538155 0.0068898235624791915
1 0.8088944273947798 0.29907867345646055 0.008333360414749857 0.007180817099699366
0 0.888060920153479 0.2903100417883846 0.009114738224107799 0.006437831467941579
0 0.6745914284274415 0.31005588364757153 0.007705003346656247 0.009555382658222478
1 0.7523562779112551 0.30017274888159284 0.00896172305087839 0.004806310910215217
1 0.09920184371729214 0.35720208879013987 0.006694016507913014 0.007851109586530014
1 0.7936130506809725 0.2974965898602213 0.007551988173426727 0.00792386210049617
0 0.6453838017317655 0.3121214628661504 0.013082062038406006 0.012439183091860817
1 0.24353213845637572 0.3424967223264077 0.008961782419917325 0.004806315944468675
0 0.8712549298362288 0.29091287372524177 0.008562885958611766 0.009628127620808391
1 0.5911434926894364 0.31466518637403734 0.005989119384667729 0.009409882664543678
0 0.11324279339148782 0.35477808658477056 0.007628461438409756 0.008739648917470366
0 0.08414996007880965 0.35806728854761694 0.009497308625718778 0.01051666506390364
0 0.1724393911971135 0.34975845542245076 0.011213162903187829 0.010662162540455655
1 0.15020176372712007 0.35698874168528344 0.023360742905447762 0.022212803154967653
0 0.33525325586622823 0.33389689613598256 0.005836104211438153 0.007778362106817371
0 0.26104302589687123 0.34018962235211153 0.008409870785382079 0.007996607063082029
0 0.8552303739133581 0.29062719538639636 0.01144268287901462 0.013109413692525773
0 0.4522448128397065 0.32274310039963905 0.006770556563064689 0.008666902067039295
1 0.3571603462739429 0.33697275067933163 0.024218655201922512 0.02228555063468035
0 0.2734828877760937 0.3391347725692079 0.013005492298734711 0.01162338809422464
1 0.5032064878693657 0.3221218873683291 0.025076597182916827 0.022358300631519668
0 0.46699069303223184 0.3186148273250632 0.009267812766376338 0.008069357059921456
1 0.72772237328783 0.29568359156938945 0.007551988173426616 0.007923862100496115
1 0.7678835331291212 0.29515597056556786 0.0108143258109209 0.015483979251048774
1 0.6218374212182177 0.3100068313594436 0.024142204200329198 0.021469765705551203
0 0.5377692144466506 0.31261309606203824 0.012147550317740397 0.011550638097385324
1 0.8941209440588351 0.28116252946158743 0.006065629755300006 0.010225672627926286
0 0.6434930625244846 0.30118139953730433 0.007551988173426838 0.007923862100496115
1 0.7926184464869456 0.28689164686596114 0.007551988173426727 0.00792386210049606
1 0.7189519205954973 0.2943716558613517 0.009497278941199339 0.010516662546776911
1 0.8325418760117658 0.2884398189171037 0.024218714570961475 0.022285555668933754
0 0.8693259354436316 0.2795649154147043 0.012147550317740285 0.011550638097385268
0 0.8554461454196882 0.2790973696351407 0.010125754747370652 0.008142107056760772
0 0.806544580514754 0.2832440238041694 0.010125754747370652 0.008142107056760772
0 0.8854351499247224 0.27614331485963217 0.01207104551514293 0.010734907503041569
1 0.7351075950345133 0.2868348467118978 0.006693986823393505 0.007851107069403285
1 0.15550490448069562 0.33516055393686434 0.007398943315677808 0.006292339025643079
0 0.11354324942999265 0.3395409797371115 0.009267783081856967 0.008069354542794616
0 0.17005132160030842 0.333515937955861 0.007475448118274941 0.007108069619986779
0 0.4375698965369085 0.30918695327367934 0.009191302395744116 0.007253567096538793
0 0.3316548077850483 0.31857923174186886 0.01012569537833169 0.008142102022507314
0 0.3192149459058259 0.3196340815247726 0.009267812766376338 0.008069357059921456
0 0.14306504260147318 0.336215403719768 0.012147580002259878 0.011550640614512053
0 0.12664975324714423 0.3363739669350775 0.010355250606713037 0.010589415060743013
0 0.5249248855087332 0.30013510923720765 0.009191243026705265 0.00725356206228539
0 0.1870184752783759 0.3300215577194301 0.007704973662136766 0.009555380141095748
0 0.5367445654079517 0.2970772138790526 0.00942076857056695 0.009700872583394304
0 0.6562716365540753 0.2852973078892726 0.008409870785382134 0.007996607063082029
0 0.8353094580659168 0.2672377451978112 0.010049244376738375 0.007326317093378165
0 0.7015502225455258 0.27940223313393026 0.0084863811560143 0.008812397026464636
0 0.6865748168091386 0.28108319568739715 0.009420768570567062 0.009700872583394304
0 0.6711322173654751 0.2823926654249852 0.011289667705785211 0.011477893134799466
1 0.2317615081635231 0.3184161610120455 0.009497308625718737 0.010516665063903585
0 0.16823704545286305 0.32339163868156817 0.0077049736621368214 0.009555380141095748
1 0.08980553918886039 0.33538693772524053 0.024142159673549976 0.021469761929861053
0 0.8952492684756901 0.2609217059463299 0.01027876992059984 0.009773627614487135
0 0.12472073195404526 0.32502604082618625 0.01004921469221888 0.007326314576251491
1 0.3035591794465325 0.30945012767691726 0.005836104211438209 0.007778362106817371
0 0.11196666278280397 0.32734089086890383 0.010431747988180362 0.011405145025805086
0 0.8213914722256963 0.2663622994023028 0.012147550317740508 0.011550638097385268
1 0.26634614902416953 0.31836140617773634 0.024218655201922512 0.02228555063468035
0 0.34708365875921543 0.3032926851009551 0.009114797593146873 0.006437836502195093
0 0.448709123875645 0.2942641193810628 0.008486381156014466 0.008812397026464691
0 0.43412446641297575 0.29550083912181146 0.010202205748964188 0.00895789198588992
1 0.2816520862548003 0.3063742434490488 0.007245898457928834 0.004660815950789932
1 0.4706544694686758 0.29774786890610316 0.023360713220928364 0.02221280063784098
0 0.49434017327097785 0.28751690934843754 0.00911473822410791 0.006437831467941579
0 0.5051406884593459 0.28742331732094917 0.010278769920600173 0.009773627614487135
0 0.6555912136781126 0.27343236683768446 0.007628498544059115 0.008739652063878722
1 0.6183782101562515 0.2823436131368573 0.024142204200329198 0.021469765705551203
1 0.7634516766832686 0.26634184204501293 0.010737815440288623 0.014668189287666111
0 0.714205826246559 0.2668175601168976 0.012071045515143153 0.010734907503041569
0 0.7011457258023113 0.2658693990433228 0.008409870785382023 0.007996607063082029
1 0.8331126857281593 0.25303461106899294 0.008256855612152503 0.006365086505355666
1 0.7974160938211495 0.2642840750956619 0.024371729744190995 0.023917076226660228
1 0.7218587665693638 0.2608239961119403 0.0089617230508785 0.004806310910215272
0 0.8211783052100663 0.2548688758168595 0.012147550317740397 0.011550638097385296
0 0.18768772449102292 0.3048861750481202 0.0067705268785453465 0.008666899549912677
1 0.6851293152830108 0.2610606221626578 0.004901711228850525 0.006889827180848795
1 0.629364392637239 0.2657892612036412 0.006617476452761228 0.007035317106020622
1 0.08508955925878048 0.3127638051904963 0.005912614582070541 0.008594152070200034
1 0.4961187541970281 0.27421006808003034 0.00654097165016404 0.006219586511676922
1 0.2946219009584173 0.2925295698575615 0.01191808971095265 0.00910339197956872
1 0.43563526939386565 0.2793388220351233 0.005836104211438209 0.007778362106817316
1 0.2692749538081767 0.2942677791246166 0.005989119384667729 0.009409882664543678
1 0.5727033349782131 0.2701827799100386 0.009021931478300105 0.014522689293987479
1 0.44367078011828115 0.27742408659187456 0.0069235717362943205 0.010298422624765657
1 0.08993105463907941 0.30906427479179593 0.009803338972177805 0.01377970617935631
1 0.1444172570277268 0.2999216881130814 0.007398943315677753 0.006292339025643023
1 0.11691733363791465 0.306364809027889 0.012453610348718891 0.014813681729964667
0 0.17779153703027573 0.3007918147772044 0.009098441848932465 0.01533847925737003
1 0.35479935541512087 0.28413777478701574 0.008087484694708713 0.013634208702804296
1 0.29342788100227446 0.2844083098657032 0.010754111815464207 0.005767541498237716
1 0.7913749679976516 0.2413621706866404 0.006770497194026004 0.00866689703278592
1 0.5725284203638819 0.2590972216217672 0.006617476452761228 0.007035317106020622
1 0.5937851652088428 0.25523910146964623 0.006540971650163985 0.006219586511676978
1 0.6465473799746932 0.25076507986622054 0.005836104211438209 0.007778362106817371
1 0.5820119452675496 0.2541817882334196 0.006065629755300006 0.010225672627926286
1 0.8866206276087518 0.2242409695902473 0.008333360414749746 0.007180817099699394
1 0.7110690033632794 0.23337126252429985 0.008333361806758477 0.007180831941959176
1 0.6411101100715042 0.23889236126417746 0.00583610421143832 0.007778362106817399
1 0.23387324270079468 0.2717798986576747 0.008103840438923149 0.0047335659476293035
1 0.35948226687789575 0.2603065155545159 0.008961782419917352 0.00480631594446862
1 0.2827747779212096 0.26763324700577273 0.011688564167090743 0.006656081458459695
1 0.2715835455356518 0.2681710941711124 0.00989617261848752 0.005694821185917742
1 0.1973733007240351 0.2744638216458048 0.009038260322012714 0.005622073706205155
1 0.4441870113736811 0.250657153678319 0.007245898457928834 0.004660815950789904
1 0.3884603425212167 0.2557936728587339 0.010754114599481723 0.00576757118275717
1 0.48014318990349325 0.24678595294518083 0.008961752735397843 0.004806313427341946
1 0.45440553900631386 0.24896840124926412 0.008961782419917297 0.004806315944468648
1 0.5995555145119544 0.23378240527854266 0.008180348025537798 0.0055493262264925125
1 0.5437523380728752 0.23810316418009442 0.009972739574141132 0.006510586499034493
1 0.7476316889188932 0.21752601674914068 0.008103840438923093 0.004733565947629359
1 0.7617491512822774 0.2159177893502534 0.009038230637493316 0.005622071189078398
1 0.6665581012086987 0.2244007278372243 0.00911473822410791 0.006437831467941635
1 0.5705856167407407 0.23377217659989774 0.007781510933271063 0.010371142937085631
1 0.5099873408731366 0.2376772926538227 0.004978221599483024 0.0077056171442314025
1 0.6591509800209137 0.22379543496417087 0.006770494410008321 0.008666867348266438
1 0.6480745400918063 0.22555693487293835 0.010355277507214877 0.010589387893350344
1 0.6784159755321857 0.22175071765275428 0.005989119384667618 0.009409882664543706
1 0.5435692159019172 0.2315406797833766 0.0073989730001972065 0.006292341542769725
1 0.5796784555237469 0.22930101067453446 0.005989119384667507 0.00940988266454365
1 0.09947995428226059 0.2679642744983643 0.009896180039617355 0.0056948218151994245
1 0.2912254786980888 0.2517050324933858 0.005912611798053025 0.00859412238568058
1 0.11231053567722893 0.2664651544207088 0.009021934262317746 0.014522718978506877
1 0.14238420940671648 0.25980377496594026 0.005836104211438209 0.007778362106817371
0 0.2961434876941236 0.2488212469020072 0.009956383829926752 0.01541122925420943
1 0.7364267349643407 0.20408675480950844 0.005759596624823504 0.00696260182795419
0 0.8505302874607894 0.1944112368055306 0.005912611798053136 0.008594122385680525
1 0.8109210378620249 0.1916030518548003 0.004978221599482802 0.0077056171442314025
1 0.8557625357519186 0.19026743328031082 0.010737818224306084 0.014668218972185593
0 0.4042059454436026 0.21622383681414076 0.008409870785382134 0.007996607063082029
1 0.22963520312715807 0.22198195621635164 0.007245898457928834 0.004660815950790015
0 0.6373174283091074 0.18001191340071399 0.00896172305087839 0.004806310910215245
1 0.6959320422695625 0.17339712152218695 0.008103840438923093 0.004733565947629331
1 0.7811422653424598 0.16452714492643356 0.007245957826967575 0.004660820985043446
1 0.1416161321813254 0.2101227177109448 0.0049016843283486156 0.006889854348241575
1 0.2988535210045658 0.19473400597603915 0.007245898457928779 0.004660815950789932
0 0.4169789460917866 0.18183956720383698 0.010754114599481834 0.00576757118275717
1 0.19349031420272148 0.20079049584906333 0.011765042069186049 0.007471839220196147
1 0.6171506339576074 0.16322132512439305 0.008333363198767318 0.0071808467842188195
0 0.6056916533114086 0.1609039939543252 0.008180348025537798 0.005549326226492485
1 0.7325493366666938 0.14891360571647572 0.015273287895258503 0.008578596969290087
1 0.7195657410250431 0.1487811752372446 0.00646446406354928 0.005403826232813741
1 0.6552598304697528 0.1546451792832929 0.006693986823393616 0.007851107069403257
1 0.6400932165278763 0.15428675094760816 0.007551988173426727 0.007923862100496115
1 0.5656917161999737 0.1585400616243195 0.005054729186097506 0.008521377423094612
1 0.6210658919640363 0.15425568023831418 0.009573783743796582 0.011332393141120611
1 0.6575739672861238 0.14704868965144727 0.009114738224108021 0.006437831467941579
0 0.06872545246059003 0.19821403972692403 0.0067705240945277745 0.008666869865393195
1 0.7354918913122062 0.13879707040894146 0.0073989730001972065 0.00629234154276978
1 0.7273798447086652 0.13989606293271348 0.008333363198767318 0.007180846784218875
1 0.6994591592769912 0.14185249979664682 0.0056830890382085775 0.006146841549091009
1 0.12394664134393384 0.1922981204238059 0.009420798255086432 0.009700875100521034
1 0.7963961395492392 0.13815501534698238 0.014398990170049752 0.017406489727625735
0 0.7161886420076268 0.1404339075809265 0.010125754747370763 0.008142107056760772
1 0.9147291907392199 0.11825384936534412 0.005054729186097062 0.008521377423094612
1 0.07467890027926113 0.1833198149781236 0.008961752735397926 0.004806313427341974
0 0.6299537105269917 0.13376800702794772 0.008409870785382023 0.007996607063082
1 0.7720244691740871 0.11802085337366097 0.00833336319876743 0.007180846784218861
1 0.07367613444739549 0.17723795694198666 0.01176504206918609 0.007471839220196175
1 0.3618995959343391 0.15238665365726406 0.008562885958611655 0.009628127620808363
0 0.18879883078331383 0.1645981523374469 0.008961752735397926 0.004806313427341974
1 0.36911541707905904 0.15095253350802657 0.005989119384667729 0.009409882664543706
1 0.5153691537007137 0.12909493066245498 0.008180348025537909 0.0055493262264925125
1 0.9108710859999656 0.09555797249729567 0.004901714012868319 0.006889856865368263
1 0.7107075760062518 0.10965314320231273 0.011688504798051946 0.006656076424206264
1 0.6031531419555461 0.12000669426817717 0.007628495760041654 0.00873962237935931
1 0.5352625670411268 0.12453016767534973 0.0073989730001973175 0.00629234154276978
1 0.8014942721410059 0.10031028937047731 0.008256855612152725 0.00636508650535568
0 0.5430603740015711 0.12469118937485398 0.007858019215890244 0.01118691063707869
0 0.7320408284378275 0.10661078332905499 0.005054729186097506 0.008521377423094598
0 0.8265734134015776 0.09571692535509274 0.007551987477422251 0.007923854679366252
0 0.6978086364868061 0.10581340785520957 0.009267752701333065 0.008069344604538092
0 0.7397320225539397 0.10102509946352924 0.007475480586811911 0.007108101821632934
0 0.43333921698180844 0.12577259373796976 0.008961781027908622 0.00480630110220899
1 0.52088547492017 0.11876015039865603 0.009191245810722837 0.007253591746804788
1 0.5319237211210134 0.11659077273733336 0.010830620794087809 0.006583316619360624
1 0.6557021289447189 0.10403923927130193 0.006770494410008321 0.008666867348266424
1 0.713658278839352 0.09501353903747832 0.0064644626715405495 0.005403811390554014
1 0.5773252180719826 0.10739628438524537 0.005054729186097506 0.008521377423094625
1 0.6256447664326665 0.10165447975290687 0.007628495760041543 0.008739622379359283
1 0.05497378771068273 0.1484005587845456 0.009038258930003894 0.005622058863945456
0 0.7486035454377238 0.08958357138889295 0.00848637837199695 0.00881236734194521
1 0.7034861221110862 0.09258709042353164 0.009191245810722726 0.0072535917468047745
1 0.6575108168684975 0.09566336184188608 0.008180346633528957 0.005549311384232786
1 0.9071660558029795 0.07449361115272007 0.004901714012867986 0.006889856865368263
1 0.740185526464754 0.08741950292069908 0.008961721658869548 0.004806296067955504
1 0.18015386246467183 0.13696354137083155 0.0093442906684717 0.008885114821657825
1 0.04350660692898711 0.1506063008767497 0.012300596567498191 0.013182176014498087
1 0.23725207037831075 0.12801059113384733 0.009038288614523354 0.005622061381072158
1 0.17591883630852084 0.12868902245278946 0.009114767908627447 0.006437833985068309
1 0.5396011639836115 0.09702798228396242 0.007551988173426727 0.007923862100496129
1 0.9053900193025861 0.06477720069755205 0.004901714012867875 0.00688985686536827
0 0.7400870607640029 0.07714971736667417 0.007475480586811911 0.007108101821632934
1 0.5743934147127494 0.08996648665652085 0.008961721658869548 0.004806296067955504
0 0.7587700991000634 0.0735098445576943 0.00598911938466784 0.009409882664543692
0 0.38094021760212426 0.10184815444898365 0.009038288614523327 0.005622061381072144
1 0.6226528105350286 0.07436277157533555 0.00810383904691414 0.0047335511053696044
1 0.7461170391286829 0.0630712584300217 0.008256854220143883 0.00636507166309596
1 0.8347589106914752 0.05391028449428786 0.0073989730001972065 0.00629234154276976
1 0.7883929179362161 0.057430808533366864 0.007475480586812022 0.007108101821632934
1 0.8574173609643778 0.051166692090335614 0.004978221599482802 0.007705617144231451
1 0.6511636606985407 0.06947841631741183 0.007705003346656247 0.009555382658222464
0 0.2327355305617494 0.10290379597224569 0.009896171226478706 0.005694806343658071
0 0.7565350149919683 0.05889885016595765 0.007705003346656247 0.00955538265822247
0 0.8039966807406969 0.053229790496205055 0.008715902523849905 0.011259663020794439
1 0.05644894208497005 0.10880741964285681 0.007475436060032814 0.007108098045942826
1 0.8999854608878262 0.03481219659780148 0.005054729186097617 0.008521377423094618
1 0.04728774320693243 0.10793974901092693 0.00863939493723516 0.010443902741931271
1 0.5944123428073773 0.059079053314841146 0.0066174792367788005 0.0070353467905400965
1 0.05559918539721283 0.1043570976359876 0.0082568556121526 0.006365086505355652
1 0.6665624032829705 0.0492608909952469 0.00896172165886977 0.004806296067955525
0 0.1989950512660671 0.08890870230484439 0.011136652880557707 0.009846376287637959
1 0.5527811782041607 0.05315331982120709 0.008961721658869548 0.004806296067955511
1 0.296063134342195 0.07738872234903173 0.010278711247565686 0.009773630001363526
1 0.279410189230696 0.07962307603705346 0.007857960542855702 0.011186913023955067
0 0.39106294408974956 0.06686636951608135 0.013557403933269985 0.008433096975611357
1 0.30573796015893334 0.0745127112593874 0.007628436739004818 0.008739621055670749
0 0.11255255496572283 0.08924954433515536 0.009038259626008266 0.005622066285075278
1 0.15595410899863058 0.08639152218034961 0.012071073459651693 0.01073489146734366
0 0.3163472350212775 0.07237970488591947 0.01043172676879739 0.011405154269654813
1 0.39980334950139496 0.06324734006143912 0.0077814522602364655 0.010371145323962029
0 0.7429419617560913 0.02921707327686245 0.008180347329533544 0.005549318805362642
1 0.2818855194404061 0.06913503929907222 0.00762843639100258 0.008739617345105824
1 0.2367681261462901 0.0721385595271491 0.006770553779047228 0.00866687238251991
1 0.7826058198483712 0.023386984486475762 0.00903822994148884 0.005622063767948552
1 0.40048631784702127 0.05208904052114674 0.005836104211438209 0.007778362106817351
1 0.5926689573823674 0.03127035126452431 0.006770494410008432 0.008666867348266442
1 0.8945043945384488 0.004031428508622784 0.004901713316863621 0.006889849444238413
0 0.7177725616553909 0.019017570425538668 0.006770494410008432 0.008666867348266452
1 0.68642010829974 0.021265007276829534 0.007551988173426727 0.007923862100496115
0 0.6367371687174672 0.026300170397872268 0.0077050040426606126 0.00955539007935233
1 0.04350060305340978 0.06755945936347268 0.008103839046914307 0.0047335511053696044
1 0.06900873765486876 0.0629297193894646 0.004978176898702558 0.007705611513258888
1 0.024435055076786276 0.06712051341875022 0.00863939424123077 0.010443895320801394
1 0.0146072100282513 0.06836500055474411 0.009573821893452414 0.011332407419223839
1 0.1605003311738698 0.05188260030311388 0.008715902175847723 0.011259659310229521
1 0.004052227880874847 0.06189610787087392 0.008104455761749695 0.004806299214363936
1 0.16619975989602545 0.04811030754987858 0.008409870785382134 0.007996607063082022
1 0.5806989249081504 0.009673458243202766 0.007705003781658948 0.009555387296428628
1 0.6861467871796953 0.0027879293407025063 0.00957378478780313 0.005575858681405013
1 0.709624865749243 0.0009173155683707445 0.0069235102792423175 0.001834631136741489
1 0.6967942868468319 0.0018708099537464665 0.007000018213859205 0.003741619907492933
1 0.6766331549302971 0.002780162260098103 0.009573784787803019 0.005560324520196206
1 0.668053913227471 0.0031075322116218395 0.007858019563892316 0.006215064423243679
1 0.1638335886963156 0.04132181668213909 0.013480895998653014 0.0076173329861832575
1 0.287144816001994 0.02839877151648198 0.006464522388581639 0.005403820135372411
1 0.24818588397797425 0.03252458186735247 0.012622953930658182 0.0075445820617026545
1 0.21750013249479494 0.032659856694927575 0.01004918744371483 0.007326338033079211
1 0.3511829191886062 0.019679596952203258 0.00818034698153125 0.0055493150947977105
0 0.3299342919332077 0.019014641023917832 0.009038289049526083 0.005622066019278317
1 0.35906538257575715 0.01613331703057977 0.0058361041244376355 0.007778361179176121
1 0.36850253655330784 0.015333084453323428 0.007704944456120355 0.009555382725995777
