1 0.36541666666666667 0.9979740680713128 0.0075 0.004051863857374392
0 0.14 0.9967585089141004 0.008333333333333333 0.004862236628849271
1 0.45208333333333334 0.9959481361426256 0.005833333333333334 0.004862236628849271
1 0.7533333333333333 0.9951377633711507 0.006666666666666667 0.004862236628849271
1 0.9429166666666666 0.9943273905996759 0.005833333333333334 0.004862236628849271
1 0.50125 0.9959481361426256 0.004166666666666667 0.008103727714748784
1 0.9008333333333334 0.9943273905996759 0.005 0.006482982171799027
1 0.8258333333333333 0.9955429497568882 0.008333333333333333 0.008914100486223663
1 0.7354166666666667 0.993517017828201 0.009166666666666667 0.004862236628849271
1 0.49166666666666664 0.993517017828201 0.01 0.004862236628849271
1 0.48041666666666666 0.9931118314424635 0.0075 0.004051863857374392
1 0.7908333333333334 0.9931118314424635 0.01 0.005672609400324149
1 0.655 0.9931118314424635 0.006666666666666667 0.005672609400324149
1 0.6458333333333334 0.993517017828201 0.01 0.006482982171799027
1 0.03333333333333333 0.9923014586709886 0.006666666666666667 0.004051863857374392
1 0.9754166666666667 0.9918962722852512 0.005833333333333334 0.004862236628849271
1 0.8908333333333334 0.9910858995137763 0.006666666666666667 0.006482982171799027
1 0.8558333333333333 0.9902755267423015 0.005 0.006482982171799027
1 0.56 0.9894651539708266 0.005 0.006482982171799027
1 0.8179166666666666 0.9886547811993517 0.005833333333333334 0.006482982171799027
1 0.8083333333333333 0.9874392220421394 0.008333333333333333 0.004051863857374392
1 0.48083333333333333 0.9858184764991896 0.008333333333333333 0.004051863857374392
1 0.41541666666666666 0.986223662884927 0.009166666666666667 0.004862236628849271
1 0.25708333333333333 0.986223662884927 0.0075 0.004862236628849271
1 0.13625 0.986223662884927 0.009166666666666667 0.004862236628849271
1 0.5083333333333333 0.986223662884927 0.013333333333333334 0.006482982171799027
1 0.4666666666666667 0.9850081037277147 0.008333333333333333 0.004051863857374392
1 0.051666666666666666 0.9846029173419774 0.006666666666666667 0.004862236628849271
1 0.8708333333333333 0.9841977309562399 0.008333333333333333 0.005672609400324149
0 0.7825 0.9841977309562399 0.006666666666666667 0.007293354943273906
1 0.14916666666666667 0.9817666126418152 0.008333333333333333 0.004051863857374392
1 0.8245833333333333 0.9821717990275527 0.0075 0.006482982171799027
1 0.16833333333333333 0.9801458670988655 0.008333333333333333 0.004051863857374392
1 0.08833333333333333 0.9793354943273906 0.006666666666666667 0.004051863857374392
1 0.8579166666666667 0.9748784440842788 0.0075 0.004862236628849271
1 0.6775 0.9736628849270664 0.008333333333333333 0.004051863857374392
1 0.17041666666666666 0.9740680713128039 0.009166666666666667 0.004862236628849271
1 0.8008333333333333 0.9744732576985413 0.011666666666666667 0.007293354943273906
1 0.78375 0.9728525121555915 0.0075 0.004051863857374392
1 0.3233333333333333 0.9728525121555915 0.008333333333333333 0.004051863857374392
1 0.47625 0.9724473257698542 0.009166666666666667 0.004862236628849271
1 0.029166666666666667 0.9720421393841167 0.008333333333333333 0.005672609400324149
1 0.9533333333333334 0.9724473257698542 0.008333333333333333 0.008103727714748784
1 0.28708333333333336 0.9728525121555915 0.0125 0.008914100486223663
1 0.38916666666666666 0.9696110210696921 0.008333333333333333 0.004051863857374392
1 0.41583333333333333 0.9696110210696921 0.006666666666666667 0.005672609400324149
1 0.004166666666666667 0.9667747163695299 0.008333333333333333 0.004862236628849271
1 0.19416666666666665 0.9651539708265803 0.008333333333333333 0.004862236628849271
1 0.16958333333333334 0.965964343598055 0.005833333333333334 0.006482982171799027
1 0.08791666666666667 0.9655591572123177 0.010833333333333334 0.005672609400324149
1 0.45375 0.9639384116693679 0.009166666666666667 0.005672609400324149
1 0.5916666666666667 0.963128038897893 0.008333333333333333 0.005672609400324149
1 0.20375 0.9639384116693679 0.005833333333333334 0.007293354943273906
1 0.03833333333333333 0.9615072933549432 0.008333333333333333 0.004051863857374392
1 0.01375 0.960291734197731 0.0075 0.004862236628849271
1 0.6 0.9594813614262561 0.006666666666666667 0.004862236628849271
1 0.0525 0.960291734197731 0.008333333333333333 0.006482982171799027
1 0.2775 0.9586709886547812 0.008333333333333333 0.004862236628849271
1 0.14791666666666667 0.9570502431118314 0.009166666666666667 0.004862236628849271
1 0.11125 0.9578606158833063 0.005833333333333334 0.006482982171799027
1 0.4091666666666667 0.956645056726094 0.006666666666666667 0.005672609400324149
1 0.7366666666666667 0.9554294975688817 0.008333333333333333 0.004862236628849271
1 0.41833333333333333 0.9562398703403565 0.008333333333333333 0.006482982171799027
1 0.365 0.9542139384116693 0.008333333333333333 0.005672609400324149
1 0.7183333333333334 0.9521880064829822 0.011666666666666667 0.006482982171799027
1 0.37666666666666665 0.950162074554295 0.008333333333333333 0.004051863857374392
1 0.2966666666666667 0.9505672609400324 0.008333333333333333 0.004862236628849271
1 0.10208333333333333 0.9509724473257699 0.005833333333333334 0.005672609400324149
1 0.19666666666666666 0.9493517017828201 0.008333333333333333 0.004051863857374392
1 0.5045833333333334 0.9469205834683955 0.0075 0.004051863857374392
1 0.4683333333333333 0.946515397082658 0.008333333333333333 0.006482982171799027
1 0.04833333333333333 0.9412479740680713 0.011666666666666667 0.005672609400324149
1 0.12541666666666668 0.9347649918962723 0.0075 0.004051863857374392
1 0.0825 0.9347649918962723 0.006666666666666667 0.004051863857374392
1 0.8458333333333333 0.9282820097244733 0.008333333333333333 0.004051863857374392
1 0.6766666666666666 0.9242301458670988 0.008333333333333333 0.004051863857374392
1 0.43166666666666664 0.9246353322528363 0.006666666666666667 0.004862236628849271
1 0.6354166666666666 0.923419773095624 0.0075 0.004051863857374392
1 0.5895833333333333 0.9217990275526742 0.005833333333333334 0.004051863857374392
1 0.55875 0.9189627228525121 0.009166666666666667 0.004862236628849271
1 0.5325 0.9185575364667747 0.008333333333333333 0.004051863857374392
1 0.5154166666666666 0.9185575364667747 0.0075 0.004051863857374392
1 0.54125 0.9185575364667747 0.0075 0.005672609400324149
1 0.4920833333333333 0.9177471636952999 0.0075 0.004051863857374392
1 0.48291666666666666 0.9177471636952999 0.0075 0.004051863857374392
1 0.55125 0.9173419773095624 0.004166666666666667 0.008103727714748784
1 0.3095833333333333 0.9136952998379254 0.005833333333333334 0.004051863857374392
1 0.28625 0.9128849270664505 0.0075 0.004051863857374392
1 0.14 0.9080226904376013 0.008333333333333333 0.004051863857374392
1 0.5166666666666667 0.9072123176661264 0.008333333333333333 0.004051863857374392
1 0.0825 0.9064019448946515 0.006666666666666667 0.004051863857374392
0 0.8391666666666666 0.8837115072933549 0.011666666666666667 0.012155591572123177
1 0.99625 0.8788492706645057 0.004166666666666667 0.005672609400324149
0 0.6933333333333334 0.8816855753646677 0.011666666666666667 0.011345218800648298
0 0.5520833333333334 0.8788492706645057 0.009166666666666667 0.008914100486223663
0 0.5004166666666666 0.8780388978930308 0.009166666666666667 0.007293354943273906
0 0.5654166666666667 0.8780388978930308 0.009166666666666667 0.01053484602917342
0 0.48875 0.876418152350081 0.009166666666666667 0.008914100486223663
1 0.00375 0.8772285251215559 0.0075 0.01053484602917342
0 0.47 0.8760129659643436 0.01 0.009724473257698542
0 0.45708333333333334 0.8752025931928687 0.010833333333333334 0.011345218800648298
1 0.81 0.8772285251215559 0.01 0.017017828200972446
1 0.7975 0.8707455429497569 0.006666666666666667 0.004051863857374392
0 0.3625 0.873581847649919 0.01 0.009724473257698542
0 0.37583333333333335 0.8723662884927067 0.011666666666666667 0.012155591572123177
1 0.87875 0.8776337115072933 0.024166666666666666 0.02593192868719611
1 0.6191666666666666 0.8727714748784441 0.01 0.017828200972447326
0 0.8525 0.8695299837925445 0.013333333333333334 0.012965964343598054
0 0.8391666666666666 0.8683144246353323 0.01 0.01053484602917342
0 0.5783333333333334 0.8650729335494327 0.008333333333333333 0.005672609400324149
0 0.17541666666666667 0.8666936790923825 0.009166666666666667 0.008914100486223663
1 0.6933333333333334 0.8642625607779578 0.006666666666666667 0.005672609400324149
1 0.6770833333333334 0.8654781199351702 0.005833333333333334 0.008103727714748784
1 0.43916666666666665 0.8695299837925445 0.01 0.01620745542949757
0 0.18958333333333333 0.86709886547812 0.0125 0.011345218800648298
0 0.75375 0.8646677471636953 0.0125 0.008103727714748784
0 0.725 0.8666936790923825 0.011666666666666667 0.012155591572123177
0 0.7104166666666667 0.8662884927066451 0.010833333333333334 0.011345218800648298
0 0.14583333333333334 0.8658833063209076 0.01 0.01053484602917342
1 0.6541666666666667 0.8727714748784441 0.023333333333333334 0.02593192868719611
0 0.41083333333333333 0.8614262560777958 0.008333333333333333 0.004862236628849271
0 0.15875 0.8654781199351702 0.0125 0.012965964343598054
0 0.55 0.8622366288492707 0.006666666666666667 0.008103727714748784
1 0.5266666666666666 0.8691247974068071 0.023333333333333334 0.025121555915721232
0 0.4870833333333333 0.8610210696920584 0.009166666666666667 0.01053484602917342
1 0.24666666666666667 0.8638573743922204 0.01 0.01620745542949757
0 0.94875 0.8525121555915721 0.010833333333333334 0.011345218800648298
1 0.2758333333333333 0.8606158833063209 0.023333333333333334 0.027552674230145867
0 0.17625 0.8529173419773096 0.010833333333333334 0.012155591572123177
1 0.09083333333333334 0.856969205834684 0.023333333333333334 0.025121555915721232
0 0.7425 0.8488654781199352 0.011666666666666667 0.01053484602917342
0 0.75625 0.8476499189627229 0.010833333333333334 0.012965964343598054
0 0.6604166666666667 0.8464343598055105 0.010833333333333334 0.01053484602917342
0 0.725 0.8460291734197731 0.01 0.012965964343598054
0 0.64625 0.8448136142625607 0.010833333333333334 0.012155591572123177
0 0.53375 0.843192868719611 0.009166666666666667 0.008914100486223663
0 0.47041666666666665 0.8427876823338736 0.009166666666666667 0.008103727714748784
0 0.4575 0.8411669367909238 0.011666666666666667 0.011345218800648298
0 0.37666666666666665 0.839546191247974 0.01 0.008103727714748784
1 0.3620833333333333 0.8383306320907618 0.005833333333333334 0.007293354943273906
1 0.8075 0.8423824959481362 0.01 0.017017828200972446
0 0.3329166666666667 0.8379254457050244 0.009166666666666667 0.009724473257698542
0 0.9329166666666666 0.8371150729335495 0.010833333333333334 0.011345218800648298
0 0.9004166666666666 0.836709886547812 0.010833333333333334 0.01053484602917342
1 0.16125 0.8342787682333873 0.0075 0.005672609400324149
0 0.86875 0.8350891410048622 0.009166666666666667 0.008914100486223663
1 0.6283333333333333 0.8326580226904376 0.01 0.005672609400324149
1 0.11833333333333333 0.833063209076175 0.006666666666666667 0.006482982171799027
0 0.14875 0.833063209076175 0.0075 0.008103727714748784
0 0.7554166666666666 0.8334683954619124 0.009166666666666667 0.01053484602917342
0 0.64375 0.8322528363047001 0.0075 0.009724473257698542
0 0.5183333333333333 0.8286061588330632 0.006666666666666667 0.008914100486223663
1 0.24916666666666668 0.8326580226904376 0.01 0.017017828200972446
1 0.5583333333333333 0.8363047001620746 0.023333333333333334 0.02593192868719611
0 0.5333333333333333 0.8269854132901134 0.01 0.008914100486223663
0 0.4554166666666667 0.8273905996758509 0.0075 0.009724473257698542
0 0.48875 0.8253646677471637 0.009166666666666667 0.007293354943273906
1 0.06708333333333333 0.826580226904376 0.010833333333333334 0.011345218800648298
0 0.47 0.8237439222042139 0.008333333333333333 0.007293354943273906
0 0.36375 0.8237439222042139 0.009166666666666667 0.008914100486223663
0 0.33125 0.8241491085899514 0.0075 0.009724473257698542
0 0.2875 0.8221231766612642 0.006666666666666667 0.008914100486223663
0 0.27291666666666664 0.8192868719611021 0.009166666666666667 0.006482982171799027
1 0.05583333333333333 0.8172609400324149 0.006666666666666667 0.004051863857374392
0 0.1475 0.820097244732577 0.008333333333333333 0.011345218800648298
0 0.8804166666666666 0.8176661264181524 0.009166666666666667 0.008103727714748784
1 0.18666666666666668 0.8253646677471637 0.023333333333333334 0.025121555915721232
0 0.16291666666666665 0.8176661264181524 0.009166666666666667 0.009724473257698542
0 0.13166666666666665 0.8152350081037277 0.008333333333333333 0.006482982171799027
0 0.11958333333333333 0.8172609400324149 0.010833333333333334 0.01053484602917342
0 0.8670833333333333 0.8168557536466775 0.010833333333333334 0.011345218800648298
0 0.7216666666666667 0.8140194489465153 0.01 0.008914100486223663
0 0.7091666666666666 0.8128038897893031 0.011666666666666667 0.011345218800648298
0 0.5654166666666667 0.8107779578606159 0.0075 0.008914100486223663
1 0.8379166666666666 0.8091572123176661 0.0075 0.007293354943273906
0 0.55125 0.8091572123176661 0.009166666666666667 0.01053484602917342
0 0.5045833333333334 0.807131280388979 0.005833333333333334 0.008103727714748784
0 0.48833333333333334 0.8075364667747164 0.01 0.01053484602917342
0 0.3775 0.8063209076175041 0.011666666666666667 0.009724473257698542
0 0.36583333333333334 0.8063209076175041 0.01 0.009724473257698542
0 0.12583333333333332 0.8022690437601296 0.008333333333333333 0.004862236628849271
0 0.9425 0.8014586709886548 0.01 0.008103727714748784
1 0.9054166666666666 0.809967585089141 0.024166666666666666 0.025121555915721232
0 0.8791666666666667 0.8014586709886548 0.011666666666666667 0.011345218800648298
0 0.8666666666666667 0.7994327390599676 0.008333333333333333 0.007293354943273906
0 0.84625 0.7986223662884927 0.010833333333333334 0.007293354943273906
0 0.8341666666666666 0.8006482982171799 0.01 0.011345218800648298
1 0.43 0.7970016207455429 0.008333333333333333 0.004051863857374392
0 0.72125 0.7978119935170178 0.010833333333333334 0.008914100486223663
0 0.7083333333333334 0.7982171799027553 0.01 0.009724473257698542
0 0.15166666666666667 0.7986223662884927 0.01 0.01053484602917342
0 0.7504166666666666 0.796191247974068 0.010833333333333334 0.007293354943273906
0 0.68875 0.7953808752025932 0.009166666666666667 0.007293354943273906
0 0.67625 0.7974068071312804 0.010833333333333334 0.011345218800648298
1 0.6525 0.8042949756888168 0.023333333333333334 0.025121555915721232
0 0.16583333333333333 0.7978119935170178 0.011666666666666667 0.012155591572123177
1 0.5641666666666667 0.7929497568881686 0.006666666666666667 0.005672609400324149
1 0.5266666666666666 0.8014586709886548 0.023333333333333334 0.024311183144246355
1 0.059166666666666666 0.793354943273906 0.005 0.009724473257698542
0 0.5020833333333333 0.793354943273906 0.010833333333333334 0.011345218800648298
0 0.4583333333333333 0.7929497568881686 0.01 0.01053484602917342
0 0.4708333333333333 0.7913290113452188 0.01 0.008914100486223663
0 0.2733333333333333 0.7888978930307942 0.01 0.012155591572123177
0 0.16833333333333333 0.7856564019448946 0.006666666666666667 0.008914100486223663
0 0.9420833333333334 0.7856564019448946 0.010833333333333334 0.01053484602917342
0 0.1525 0.7860615883306321 0.01 0.011345218800648298
0 0.9283333333333333 0.7852512155591572 0.011666666666666667 0.011345218800648298
0 0.8783333333333333 0.784035656401945 0.01 0.008914100486223663
0 0.8654166666666666 0.7844408427876823 0.010833333333333334 0.009724473257698542
0 0.09041666666666667 0.7852512155591572 0.009166666666666667 0.011345218800648298
0 0.10625 0.7832252836304701 0.0075 0.008914100486223663
0 0.8458333333333333 0.7828200972447326 0.01 0.009724473257698542
0 0.6470833333333333 0.7811993517017828 0.010833333333333334 0.008103727714748784
0 0.6908333333333333 0.779578606158833 0.006666666666666667 0.008103727714748784
0 0.56375 0.7791734197730956 0.009166666666666667 0.007293354943273906
0 0.52125 0.7779578606158833 0.009166666666666667 0.008103727714748784
0 0.6758333333333333 0.7787682333873582 0.011666666666666667 0.011345218800648298
0 0.6591666666666667 0.7783630470016207 0.01 0.01053484602917342
0 0.5516666666666666 0.7775526742301458 0.01 0.008914100486223663
0 0.47041666666666665 0.776742301458671 0.010833333333333334 0.008914100486223663
0 0.5345833333333333 0.7759319286871961 0.010833333333333334 0.01053484602917342
1 0.9441666666666667 0.7739059967585089 0.005 0.008103727714748784
0 0.45708333333333334 0.7739059967585089 0.005833333333333334 0.008103727714748784
1 0.8620833333333333 0.7682333873581848 0.005833333333333334 0.006482982171799027
0 0.9270833333333334 0.7686385737439222 0.009166666666666667 0.008914100486223663
1 0.9025 0.776742301458671 0.023333333333333334 0.025121555915721232
1 0.7841666666666667 0.7658022690437601 0.008333333333333333 0.004862236628849271
1 0.43083333333333335 0.7653970826580226 0.008333333333333333 0.004051863857374392
1 0.765 0.7653970826580226 0.011666666666666667 0.005672609400324149
1 0.745 0.7739059967585089 0.023333333333333334 0.024311183144246355
0 0.12416666666666666 0.7658022690437601 0.006666666666666667 0.008103727714748784
1 0.9466666666666667 0.7633711507293355 0.008333333333333333 0.004862236628849271
0 0.6733333333333333 0.7658022690437601 0.006666666666666667 0.009724473257698542
0 0.68875 0.7645867098865479 0.010833333333333334 0.01053484602917342
0 0.6566666666666666 0.7629659643435981 0.01 0.007293354943273906
0 0.5654166666666667 0.7633711507293355 0.010833333333333334 0.011345218800648298
0 0.5516666666666666 0.7629659643435981 0.01 0.01053484602917342
1 0.8216666666666667 0.7625607779578606 0.006666666666666667 0.011345218800648298
0 0.5341666666666667 0.7625607779578606 0.01 0.011345218800648298
0 0.4741666666666667 0.7621555915721232 0.008333333333333333 0.01053484602917342
0 0.4575 0.7613452188006483 0.008333333333333333 0.008914100486223663
1 0.24375 0.7601296596434359 0.0075 0.006482982171799027
0 0.52125 0.7613452188006483 0.010833333333333334 0.01053484602917342
1 0.49625 0.7682333873581848 0.0225 0.024311183144246355
0 0.7754166666666666 0.7601296596434359 0.005833333333333334 0.009724473257698542
1 0.8129166666666666 0.7593192868719612 0.005833333333333334 0.009724473257698542
1 0.06416666666666666 0.7593192868719612 0.005 0.009724473257698542
1 0.7645833333333333 0.7572933549432739 0.005833333333333334 0.007293354943273906
0 0.3804166666666667 0.7581037277147488 0.009166666666666667 0.01053484602917342
0 0.3675 0.7568881685575365 0.008333333333333333 0.008103727714748784
0 0.35041666666666665 0.7560777957860616 0.0075 0.006482982171799027
0 0.33541666666666664 0.7585089141004863 0.009166666666666667 0.011345218800648298
0 0.31958333333333333 0.7552674230145867 0.0075 0.006482982171799027
0 0.30625 0.7572933549432739 0.009166666666666667 0.01053484602917342
1 0.7295833333333334 0.7556726094003241 0.0075 0.008914100486223663
0 0.2 0.7536466774716369 0.008333333333333333 0.009724473257698542
1 0.06416666666666666 0.7508103727714749 0.006666666666666667 0.004051863857374392
0 0.8308333333333333 0.7508103727714749 0.008333333333333333 0.007293354943273906
1 0.7379166666666667 0.75 0.0075 0.005672609400324149
0 0.16875 0.7508103727714749 0.0075 0.007293354943273906
1 0.13791666666666666 0.7495948136142626 0.0075 0.004862236628849271
0 0.8420833333333333 0.7512155591572123 0.0125 0.009724473257698542
1 0.10208333333333333 0.7585089141004863 0.0225 0.024311183144246355
0 0.9391666666666667 0.7512155591572123 0.01 0.011345218800648298
0 0.875 0.7508103727714749 0.01 0.01053484602917342
0 0.7508333333333334 0.7491896272285251 0.008333333333333333 0.007293354943273906
0 0.6883333333333334 0.7487844408427877 0.008333333333333333 0.006482982171799027
0 0.92125 0.7487844408427877 0.005833333333333334 0.008103727714748784
0 0.7204166666666667 0.747163695299838 0.009166666666666667 0.009724473257698542
0 0.7041666666666667 0.7459481361426256 0.008333333333333333 0.01053484602917342
0 0.5525 0.7451377633711507 0.01 0.008914100486223663
0 0.49041666666666667 0.7439222042139384 0.0075 0.008103727714748784
0 0.4216666666666667 0.7398703403565641 0.008333333333333333 0.004862236628849271
0 0.3804166666666667 0.7418962722852512 0.010833333333333334 0.008914100486223663
1 0.4320833333333333 0.7394651539708266 0.0075 0.005672609400324149
1 0.8125 0.7431118314424635 0.01 0.01620745542949757
1 0.8016666666666666 0.743517017828201 0.01 0.017017828200972446
0 0.30791666666666667 0.7394651539708266 0.0075 0.008914100486223663
0 0.16 0.7374392220421394 0.008333333333333333 0.006482982171799027
0 0.9220833333333334 0.7374392220421394 0.0075 0.008103727714748784
0 0.8745833333333334 0.7358184764991896 0.010833333333333334 0.009724473257698542
0 0.20208333333333334 0.7350081037277147 0.0075 0.008103727714748784
1 0.14291666666666666 0.7341977309562399 0.005833333333333334 0.006482982171799027
0 0.8420833333333333 0.7341977309562399 0.010833333333333334 0.008103727714748784
0 0.12875 0.7341977309562399 0.009166666666666667 0.009724473257698542
0 0.70625 0.7325769854132901 0.009166666666666667 0.008103727714748784
0 0.71875 0.733387358184765 0.010833333333333334 0.011345218800648298
0 0.6879166666666666 0.7321717990275527 0.010833333333333334 0.008914100486223663
1 0.6508333333333334 0.7394651539708266 0.023333333333333334 0.023500810372771474
0 0.5495833333333333 0.7317666126418152 0.0075 0.009724473257698542
1 0.5275 0.7370340356564019 0.023333333333333334 0.023500810372771474
0 0.4891666666666667 0.729740680713128 0.006666666666666667 0.008914100486223663
0 0.56 0.726904376012966 0.01 0.004862236628849271
0 0.5033333333333333 0.7285251215559158 0.01 0.008103727714748784
1 0.9966666666666667 0.7277147487844409 0.005 0.008103727714748784
0 0.47291666666666665 0.7277147487844409 0.009166666666666667 0.008103727714748784
1 0.08083333333333333 0.7285251215559158 0.005 0.009724473257698542
1 0.34458333333333335 0.7329821717990276 0.0225 0.023500810372771474
0 0.32208333333333333 0.7244732576985413 0.0075 0.008103727714748784
0 0.3075 0.7260940032414911 0.01 0.011345218800648298
1 0.2925 0.7240680713128039 0.006666666666666667 0.007293354943273906
0 0.2816666666666667 0.7216369529983793 0.011666666666666667 0.007293354943273906
0 0.18875 0.7212317666126418 0.009166666666666667 0.008103727714748784
0 0.1725 0.7212317666126418 0.01 0.009724473257698542
0 0.15958333333333333 0.7216369529983793 0.010833333333333334 0.01053484602917342
0 0.14208333333333334 0.7196110210696921 0.009166666666666667 0.008103727714748784
1 0.10541666666666667 0.7264991896272285 0.0225 0.023500810372771474
1 0.7520833333333333 0.7151539708265803 0.0075 0.004051863857374392
1 0.8708333333333333 0.7151539708265803 0.008333333333333333 0.005672609400324149
1 0.7620833333333333 0.7147487844408428 0.0075 0.004862236628849271
1 0.9316666666666666 0.7119124797406807 0.006666666666666667 0.004051863857374392
0 0.67625 0.7098865478119936 0.0075 0.004862236628849271
1 0.8333333333333334 0.7090761750405187 0.005 0.008103727714748784
1 0.81 0.7098865478119936 0.005 0.009724473257698542
1 0.1425 0.7086709886547812 0.005 0.008914100486223663
1 0.8516666666666667 0.7094813614262561 0.006666666666666667 0.012155591572123177
1 0.8191666666666667 0.7078606158833063 0.006666666666666667 0.008914100486223663
1 0.235 0.7046191247974068 0.008333333333333333 0.004051863857374392
0 0.74125 0.7058346839546191 0.0075 0.008103727714748784
0 0.9229166666666667 0.7058346839546191 0.009166666666666667 0.009724473257698542
1 0.7970833333333334 0.7050243111831442 0.005833333333333334 0.008103727714748784
1 0.9929166666666667 0.7034035656401945 0.0075 0.006482982171799027
0 0.9695833333333334 0.7034035656401945 0.0075 0.006482982171799027
0 0.7220833333333333 0.7058346839546191 0.0075 0.011345218800648298
1 0.5558333333333333 0.7029983792544571 0.005 0.008914100486223663
1 0.46125 0.7013776337115073 0.005833333333333334 0.005672609400324149
1 0.55 0.7021880064829822 0.005 0.008914100486223663
1 0.3441666666666667 0.7017828200972447 0.006666666666666667 0.008103727714748784
1 0.57 0.7013776337115073 0.005 0.008914100486223663
1 0.355 0.7025931928687196 0.006666666666666667 0.011345218800648298
1 0.9833333333333333 0.6985413290113452 0.006666666666666667 0.004862236628849271
0 0.44916666666666666 0.700162074554295 0.005 0.008103727714748784
1 0.5775 0.700162074554295 0.006666666666666667 0.009724473257698542
1 0.3154166666666667 0.6989465153970826 0.004166666666666667 0.007293354943273906
0 0.6766666666666666 0.6997568881685575 0.01 0.012155591572123177
0 0.17583333333333334 0.6993517017828201 0.006666666666666667 0.011345218800648298
1 0.1825 0.6952998379254457 0.005 0.006482982171799027
0 0.10458333333333333 0.6908427876823339 0.009166666666666667 0.007293354943273906
0 0.9325 0.6884116693679092 0.008333333333333333 0.007293354943273906
0 0.9020833333333333 0.686385737439222 0.0075 0.008103727714748784
0 0.705 0.6859805510534847 0.01 0.007293354943273906
0 0.9191666666666667 0.6867909238249594 0.011666666666666667 0.012155591572123177
0 0.8879166666666667 0.6859805510534847 0.010833333333333334 0.01053484602917342
0 0.7175 0.6839546191247974 0.01 0.009724473257698542
0 0.5654166666666667 0.6815235008103727 0.0075 0.008103727714748784
0 0.46291666666666664 0.6807131280388979 0.0125 0.009724473257698542
0 0.9358333333333333 0.6794975688816856 0.005 0.008914100486223663
0 0.5045833333333334 0.6803079416531604 0.009166666666666667 0.01053484602917342
0 0.49166666666666664 0.679902755267423 0.01 0.009724473257698542
0 0.37125 0.6782820097244733 0.009166666666666667 0.008103727714748784
0 0.38333333333333336 0.6782820097244733 0.01 0.009724473257698542
1 0.26 0.673419773095624 0.008333333333333333 0.004862236628849271
1 0.7975 0.6770664505672609 0.01 0.01539708265802269
0 0.6391666666666667 0.673419773095624 0.005 0.008103727714748784
0 0.20625 0.6742301458670988 0.009166666666666667 0.009724473257698542
0 0.19375 0.6742301458670988 0.009166666666666667 0.009724473257698542
0 0.93 0.6713938411669368 0.008333333333333333 0.005672609400324149
0 0.9183333333333333 0.6722042139384117 0.008333333333333333 0.007293354943273906
1 0.8633333333333333 0.6794975688816856 0.023333333333333334 0.023500810372771474
0 0.8395833333333333 0.6722042139384117 0.0075 0.008914100486223663
0 0.8241666666666667 0.6722042139384117 0.006666666666666667 0.008914100486223663
0 0.16416666666666666 0.6730145867098866 0.01 0.01053484602917342
0 0.9 0.6722042139384117 0.011666666666666667 0.01053484602917342
0 0.8870833333333333 0.6717990275526742 0.009166666666666667 0.009724473257698542
0 0.71625 0.669773095623987 0.009166666666666667 0.008914100486223663
1 0.2608333333333333 0.6677471636952999 0.008333333333333333 0.004862236628849271
0 0.5654166666666667 0.6677471636952999 0.0075 0.008103727714748784
0 0.12041666666666667 0.669773095623987 0.009166666666666667 0.012155591572123177
0 0.5533333333333333 0.6649108589951378 0.01 0.005672609400324149
1 0.46 0.6657212317666127 0.006666666666666667 0.007293354943273906
0 0.33916666666666667 0.6653160453808752 0.006666666666666667 0.008103727714748784
0 0.5029166666666667 0.6641004862236629 0.009166666666666667 0.007293354943273906
0 0.47333333333333333 0.6636952998379254 0.008333333333333333 0.006482982171799027
0 0.8445833333333334 0.6624797406807131 0.0075 0.005672609400324149
0 0.3095833333333333 0.6645056726094003 0.005833333333333334 0.009724473257698542
1 0.26125 0.6620745542949756 0.0075 0.004862236628849271
1 0.25 0.6620745542949756 0.008333333333333333 0.004862236628849271
0 0.7166666666666667 0.6608589951377634 0.008333333333333333 0.004051863857374392
0 0.35541666666666666 0.6636952998379254 0.009166666666666667 0.009724473257698542
0 0.32458333333333333 0.6624797406807131 0.009166666666666667 0.008914100486223663
1 0.66 0.6596434359805511 0.008333333333333333 0.004862236628849271
1 0.2891666666666667 0.6685575364667747 0.023333333333333334 0.022690437601296597
0 0.16416666666666666 0.6600486223662885 0.006666666666666667 0.007293354943273906
0 0.19458333333333333 0.6588330632090762 0.009166666666666667 0.006482982171799027
1 0.07458333333333333 0.6600486223662885 0.005833333333333334 0.008914100486223663
1 0.7741666666666667 0.6572123176661264 0.005 0.006482982171799027
1 0.44125 0.6559967585089141 0.0075 0.004051863857374392
1 0.14166666666666666 0.6653160453808752 0.021666666666666667 0.022690437601296597
1 0.7875 0.6576175040518638 0.006666666666666667 0.008914100486223663
0 0.11916666666666667 0.656807131280389 0.008333333333333333 0.007293354943273906
0 0.8679166666666667 0.6559967585089141 0.009166666666666667 0.007293354943273906
0 0.8554166666666667 0.6559967585089141 0.009166666666666667 0.007293354943273906
0 0.93 0.6555915721231766 0.01 0.009724473257698542
0 0.8975 0.6559967585089141 0.011666666666666667 0.01053484602917342
0 0.6541666666666667 0.6539708265802269 0.008333333333333333 0.006482982171799027
0 0.30375 0.653160453808752 0.0075 0.004862236628849271
0 0.91375 0.6539708265802269 0.005833333333333334 0.008103727714748784
1 0.49583333333333335 0.6523500810372771 0.008333333333333333 0.004862236628849271
1 0.25958333333333333 0.6523500810372771 0.0075 0.004862236628849271
0 0.88375 0.6543760129659644 0.0075 0.01053484602917342
0 0.7179166666666666 0.6519448946515397 0.0075 0.008914100486223663
0 0.5341666666666667 0.6507293354943274 0.008333333333333333 0.006482982171799027
0 0.5225 0.6507293354943274 0.008333333333333333 0.006482982171799027
0 0.6708333333333333 0.6511345218800648 0.006666666666666667 0.008914100486223663
0 0.5654166666666667 0.6503241491085899 0.009166666666666667 0.007293354943273906
0 0.6420833333333333 0.6511345218800648 0.010833333333333334 0.01053484602917342
0 0.8583333333333333 0.649513776337115 0.008333333333333333 0.008914100486223663
0 0.505 0.6491085899513777 0.008333333333333333 0.008103727714748784
0 0.34291666666666665 0.6462722852512156 0.009166666666666667 0.008914100486223663
1 0.8070833333333334 0.6470826580226904 0.010833333333333334 0.012155591572123177
1 0.7958333333333333 0.6487034035656402 0.01 0.01539708265802269
0 0.3275 0.6450567260940032 0.006666666666666667 0.008103727714748784
0 0.11 0.6434359805510534 0.008333333333333333 0.004862236628849271
0 0.35583333333333333 0.6458670988654781 0.01 0.011345218800648298
0 0.20916666666666667 0.6438411669367909 0.008333333333333333 0.007293354943273906
0 0.9308333333333333 0.6442463533225283 0.006666666666666667 0.009724473257698542
1 0.26458333333333334 0.643030794165316 0.004166666666666667 0.007293354943273906
1 0.91375 0.6422204213938412 0.005833333333333334 0.007293354943273906
0 0.19458333333333333 0.6426256077795786 0.0075 0.008103727714748784
0 0.8966666666666666 0.6397893030794165 0.008333333333333333 0.005672609400324149
0 0.8845833333333334 0.6414100486223663 0.009166666666666667 0.008914100486223663
0 0.8666666666666667 0.640194489465154 0.008333333333333333 0.006482982171799027
0 0.8529166666666667 0.6434359805510534 0.0075 0.012965964343598054
0 0.12291666666666666 0.6405996758508914 0.0075 0.008914100486223663
0 0.6404166666666666 0.6385737439222042 0.005833333333333334 0.008103727714748784
0 0.6541666666666667 0.6369529983792545 0.01 0.009724473257698542
0 0.55125 0.6365478119935171 0.010833333333333334 0.01053484602917342
1 0.26208333333333333 0.6365478119935171 0.009166666666666667 0.01053484602917342
0 0.5641666666666667 0.6353322528363047 0.01 0.009724473257698542
0 0.505 0.6337115072933549 0.008333333333333333 0.006482982171799027
1 0.4683333333333333 0.6414100486223663 0.021666666666666667 0.023500810372771474
0 0.49291666666666667 0.6341166936790924 0.0125 0.01053484602917342
0 0.3433333333333333 0.6312803889789304 0.006666666666666667 0.006482982171799027
0 0.32666666666666666 0.6316855753646677 0.01 0.008914100486223663
1 0.29083333333333333 0.6385737439222042 0.021666666666666667 0.022690437601296597
1 0.17375 0.6361426256077796 0.0225 0.022690437601296597
1 0.15333333333333332 0.6284440842787682 0.005 0.007293354943273906
0 0.92625 0.6260129659643436 0.0075 0.007293354943273906
0 0.8979166666666667 0.6239870340356564 0.0075 0.008103727714748784
0 0.7308333333333333 0.6223662884927067 0.006666666666666667 0.008103727714748784
0 0.6704166666666667 0.6215559157212318 0.0075 0.008103727714748784
0 0.52375 0.6207455429497569 0.009166666666666667 0.006482982171799027
0 0.7004166666666667 0.6207455429497569 0.0075 0.009724473257698542
0 0.8183333333333334 0.6183144246353323 0.005 0.009724473257698542
0 0.29875 0.6162884927066451 0.0075 0.007293354943273906
0 0.38708333333333333 0.6150729335494327 0.009166666666666667 0.009724473257698542
0 0.2875 0.6154781199351702 0.011666666666666667 0.01053484602917342
0 0.88 0.6118314424635333 0.006666666666666667 0.008103727714748784
1 0.7941666666666667 0.6158833063209076 0.01 0.01620745542949757
0 0.895 0.6102106969205835 0.008333333333333333 0.006482982171799027
1 0.43583333333333335 0.6122366288492707 0.008333333333333333 0.01053484602917342
0 0.15458333333333332 0.6114262560777958 0.0075 0.008914100486223663
1 0.8583333333333333 0.6175040518638574 0.023333333333333334 0.022690437601296597
0 0.7154166666666667 0.6094003241491086 0.0075 0.009724473257698542
0 0.6695833333333333 0.6085899513776337 0.005833333333333334 0.008103727714748784
0 0.7304166666666667 0.6085899513776337 0.0075 0.009724473257698542
1 0.13958333333333334 0.6094003241491086 0.005833333333333334 0.011345218800648298
0 0.5208333333333334 0.6045380875202593 0.006666666666666667 0.006482982171799027
1 0.43583333333333335 0.603322528363047 0.008333333333333333 0.004051863857374392
1 0.5579166666666666 0.6122366288492707 0.0225 0.023500810372771474
1 0.2654166666666667 0.6029173419773096 0.0075 0.004862236628849271
0 0.49166666666666664 0.6049432739059968 0.01 0.01053484602917342
0 0.28541666666666665 0.6029173419773096 0.009166666666666667 0.009724473257698542
0 0.5141666666666667 0.6008914100486223 0.006666666666666667 0.007293354943273906
0 0.3283333333333333 0.600486223662885 0.008333333333333333 0.006482982171799027
1 0.09458333333333334 0.5992706645056726 0.0075 0.005672609400324149
0 0.2975 0.5992706645056726 0.01 0.007293354943273906
1 0.20583333333333334 0.6065640194489466 0.021666666666666667 0.02188006482982172
0 0.15416666666666667 0.5976499189627229 0.01 0.008914100486223663
1 0.7429166666666667 0.5935980551053485 0.0075 0.005672609400324149
0 0.89375 0.5944084278768234 0.009166666666666667 0.008914100486223663
0 0.7308333333333333 0.5935980551053485 0.008333333333333333 0.007293354943273906
1 0.16458333333333333 0.5935980551053485 0.004166666666666667 0.007293354943273906
0 0.8479166666666667 0.5923824959481362 0.0075 0.009724473257698542
0 0.5341666666666667 0.5903565640194489 0.008333333333333333 0.005672609400324149
1 0.6691666666666667 0.5903565640194489 0.006666666666666667 0.007293354943273906
1 0.8241666666666667 0.5879254457050244 0.008333333333333333 0.004051863857374392
0 0.6854166666666667 0.5899513776337115 0.005833333333333334 0.008103727714748784
0 0.64 0.5899513776337115 0.006666666666666667 0.008103727714748784
0 0.655 0.5899513776337115 0.008333333333333333 0.009724473257698542
0 0.46416666666666667 0.5883306320907618 0.008333333333333333 0.006482982171799027
1 0.5220833333333333 0.5879254457050244 0.0075 0.007293354943273906
0 0.5041666666666667 0.5887358184764991 0.01 0.008914100486223663
0 0.4925 0.5871150729335495 0.008333333333333333 0.008914100486223663
0 0.47625 0.586709886547812 0.009166666666666667 0.009724473257698542
0 0.3875 0.5863047001620746 0.01 0.01053484602917342
0 0.375 0.5858995137763371 0.01 0.009724473257698542
0 0.18541666666666667 0.5838735818476499 0.0075 0.007293354943273906
0 0.20166666666666666 0.5834683954619124 0.01 0.009724473257698542
0 0.1725 0.583063209076175 0.01 0.008914100486223663
1 0.9170833333333334 0.5871150729335495 0.0225 0.023500810372771474
0 0.8204166666666667 0.5794165316045381 0.009166666666666667 0.008103727714748784
0 0.7275 0.5798217179902755 0.006666666666666667 0.008914100486223663
0 0.6829166666666666 0.576580226904376 0.0075 0.005672609400324149
0 0.7408333333333333 0.5761750405186385 0.008333333333333333 0.006482982171799027
0 0.65375 0.5769854132901134 0.009166666666666667 0.008103727714748784
0 0.6404166666666666 0.5769854132901134 0.010833333333333334 0.009724473257698542
1 0.43666666666666665 0.5761750405186385 0.008333333333333333 0.008103727714748784
1 0.5583333333333333 0.5818476499189628 0.021666666666666667 0.022690437601296597
0 0.5366666666666666 0.5757698541329012 0.008333333333333333 0.01053484602917342
0 0.52125 0.5749594813614263 0.0075 0.008914100486223663
0 0.49333333333333335 0.5729335494327391 0.008333333333333333 0.006482982171799027
0 0.47541666666666665 0.5729335494327391 0.009166666666666667 0.008103727714748784
0 0.37625 0.5721231766612642 0.009166666666666667 0.008103727714748784
1 0.295 0.5782009724473258 0.021666666666666667 0.02188006482982172
1 0.08708333333333333 0.5721231766612642 0.005833333333333334 0.009724473257698542
0 0.18708333333333332 0.5705024311183144 0.005833333333333334 0.008103727714748784
0 0.1725 0.5705024311183144 0.006666666666666667 0.008103727714748784
0 0.21416666666666667 0.570097244732577 0.011666666666666667 0.01053484602917342
0 0.8295833333333333 0.5652350081037277 0.010833333333333334 0.008914100486223663
0 0.7 0.5628038897893031 0.006666666666666667 0.005672609400324149
0 0.8170833333333334 0.5628038897893031 0.0075 0.008914100486223663
1 0.7270833333333333 0.5615883306320908 0.005833333333333334 0.006482982171799027
1 0.6404166666666666 0.5615883306320908 0.0075 0.006482982171799027
0 0.5525 0.559967585089141 0.008333333333333333 0.006482982171799027
0 0.37875 0.5591572123176661 0.010833333333333334 0.006482982171799027
0 0.5641666666666667 0.5595623987034035 0.008333333333333333 0.008914100486223663
0 0.5054166666666666 0.5587520259319287 0.009166666666666667 0.008914100486223663
0 0.47458333333333336 0.5583468395461912 0.0125 0.009724473257698542
0 0.4633333333333333 0.5575364667747164 0.008333333333333333 0.008103727714748784
1 0.31875 0.5567260940032415 0.0075 0.006482982171799027
0 0.8270833333333333 0.5563209076175041 0.005833333333333334 0.01053484602917342
1 0.16083333333333333 0.5530794165316045 0.006666666666666667 0.007293354943273906
0 0.8920833333333333 0.5518638573743923 0.0075 0.008103727714748784
0 0.7258333333333333 0.5510534846029174 0.006666666666666667 0.009724473257698542
0 0.2025 0.5522690437601296 0.008333333333333333 0.013776337115072933
0 0.6983333333333334 0.5490275526742301 0.008333333333333333 0.008914100486223663
0 0.7120833333333333 0.5482171799027553 0.009166666666666667 0.008914100486223663
1 0.6754166666666667 0.5547001620745543 0.0225 0.02188006482982172
1 0.4475 0.5486223662884927 0.005 0.009724473257698542
1 0.6404166666666666 0.5457860615883307 0.0075 0.005672609400324149
1 0.9004166666666666 0.5437601296596435 0.0075 0.004862236628849271
0 0.5504166666666667 0.546191247974068 0.009166666666666667 0.009724473257698542
0 0.4791666666666667 0.5457860615883307 0.006666666666666667 0.008914100486223663
1 0.26958333333333334 0.5457860615883307 0.005833333333333334 0.008914100486223663
1 0.52875 0.5514586709886548 0.0225 0.02188006482982172
1 0.2966666666666667 0.5490275526742301 0.021666666666666667 0.02188006482982172
0 0.32916666666666666 0.5405186385737439 0.011666666666666667 0.006482982171799027
0 0.21666666666666667 0.5405186385737439 0.008333333333333333 0.006482982171799027
0 0.16125 0.5421393841166937 0.009166666666666667 0.009724473257698542
1 0.125 0.5470016207455429 0.021666666666666667 0.02106969205834684
0 0.9266666666666666 0.5320097244732577 0.006666666666666667 0.008914100486223663
0 0.8816666666666667 0.5222852512155591 0.008333333333333333 0.004051863857374392
1 0.7166666666666667 0.5198541329011345 0.006666666666666667 0.004051863857374392
1 0.5483333333333333 0.516612641815235 0.008333333333333333 0.004051863857374392
1 0.6645833333333333 0.5194489465153971 0.005833333333333334 0.011345218800648298
1 0.8020833333333334 0.5170178282009724 0.004166666666666667 0.008103727714748784
0 0.2975 0.5141815235008104 0.008333333333333333 0.004051863857374392
1 0.21583333333333332 0.5133711507293355 0.006666666666666667 0.004051863857374392
1 0.5079166666666667 0.513776337115073 0.005833333333333334 0.006482982171799027
1 0.4920833333333333 0.5133711507293355 0.004166666666666667 0.007293354943273906
1 0.6833333333333333 0.5117504051863857 0.005 0.005672609400324149
1 0.8091666666666667 0.5117504051863857 0.005 0.007293354943273906
1 0.7933333333333333 0.5125607779578606 0.005 0.008914100486223663
1 0.625 0.513776337115073 0.006666666666666667 0.011345218800648298
0 0.4479166666666667 0.5105348460291734 0.009166666666666667 0.006482982171799027
1 0.46791666666666665 0.5113452188006483 0.005833333333333334 0.009724473257698542
1 0.6633333333333333 0.5093192868719612 0.005 0.007293354943273906
0 0.6108333333333333 0.5105348460291734 0.005 0.009724473257698542
1 0.595 0.5089141004862237 0.005 0.008103727714748784
0 0.55125 0.5093192868719612 0.005833333333333334 0.008914100486223663
1 0.48375 0.5109400324149108 0.0075 0.012155591572123177
1 0.5425 0.5085089141004863 0.005 0.008914100486223663
0 0.8445833333333334 0.506482982171799 0.0075 0.006482982171799027
0 0.9170833333333334 0.5060777957860616 0.005833333333333334 0.007293354943273906
0 0.8266666666666667 0.5060777957860616 0.008333333333333333 0.007293354943273906
0 0.855 0.506482982171799 0.011666666666666667 0.009724473257698542
0 0.6991666666666667 0.5044570502431118 0.013333333333333334 0.008914100486223663
0 0.515 0.5036466774716369 0.006666666666666667 0.008914100486223663
0 0.3883333333333333 0.5016207455429498 0.008333333333333333 0.004862236628849271
0 0.535 0.5016207455429498 0.008333333333333333 0.006482982171799027
0 0.6383333333333333 0.5020259319286872 0.01 0.008914100486223663
0 0.5233333333333333 0.5012155591572123 0.008333333333333333 0.007293354943273906
1 0.4395833333333333 0.4991896272285251 0.0075 0.004862236628849271
0 0.65125 0.5012155591572123 0.010833333333333334 0.01053484602917342
0 0.42291666666666666 0.4991896272285251 0.0075 0.006482982171799027
0 0.12583333333333332 0.4983792544570502 0.008333333333333333 0.004862236628849271
1 0.7308333333333333 0.4979740680713128 0.008333333333333333 0.005672609400324149
0 0.50625 0.49959481361426256 0.009166666666666667 0.008914100486223663
0 0.55 0.49878444084278767 0.006666666666666667 0.008914100486223663
0 0.1925 0.4983792544570502 0.01 0.008103727714748784
1 0.785 0.49756888168557534 0.005 0.008103727714748784
0 0.32208333333333333 0.4979740680713128 0.0075 0.008914100486223663
0 0.5658333333333333 0.4983792544570502 0.008333333333333333 0.011345218800648298
0 0.29291666666666666 0.49716369529983795 0.0075 0.008914100486223663
0 0.20833333333333334 0.49716369529983795 0.006666666666666667 0.008914100486223663
1 0.004583333333333333 0.4979740680713128 0.005833333333333334 0.01053484602917342
0 0.1375 0.49635332252836306 0.008333333333333333 0.008914100486223663
0 0.3958333333333333 0.49432739059967584 0.005 0.008103727714748784
1 0.6225 0.49635332252836306 0.01 0.013776337115072933
1 0.87875 0.49959481361426256 0.024166666666666666 0.02188006482982172
0 0.6120833333333333 0.4959481361426256 0.009166666666666667 0.014586709886547812
0 0.91375 0.4914910858995138 0.009166666666666667 0.007293354943273906
0 0.6945833333333333 0.49108589951377635 0.005833333333333334 0.008103727714748784
1 0.6358333333333334 0.49027552674230146 0.006666666666666667 0.008103727714748784
0 0.5866666666666667 0.48824959481361424 0.008333333333333333 0.004051863857374392
1 0.67375 0.49635332252836306 0.0225 0.02188006482982172
0 0.6504166666666666 0.48824959481361424 0.0075 0.005672609400324149
1 0.5079166666666667 0.4874392220421394 0.005833333333333334 0.007293354943273906
0 0.535 0.48703403565640196 0.008333333333333333 0.008103727714748784
0 0.5629166666666666 0.48581847649918963 0.009166666666666667 0.007293354943273906
1 0.47125 0.49270664505672607 0.0225 0.02106969205834684
1 0.12333333333333334 0.48581847649918963 0.005 0.007293354943273906
1 0.35791666666666666 0.49189627228525123 0.020833333333333332 0.02106969205834684
0 0.33666666666666667 0.4854132901134522 0.008333333333333333 0.008103727714748784
0 0.18041666666666667 0.4854132901134522 0.0075 0.008103727714748784
0 0.30416666666666664 0.4837925445705024 0.013333333333333334 0.006482982171799027
0 0.19416666666666665 0.4837925445705024 0.008333333333333333 0.006482982171799027
1 0.15958333333333333 0.4906807131280389 0.020833333333333332 0.02025931928687196
0 0.13916666666666666 0.4846029173419773 0.008333333333333333 0.008103727714748784
1 0.9129166666666667 0.47974068071312803 0.0075 0.004862236628849271
1 0.3566666666666667 0.47366288492706643 0.008333333333333333 0.004051863857374392
0 0.70875 0.47487844408427876 0.009166666666666667 0.008103727714748784
0 0.5866666666666667 0.47244732576985415 0.01 0.006482982171799027
0 0.47875 0.4720421393841167 0.0075 0.005672609400324149
0 0.7595833333333334 0.47163695299837927 0.0075 0.008103727714748784
1 0.6441666666666667 0.47042139384116693 0.006666666666666667 0.005672609400324149
0 0.46708333333333335 0.4720421393841167 0.009166666666666667 0.008914100486223663
0 0.2966666666666667 0.4708265802269044 0.008333333333333333 0.006482982171799027
1 0.6233333333333333 0.4700162074554295 0.006666666666666667 0.008103727714748784
0 0.22458333333333333 0.4700162074554295 0.009166666666666667 0.008103727714748784
1 0.7508333333333334 0.46880064829821716 0.006666666666666667 0.007293354943273906
1 0.6141666666666666 0.4700162074554295 0.005 0.009724473257698542
0 0.31 0.4692058346839546 0.006666666666666667 0.008103727714748784
0 0.09083333333333334 0.46717990275526744 0.008333333333333333 0.004051863857374392
0 0.26625 0.4675850891410049 0.009166666666666667 0.009724473257698542
0 0.8841666666666667 0.4651539708265802 0.006666666666666667 0.006482982171799027
0 0.8695833333333334 0.4647487844408428 0.0075 0.008914100486223663
1 0.8479166666666667 0.4708265802269044 0.0225 0.02106969205834684
0 0.8116666666666666 0.46353322528363045 0.006666666666666667 0.006482982171799027
0 0.7091666666666666 0.46353322528363045 0.006666666666666667 0.008103727714748784
1 0.59625 0.46312803889789306 0.004166666666666667 0.007293354943273906
1 0.27458333333333335 0.46353322528363045 0.004166666666666667 0.008103727714748784
0 0.725 0.46029173419773095 0.008333333333333333 0.004862236628849271
1 0.26666666666666666 0.4598865478119935 0.008333333333333333 0.004051863857374392
1 0.10916666666666666 0.4606969205834684 0.005 0.008914100486223663
0 0.5633333333333334 0.4586709886547812 0.008333333333333333 0.006482982171799027
0 0.5516666666666666 0.4586709886547812 0.008333333333333333 0.006482982171799027
0 0.47875 0.4590761750405186 0.009166666666666667 0.008914100486223663
1 0.7733333333333333 0.4558346839546191 0.008333333333333333 0.004051863857374392
0 0.3825 0.456645056726094 0.008333333333333333 0.005672609400324149
0 0.3095833333333333 0.4574554294975689 0.0075 0.007293354943273906
0 0.21375 0.45623987034035657 0.009166666666666667 0.006482982171799027
1 0.19041666666666668 0.46312803889789306 0.020833333333333332 0.02025931928687196
0 0.3641666666666667 0.456645056726094 0.011666666666666667 0.008914100486223663
0 0.225 0.4558346839546191 0.008333333333333333 0.007293354943273906
0 0.16666666666666666 0.456645056726094 0.013333333333333334 0.008914100486223663
0 0.8695833333333334 0.4505672609400324 0.009166666666666667 0.006482982171799027
0 0.72375 0.4481361426256078 0.009166666666666667 0.006482982171799027
1 0.9966666666666667 0.4485413290113452 0.006666666666666667 0.008914100486223663
0 0.92625 0.446515397082658 0.009166666666666667 0.004862236628849271
1 0.5629166666666666 0.4461102106969206 0.0075 0.005672609400324149
0 0.35875 0.44570502431118314 0.009166666666666667 0.004862236628849271
0 0.5258333333333334 0.44570502431118314 0.011666666666666667 0.008103727714748784
0 0.4791666666666667 0.44408427876823336 0.01 0.008103727714748784
1 0.29833333333333334 0.44327390599675853 0.006666666666666667 0.006482982171799027
1 0.61 0.44327390599675853 0.01 0.009724473257698542
0 0.16125 0.4428687196110211 0.0125 0.008914100486223663
0 0.39708333333333334 0.44165316045380876 0.0075 0.008103727714748784
1 0.7945833333333333 0.4436790923824959 0.009166666666666667 0.013776337115072933
0 0.895 0.4380064829821718 0.006666666666666667 0.007293354943273906
0 0.83625 0.43962722852512154 0.005833333333333334 0.01053484602917342
1 0.6216666666666667 0.4404376012965964 0.01 0.013776337115072933
0 0.17333333333333334 0.4392220421393841 0.008333333333333333 0.011345218800648298
1 0.45208333333333334 0.4392220421393841 0.009166666666666667 0.012965964343598054
1 0.8166666666666667 0.44246353322528365 0.021666666666666667 0.02106969205834684
1 0.44083333333333335 0.43719611021069693 0.008333333333333333 0.01053484602917342
1 0.6429166666666667 0.43962722852512154 0.0225 0.02025931928687196
1 0.39791666666666664 0.43233387358184766 0.005833333333333334 0.007293354943273906
1 0.11416666666666667 0.4359805510534846 0.01 0.014586709886547812
1 0.50125 0.4380064829821718 0.020833333333333332 0.02025931928687196
0 0.5520833333333334 0.4315235008103728 0.010833333333333334 0.008914100486223663
0 0.38333333333333336 0.43030794165316044 0.006666666666666667 0.006482982171799027
0 0.215 0.42949756888168555 0.008333333333333333 0.006482982171799027
1 0.19333333333333333 0.43638573743922204 0.021666666666666667 0.02025931928687196
1 0.44708333333333333 0.4274716369529984 0.0075 0.004051863857374392
0 0.31125 0.43030794165316044 0.009166666666666667 0.009724473257698542
0 0.16 0.43030794165316044 0.01 0.009724473257698542
0 0.14458333333333334 0.429902755267423 0.009166666666666667 0.008914100486223663
1 0.455 0.42706645056726095 0.006666666666666667 0.004862236628849271
1 0.42125 0.4266612641815235 0.0075 0.004051863857374392
0 0.17125 0.4286871961102107 0.009166666666666667 0.008103727714748784
1 0.28291666666666665 0.42625607779578606 0.005833333333333334 0.004862236628849271
1 0.57375 0.42625607779578606 0.005833333333333334 0.006482982171799027
1 0.7975 0.4250405186385737 0.006666666666666667 0.005672609400324149
0 0.7545833333333334 0.42382495948136145 0.005833333333333334 0.009724473257698542
0 0.8945833333333333 0.42179902755267423 0.009166666666666667 0.008914100486223663
0 0.6933333333333334 0.42017828200972446 0.008333333333333333 0.007293354943273906
1 0.5729166666666666 0.41936790923824957 0.005833333333333334 0.005672609400324149
0 0.5454166666666667 0.4213938411669368 0.005833333333333334 0.009724473257698542
0 0.865 0.42098865478119935 0.01 0.01053484602917342
0 0.5629166666666666 0.4181523500810373 0.0075 0.006482982171799027
0 0.7008333333333333 0.4165316045380875 0.006666666666666667 0.006482982171799027
0 0.5083333333333333 0.4173419773095624 0.008333333333333333 0.008103727714748784
0 0.20166666666666666 0.41572123176661263 0.008333333333333333 0.006482982171799027
1 0.3829166666666667 0.4153160453808752 0.005833333333333334 0.007293354943273906
0 0.2995833333333333 0.4153160453808752 0.005833333333333334 0.007293354943273906
0 0.18958333333333333 0.4153160453808752 0.0075 0.007293354943273906
0 0.7933333333333333 0.41572123176661263 0.008333333333333333 0.014586709886547812
0 0.13208333333333333 0.413290113452188 0.0075 0.009724473257698542
0 0.14791666666666667 0.4128849270664506 0.009166666666666667 0.01053484602917342
0 0.6208333333333333 0.4128849270664506 0.008333333333333333 0.013776337115072933
1 0.7191666666666666 0.4080226904376013 0.005 0.007293354943273906
1 0.9925 0.4059967585089141 0.008333333333333333 0.008103727714748784
0 0.5629166666666666 0.4039708265802269 0.0075 0.005672609400324149
1 0.47375 0.4112641815235008 0.020833333333333332 0.02025931928687196
0 0.11791666666666667 0.4080226904376013 0.009166666666666667 0.013776337115072933
0 0.5075 0.4039708265802269 0.008333333333333333 0.007293354943273906
1 0.33541666666666664 0.4100486223662885 0.020833333333333332 0.019448946515397084
0 0.38458333333333333 0.40437601296596437 0.009166666666666667 0.009724473257698542
0 0.30083333333333334 0.40437601296596437 0.008333333333333333 0.009724473257698542
1 0.16791666666666666 0.40923824959481364 0.020833333333333332 0.019448946515397084
0 0.22958333333333333 0.40153970826580226 0.0075 0.005672609400324149
0 0.19041666666666668 0.4035656401944895 0.009166666666666667 0.009724473257698542
0 0.8058333333333333 0.3946515397082658 0.008333333333333333 0.006482982171799027
1 0.9958333333333333 0.3926256077795786 0.008333333333333333 0.004051863857374392
0 0.8775 0.3942463533225284 0.006666666666666667 0.007293354943273906
0 0.3325 0.3918152350081037 0.008333333333333333 0.005672609400324149
0 0.55125 0.3914100486223663 0.009166666666666667 0.006482982171799027
0 0.6908333333333333 0.3914100486223663 0.006666666666666667 0.008103727714748784
0 0.35875 0.3905996758508914 0.009166666666666667 0.006482982171799027
0 0.16625 0.3905996758508914 0.009166666666666667 0.006482982171799027
0 0.8608333333333333 0.3914100486223663 0.006666666666666667 0.009724473257698542
0 0.6354166666666666 0.39100486223662884 0.009166666666666667 0.008914100486223663
0 0.39875 0.39019448946515395 0.0075 0.007293354943273906
0 0.37083333333333335 0.3893841166936791 0.008333333333333333 0.008914100486223663
1 0.6220833333333333 0.3881685575364668 0.004166666666666667 0.008103727714748784
1 0.6070833333333333 0.3881685575364668 0.004166666666666667 0.008103727714748784
0 0.17791666666666667 0.38776337115072934 0.0075 0.008914100486223663
0 0.9066666666666666 0.38452188006482985 0.006666666666666667 0.008914100486223663
0 0.8908333333333334 0.38290113452188007 0.006666666666666667 0.007293354943273906
0 0.80375 0.38371150729335496 0.0075 0.01053484602917342
0 0.14291666666666666 0.38087520259319285 0.009166666666666667 0.004862236628849271
1 0.45375 0.3820907617504052 0.009166666666666667 0.008914100486223663
1 0.285 0.38168557536466774 0.006666666666666667 0.008103727714748784
0 0.7320833333333333 0.37925445705024313 0.0075 0.006482982171799027
1 0.6695833333333333 0.38614262560777957 0.020833333333333332 0.02025931928687196
1 0.5020833333333333 0.38492706645056723 0.020833333333333332 0.019448946515397084
0 0.39958333333333335 0.37925445705024313 0.005833333333333334 0.008103727714748784
1 0.32958333333333334 0.37844408427876824 0.005833333333333334 0.006482982171799027
0 0.16375 0.37844408427876824 0.005833333333333334 0.008103727714748784
1 0.3095833333333333 0.3833063209076175 0.020833333333333332 0.019448946515397084
1 0.22625 0.3833063209076175 0.020833333333333332 0.019448946515397084
1 0.7804166666666666 0.37560777957860614 0.005833333333333334 0.007293354943273906
0 0.17708333333333334 0.37560777957860614 0.009166666666666667 0.007293354943273906
1 0.6041666666666666 0.3752025931928687 0.005 0.009724473257698542
1 0.8183333333333334 0.37317666126418153 0.006666666666666667 0.007293354943273906
1 0.5654166666666667 0.36912479740680715 0.0075 0.005672609400324149
1 0.8033333333333333 0.3679092382495948 0.013333333333333334 0.006482982171799027
1 0.65875 0.36709886547811993 0.004166666666666667 0.008103727714748784
0 0.9916666666666667 0.3602106969205835 0.006666666666666667 0.008914100486223663
1 0.9866666666666667 0.35089141004862234 0.008333333333333333 0.004862236628849271
0 0.77875 0.35048622366288495 0.005833333333333334 0.01053484602917342
0 0.19416666666666665 0.3472447325769854 0.008333333333333333 0.004051863857374392
1 0.575 0.34846029173419774 0.006666666666666667 0.008103727714748784
0 0.675 0.3399513776337115 0.006666666666666667 0.007293354943273906
0 0.6483333333333333 0.3387358184764992 0.006666666666666667 0.006482982171799027
0 0.55 0.3387358184764992 0.006666666666666667 0.006482982171799027
1 0.7891666666666667 0.33833063209076175 0.005 0.007293354943273906
1 0.7745833333333333 0.3387358184764992 0.004166666666666667 0.008103727714748784
0 0.46875 0.33833063209076175 0.005833333333333334 0.007293354943273906
0 0.33458333333333334 0.3387358184764992 0.009166666666666667 0.008103727714748784
0 0.31916666666666665 0.33833063209076175 0.008333333333333333 0.007293354943273906
0 0.19833333333333333 0.33752025931928686 0.008333333333333333 0.007293354943273906
1 0.61125 0.33630470016207453 0.004166666666666667 0.008103727714748784
1 0.008333333333333333 0.3346839546191248 0.005 0.008103727714748784
1 0.8370833333333333 0.3318476499189627 0.0075 0.004051863857374392
0 0.7645833333333333 0.3310372771474878 0.005833333333333334 0.007293354943273906
1 0.44458333333333333 0.3326580226904376 0.009166666666666667 0.01053484602917342
1 0.8654166666666666 0.3358995137763371 0.020833333333333332 0.02025931928687196
0 0.7554166666666666 0.32901134521880065 0.009166666666666667 0.008103727714748784
1 0.72375 0.33427876823338737 0.020833333333333332 0.018638573743922204
1 0.004166666666666667 0.32698541329011344 0.008333333333333333 0.004051863857374392
0 0.8041666666666667 0.3273905996758509 0.01 0.006482982171799027
0 0.6325 0.32982171799027554 0.008333333333333333 0.011345218800648298
1 0.53 0.3334683954619125 0.021666666666666667 0.018638573743922204
0 0.48291666666666666 0.3277957860615883 0.005833333333333334 0.007293354943273906
1 0.3670833333333333 0.3326580226904376 0.0225 0.018638573743922204
1 0.81625 0.32374392220421394 0.0075 0.004051863857374392
0 0.23708333333333334 0.32455429497568883 0.0075 0.005672609400324149
1 0.17666666666666667 0.3310372771474878 0.02 0.018638573743922204
1 0.7954166666666667 0.32455429497568883 0.004166666666666667 0.007293354943273906
0 0.6779166666666666 0.32212317666126417 0.005833333333333334 0.008914100486223663
1 0.99125 0.320097244732577 0.005833333333333334 0.006482982171799027
0 0.8695833333333334 0.31645056726094 0.0075 0.005672609400324149
0 0.5516666666666666 0.3148298217179903 0.008333333333333333 0.005672609400324149
1 0.88375 0.31442463533225284 0.005833333333333334 0.006482982171799027
0 0.6458333333333334 0.31442463533225284 0.008333333333333333 0.006482982171799027
0 0.89875 0.31523500810372773 0.009166666666666667 0.009724473257698542
0 0.40208333333333335 0.31361426256077796 0.0075 0.006482982171799027
0 0.1475 0.3132090761750405 0.008333333333333333 0.005672609400324149
0 0.6595833333333333 0.3132090761750405 0.005833333333333334 0.007293354943273906
0 0.5633333333333334 0.3140194489465154 0.008333333333333333 0.008914100486223663
0 0.39166666666666666 0.3140194489465154 0.011666666666666667 0.008914100486223663
0 0.3745833333333333 0.3132090761750405 0.009166666666666667 0.007293354943273906
0 0.36291666666666667 0.31361426256077796 0.0075 0.008103727714748784
1 0.45 0.31158833063209074 0.008333333333333333 0.005672609400324149
1 0.22625 0.31158833063209074 0.005833333333333334 0.007293354943273906
1 0.12958333333333333 0.30915721231766613 0.004166666666666667 0.007293354943273906
0 0.24166666666666667 0.3095623987034036 0.006666666666666667 0.009724473257698542
1 0.6058333333333333 0.3071312803889789 0.005 0.006482982171799027
1 0.45625 0.30510534846029175 0.005833333333333334 0.005672609400324149
1 0.4454166666666667 0.3071312803889789 0.009166666666666667 0.009724473257698542
1 0.8991666666666667 0.30429497568881686 0.006666666666666667 0.005672609400324149
0 0.8433333333333334 0.30591572123176664 0.006666666666666667 0.008914100486223663
1 0.8066666666666666 0.3095623987034036 0.021666666666666667 0.019448946515397084
0 0.6595833333333333 0.303484602917342 0.005833333333333334 0.007293354943273906
1 0.12666666666666668 0.3047001620745543 0.01 0.009724473257698542
0 0.5629166666666666 0.3018638573743922 0.0075 0.005672609400324149
1 0.5033333333333333 0.30834683954619124 0.02 0.018638573743922204
1 0.28125 0.3038897893030794 0.0075 0.009724473257698542
0 0.6325 0.3026742301458671 0.008333333333333333 0.008914100486223663
0 0.5975 0.3002431118314425 0.008333333333333333 0.004051863857374392
0 0.5366666666666666 0.30226904376012964 0.008333333333333333 0.008103727714748784
0 0.36333333333333334 0.3018638573743922 0.008333333333333333 0.007293354943273906
1 0.5845833333333333 0.29983792544570503 0.009166666666666667 0.004862236628849271
0 0.40125 0.30105348460291737 0.009166666666666667 0.007293354943273906
1 0.9691666666666666 0.3006482982171799 0.006666666666666667 0.008103727714748784
0 0.23958333333333334 0.29983792544570503 0.009166666666666667 0.006482982171799027
1 0.20625 0.30591572123176664 0.020833333333333332 0.018638573743922204
0 0.17291666666666666 0.3006482982171799 0.0075 0.008103727714748784
0 0.14625 0.3006482982171799 0.009166666666666667 0.009724473257698542
0 0.18333333333333332 0.29821717990275526 0.01 0.006482982171799027
1 0.9770833333333333 0.2913290113452188 0.005833333333333334 0.005672609400324149
0 0.895 0.2917341977309562 0.008333333333333333 0.006482982171799027
1 0.8554166666666667 0.29051863857374394 0.0075 0.005672609400324149
0 0.6345833333333334 0.2909238249594814 0.009166666666666667 0.006482982171799027
0 0.50875 0.29051863857374394 0.009166666666666667 0.007293354943273906
1 0.8816666666666667 0.28889789303079416 0.006666666666666667 0.007293354943273906
1 0.45625 0.28768233387358183 0.009166666666666667 0.004862236628849271
1 0.7379166666666667 0.2884927066450567 0.004166666666666667 0.008103727714748784
1 0.71375 0.2880875202593193 0.005833333333333334 0.007293354943273906
0 0.3358333333333333 0.28768233387358183 0.006666666666666667 0.006482982171799027
0 0.7445833333333334 0.2880875202593193 0.005833333333333334 0.008914100486223663
0 0.35 0.28768233387358183 0.008333333333333333 0.008103727714748784
1 0.9770833333333333 0.2848460291734198 0.005833333333333334 0.005672609400324149
1 0.14666666666666667 0.2852512155591572 0.005 0.006482982171799027
1 0.012083333333333333 0.28444084278768234 0.0075 0.004862236628849271
1 0.6054166666666667 0.2852512155591572 0.004166666666666667 0.008103727714748784
0 0.16083333333333333 0.2860615883306321 0.01 0.009724473257698542
0 0.20041666666666666 0.28444084278768234 0.005833333333333334 0.009724473257698542
1 0.77375 0.2840356564019449 0.009166666666666667 0.012155591572123177
1 0.6183333333333333 0.28363047001620745 0.006666666666666667 0.012965964343598054
1 0.44625 0.2820097244732577 0.009166666666666667 0.009724473257698542
1 0.45666666666666667 0.2787682333873582 0.008333333333333333 0.004862236628849271
0 0.88125 0.2787682333873582 0.005833333333333334 0.006482982171799027
0 0.8670833333333333 0.27836304700162073 0.0075 0.005672609400324149
0 0.8258333333333333 0.2787682333873582 0.006666666666666667 0.008103727714748784
1 0.66625 0.2840356564019449 0.020833333333333332 0.018638573743922204
1 0.5304166666666666 0.28363047001620745 0.020833333333333332 0.017828200972447326
0 0.38916666666666666 0.27836304700162073 0.006666666666666667 0.007293354943273906
1 0.33625 0.27836304700162073 0.005833333333333334 0.007293354943273906
1 0.31666666666666665 0.2824149108589951 0.02 0.018638573743922204
0 0.39916666666666667 0.2747163695299838 0.008333333333333333 0.004862236628849271
0 0.3491666666666667 0.2759319286871961 0.008333333333333333 0.007293354943273906
1 0.23583333333333334 0.2816045380875203 0.02 0.018638573743922204
0 0.14791666666666667 0.2755267423014587 0.005833333333333334 0.006482982171799027
0 0.16125 0.2747163695299838 0.009166666666666667 0.008103727714748784
0 0.975 0.2698541329011345 0.006666666666666667 0.006482982171799027
0 0.89 0.26742301458670986 0.008333333333333333 0.004862236628849271
0 0.88125 0.2653970826580227 0.0075 0.005672609400324149
0 0.8070833333333334 0.2662074554294976 0.0125 0.007293354943273906
1 0.7958333333333333 0.2645867098865478 0.006666666666666667 0.005672609400324149
0 0.53625 0.26499189627228525 0.0075 0.006482982171799027
0 0.6325 0.2645867098865478 0.008333333333333333 0.007293354943273906
0 0.5233333333333333 0.2645867098865478 0.006666666666666667 0.007293354943273906
1 0.3904166666666667 0.2633711507293355 0.005833333333333334 0.006482982171799027
0 0.16041666666666668 0.26296596434359804 0.0125 0.007293354943273906
0 0.23166666666666666 0.2625607779578606 0.008333333333333333 0.008103727714748784
0 0.8229166666666666 0.2613452188006483 0.005833333333333334 0.01053484602917342
0 0.7383333333333333 0.2576985413290113 0.008333333333333333 0.008103727714748784
0 0.6175 0.2560777957860616 0.008333333333333333 0.008103727714748784
0 0.8783333333333333 0.25567260940032416 0.006666666666666667 0.01053484602917342
0 0.63125 0.2540518638573744 0.005833333333333334 0.007293354943273906
1 0.5041666666666667 0.2593192868719611 0.02 0.017828200972447326
1 0.6654166666666667 0.25891410048622365 0.020833333333333332 0.018638573743922204
0 0.4708333333333333 0.25364667747163694 0.008333333333333333 0.008103727714748784
0 0.4041666666666667 0.25243111831442466 0.006666666666666667 0.005672609400324149
1 0.755 0.2540518638573744 0.008333333333333333 0.01053484602917342
1 0.31833333333333336 0.25810372771474877 0.02 0.018638573743922204
0 0.39375 0.25121555915721233 0.009166666666666667 0.006482982171799027
0 0.24583333333333332 0.2520259319286872 0.006666666666666667 0.008103727714748784
0 0.23208333333333334 0.2516207455429498 0.0075 0.007293354943273906
1 0.18416666666666667 0.2568881685575365 0.02 0.017828200972447326
1 0.15125 0.25121555915721233 0.005833333333333334 0.006482982171799027
1 0.98 0.24675850891410048 0.008333333333333333 0.005672609400324149
1 0.9725 0.2479740680713128 0.008333333333333333 0.009724473257698542
0 0.5366666666666666 0.24108589951377635 0.008333333333333333 0.007293354943273906
0 0.72625 0.23987034035656402 0.0075 0.006482982171799027
0 0.18125 0.23905996758508913 0.0075 0.004862236628849271
1 0.9708333333333333 0.23784440842787682 0.006666666666666667 0.004051863857374392
0 0.89 0.24027552674230146 0.011666666666666667 0.008914100486223663
0 0.8783333333333333 0.23987034035656402 0.008333333333333333 0.008103727714748784
0 0.5633333333333334 0.24027552674230146 0.008333333333333333 0.008914100486223663
0 0.36666666666666664 0.23946515397082657 0.008333333333333333 0.007293354943273906
0 0.6854166666666667 0.23946515397082657 0.009166666666666667 0.008914100486223663
0 0.6308333333333334 0.23905996758508913 0.006666666666666667 0.008103727714748784
0 0.23541666666666666 0.23905996758508913 0.010833333333333334 0.008103727714748784
0 0.47 0.23824959481361427 0.006666666666666667 0.008103727714748784
1 0.3275 0.23784440842787682 0.005 0.007293354943273906
1 0.22041666666666668 0.23743922204213938 0.005833333333333334 0.006482982171799027
1 0.29875 0.2354132901134522 0.004166666666666667 0.005672609400324149
1 0.01 0.23379254457050244 0.005 0.007293354943273906
0 0.91375 0.23217179902755267 0.005833333333333334 0.007293354943273906
1 0.9945833333333334 0.22974068071312803 0.010833333333333334 0.005672609400324149
1 0.97 0.23055105348460292 0.006666666666666667 0.007293354943273906
0 0.72625 0.2293354943273906 0.0075 0.006482982171799027
1 0.5045833333333334 0.23500810372771475 0.019166666666666665 0.017828200972447326
1 0.8291666666666667 0.23500810372771475 0.021666666666666667 0.019448946515397084
0 0.795 0.22852512155591573 0.006666666666666667 0.006482982171799027
1 0.6654166666666667 0.2346029173419773 0.020833333333333332 0.018638573743922204
1 0.3458333333333333 0.23419773095623986 0.02 0.017828200972447326
0 0.3125 0.23055105348460292 0.008333333333333333 0.01053484602917342
1 0.8891666666666667 0.2273095623987034 0.008333333333333333 0.005672609400324149
0 0.8620833333333333 0.2273095623987034 0.009166666666666667 0.007293354943273906
0 0.7145833333333333 0.22690437601296595 0.009166666666666667 0.006482982171799027
0 0.6879166666666666 0.22811993517017828 0.0125 0.008914100486223663
1 0.5975 0.22568881685575365 0.008333333333333333 0.004051863857374392
1 0.5716666666666667 0.22568881685575365 0.006666666666666667 0.004051863857374392
0 0.3254166666666667 0.22811993517017828 0.009166666666666667 0.008914100486223663
0 0.24583333333333332 0.2273095623987034 0.008333333333333333 0.007293354943273906
1 0.49083333333333334 0.22487844408427876 0.006666666666666667 0.004051863857374392
1 0.41541666666666666 0.22487844408427876 0.0075 0.004051863857374392
1 0.16 0.23176661264181522 0.02 0.017828200972447326
1 0.032916666666666664 0.223257698541329 0.0075 0.004051863857374392
1 0.7804166666666666 0.21677471636953 0.004166666666666667 0.007293354943273906
1 0.31875 0.21393841166936792 0.005833333333333334 0.006482982171799027
1 0.8283333333333334 0.21393841166936792 0.01 0.008103727714748784
1 0.6416666666666667 0.21393841166936792 0.005 0.008103727714748784
1 0.3258333333333333 0.21312803889789303 0.005 0.008103727714748784
1 0.9920833333333333 0.2098865478119935 0.0075 0.004862236628849271
1 0.16 0.21150729335494328 0.005 0.008103727714748784
1 0.9783333333333334 0.20826580226904376 0.006666666666666667 0.004862236628849271
1 0.5020833333333333 0.2098865478119935 0.004166666666666667 0.008103727714748784
0 0.48083333333333333 0.21191247974068073 0.008333333333333333 0.012155591572123177
1 0.8845833333333334 0.21110210696920584 0.0075 0.012155591572123177
1 0.7145833333333333 0.20907617504051865 0.005833333333333334 0.008103727714748784
0 0.63625 0.21150729335494328 0.0075 0.012965964343598054
1 0.34833333333333333 0.21150729335494328 0.01 0.012965964343598054
0 0.85625 0.20786061588330632 0.010833333333333334 0.007293354943273906
0 0.16541666666666666 0.2094813614262561 0.0075 0.013776337115072933
1 0.7508333333333334 0.19894651539708266 0.008333333333333333 0.004051863857374392
1 0.8108333333333333 0.19651539708265803 0.005 0.005672609400324149
1 0.9883333333333333 0.1932739059967585 0.008333333333333333 0.004051863857374392
1 0.67125 0.19448946515397084 0.004166666666666667 0.008103727714748784
1 0.6041666666666666 0.19084278768233387 0.008333333333333333 0.004051863857374392
0 0.90375 0.19246353322528362 0.005833333333333334 0.008914100486223663
1 0.013333333333333334 0.18922204213938412 0.006666666666666667 0.004051863857374392
0 0.5508333333333333 0.18922204213938412 0.008333333333333333 0.005672609400324149
1 0.7408333333333333 0.18557536466774716 0.005 0.009724473257698542
1 0.7470833333333333 0.18314424635332252 0.004166666666666667 0.008103727714748784
1 0.03125 0.18233387358184766 0.0075 0.006482982171799027
1 0.7954166666666667 0.18233387358184766 0.005833333333333334 0.009724473257698542
1 0.8141666666666667 0.17706645056726095 0.005 0.008914100486223663
0 0.2945833333333333 0.17625607779578606 0.0075 0.007293354943273906
1 0.2125 0.17706645056726095 0.005 0.008914100486223663
0 0.8283333333333334 0.17706645056726095 0.006666666666666667 0.01053484602917342
1 0.6483333333333333 0.17382495948136142 0.008333333333333333 0.007293354943273906
1 0.49333333333333335 0.17301458670988654 0.005 0.005672609400324149
1 0.37833333333333335 0.17625607779578606 0.006666666666666667 0.012155591572123177
1 0.3233333333333333 0.17585089141004862 0.006666666666666667 0.011345218800648298
1 0.011666666666666667 0.17220421393841168 0.008333333333333333 0.004051863857374392
1 0.8579166666666667 0.17179902755267423 0.005833333333333334 0.004862236628849271
0 0.8041666666666667 0.17544570502431117 0.008333333333333333 0.012155591572123177
1 0.365 0.17544570502431117 0.01 0.012155591572123177
0 0.3408333333333333 0.17544570502431117 0.008333333333333333 0.012155591572123177
1 0.235 0.17544570502431117 0.01 0.012155591572123177
1 0.04583333333333333 0.1713938411669368 0.006666666666666667 0.004051863857374392
1 0.18291666666666667 0.17220421393841168 0.004166666666666667 0.007293354943273906
1 0.005416666666666667 0.16450567260940033 0.010833333333333334 0.006482982171799027
1 0.9733333333333334 0.16085899513776336 0.008333333333333333 0.004051863857374392
1 0.5095833333333334 0.15721231766612642 0.0075 0.004862236628849271
0 0.4895833333333333 0.15721231766612642 0.0075 0.004862236628849271
1 0.032916666666666664 0.15761750405186387 0.010833333333333334 0.005672609400324149
0 0.54375 0.15680713128038898 0.005833333333333334 0.008914100486223663
1 0.0175 0.15437601296596434 0.01 0.005672609400324149
1 0.9958333333333333 0.1458670988654781 0.008333333333333333 0.004862236628849271
1 0.18166666666666667 0.13816855753646679 0.008333333333333333 0.004051863857374392
1 0.13375 0.136547811993517 0.005833333333333334 0.004051863857374392
1 0.004166666666666667 0.13411669367909237 0.008333333333333333 0.004051863857374392
1 0.98375 0.1312803889789303 0.005833333333333334 0.006482982171799027
1 0.40208333333333335 0.130064829821718 0.005833333333333334 0.004051863857374392
0 0.3625 0.12965964343598055 0.008333333333333333 0.004862236628849271
1 0.3154166666666667 0.13047001620745544 0.004166666666666667 0.006482982171799027
1 0.3 0.1292544570502431 0.008333333333333333 0.004051863857374392
1 0.7491666666666666 0.12965964343598055 0.006666666666666667 0.006482982171799027
1 0.84125 0.1280388978930308 0.009166666666666667 0.004862236628849271
1 0.70875 0.1260129659643436 0.005833333333333334 0.005672609400324149
1 0.6704166666666667 0.12641815235008103 0.005833333333333334 0.006482982171799027
1 0.19208333333333333 0.12682333873581847 0.0075 0.007293354943273906
1 0.19916666666666666 0.12641815235008103 0.005 0.008103727714748784
1 0.8770833333333333 0.1239870340356564 0.0075 0.004862236628849271
1 0.8104166666666667 0.12560777957860617 0.0125 0.012965964343598054
1 0.01875 0.12155591572123177 0.0075 0.004862236628849271
1 0.5408333333333334 0.1146677471636953 0.008333333333333333 0.004051863857374392
1 0.0033333333333333335 0.11345218800648298 0.006666666666666667 0.0032414910858995136
1 0.0125 0.1126418152350081 0.008333333333333333 0.004862236628849271
1 0.6983333333333334 0.10899513776337115 0.01 0.005672609400324149
1 0.6420833333333333 0.1085899513776337 0.0075 0.006482982171799027
1 0.79 0.10696920583468396 0.006666666666666667 0.004862236628849271
1 0.7158333333333333 0.10818476499189628 0.01 0.007293354943273906
1 0.8104166666666667 0.10615883306320907 0.009166666666666667 0.004862236628849271
1 0.8029166666666666 0.10696920583468396 0.004166666666666667 0.008103727714748784
1 0.4475 0.10008103727714748 0.006666666666666667 0.005672609400324149
1 0.38708333333333333 0.09967585089141005 0.005833333333333334 0.006482982171799027
1 0.4558333333333333 0.10048622366288493 0.006666666666666667 0.009724473257698542
1 0.3983333333333333 0.09967585089141005 0.006666666666666667 0.008103727714748784
1 0.22625 0.09927066450567261 0.0075 0.007293354943273906
1 0.25666666666666665 0.09886547811993517 0.006666666666666667 0.008103727714748784
1 0.9858333333333333 0.09643435980551053 0.006666666666666667 0.006482982171799027
1 0.5425 0.09521880064829821 0.006666666666666667 0.004051863857374392
1 0.44333333333333336 0.09562398703403566 0.008333333333333333 0.004862236628849271
1 0.20708333333333334 0.09764991896272285 0.0075 0.008914100486223663
1 0.40625 0.0960291734197731 0.005833333333333334 0.007293354943273906
1 0.34375 0.09440842787682334 0.0075 0.004051863857374392
0 0.7370833333333333 0.09440842787682334 0.010833333333333334 0.005672609400324149
0 0.71875 0.09440842787682334 0.005833333333333334 0.007293354943273906
0 0.7033333333333334 0.09359805510534847 0.006666666666666667 0.007293354943273906
1 0.6829166666666666 0.09278768233387358 0.005833333333333334 0.005672609400324149
1 0.8441666666666666 0.09238249594813615 0.006666666666666667 0.006482982171799027
1 0.7633333333333333 0.09319286871961102 0.006666666666666667 0.008103727714748784
1 0.8520833333333333 0.0919773095623987 0.0075 0.007293354943273906
1 0.7470833333333333 0.08995137763371151 0.0075 0.004862236628849271
1 0.3179166666666667 0.09076175040518639 0.004166666666666667 0.008103727714748784
1 0.16583333333333333 0.08711507293354943 0.008333333333333333 0.004051863857374392
1 0.11375 0.08752025931928688 0.009166666666666667 0.008103727714748784
1 0.6620833333333334 0.08103727714748785 0.005833333333333334 0.006482982171799027
0 0.74875 0.0806320907617504 0.005833333333333334 0.007293354943273906
0 0.7133333333333334 0.08103727714748785 0.008333333333333333 0.008103727714748784
1 0.016666666666666666 0.08022690437601297 0.005 0.006482982171799027
0 0.78875 0.08022690437601297 0.004166666666666667 0.008103727714748784
1 0.58625 0.0806320907617504 0.0075 0.008914100486223663
1 0.4375 0.07658022690437602 0.008333333333333333 0.004051863857374392
1 0.5279166666666667 0.0733387358184765 0.005833333333333334 0.007293354943273906
1 0.7 0.07171799027552674 0.006666666666666667 0.005672609400324149
1 0.15916666666666668 0.0713128038897893 0.008333333333333333 0.008103727714748784
1 0.13625 0.07009724473257699 0.005833333333333334 0.01053484602917342
1 0.74625 0.06766612641815235 0.005833333333333334 0.007293354943273906
1 0.61875 0.06604538087520259 0.0075 0.004051863857374392
1 0.41541666666666666 0.06847649918962723 0.005833333333333334 0.008914100486223663
1 0.14833333333333334 0.06969205834683954 0.01 0.011345218800648298
0 0.47791666666666666 0.059967585089141004 0.0075 0.004862236628849271
1 0.41041666666666665 0.05956239870340357 0.0075 0.004051863857374392
1 0.009583333333333333 0.059967585089141004 0.0075 0.004862236628849271
1 0.6875 0.055915721231766614 0.006666666666666667 0.006482982171799027
1 0.8104166666666667 0.055105348460291734 0.005833333333333334 0.006482982171799027
1 0.67125 0.055915721231766614 0.0075 0.008103727714748784
1 0.5858333333333333 0.05551053484602917 0.006666666666666667 0.007293354943273906
0 0.7495833333333334 0.055105348460291734 0.005833333333333334 0.008103727714748784
0 0.46125 0.0526742301458671 0.0075 0.006482982171799027
1 0.008333333333333333 0.049027552674230146 0.008333333333333333 0.004051863857374392
1 0.28375 0.049027552674230146 0.005833333333333334 0.005672609400324149
1 0.15875 0.03646677471636953 0.0075 0.004862236628849271
1 0.24875 0.03565640194489465 0.0075 0.009724473257698542
1 0.2579166666666667 0.03525121555915721 0.010833333333333334 0.01053484602917342
1 0.14166666666666666 0.034440842787682335 0.006666666666666667 0.008914100486223663
1 0.3775 0.034440842787682335 0.006666666666666667 0.01053484602917342
1 0.6175 0.03079416531604538 0.006666666666666667 0.004862236628849271
0 0.30583333333333335 0.03119935170178282 0.006666666666666667 0.005672609400324149
0 0.6504166666666666 0.031604538087520256 0.0075 0.008103727714748784
1 0.60875 0.030388978930307942 0.009166666666666667 0.005672609400324149
0 0.78375 0.03079416531604538 0.009166666666666667 0.008103727714748784
1 0.73 0.031604538087520256 0.006666666666666667 0.009724473257698542
1 0.6770833333333334 0.03079416531604538 0.004166666666666667 0.008103727714748784
1 0.3425 0.032820097244732574 0.008333333333333333 0.013776337115072933
1 0.4083333333333333 0.028363047001620744 0.008333333333333333 0.011345218800648298
1 0.8095833333333333 0.018638573743922204 0.005833333333333334 0.006482982171799027
1 0.65875 0.019043760129659644 0.005833333333333334 0.007293354943273906
1 0.7666666666666667 0.017828200972447326 0.006666666666666667 0.006482982171799027
0 0.8191666666666667 0.018233387358184763 0.008333333333333333 0.008914100486223663
0 0.7575 0.017828200972447326 0.006666666666666667 0.008103727714748784
1 0.6879166666666666 0.017828200972447326 0.0075 0.008103727714748784
1 0.6020833333333333 0.018233387358184763 0.005833333333333334 0.008914100486223663
0 0.7158333333333333 0.017828200972447326 0.006666666666666667 0.009724473257698542
1 0.9879166666666667 0.012155591572123177 0.009166666666666667 0.004862236628849271
1 0.9775 0.007698541329011345 0.006666666666666667 0.004051863857374392
1 0.6816666666666666 0.0024311183144246355 0.008333333333333333 0.004862236628849271
1 0.6533333333333333 0.0024311183144246355 0.006666666666666667 0.004862236628849271
1 0.6454166666666666 0.0024311183144246355 0.0075 0.004862236628849271
1 0.6170833333333333 0.0032414910858995136 0.004166666666666667 0.006482982171799027