1 0.6222063184877544 0.9994348097385949 0.007598204224711136 0.001130380522810226
1 0.5356150293664511 0.996926842161356 0.00595210127448742 0.0049974513433691525
1 0.23447254776289578 0.9890584750844988 0.006785191902350107 0.005016976130625683
1 0.044964299673948216 0.9838064315947258 0.00595216086182937 0.004997452739892383
1 0.48646257804470644 0.9957748772693389 0.004366263034439433 0.008199000471959872
1 0.08703546576202481 0.9847924354459365 0.005159167257628106 0.0065982255585340654
1 0.16198356439875267 0.9877648919473117 0.008551764685583385 0.009106773211188579
1 0.25242418118983656 0.987858019293685 0.009284523373279896 0.005075551888915952
1 0.49610339839535783 0.9935690244538857 0.010117554413800689 0.005095075279649142
1 0.5073601908179253 0.9934275350294977 0.007598204224711247 0.004226351416670937
1 0.19703360420870825 0.9861545440957739 0.010137632719302236 0.00590522478085953
1 0.33282755531234576 0.989337088608065 0.006805270207851599 0.005827125631835517
1 0.34198151306608404 0.9899569360184861 0.010157711024803895 0.006715374282069808
1 0.012533998627029419 0.9806145759754542 0.00595216086182937 0.004997452739892383
1 0.09711286504160266 0.9817861944755091 0.006825348513353147 0.006637275133045906
1 0.13212274971733545 0.9817960860390493 0.0051591672576277725 0.0065982255585340654
1 0.4278902973740063 0.9879173025836643 0.005159167257627939 0.0065982255585340654
1 0.17006855821297973 0.9810642251423788 0.005992317472832687 0.006617751742312938
1 0.1796792476853235 0.9800735366422687 0.008431294852573767 0.004245876203927024
1 0.5071243472999476 0.9861265462996613 0.008431294852573878 0.004245876203927024
1 0.572511983498537 0.9880642586590408 0.009284463785938057 0.005075550492393166
1 0.7307993517607949 0.991773971728982 0.007618282530212794 0.005036500917881326
1 0.8515975970787273 0.9946050683250123 0.009284463785937946 0.005075550492393388
1 0.4796222891108388 0.9858872427852161 0.013490073536254366 0.006793473431093711
1 0.5213069662791143 0.9856483181818025 0.008431294852573767 0.004245876203927135
1 0.936196536597813 0.9949665968239161 0.006785199350767712 0.005016976305190712
1 0.11727770275350907 0.975368637784049 0.008471451463576973 0.005866175206347357
0 0.20558536889429158 0.9774382666297046 0.006845426818854916 0.00744742463425585
1 0.8387951051767188 0.9898467306914416 0.008431294852573767 0.004245876203927468
1 0.16356445815731097 0.9744268904219913 0.007658498728557839 0.006656801316824779
1 0.8196741624500457 0.9877773612330033 0.008431294852573767 0.004245876203927024
1 0.8996710229629566 0.9888415932285847 0.006765113596848282 0.00420682662941485
1 0.13042153483875857 0.9663546725955441 0.007618342117554744 0.005036502314404556
1 0.31081592072084885 0.9693666278632949 0.008431294852573767 0.004245876203927024
1 0.8177420216948706 0.9816524875931283 0.009284463785937946 0.005075550492393055
1 0.18749831179377185 0.9672870464702341 0.011843970586030705 0.007564573357791926
1 0.20461685459285 0.9660670658921644 0.007598263812052974 0.0042263528131941674
1 0.6648998733920275 0.9768545213250083 0.008431294852573878 0.004245876203927024
1 0.5120376333636275 0.9728666446216259 0.009284463785937946 0.005075550492393055
1 0.9590012124071347 0.9829366280313283 0.008471460774098993 0.005866175424554143
1 0.035092802007196944 0.9616886934436627 0.008531686380081616 0.008296623709978634
1 0.7011393454977235 0.9777038502689043 0.012717217824896543 0.009204397147468235
1 0.5991659659487623 0.9720715233177648 0.008431294852573878 0.004245876203927135
1 0.5725070360634867 0.9714467294273125 0.00680527020785171 0.005827125631835628
1 0.9841244634248778 0.9782564600567303 0.008451381537545322 0.00505602590152332
1 0.7942197808341263 0.9721845650559156 0.008451373158075426 0.0050560257051374125
1 0.8187758924241886 0.9735706365429655 0.005992257885490626 0.006617750345789819
1 0.9004288935632937 0.975079052451006 0.0109707382440003 0.00592474991724623
1 0.534741899570125 0.9648873632895132 0.009304542091439605 0.005885699993603444
1 0.3968853895833455 0.9608458594026559 0.008471451463577084 0.00586617520634769
1 0.7846693411751227 0.9707448054015259 0.0060123361909921735 0.007427899847000541
1 0.9500982206623553 0.9721900904214194 0.008431302300991428 0.004245876378492608
1 0.9747045358499133 0.9715508479609922 0.007618289978630455 0.005036501092446799
1 0.3886447746153539 0.9570049969654693 0.006785191902350163 0.005016976130625128
1 0.935965786274316 0.9706429445244044 0.008491537217496292 0.006676324882123108
1 0.7110712536340809 0.9637509478131943 0.008451373158075426 0.0050560257051374125
1 0.8406571354724648 0.9651668159585951 0.009284463785938057 0.005075550492393499
1 0.877293076063371 0.9668359972099876 0.005992257885490626 0.006617750345790152
1 0.5794930095440722 0.958640714468022 0.006805270207851599 0.005827125631835961
1 0.25211818252192336 0.9497522411437354 0.008451373158075454 0.0050560257051374125
1 0.570339051790334 0.9580208670576013 0.00849152976907852 0.006676324707558079
1 0.6237070775309683 0.957245080387219 0.008471451463576862 0.00586617520634769
1 0.2705265476674696 0.9469412494423907 0.011823892280529269 0.006754423856581537
1 0.612144198791619 0.9529210454469261 0.008431294852573767 0.004245876203927135
1 0.6921109492946952 0.9552005018688884 0.008451373158075315 0.005056025705137301
1 0.8866277430614808 0.9601646184587653 0.005972179579989079 0.005807600844579763
1 0.7921120151038624 0.9563283134207847 0.008431294852573767 0.004245876203926691
1 0.48434495019157364 0.9466834486943287 0.00759826381205303 0.004226352813193834
1 0.5205944912436915 0.9471277035858809 0.00849152976907852 0.006676324707557746
1 0.940603075933224 0.9517023532062356 0.011803828871863042 0.005944274704501873
1 0.8637027433389839 0.9434151722170648 0.007598204224711136 0.004226351416671381
1 0.9066069479159989 0.944420699633574 0.006765113596848504 0.0042068266294152945
1 0.14365580399407363 0.9200549000410079 0.008431294852573767 0.004245876203927135
1 0.31287377026294455 0.919967748124829 0.008431294852573878 0.004245876203926691
1 0.55779261405118 0.9261131159147802 0.006785191902350163 0.005016976130625239
1 0.3541318644413182 0.9201240762910504 0.007598263812052974 0.004226352813193834
1 0.399992065172109 0.919577641984231 0.005932082556327711 0.004187303238681661
1 0.4308867505828441 0.9174645968423308 0.009284523373279951 0.005075551888916285
1 0.4571391147195973 0.9176745521920273 0.008431294852573767 0.004245876203927024
1 0.47421750238445254 0.918074811029036 0.007598263812053085 0.0042263528131941674
1 0.44839169292071046 0.9174695426241009 0.007638420423056236 0.005846651815614834
1 0.49756414806377935 0.917811356269254 0.007598204224710969 0.004226351416671048
1 0.5067281747639394 0.9180261296273312 0.007598204224711025 0.004226351416671381
1 0.43842472284461115 0.916020020925214 0.004366292828110407 0.008199001170221543
1 0.6801115643784525 0.9180366009491704 0.005932022968985762 0.004187301842159208
1 0.7034582085809991 0.9177732057767308 0.007598204224711136 0.004226351416671381
1 0.8497862161986423 0.91633897166241 0.008431294852573656 0.004245876203927135
1 0.4732489880830109 0.9067036102914958 0.008431294852573656 0.004245876203927024
1 0.9073096782710923 0.9160658842026088 0.006765113596848282 0.0042068266294152945
0 0.1514248791623206 0.8756535326297761 0.011964437465479705 0.012425351190369693
0 0.2972660539767219 0.8770449994395908 0.011944362113538665 0.011615320863843093
0 0.4385453369602707 0.8775189907038906 0.009384914900787966 0.009126299394967452
0 0.4902170192964209 0.8779193776634194 0.00934472849611373 0.00750599969428567
0 0.42523590563262803 0.8763964432100619 0.009425071511791117 0.010746598397387785
0 0.5019204879112275 0.8765724863173165 0.009384855313445906 0.009126297998444333
1 0.9867596297058568 0.8887460135045139 0.007758837651615336 0.010707547590008026
0 0.5206750959845587 0.8766067199782321 0.010238024246810196 0.009955972286910697
0 0.5336080790219314 0.8760992046794893 0.011111271485676033 0.011595796076587006
1 0.18074367610474568 0.8698557637613951 0.010418726042763837 0.017247198623118964
1 0.19340065901313752 0.8636675587352365 0.006765113596848504 0.0042068266294149614
0 0.628204111276358 0.8766949711254056 0.010238024246810307 0.009955972286910697
0 0.6149047772120277 0.8751674098648368 0.011964437465479594 0.012425351190369693
1 0.11200357077231349 0.8686500414685983 0.024802184710727815 0.02649064674162216
1 0.37163203637401604 0.8698712411506077 0.010438804348265385 0.018057348124329353
0 0.1384467354451131 0.8611636971280042 0.013650697026706293 0.013274550266091367
0 0.1518063610597296 0.8602609304561493 0.010258102552311743 0.010766121788120642
0 0.41264427915211244 0.8631315964485176 0.008471451463576862 0.005866175206347357
0 0.8154038135335866 0.8741921388174666 0.009384855313446017 0.009126297998444333
1 0.2976977301611044 0.8596270831002801 0.00680527020785171 0.005827125631835628
1 0.31391291121662496 0.8612229818145061 0.0060324740838356705 0.008238050744733272
1 0.5516601039763801 0.8708480013826245 0.010398647737262179 0.01643704912190902
0 0.8012312188103353 0.8742652918355895 0.012777452741401296 0.01163484565109918
0 0.2372885311072987 0.8586166086800432 0.012697199106736945 0.008394249042781077
0 0.2659799932752574 0.8613155287043193 0.011964437465479594 0.012425351190369582
0 0.2805691482092756 0.8612521384289549 0.011111331073017983 0.011595797473110236
0 0.8449986389218832 0.8740751199621045 0.010258102552311854 0.010766121788120975
1 0.3366422300037848 0.8690512000858572 0.023969034495523234 0.02647112055784362
0 0.5801859952188363 0.8634104690101703 0.008451373158075315 0.005056025705137301
0 0.8320957584459274 0.8733674106599014 0.012817606398843773 0.013255025478835614
0 0.4410396330919177 0.8609599755483265 0.0068655051243563525 0.008257574135466461
1 0.46419556761621095 0.8683928225736197 0.02394895619002152 0.02566097105663334
0 0.503968152541142 0.8612188741308595 0.009425011924449056 0.010746597000865
1 0.744244762959628 0.8696873040945338 0.01039864773726229 0.01643704912190902
0 0.042646315577596294 0.84189574051645 0.011111331073018094 0.011595797473109903
1 0.7151668729359905 0.8657633974248142 0.02400919110652633 0.028091419560264286
0 0.8149120496689101 0.8604002512716622 0.011131346837616851 0.012405826403113496
1 0.9002035234582814 0.8664522316297618 0.02394898598369255 0.0256609717548949
0 0.24892680690405555 0.843082457494686 0.011924283808037117 0.010805171362632704
0 0.2352108977321229 0.8415451331422277 0.011151484730460348 0.013215977300846782
0 0.3310465565692637 0.8425752622178944 0.011091252767516324 0.010785647971899959
0 0.2664919826816463 0.8406570143601673 0.010318334515255989 0.013196451117067576
0 0.34524925385393185 0.8412868845988254 0.011131406424958912 0.012405827799636393
0 0.4577567629242961 0.8423024942563483 0.00938491490078791 0.009126299394967674
0 0.52108174938195 0.8433813047337195 0.009364777007944358 0.008316148497234388
0 0.5340348107248243 0.8420636399337662 0.011944362113538776 0.011615320863843093
0 0.6148848461427369 0.8423373069773012 0.01019786763580699 0.008335673284490475
1 0.6294940495885857 0.8414637665024651 0.0060123361909921735 0.00742789984700043
1 0.1841063018338791 0.8350784458571995 0.010418726042763948 0.017247198623119075
0 0.6586622905102 0.8417420600040804 0.009404933618947453 0.009936447499654721
0 0.058856580468517605 0.8268740511098673 0.011111331073017983 0.011595797473110125
0 0.09135715410791173 0.827230443062245 0.011091252767516102 0.01078564797190007
1 0.8303694895099081 0.8421185572002743 0.007638360835714342 0.0058466504190916035
0 0.12305481268825719 0.8263521469594162 0.009384914900787952 0.009126299394967341
1 0.36346190082205226 0.8295546640543041 0.010137632719302236 0.005905224780859641
1 0.8733038115451756 0.841908860364968 0.006825348513353369 0.006637275133045795
0 0.8428959663861002 0.8411962047572985 0.007698595752219095 0.008277098922722548
0 0.2363953542759224 0.8273872204203301 0.009425071511791144 0.010746598397388007
0 0.34805973356567316 0.8287883800412021 0.0077388119505642505 0.009897399321665667
0 0.47353037292533334 0.8280812508464284 0.006885583429857789 0.009067723636676628
1 0.7425184940236087 0.8384384506349067 0.010418726042763837 0.017247198623119075
1 0.4333512222518799 0.8348403607484325 0.0239690344955229 0.026471120557843286
0 0.45857483864746695 0.8261095042768776 0.010217945941308593 0.00914582278570053
0 0.5364588625808866 0.8283401487306998 0.00773875236322219 0.00989739792514277
0 0.5031854034364637 0.8255337827891741 0.009344698702442755 0.007505998996023999
1 0.9246995514775826 0.8366285589499627 0.011111282658302635 0.011595796338435327
0 0.5219701274912671 0.8243528517856162 0.008511608074579957 0.007486474208768024
0 0.6281892719247676 0.8268422642555365 0.009384855313445906 0.009126297998444555
0 0.660669797052331 0.8280088064073858 0.007738752363222301 0.009897397925142881
0 0.7044573103662161 0.8270084853818214 0.006885583429858011 0.009067723636676517
0 0.7191066689462875 0.8245147054919069 0.009324620396941263 0.0066958494948138325
1 0.9361771892723758 0.8275755438814563 0.006765121045266387 0.004206826803980435
0 0.8444668642056339 0.8282633386173168 0.008611999602088027 0.011537221714819301
0 0.11182316197200104 0.808660822614657 0.0093648365952861 0.008316149893757063
1 0.8051810539733832 0.8326115251520768 0.02394898598369244 0.025660971754894346
0 0.8291149076098441 0.82547168120032 0.009404933618947564 0.009936447499654832
0 0.8604160693880889 0.8237734725043913 0.00849152976907852 0.006676324707557746
0 0.8724456966535413 0.826081896259852 0.011091208077010029 0.010785646924507786
0 0.12517274991064692 0.8081630711060652 0.01111133107301808 0.011595797473110125
0 0.27061742644616715 0.808734684910122 0.010217945941308537 0.00914582278570053
0 0.2831439629097012 0.8078123338636689 0.011944362113538776 0.011615320863843315
0 0.4269023798839945 0.809155047594424 0.007718733645062648 0.0090872498204555
1 0.1545216628345441 0.8011501375732104 0.007678577034059386 0.007466950818035056
0 0.44110513675600466 0.8078666713718778 0.009425071511791061 0.010746598397387896
0 0.4878084062032866 0.8069347452925284 0.0060324740838356705 0.008238050744733383
0 0.5040436640875284 0.8077205540928862 0.010258102552311688 0.010766121788121086
0 0.6148749542261968 0.8091021293391605 0.01190420550253557 0.009995021861422648
0 0.6265382230162739 0.809375476360744 0.010238024246810196 0.009955972286910697
0 0.8665689559650207 0.8109479328451277 0.008451380606493086 0.005056025879702775
0 0.05015944060547345 0.7910034735909888 0.0101978676358071 0.008335673284490253
1 0.08702118408482606 0.8003787779101645 0.024782106405226267 0.025680497240411992
0 0.1134743879103765 0.7924873588189651 0.011944362113538318 0.011615320863843093
0 0.1260209416152901 0.7907549164621209 0.00851160807458018 0.007486474208767913
0 0.14645177009709737 0.7904231249469433 0.011010939545510134 0.007545049967058848
0 0.1584814197078031 0.7927315492261001 0.01027818085781329 0.011576271289331252
1 0.5626210826432156 0.7985554662562775 0.008431294852573878 0.004245876203927024
0 0.27143556175667993 0.7925416963271741 0.011051096156513118 0.009165348969479292
0 0.2843384571294712 0.7932494059785082 0.010238024246810196 0.009955972286910808
0 0.8408334638813757 0.8066970504865443 0.010258102552311743 0.010766121788120975
0 0.24231748532836817 0.7902380879616138 0.011010939545510051 0.007545049967058848
0 0.30398632968304756 0.7908727741138679 0.00934475828978465 0.007506000392547008
0 0.31643255440135565 0.7931909614849142 0.011111331073017983 0.011595797473110125
1 0.34000500296912894 0.8006336297929159 0.023948956190021464 0.02566097105663334
0 0.8266909866163767 0.8055549792528518 0.011964437465479594 0.012425351190369471
1 0.4285937624333731 0.7913612847963117 0.006805270207851599 0.005827125631835628
1 0.46587208102032823 0.8007463522073768 0.023928877884519917 0.024850821555422953
1 0.9334371241883312 0.803598391883499 0.005239487928052289 0.009838823737940317
0 0.49064898995322503 0.7932209565466171 0.011111301279346786 0.011595796774848566
0 0.5343963615529423 0.7938409348726039 0.010258102552311743 0.010766121788120864
0 0.5219401572692255 0.7919278236486857 0.010217945941308648 0.00914582278570053
0 0.7194430497512037 0.7941247539142882 0.01029825620975433 0.012386301615857631
0 0.8244928848849716 0.7933443411349561 0.006885583429858011 0.009067723636676628
0 0.05096747717589345 0.7752155583621232 0.011091252767516435 0.010785647971899848
0 0.8403115825584466 0.7941203871925553 0.010278180857813402 0.011576271289331252
0 0.06472354148204867 0.7751326432995029 0.011944362113538776 0.011615320863843093
0 0.1147391547226217 0.7750889672669105 0.010217945941308232 0.009145822785700641
0 0.12764205157219333 0.7757966173309025 0.011071174462014444 0.009975498470689681
0 0.9023969722270573 0.7947648357384375 0.009445105126786202 0.011556746851206112
0 0.8866184296878055 0.7923685502657598 0.0077186740577207535 0.009087248423932492
0 0.14725980666751726 0.7746352097180778 0.010238024246810085 0.009955972286910697
0 0.3459922865794588 0.7776715773640357 0.01103101785101157 0.008355199468269126
0 0.30229515395722173 0.7750262859197574 0.0068655051243564635 0.00825757413546635
0 0.4293516032400392 0.7775987433204716 0.009344758289784705 0.007506000392547008
0 0.4718694023066286 0.7773792846152335 0.009364836595286308 0.008316149893757174
0 0.317310863564251 0.7745675825891545 0.011944362113538665 0.011615320863843093
0 0.3339827152742547 0.7745530035836687 0.010258102552311854 0.010766121788120975
0 0.44147160374872174 0.7762615544315241 0.010217945941308593 0.009145822785700308
0 0.5227181076518445 0.7773550737825551 0.011051036569171169 0.009165347572956506
0 0.45859014654779984 0.7750415738534544 0.011091252767516324 0.010785647971899959
1 0.0491759113993398 0.7634197580867219 0.0051993238686315335 0.008218524560954399
0 0.5361178302901219 0.7748320067117567 0.006032414496493721 0.008238049348210263
1 0.13137597428655434 0.7596719648050891 0.005992317472832465 0.006617751742312827
0 0.06638480657317514 0.7585541047532058 0.0093849149007883 0.009126299394967563
1 0.09076022978733894 0.7672314625129371 0.023948956190021575 0.02566097105663323
1 0.2093302112251073 0.7590671441954947 0.008451373158075287 0.005056025705137301
1 0.5625710341156724 0.7669405876205573 0.008431294852573767 0.004245876203927135
1 0.228501394406041 0.7591111409482998 0.01180381397502761 0.005944274355371371
1 0.24828475022053842 0.7680861864304669 0.023928877884519945 0.024850821555422953
0 0.8691386439530857 0.774530791063973 0.0068655051243564635 0.008257574135466461
1 0.04693765305693148 0.7528294189712466 0.008451373158075426 0.005056025705137301
0 0.3201313839055233 0.7616639436935841 0.006905661735359558 0.009877873137886906
0 0.30474929495464576 0.760087510179272 0.011091252767516435 0.010785647971899959
0 0.33686346905525155 0.7592189757718097 0.010177789330305442 0.007525523783279975
0 0.42807694303447363 0.7617620168217276 0.011111331073017983 0.011595797473110014
0 0.441833007340629 0.7616791017591074 0.010258102552311854 0.010766121788120864
1 0.17192144471651422 0.7549479903514772 0.006945818346362764 0.01149817214030735
0 0.45933794967849545 0.7616840475408776 0.010278180857813513 0.011576271289331252
0 0.5193306034183698 0.7626847595674866 0.00859192129658648 0.010727072213609135
0 0.5360124942811244 0.7622651058113956 0.008551764685583385 0.009106773211188579
1 0.7497305663418428 0.766057994378566 0.007658439141215889 0.00665679992030177
0 0.4722810016622898 0.7607714581897911 0.01109125276751649 0.010785647971899848
1 0.4971030876486374 0.7682433540913349 0.02309578725665723 0.024831296768166977
0 0.21821823927306683 0.7536011682388141 0.006072630694838849 0.009858349747153827
1 0.18074917826062709 0.7519124615019044 0.006072630694838876 0.009858349747153716
1 0.929281854099095 0.7694555003515688 0.0052394842038431255 0.009838823650657691
1 0.2291186900277566 0.7510195268062476 0.006012395778334095 0.007427901243523105
0 0.6131537784846584 0.7608306123098578 0.009425011924449112 0.010746597000865
0 0.6260968006747818 0.75991802226051 0.008531686380081838 0.00829662370997819
0 0.6431952666451386 0.7595081315963086 0.007658439141215889 0.006656799920301881
0 0.6581306630301614 0.7622900262705468 0.00944509022995077 0.011556746502075277
0 0.6740397264984488 0.7594204595091725 0.007658439141215889 0.006656799920301881
0 0.6873189822572774 0.7617581702709517 0.009425011924449223 0.010746597000865
1 0.2641487111195525 0.7502193298524427 0.007718733645062592 0.009087249820455612
0 0.7936284924855903 0.7606019699218984 0.008571842991084933 0.009916922712398746
1 0.9294926733533009 0.760949049763545 0.0067651173210572235 0.004206826716697698
0 0.16304857880945717 0.7429862286861388 0.008511608074580068 0.007486474208768024
1 0.2559583515026569 0.7443530950587532 0.00763842042305618 0.005846651815614612
0 0.8249396934165858 0.7584986864753647 0.007678517446717548 0.007466949421512048
1 0.8557941938994271 0.7580058800502816 0.007618282530212794 0.005036500917881437
0 0.15179178638688962 0.7431277181105268 0.012737355717739929 0.010014548045201632
1 0.8913962697326527 0.7677569721137438 0.02309580215349294 0.0248312971172977
0 0.05473663885987812 0.7408530783004222 0.010278180857813617 0.011576271289331252
0 0.11889471594539486 0.7419514135650495 0.010258102552311285 0.010766121788120975
0 0.24306549528261645 0.743240310656814 0.008511608074580207 0.007486474208768135
0 0.3055573911124078 0.7442995963469293 0.00849152976907852 0.006676324707557857
0 0.07270835206910076 0.7388424134210563 0.006032474083836004 0.008238050744733272
0 0.2735235272802477 0.7419276519242346 0.009404993206289514 0.009936448896177619
0 0.28979894177549276 0.7410931617221721 0.00859192129658648 0.010727072213609024
0 0.4414416335266802 0.7438365262945937 0.010217945941308593 0.00914582278570042
0 0.5035370608712613 0.7440759596772126 0.007698595752218984 0.008277098922722215
0 0.5723675171016704 0.741636068801905 0.008451373158075426 0.00505602570513719
0 0.6135553386875687 0.7446278606350206 0.01105103656917128 0.009165347572956506
1 0.5619638936124671 0.7409869335123389 0.007638360835714231 0.0058466504190914925
1 0.1815673135711398 0.7357194729189565 0.01039864773726229 0.01643704912190891
1 0.19238745258060347 0.736378369903889 0.010418726042763837 0.017247198623119187
0 0.6860945163386855 0.7438961296065238 0.0077186740577206425 0.009087248423932603
0 0.8340184475164143 0.7453364090827398 0.00849152976907852 0.006676324707557857
0 0.07215635328791964 0.7274809743788826 0.007698655339560934 0.008277100319245223
0 0.11968273379765548 0.726973649233917 0.011071174462014888 0.009975498470689681
0 0.7920075595585686 0.7419200173626324 0.007698595752219095 0.008277098922722437
1 0.8511771320296602 0.7424961291531187 0.005992257885490626 0.00661775034578993
0 0.15221342489530176 0.7261148169344793 0.01103101785101157 0.008355199468269126
0 0.8653396913243696 0.7428280509728836 0.009404941067365447 0.009936447674220084
0 0.2880474730226005 0.7276770610478273 0.009364836595286308 0.008316149893757174
0 0.2755310352991591 0.7281943387401981 0.011111331073017983 0.011595797473110236
0 0.3063855059883294 0.7277015316168535 0.01105109615651323 0.009165348969479403
1 0.3432774250364962 0.7358616726680788 0.02390879957901826 0.024040672054212786
0 0.44468876665152524 0.7305376353276496 0.007738811950564195 0.009897399321665667
1 0.46663519205135673 0.7363208954713769 0.023908799579018425 0.024040672054212675
0 0.5051380627289922 0.7299278093489431 0.006885583429858011 0.009067723636676517
0 0.4343955723658004 0.725432737368769 0.010117554413800633 0.005095075279649142
0 0.49100563951357956 0.7283806637137762 0.010197867635807045 0.008335673284490253
1 0.00021762494159666135 0.716011888572192 0.0004352498831933227 0.00821852456095451
0 0.5214335540529584 0.7282832292330123 0.009364777007944358 0.008316148497234277
1 0.9133829900545001 0.7382797402790815 0.005239480479634517 0.009838823563374954
1 0.6495991238862904 0.7365559018466599 0.023075708951155627 0.02402114726695681
0 0.672303419886459 0.7285766212128086 0.007698595752219095 0.008277098922722326
0 0.6868423492630521 0.7305386039922086 0.010278180857813402 0.011576271289331252
1 0.7018882061220048 0.7288646771080518 0.006845426818854916 0.007447424634256183
0 0.7127786177239436 0.7266881104260905 0.011843970586030705 0.007564573357791926
0 0.8056783512643926 0.7284600515493102 0.009364777007944358 0.008316148497234277
0 0.8219236334045497 0.7288407852499323 0.010238024246810196 0.009955972286910808
0 0.8348265138805053 0.7295484945521357 0.011091193180174486 0.01078564657537684
0 0.8523716262494301 0.727933201267958 0.009364777007944247 0.008316148497234277
1 0.8888569884742724 0.7356784443656506 0.023075723847990837 0.024021147616087535
1 0.2426591050871954 0.7091852800129155 0.007598263812052974 0.004226352813193945
1 0.12394360123575515 0.7064029957341558 0.00847145146357653 0.005866175206347468
1 0.2326720567055945 0.7085459078152387 0.007618342117554744 0.005036502314404334
1 0.06320823903644646 0.7017370868631063 0.006765113596848504 0.0042068266294151835
0 0.31860097890636024 0.7056961262757298 0.007618342117554744 0.005036502314404223
1 0.16158332489139787 0.7012055508854622 0.005199323868631089 0.008218524560954399
1 0.18488978416605034 0.7025623944298396 0.005239480479634184 0.009838823563374954
1 0.8522261351062095 0.7169865397826755 0.005219402174132637 0.009028674062164788
1 0.1432452323383268 0.7011810789199133 0.0069658936983040265 0.012308202466833618
1 0.1757759830233152 0.7003222480169984 0.006885583429858011 0.009067723636676739
1 0.7598533760831705 0.7107685983837695 0.008431294852573656 0.004245876203927135
0 0.25372024039645935 0.700122503554532 0.007698655339561045 0.008277100319245223
0 0.07210630476037638 0.6958660957431624 0.00940499320628918 0.00993644889617773
1 0.1979231870478217 0.698004191910649 0.0060324740838358926 0.008238050744733383
1 0.0030080576182877072 0.6917956233008493 0.0060161152365754145 0.006656801316824779
0 0.025513403452450623 0.6923423173440164 0.007658498728557842 0.006656801316824668
0 0.27288132483730027 0.7005715736614193 0.007778968561567345 0.011517698324086223
1 0.43915332665672857 0.7016313085433981 0.005219402174132803 0.009028674062164677
1 0.5337493589111553 0.7022270749893142 0.005972179579988968 0.005807600844579541
1 0.44500503935726865 0.7009578325529797 0.005219402174132581 0.009028674062164677
1 0.6507886721477905 0.7053753851424287 0.0068655051243563525 0.00825757413546635
1 0.4250309425940668 0.6996790881576261 0.005219402174132748 0.009028674062164788
1 0.6399384156800744 0.7059317124093114 0.006945818346362875 0.011498172140307461
1 0.011887846655275203 0.6871593202361119 0.00678519190235005 0.005016976130625239
0 0.545859320267087 0.7012949608509718 0.005199323868631089 0.008218524560954399
1 0.4175632444015553 0.698288140820507 0.006905661735359669 0.009877873137886906
1 0.6796006011951979 0.7032135273341269 0.0043461549352670215 0.0073888502724882565
0 0.31843537966396723 0.695559613593396 0.01029825620975433 0.012386301615857409
0 0.8191333762809601 0.7068890070922833 0.006945818346362764 0.01149817214030735
1 0.812569026411951 0.7026821205263956 0.0051591672576279946 0.006598225558533843
0 0.8905735112531821 0.7000519273857331 0.009344713599278243 0.007505999345154835
0 0.06295741040744796 0.6782235840648047 0.008511608074580186 0.007486474208768135
0 0.09341544240507899 0.6769109253322252 0.007698655339560934 0.008277100319245334
0 0.29045162360304283 0.6811234676554867 0.010177789330305331 0.007525523783279975
0 0.07632701558747307 0.6769157412458215 0.011964437465479372 0.012425351190369471
0 0.10758802223149488 0.6768377719649715 0.011091252767516435 0.010785647971899959
0 0.27800545994885717 0.6788052220936215 0.010238024246810307 0.009955972286910697
0 0.43010482235452774 0.6799381089463311 0.007698655339561045 0.008277100319245223
0 0.5325951670618189 0.6815295110706505 0.012737296130398201 0.010014546648678624
0 0.059845906302953944 0.6692339595771519 0.005219402174132755 0.009028674062164788
0 0.49095061523409533 0.6801481955607243 0.009425071511791117 0.010746598397388007
0 0.5038735889123882 0.680045755710848 0.01023802424681014 0.009955972286910697
0 0.6242954589474474 0.6812468508473026 0.009364777007944358 0.008316148497234277
0 0.612215644843439 0.680963741432091 0.010238024246810196 0.009955972286910586
1 0.7356336452980241 0.6789925753191006 0.008451373158075426 0.00505602570513719
1 0.19819930314256196 0.6700446881383995 0.010378569431760631 0.01562689962069863
0 0.3565770520964677 0.6701087887384978 0.005199323868631089 0.008218524560954399
0 0.7893479571801697 0.6810620746457128 0.009404933618947675 0.009936447499654721
0 0.8018443314949449 0.6813549468036831 0.009404933618947675 0.009936447499654832
0 0.06587832079944783 0.661269257250525 0.008471451463576536 0.005866175206347579
0 0.07752151128402318 0.6623527537733187 0.00851160807458018 0.007486474208768024
1 0.1323248505143465 0.6709326174649439 0.023908799579018383 0.024040672054212897
0 0.15624866499805645 0.6641978482637921 0.007718733645062592 0.0090872498204555
0 0.1716608714071864 0.664559057526289 0.006885583429858122 0.009067723636676739
0 0.8314491811391569 0.6808328528485852 0.010258102552311743 0.010766121788121086
0 0.09584956468434352 0.6627823004894731 0.011924283808037228 0.010805171362632926
0 0.10877247877529445 0.6626798592430739 0.009404993206289528 0.00993644889617773
0 0.2796064305361367 0.6646571306544323 0.009384914900787744 0.00912629939496723
1 0.7349411013318923 0.6733020636107148 0.008451373158075426 0.005056025705137301
0 0.43044614911771384 0.6661657461877827 0.007698655339560989 0.008277100319245223
0 0.8752668029860962 0.6786173669839821 0.009465180478727242 0.012366777177732269
0 0.44259626560786836 0.6636133926343617 0.010137632719302292 0.00590522478085953
1 0.5358824270039962 0.6666103204030247 0.006845426818854916 0.007447424634256072
0 0.6566907263715149 0.6690363425975807 0.0068655051243564635 0.00825757413546635
0 0.49301834179589565 0.6639844931112682 0.009344728496113619 0.007505999694285559
0 0.5226031727219478 0.6642725500539035 0.00849152976907852 0.006676324707557746
0 0.1514910564665587 0.6543590842877591 0.00763842042305618 0.005846651815614612
0 0.6862855517598114 0.6689193237422186 0.006072571107496927 0.009858348350631041
1 0.7346651012029114 0.6676213738832988 0.007618282530212683 0.005036500917881326
1 0.7459118246790571 0.6678849585112544 0.008451373158075315 0.005056025705137301
0 0.27941077342283316 0.655735843620437 0.008431294852573767 0.004245876203927135
0 0.6404856157391965 0.6670353102436688 0.009404933618947564 0.009936447499654721
0 0.6713401147452575 0.6665425634059277 0.009384855313445906 0.009126297998444444
1 0.3360910535757456 0.6558483049020273 0.008451373158075426 0.005056025705137301
1 0.7065959118853897 0.6734483696469606 0.02388872127351671 0.02323052255300262
0 0.8317704295968413 0.667870639591247 0.006845426818854805 0.007447424634256072
0 0.8013927227644912 0.6659428198428001 0.009324620396941152 0.0066958494948137215
1 0.9213277614730888 0.6699695563160479 0.0060524928019954904 0.009048198849420541
1 0.22201781141094534 0.6507430187351481 0.005159167257628133 0.006598225558533954
1 0.5548679326370352 0.6573279539747062 0.007598204224711247 0.004226351416670937
1 0.8541333988338238 0.6736637217159445 0.02222256981146231 0.023191473676751895
1 0.20867826262505018 0.6508356954931347 0.006885583429858011 0.009067723636676628
0 0.8768376873855745 0.6656844409075278 0.0085116229714155 0.007486474557898748
0 0.12832514385363708 0.647331253822252 0.009344758289784871 0.007506000392547008
0 0.14082150327157666 0.6476241256310915 0.009344758289784427 0.007506000392547008
0 0.06626984184960766 0.6454715803262929 0.010238024246810196 0.009955972286910808
0 0.09875039677084202 0.6466381231764037 0.011924283808037228 0.010805171362632926
0 0.3420632927430766 0.6503140524755542 0.00849152976907852 0.006676324707557746
0 0.6923982780015313 0.6577140829980928 0.007618282530212683 0.005036500917881215
0 0.08255529402082307 0.6442320749609671 0.0060324740838355595 0.008238050744733383
1 0.5003907878226667 0.6524034658448132 0.008451373158075315 0.005056025705137301
1 0.7365722191710952 0.6579387486179717 0.007618282530212683 0.005036500917881326
0 0.11253651747112753 0.645340042052787 0.00775889025606602 0.010707548822876056
0 0.278381966094325 0.6467950304026626 0.007718733645062592 0.0090872498204555
0 0.46210871448786583 0.6498850848194373 0.008491529769078576 0.006676324707557857
0 0.47377204286528496 0.6501584332375439 0.008491529769078465 0.006676324707557746
0 0.32547169319095687 0.647088091667018 0.006885583429858122 0.009067723636676517
0 0.4308778253020963 0.6487478298484719 0.00934475828978476 0.007506000392547008
0 0.35421334964588924 0.6477616975256103 0.011091252767516435 0.010785647971899959
0 0.13806627977083846 0.641074711342436 0.008551764685583607 0.009106773211188579
0 0.49130710266140365 0.6489481547674987 0.008531686380081727 0.008296623709978301
0 0.6534136513415187 0.6499102657131977 0.009384855313446017 0.009126297998444666
1 0.18936167620512867 0.6398450989371736 0.011131406424959023 0.012405827799636393
1 0.2005682147533806 0.6417289222819462 0.010378569431760631 0.01562689962069863
0 0.668855975208901 0.6490562507238791 0.0068655051243564635 0.00825757413546635
0 0.8863329793509166 0.6525319257339655 0.008451388054910858 0.005056026054267915
0 0.6405107857623985 0.649202556760125 0.010278180857813402 0.011576271289331252
0 0.7871850661014979 0.650613548706326 0.008511608074580068 0.007486474208768024
0 0.0657178430684261 0.6341101412841192 0.0069056617353597805 0.009877873137886795
1 0.7318045714868465 0.6485050593925439 0.0043461549352670215 0.0073888502724881455
1 0.08284642502025519 0.6324850859554443 0.006012395778334012 0.007427901243522994
0 0.8017942829674017 0.6497400681679628 0.007698595752219095 0.008277098922722437
0 0.09998504760161514 0.6304548962888223 0.008471451463576973 0.005866175206347468
0 0.11202467530094945 0.6323583040081929 0.009384914900787994 0.009126299394967452
0 0.12996627105191977 0.6315628633806423 0.00849152976907852 0.006676324707557746
0 0.14363198446009834 0.6351255614861264 0.007819122219009933 0.01313787815182288
0 0.8734903323146854 0.6493938275154734 0.0077186740577207535 0.009087248423932714
0 0.3561907402065482 0.6352436085933891 0.0060324740838357815 0.008238050744733272
0 0.34248493125148866 0.6333011512995066 0.010238024246810196 0.009955972286910697
0 0.44538175232628935 0.6353073898697978 0.011091252767516324 0.010785647971899848
1 0.7344644683376669 0.6420824973319716 0.009425011924449223 0.010746597000864888
0 0.43249893525899974 0.6337895307172535 0.010238024246810307 0.009955972286910697
0 0.49168858455881254 0.6335555525938716 0.00849152976907852 0.006676324707557746
1 0.5281538610297355 0.642110945018209 0.022242618323293106 0.024001622479700724
0 0.5037583595100702 0.6342437367596881 0.012757374435899582 0.010824696149889013
0 0.6533685502490258 0.6349129163092058 0.006825348513353258 0.006637275133045906
0 0.6700203534471989 0.6357084875031918 0.010217945941308648 0.009145822785700308
1 0.7056726161189806 0.6434342652264049 0.022222540017791448 0.023191472978490557
1 0.8227821885280358 0.6437470517761528 0.023055660439324943 0.02321099846400798
1 0.8433836647562105 0.6365291083262412 0.005179245563129542 0.007408375059744121
0 0.07075162580522582 0.6159894624717677 0.007678577034059386 0.007466950818035056
0 0.0991269029163101 0.6146279314854448 0.007698655339561045 0.008277100319245334
0 0.26620187790534844 0.6169224154064951 0.0068655051243564635 0.008257574135466239
0 0.326621116111905 0.6175278150761268 0.007698655339561156 0.008277100319245334
0 0.47326526409591646 0.6201540309250126 0.009324679984283213 0.00669585089133673
0 0.2966498722270093 0.6160147718371789 0.0077388119505642505 0.009897399321665667
0 0.1788276924431561 0.6108216234293862 0.005239480479634295 0.009838823563374954
0 0.6983103713780066 0.6209699657026396 0.007678517446717326 0.007466949421512048
0 0.6100328226954763 0.6176851126051688 0.009404933618947564 0.009936447499654721
0 0.7095772029533249 0.6204234015276464 0.011924283808037117 0.010805171362632926
0 0.11733955136121077 0.6028956513535817 0.006865505124356672 0.008257574135466461
1 0.20304755556767767 0.6089573937561785 0.01039864773726229 0.016437049121908798
0 0.10238407519390591 0.6009239657678958 0.008491529769078632 0.006676324707557746
1 0.5613672339706448 0.6137074474872778 0.008591921296586591 0.010727072213609024
0 0.8425556673228287 0.6194869199693097 0.0077186740577206425 0.009087248423932603
1 0.13885936102390856 0.6090742827433666 0.023888721273516933 0.02323052255300251
0 0.28193533277216287 0.6043214114116537 0.0077388119505641395 0.009897399321665779
0 0.3277754551974521 0.6045851266060446 0.0060324740838357815 0.008238050744733272
0 0.2669597797761369 0.603159815739836 0.0077388119505642505 0.009897399321665779
1 0.8576015078081656 0.617813052323364 0.006112727718500133 0.011478647353051374
0 0.47658267129001713 0.6040196167038328 0.006825348513353258 0.006637275133045906
1 0.5615880923776015 0.604795922148649 0.008431294852573656 0.004245876203927024
1 0.4393193676077539 0.6108470640594943 0.023075768538497632 0.024021148663479708
1 0.7319653436902896 0.6083836705814578 0.007618282530212683 0.005036500917881326
0 0.5057308041124591 0.6051080590083966 0.010258102552311854 0.010766121788120864
0 0.7119711388279153 0.6079150749890532 0.009404933618947564 0.00993644749965461
0 0.4833377472108952 0.6005302018337764 0.006845426818854916 0.007447424634256072
0 0.6691271453453713 0.604479158132559 0.008491529769078632 0.006676324707557746
1 0.9028394222684641 0.6087406422921342 0.007638360835714342 0.0058466504190916035
0 0.6999816458282127 0.603986351707476 0.010177789330305442 0.007525523783280086
1 0.7914410158982184 0.613425366673098 0.022202491505960764 0.022381324175541617
0 0.8433135379231658 0.6057243791917312 0.010217945941308648 0.00914582278570042
1 0.25483486310285525 0.5878794165079746 0.007638420423056291 0.005846651815614501
0 0.1040252023921886 0.585155575326286 0.009384914900787869 0.00912629939496723
0 0.2669146474131926 0.5881625252249247 0.00851160807458018 0.007486474208768135
1 0.8330002802287748 0.6014296310831916 0.004346154935266799 0.0073888502724881455
0 0.14989544227573015 0.5842040662688616 0.0077388119505641395 0.009897399321665779
0 0.4636045260960294 0.5895298407894026 0.008471451463576918 0.005866175206347579
1 0.32864372520759655 0.5863668224608901 0.006845426818854916 0.007447424634256183
1 0.17374898416696494 0.5803047607346037 0.008431294852573767 0.004245876203927135
0 0.3124085269106967 0.5855810150570552 0.0060324740838358926 0.008238050744733272
0 0.357811995922882 0.5866451166607669 0.0068655051243565746 0.00825757413546635
0 0.3428163646213543 0.5862936704901593 0.008571842991084933 0.009916922712398746
0 0.5336344239812587 0.5891445512606628 0.008491529769078632 0.006676324707557746
1 0.4757446049102134 0.5873825023992449 0.007678577034059331 0.007466950818035167
0 0.49363600489742987 0.58861243552472 0.010217945941308537 0.00914582278570042
0 0.50533943029851 0.5872654835438831 0.008551764685583274 0.009106773211188579
0 0.5215947664882535 0.5872411428430308 0.009404933618947675 0.009936447499654832
0 0.6103290454126089 0.5889155196173124 0.010258102552311854 0.010766121788120975
0 0.6228354439832994 0.5888033166755468 0.010238024246810307 0.009955972286910697
0 0.8124139363478315 0.5912198362128225 0.007678517446717548 0.007466949421512048
0 0.7961786933604252 0.5904340277615953 0.010238024246810307 0.009955972286910697
0 0.8253469342820396 0.5907123212632104 0.010217945941308648 0.00914582278570053
1 0.08087936808476837 0.5773175953595686 0.023075768538497687 0.024021148663479708
0 0.17770868145288188 0.5718861709909704 0.009364836595286308 0.008316149893757285
0 0.2705883366878293 0.5744682616154001 0.006885583429858122 0.009067723636676517
0 0.31523908640471987 0.5722723014108797 0.00763842042305618 0.00584665181561439
0 0.2573492375400038 0.5705102518512004 0.008491529769078743 0.006676324707557746
0 0.34438721922716176 0.5733607437154437 0.009364836595286308 0.008316149893757174
0 0.35771666927296414 0.5736731403115392 0.011071174462014777 0.009975498470689681
1 0.56142761464658 0.5776368061822432 0.008531686380081727 0.008296623709978301
1 0.4396557171422187 0.5804571713709559 0.022222540017791337 0.023191472978490668
0 0.46146665928112907 0.5748887541678761 0.008591921296586646 0.010727072213609024
0 0.4768989439957606 0.5744398139291627 0.007718733645062648 0.0090872498204555
0 0.5048577041098039 0.5730685808348154 0.008491529769078632 0.006676324707557857
0 0.5227691824025219 0.5734883644590801 0.009364777007944358 0.008316148497234277
0 0.6219271348046915 0.5750016667361144 0.009364777007944358 0.008316148497234277
1 0.703002974587831 0.5829813972600906 0.02220246171228968 0.02238132347728017
1 0.9110098582644868 0.5817767743728536 0.006072571107496816 0.00985834835063093
0 0.8110790412257611 0.5778135582177093 0.006032414496493721 0.008238049348210486
0 0.825658142110193 0.5781552423438193 0.0068655051243563525 0.008257574135466461
0 0.784013605179305 0.5767739271830237 0.011924283808037117 0.010805171362632926
0 0.16889604898554939 0.5574940204093429 0.01105109615651323 0.009165348969479403
0 0.2985020255030507 0.5580996798153224 0.006805270207851599 0.005827125631835517
0 0.18145264331999383 0.5553564437145517 0.007718733645062703 0.0090872498204555
1 0.27145666628531573 0.5562499588667686 0.005992317472832465 0.006617751742312827
1 0.3580981511703731 0.5582805381379121 0.007658498728557839 0.006656801316824779
0 0.44602945840189856 0.5587201062857806 0.00849152976907852 0.006676324707557857
0 0.619749111378788 0.5619808791170082 0.010990801652666304 0.006734899069325562
0 0.4343762287645723 0.5580416845135919 0.008551764685583496 0.009106773211188468
0 0.4931292261280615 0.5586080332121888 0.009384914900787966 0.009126299394967563
0 0.5239636766222918 0.5589254365739194 0.012737296130398201 0.010014546648678735
0 0.5352304784039392 0.5583788717006647 0.008531686380081838 0.008296623709978412
1 0.679791929611965 0.560956276279672 0.007658439141216 0.00665679992030177
0 0.17161617927609413 0.548641069432482 0.006092709000340535 0.010668499248364105
1 0.8377531034582685 0.561010613787881 0.006845426818854916 0.007447424634256183
0 0.10674547991894406 0.5426623719606792 0.007698655339560934 0.008277100319245223
0 0.27296728745139875 0.5457474210083417 0.0069056617353597805 0.009877873137886906
0 0.7961186056801313 0.5592242238764802 0.008672231565032273 0.013967551043766235
0 0.30050953204518177 0.5443664262186279 0.008551764685583385 0.009106773211188468
0 0.2867835851972787 0.5432341170294327 0.009384914900787966 0.009126299394967452
1 0.32327900892012507 0.5505742859002163 0.02303561192749437 0.02240084966105904
1 0.5512800885339573 0.5498383180181605 0.005239480479634295 0.009838823563374954
1 0.3584896722205328 0.5424828612136801 0.007638420423056291 0.005846651815614501
1 0.09861535374177283 0.5343657482507009 0.007618342117554744 0.005036502314404223
0 0.4484535400516318 0.5449966157809755 0.009404993206289514 0.00993644889617773
0 0.519692887473981 0.5462609117372785 0.0068855834298579 0.009067723636676628
1 0.7292153591434627 0.5511713999217229 0.006052492801995379 0.009048198849420763
1 0.46998339034386105 0.5507701128328133 0.023035611927494315 0.022400849661059152
1 0.7020596019927006 0.5537773827534032 0.0222024617122899 0.02238132347728028
0 0.6697798271729214 0.5445094640658736 0.011823892280529158 0.006754423856581648
0 0.7822471811090628 0.5471453131384751 0.00849152976907852 0.006676324707557746
0 0.8376076108382677 0.5500640118899405 0.009404933618947564 0.009936447499654832
1 0.873726612340306 0.5557741185791314 0.022182405752041667 0.021571174499766088
0 0.07266410016986069 0.5220037277483536 0.006885583429857789 0.009067723636676628
0 0.11789199037424397 0.5133363928168597 0.008431294852573434 0.004245876203927024
1 0.2829043468927985 0.5147719159668211 0.006765113596848615 0.0042068266294150725
1 0.45126908464096316 0.5154753873680733 0.008431294852573878 0.004245876203926913
1 0.3349825800806357 0.5155871411179754 0.006112787305842082 0.011478648749574383
1 0.19758274074833942 0.5099351595114062 0.004366292828110407 0.00819900117022132
0 0.7020898368934927 0.5189219054145804 0.008431294852573878 0.004245876203926913
1 0.7837528846337665 0.5200252467465813 0.006765113596848504 0.0042068266294151835
1 0.49174428247844787 0.5135868765813554 0.005992317472832687 0.006617751742312827
1 0.5075830733542599 0.513552773486875 0.004346154935266799 0.0073888502724882565
1 0.3164287521087596 0.5074515316196412 0.005139088952126225 0.005788076057323677
1 0.1906319481268159 0.5045032859509443 0.005179245563129542 0.00740837505974401
1 0.20644059175070462 0.5056844064100179 0.005219402174132748 0.009028674062164677
1 0.374694959882733 0.5108436418771075 0.006945818346362764 0.01149817214030735
0 0.5518072102875777 0.5117520653537283 0.009324620396941263 0.0066958494948137215
1 0.5317929271197017 0.5120936192625338 0.006072571107496927 0.00985834835063093
1 0.3364831606171876 0.5054897375974956 0.005179245563129542 0.007408375059744232
0 0.3889378137784043 0.507934965255618 0.005239480479634295 0.009838823563374843
1 0.4048066908420175 0.5066856967984028 0.0051993238686312004 0.008218524560954399
0 0.4485339990330687 0.5081158249747305 0.0060525523893372735 0.00904820024594355
1 0.5159742443430622 0.5113175735540654 0.007798984326166436 0.012327727254089593
1 0.457301499137457 0.5075106850414465 0.005219402174132803 0.009028674062164788
0 0.15535607415796243 0.4984075696237795 0.007658498728557839 0.006656801316824834
0 0.08288716909932092 0.4963038369853824 0.006012395778334012 0.007427901243522994
0 0.17327759160343115 0.4984222784974392 0.00851160807458018 0.007486474208768024
0 0.14494241151600834 0.49816350908481843 0.011904205502535459 0.009995021861422648
0 0.3007807319753229 0.4997893343255695 0.013550308452759174 0.009223921934724377
0 0.4849140178004956 0.5032941669974969 0.006885583429858011 0.009067723636676628
0 0.6115941070664707 0.5042366083909304 0.008451373896465553 0.005056055498808276
0 0.46496997743142365 0.5008002565411469 0.008491529769078354 0.006676324707557801
0 0.361656642313143 0.4987841966881472 0.010217945941308537 0.00914582278570042
0 0.47664334496159355 0.5006685302086483 0.00851160807458018 0.007486474208768079
1 0.5604192087820806 0.5006053840745348 0.007618283268602921 0.005036530711552356
0 0.3487637842471271 0.4976714867703854 0.011091252029126308 0.010785618178228873
0 0.5770810209701385 0.5009958947164896 0.007658439141216 0.00665679992030177
0 0.8740982090312025 0.5071463687356 0.008451382083273673 0.005056085467044724
1 0.2692838527580427 0.4925662843846507 0.008471452940357338 0.005866234793689529
0 0.49376182965011006 0.49944848864671365 0.009384914900788022 0.009126299394967452
0 0.45004461982995647 0.49761330201313914 0.006885582691467829 0.009067693843005598
0 0.807450895859835 0.5055843693744815 0.010197866897416863 0.008335643490819167
1 0.21514294188157446 0.4908920821690492 0.00519932313024099 0.00821849476728348
0 0.6779152232052601 0.5021431874125276 0.007718673319330627 0.00908721863026174
0 0.4342259366841219 0.4968372712015061 0.008611998125307718 0.011537162127477352
0 0.7070935032796253 0.5020164061635377 0.007718673319330516 0.009087218630261573
0 0.7916522764918614 0.503998173815672 0.006885582691467884 0.009067693843005598
1 0.9953230457987086 0.5095821531383082 0.0060926535225316325 0.010668438395423308
0 0.8624851166454448 0.5048476773182484 0.008551764685583385 0.00910677321118869
0 0.6042769637871845 0.4967696433743215 0.0051993238686312004 0.008218524560954343
1 0.3776259097966788 0.4934842254153873 0.010338413559147663 0.014006630411949106
1 0.12136996184064991 0.4907208854673232 0.02470179392160954 0.022439929029242023
0 0.3880496112221887 0.49332322610057866 0.009525460085738513 0.01479722672875533
0 0.08658093520267868 0.4817994834619895 0.009344758289784871 0.007506000392547008
0 0.3056939882453318 0.48652943194927256 0.0060324740838357815 0.008238050744733327
1 0.3644470444577728 0.4870958118380633 0.0068655051243563525 0.008257574135466406
0 0.41364964611437477 0.4862224317233337 0.008431296329354132 0.004245935791269084
1 0.32639080638945506 0.49228345030088383 0.02303561266588461 0.022400879454730183
0 0.34991812370186937 0.4847287834034677 0.007638421899836656 0.005846711402956506
1 0.4923968185465676 0.4872573753160738 0.006012395778334179 0.007427901243523161
0 0.4653313825001114 0.4862177442813883 0.008531686380081838 0.008296623709978357
0 0.4374529333929039 0.4843484687519074 0.00934475828978465 0.007506000392546952
1 0.5289223586200811 0.49338236462554846 0.023015474773041 0.021590728556997063
1 0.8769086864955152 0.4946478045033521 0.005179245563129431 0.007408375059744232
1 0.6422428814895866 0.4952275889841956 0.021349293517315737 0.021551678982485
0 0.6636473163597314 0.4892443793273891 0.008531686380081727 0.008296623709978301
0 0.8198519580523327 0.49290528042919035 0.007698595752219095 0.008277098922722326
0 0.6961780365126586 0.4883855775198839 0.013490073536254421 0.006793473431093655
0 0.8061461185652121 0.49096285223071734 0.00849152976907852 0.006676324707557801
1 0.8405487460335899 0.4986593129793757 0.02132924574387529 0.020741559973207202
0 0.8611100663891518 0.4930616387382136 0.008531686380081616 0.008296623709978301
1 0.08770515682997371 0.4700720192437226 0.0076183435943351085 0.005036561901746173
1 0.6439442722904599 0.4770287954277231 0.008431296329354021 0.004245935791268973
0 0.29193300777457726 0.4699947588910838 0.009364836595286197 0.00831614989375723
0 0.4140411671645346 0.4704247547991015 0.010157711024803784 0.006715374282069586
0 0.5219365320065111 0.4725481420929285 0.007638362312494484 0.0058467100064333866
0 0.2411947316328399 0.46556320705444776 0.007698655339561072 0.008277100319245334
1 0.35660804928003365 0.46705219912256224 0.006805271684632075 0.005827185219177522
0 0.5335998007965881 0.47282148911451205 0.009384855313446017 0.0091262979984445
0 0.7039971304147778 0.4755990880461108 0.00849152976907852 0.006676324707557857
1 0.37744535412935065 0.46713524405335627 0.0068655051243564635 0.008257574135466295
0 0.7760796068793503 0.4764778638327356 0.009364777007944358 0.008316148497234221
1 0.25001248634993406 0.462932724558332 0.006845426818854777 0.007447424634256128
1 0.3866093510358398 0.4673500167131718 0.005239480479634295 0.009838823563374954
0 0.6907078064479175 0.4736664215430043 0.0068655051243564635 0.008257574135466517
0 0.9098610451568546 0.4767761015197993 0.008431311226189564 0.004245936140399753
0 0.7344852500769905 0.4730712043634545 0.009404933618947564 0.009936447499654777
0 0.11680821761520327 0.45616314263622726 0.006825348513353466 0.00663727513304585
0 0.13139737254922146 0.456099752360863 0.007718733645062592 0.009087249820455556
1 0.152907143797559 0.4626834287075821 0.023015535098773077 0.021590759747190824
0 0.18932731769920863 0.4562415313152698 0.006825348513353147 0.006637275133045961
0 0.2917975841009982 0.4586430829407996 0.0068655051243564635 0.008257574135466295
1 0.40469149271015076 0.46088361895816243 0.00434621452260886 0.007388851669011154
1 0.7262547338490917 0.4688252685721855 0.004366233240768458 0.008198999773698423
0 0.27604911432949203 0.4550315721689142 0.00845137463485568 0.005056085292479362
1 0.7342594457117637 0.465365140883013 0.008431296329354132 0.004245935791269084
1 0.8916936606758831 0.46986544922236817 0.005219402174132748 0.009028674062164677
0 0.4377090315078747 0.4571990860837201 0.00849152976907852 0.006676324707557746
0 0.4493723002979518 0.4574724331053037 0.00849152976907852 0.006676324707557801
0 0.5222577804641956 0.4595859288355903 0.009384855313445906 0.009126297998444555
1 0.22784028711693682 0.44944337183875366 0.008431296329354021 0.004245935791268973
0 0.6185400708030688 0.45941065494215005 0.008471452940357227 0.005866234793689473
0 0.691415482761281 0.46192919493110945 0.007678517446717548 0.007466949421512159
0 0.7872511110663607 0.4629593531021857 0.009324620396941152 0.006695849494813777
1 0.8104070157969829 0.4703921994292175 0.02132924574387529 0.020741559973207258
0 0.636868064616047 0.4598402002617814 0.011884127197033911 0.009184872360212537
0 0.7760144267429656 0.462290693723625 0.008511608074580068 0.007486474208768135
0 0.8343107370783558 0.46446757938014516 0.013550308452759174 0.009223921934724377
0 0.13174873698837797 0.44192237443905136 0.009324679984283213 0.006695850891336619
0 0.27759995021713985 0.4429087962919317 0.009324679984283102 0.00669585089133673
1 0.004752462296333249 0.4369194969318544 0.006885583429858122 0.009067723636676628
0 0.07519890475710367 0.43654399959041335 0.009284524850060372 0.005075611476258124
1 0.4384367555946786 0.4446517390660245 0.007638421899836545 0.005846711402956506
0 0.6425542369231458 0.4490302427792231 0.009284465262718311 0.005075610079735227
0 0.4755194170683301 0.44511551944309435 0.011864048891532308 0.008374722859002148
0 0.5222126778949223 0.4445886390189405 0.0101978676358071 0.008335673284490197
1 0.7030135714149734 0.4480153718435824 0.006825348513353258 0.006637275133045739
1 0.39143737865763345 0.44071309442723605 0.010238024246810196 0.009955972286910753
0 0.8400671678194847 0.45082212808789124 0.012717217824896654 0.00920439714746829
0 0.6043323985048497 0.44408141325021633 0.007698595752219095 0.00827709892272227
1 0.20689761646495125 0.4367934253093372 0.00950538325701722 0.013987136814887113
0 0.1066506523498299 0.4287697292227498 0.006845426818855027 0.007447424634256183
0 0.16534341553520449 0.4317664966313065 0.00609270752356017 0.010668439661022211
1 0.3798443824600316 0.4376042837387586 0.01033841429753779 0.01400666020561997
0 0.8280776897166175 0.4468934051554448 0.008611998125307774 0.011537162127477352
1 0.5494086214503586 0.4403623578831013 0.009485245364173611 0.013176985917153772
1 0.18485080175278235 0.4350608232906481 0.022182384883568496 0.021571233563412007
1 0.5607055399518681 0.4386005985517022 0.008591919819806115 0.01072701262626713
1 0.35862061996136463 0.43629625146425965 0.02299545679327153 0.020780610245980602
1 0.6037302046983045 0.43474531816739737 0.0060123361909922846 0.007427899847000208
1 0.8873074881790158 0.44503912785507693 0.010358506023094405 0.014816750468618967
1 0.5002862868484761 0.43799519853293967 0.021329245743875347 0.020741559973207313
0 0.44962839767453244 0.43032308023078736 0.011051096156513285 0.009165348969479292
0 0.6183595155049357 0.4330616586832836 0.006825348513353258 0.006637275133045961
0 0.786664049607047 0.43619551969908604 0.00849152976907852 0.006676324707557746
1 0.8081537723435538 0.4435893462452769 0.022162336371738034 0.020761084760463067
1 0.5546982962169665 0.4287325176011143 0.0075982057014913895 0.004226411004013053
0 0.6904219144023966 0.4347505541774477 0.009404933618947453 0.009936447499654777
0 0.8416280123278221 0.43829430655571305 0.010238024246810196 0.009955972286910697
0 0.8570502429928674 0.4382504407184741 0.009384855313445906 0.009126297998444555
1 0.5467939446113512 0.428141956673316 0.006785193379130416 0.005017035717967411
1 0.5805442137798813 0.4285276372031005 0.0075982057014916116 0.004226411004012998
0 0.830421430565844 0.4364104225762063 0.009364777007944358 0.008316148497234221
1 0.7188474155941253 0.43136370972370275 0.005952102751267785 0.004997510930711213
1 0.4280984885333515 0.42454955198875555 0.005992317472832576 0.006617751742312883
1 0.20444356385478607 0.4180919174708827 0.006805271684631964 0.005827185219177522
0 0.2473778777032457 0.41788225025468206 0.006072630694838904 0.009858349747153883
0 0.10746872807300084 0.4125767392432791 0.009384914900787966 0.009126299394967397
0 0.3087004791301401 0.4156717110446759 0.00851160807458018 0.007486474208768024
1 0.42910224254280716 0.4176828953967373 0.005972240644111393 0.005807661828444555
0 0.45654409782425276 0.4203525587320619 0.006072630694838987 0.009858349747153883
0 0.13706355346129723 0.4124597203879171 0.01025810107553149 0.010766062200778859
0 0.43912944679702115 0.41670199838566446 0.007658498728557894 0.006656801316824779
0 0.30129301511574325 0.41185034499759704 0.006825348513353369 0.006637275133045906
0 0.4937170506085391 0.41717072454450443 0.008531686380081782 0.008296623709978246
0 0.8003348405744808 0.4227355836794348 0.00849152976907852 0.006676324707557857
1 0.6191475043019153 0.41808386386021873 0.0060123361909922846 0.007427899847000097
0 0.7024566266755221 0.42003634398233836 0.0060123361909921735 0.007427899847000097
0 0.8124247087280754 0.42261361869317193 0.007678517446717437 0.007466949421512048
0 0.20883991381541683 0.40887297111159954 0.00869230987053371 0.014777700544976402
0 0.8699582166633039 0.421935486451002 0.00773875236322219 0.009897397925142826
0 0.8541395189898289 0.42115944039340275 0.009425010447668747 0.01074653741352305
0 0.3813601258758762 0.41007911280258863 0.008672233041812527 0.013967610631108185
1 0.28317578023123885 0.40291437748709 0.005179245563129542 0.007408375059744177
1 0.009972010968286316 0.3944848977216864 0.008531686380081614 0.008296623709978246
0 0.4394808119745678 0.40252459067018187 0.0076384218998364894 0.00584671140295645
1 0.5284409265346014 0.4119049720358246 0.021329215950204317 0.020741559274945698
0 0.8842512715559765 0.41700152563206505 0.009505338566510813 0.013987135767494774
0 0.4948814281084468 0.4038229911174881 0.00851160807458029 0.007486474208768079
1 0.6667642066543471 0.41393089505521663 0.02130913764470277 0.01993140977373542
0 0.6177523764785107 0.4071079449877233 0.009404933618947453 0.009936447499654777
0 0.7014780441660486 0.4090701875034709 0.008571842991084933 0.009916922712398801
1 0.8342356650254312 0.4170452316328938 0.021309167438373744 0.01993141047199698
0 0.7727776399249577 0.4079040948926158 0.007638362312494706 0.005846710006433498
0 0.8118827490996448 0.4108471049003932 0.009404933618947564 0.009936447499654777
0 0.19686558295661682 0.3875165102080032 0.008491529769078632 0.006676324707557857
1 0.00697093606727095 0.3810395105647192 0.008431296329354243 0.004245935791268973
0 0.125229768525838 0.385432302356862 0.006845426818855138 0.007447424634256128
0 0.6701317790801407 0.3957711361764206 0.008471452940357338 0.005866234793689529
0 0.4514553496569206 0.3902408005815553 0.009324679984283046 0.00669585089133673
0 0.31191252052157215 0.3869703952248734 0.0068655051243564635 0.008257574135466406
0 0.6439195417607195 0.3939408811260423 0.009324620396941152 0.006695849494813777
0 0.8363636406621815 0.39845111082260876 0.009324620396941152 0.006695849494813777
0 0.14196185367556607 0.38298733443508737 0.006905661735359669 0.009877873137886906
0 0.36732311622086 0.3878637195250516 0.009384914900787855 0.009126299394967508
0 0.6039411711887214 0.3925986151906278 0.007678517446717548 0.0074669494215121035
0 0.6318698145829025 0.3924425765544248 0.008551764685583163 0.009106773211188524
1 0.38072289918486973 0.3853406240571051 0.004366292828110407 0.008199001170221432
1 0.3957185304863974 0.38569207022771257 0.0043662928281105184 0.008199001170221487
0 0.8247706444645798 0.39534230013413124 0.0077186740577206425 0.009087248423932603
0 0.09631247293737166 0.37502728836021204 0.006885583429857789 0.009067723636676572
0 0.11218141032671702 0.3737779915058488 0.006845426818854708 0.007447424634256128
0 0.1992193920138749 0.376628483370092 0.007758888779285544 0.010707489235534107
0 0.8599311440100749 0.3892761605178692 0.0092844652627182 0.005075610079735171
1 0.5491579102638999 0.3832086019977924 0.009384855313446128 0.009126297998444555
1 0.7178689795824726 0.38675733064976037 0.0068655051243563525 0.008257574135466406
0 0.270975674800883 0.3738518538013137 0.007658498728557728 0.006656801316824779
1 0.33328686883472064 0.3822023658276374 0.021329275537546377 0.020741560671468706
1 0.5007683060328235 0.3849116560518575 0.021309167438373633 0.019931410471996924
0 0.6033791332547892 0.38164225089905923 0.006032414496493832 0.008238049348210374
1 0.6733788838880952 0.38247218492387314 0.005992257885490626 0.0066177503457898745
0 0.8391640975947878 0.3863576217773794 0.006032414496493721 0.008238049348210374
1 0.6932526203942404 0.3878016179361974 0.02130913764470277 0.019931409773735476
1 0.7765617725615181 0.3897540987565785 0.021309167438373855 0.019931410471996924
1 0.22274670969548432 0.36907380157584047 0.006012395778334095 0.007427901243523105
0 0.8259049052446252 0.3832097611652593 0.0093446987024427 0.007505998996023999
1 0.39895556560954 0.37279822282117975 0.005239480479634184 0.009838823563374954
1 0.1849012905121774 0.3657550043474727 0.006845426818854916 0.007447424634256072
1 0.4378448946749155 0.3676300942487797 0.007638421899836545 0.005846711402956506
1 0.200027428584295 0.3608405681412264 0.013490073536254421 0.0067934734310936
1 0.34458887979232083 0.3634179727202338 0.004366292828110407 0.008199001170221432
0 0.011939509612405252 0.34873163115132455 0.00688558342985812 0.009067723636676628
1 0.017168950200898703 0.3395322095792973 0.008451374634855346 0.0050560852924791955
0 0.22503530956107698 0.3439985741368863 0.006092707523560226 0.010668439661022155
0 0.8095292628316989 0.35445468724641604 0.008431296329354021 0.004245935791268973
1 0.42877637165455496 0.3467470455494458 0.0068655051243564635 0.008257574135466406
0 0.32901619639055946 0.33589761769766013 0.006845426818854916 0.007447424634256072
0 0.3557052727893683 0.3353072178282297 0.006825348513353258 0.00663727513304585
0 0.45401002646450267 0.3376111441209567 0.006825348513353258 0.00663727513304585
1 0.21492281707130573 0.3316024498417973 0.00517924556312957 0.007408375059744177
1 0.22949189369982226 0.3323492090676433 0.004366292828110241 0.008199001170221376
0 0.5352464912148746 0.33910973822259277 0.0060123361909922846 0.007427899847000097
0 0.669364162322694 0.3426583065144545 0.00936477700794447 0.008316148497234221
0 0.6847864078845747 0.3426144410263462 0.008511608074579957 0.007486474208768079
0 0.8056047307696185 0.3446354179148373 0.00851160807458018 0.007486474208768024
1 0.3928380697010416 0.3337456528494218 0.0043662928281105184 0.008199001170221487
1 0.9956198522997959 0.34625158028549125 0.005199328989418106 0.008218524680968065
1 0.16718070040437477 0.3239986672476486 0.00759826528883345 0.004226412400535895
0 0.23967972218287853 0.3248872054279014 0.006012395778334151 0.007427901243523105
1 0.5595466951399028 0.33400500062381844 0.009425010447668858 0.01074653741352305
1 0.1387552290063171 0.3273855123996551 0.021329275537546488 0.02074156067146865
0 0.24889391411473138 0.3230766341283623 0.009364836595286308 0.00831614989375723
1 0.28042091079026416 0.3290844598174657 0.02128911892654306 0.019121261669048206
1 0.9978801992279498 0.33865290323860575 0.004239601544100302 0.004245935987655103
0 0.2001982384637086 0.3203141641668773 0.010157711024803784 0.006715374282069753
0 0.37175485312571543 0.32676666344746413 0.008611998125307663 0.011537162127477352
1 0.47413476789113795 0.3328138580347691 0.022122149967063742 0.01914078505978123
0 0.5213449648207793 0.32824602229186295 0.0060123361909921735 0.007427899847000152
1 0.6370241831184711 0.3358208072351463 0.022955240594926374 0.01916030984703715
1 0.18820874620239625 0.3163854110916291 0.007598265288833339 0.0042264124005359505
0 0.7671872352380188 0.33076530135183513 0.007638362312494706 0.005846710006433498
1 0.8274257411165604 0.33866195645308483 0.020455998505009565 0.019101736183530782
1 0.20901599318080277 0.3176836816707615 0.004346214522608749 0.007388851669011154
0 0.3265421250622346 0.31800626075693894 0.006052552389337218 0.00904820024594355
1 0.013349946074533048 0.30863958980672596 0.005992317472832798 0.006617751742312827
0 0.13507164781514042 0.30784459837103884 0.007638421899836545 0.005846711402956395
0 0.45293614636039237 0.31367304178479405 0.008471452940357282 0.005866234793689473
1 0.1209592425794972 0.30548733163180986 0.005992317472832909 0.006617751742312772
0 0.358806884977322 0.31106166467774166 0.00849152976907852 0.006676324707557857
0 0.10594353297246789 0.3059460349624127 0.009404993206289514 0.009936448896177674
0 0.6025061804883449 0.31596252033673206 0.007658439141215889 0.00665679992030177
0 0.8570256589609477 0.32152230382171837 0.008471452940357227 0.005866234793689529
0 0.34509097654377957 0.30952431053161233 0.006012395778334123 0.007427901243523105
0 0.44129295587581685 0.31258954526200017 0.008551764685583274 0.009106773211188579
0 0.6129097741838772 0.3166116549280368 0.011884127197034022 0.009184872360212426
0 0.6300082394158438 0.31620179405750626 0.00934469870244281 0.007505998996024055
0 0.6416614697915604 0.31688018603602397 0.007698595752219206 0.008277098922722381
1 0.5546536346179354 0.31281450041189784 0.008471452940357227 0.005866234793689473
1 0.7783386767547531 0.3180569106779553 0.0060123361909921735 0.007427899847000097
1 0.8750375124075578 0.3178913991781431 0.0043461549352670215 0.0073888502724882565
0 0.7629766802678226 0.31567035780523445 0.006905661735359669 0.00987787313788685
1 0.3989759369106827 0.30470762812981966 0.0051591672576277725 0.006598225558533899
1 0.5485660486057466 0.3061869869742185 0.005972181056769443 0.005807660431921602
1 0.5593460615362682 0.30846615386616216 0.009404933618947453 0.009936447499654777
1 0.1057980708845283 0.2949994039690626 0.006805271684631839 0.0058271852191775775
0 0.1615750466660546 0.29792783532048484 0.006885583429858011 0.009067723636676572
1 0.19814068339403434 0.3024325391278516 0.0221422282725654 0.019950934560991507
0 0.345331913256238 0.2998026356917732 0.006012395778334234 0.007427901243523105
1 0.8780637625327643 0.31350397335150715 0.010238031695227856 0.009955972461476115
0 0.4420106415482601 0.3004472432012388 0.0076384218998366005 0.00584671140295645
1 0.50141608659261 0.3083243742134939 0.02045596871133859 0.019101735485269278
1 0.7235453766771809 0.309071972235725 0.007738752363222301 0.009897397925142826
0 0.3724274660225564 0.2996270722683143 0.008551764685583274 0.009106773211188579
0 0.4074775065709022 0.2980166946231051 0.008431296329354021 0.004245935791269029
0 0.4682429869668536 0.3014673494486683 0.008531686380081782 0.008296623709978301
0 0.641536055477061 0.3051234346368732 0.00851160807458018 0.007486474208768079
1 0.4204004802491951 0.29791425477322897 0.009284524850060372 0.005075611476258179
0 0.603650479682751 0.30342493641092594 0.00934469870244281 0.007505998996023999
1 0.035908689867358734 0.2897137058784113 0.0068655051243562415 0.00825757413546635
0 0.7653003428115475 0.30599752472720626 0.009324620396941263 0.0066958494948137215
1 0.7984734126436328 0.3128545487937704 0.021289089132872085 0.019121260970786647
0 0.8319275743223996 0.3083696586054168 0.007698595752219095 0.008277098922722326
0 0.8585865042076753 0.3089944524958692 0.009404933618947675 0.009936447499654777
0 0.8215741607553957 0.3056951797056267 0.010157711024803784 0.006715374282069697
1 0.028225255517652204 0.280211650802178 0.005972240644111615 0.005807661828444555
0 0.1102747333287753 0.2825398893986094 0.008491529769078535 0.006676324707557801
1 0.1498766846657842 0.28225212303338487 0.007638421899836434 0.005846711402956506
0 0.3706358406586609 0.28783127059639013 0.009324679984283102 0.006695850891336674
0 0.49644268379335543 0.2903744415144819 0.00934475828978476 0.007506000392546952
1 0.12367445596705295 0.2800168223278109 0.006845426818854708 0.007447424634256128
1 0.5489977262669097 0.28876901104756586 0.009284465262718311 0.005075610079735227
1 0.26739277739446526 0.2829797768701675 0.004366292828110407 0.008199001170221376
1 0.29156244475523285 0.2831409209499854 0.006012395778334234 0.007427901243523105
0 0.6693794411677461 0.291590345599099 0.006825348513353369 0.00663727513304585
0 0.2607380915243148 0.28241850382151457 0.006052552389337329 0.009048200245943605
0 0.6552169004940811 0.29125842421574755 0.008531686380081727 0.008296623709978301
1 0.028385879746494425 0.27373054417350895 0.005972240644111615 0.005807661828444499
1 0.8585514407911528 0.29359208792861424 0.0051591672576279946 0.006598225558533954
1 0.993115778395365 0.2959351944495712 0.007618291455410708 0.0050365606797886375
1 0.3999346181445362 0.28284368241941305 0.004366292828110407 0.008199001170221432
0 0.8443688076535409 0.29407028590367135 0.010238024246810196 0.009955972286910753
0 0.8048371140121717 0.2915225882528712 0.006072571107496927 0.00985834835063093
1 0.23168025001250786 0.2776844469523235 0.009465226646013875 0.012366837812466447
1 0.38706184022999734 0.2809207485162636 0.0069859734805857165 0.013118411555385956
1 0.5591353895182729 0.28333235206544005 0.009404933618947564 0.009936447499654832
1 0.5488020386215449 0.2798477531089799 0.00845137463485568 0.0050560852924791955
0 0.12434194661413223 0.26989986422640416 0.005992317472832465 0.006617751742312827
0 0.13851458602789007 0.26982671225567334 0.007638421899836545 0.005846711402956506
0 0.1797425627480112 0.27119826467371033 0.0068655051243563525 0.008257574135466406
1 0.33914906018147334 0.2802031473013891 0.02128911892654306 0.01912126166904815
1 0.47495299085051956 0.2829806156665525 0.021269042097821822 0.018311171755179823
0 0.6162925080121832 0.2810241882208926 0.006845426818854916 0.007447424634256128
1 0.6691937926751322 0.28226401290990794 0.0060123361909922846 0.007427899847000097
1 0.6886710621728478 0.286773534027394 0.020455968711338368 0.019101735485269278
0 0.6063857415821372 0.2771442769074553 0.00845137463485568 0.005056085292479251
0 0.6563411221213757 0.2795309599974807 0.008511608074580068 0.007486474208768024
1 0.7695010058652036 0.2878572906356662 0.020455998505009454 0.019101736183530726
0 0.8575427415618173 0.2838411259078912 0.005992257885490404 0.00661775034578993
0 0.844233354186291 0.2827186092551257 0.009364777007944358 0.008316148497234221
0 0.030840020005528213 0.2587917982266945 0.006825348513353147 0.00663727513304585
0 0.11587561740031693 0.2583529106098893 0.008451374634855333 0.0050560852924791955
0 0.12467323422456766 0.2565325762184608 0.007638421899836656 0.005846711402956506
0 0.19879834097352544 0.259080434578498 0.012677120801235287 0.007584099541570799
1 0.21008519052861335 0.25772374929944253 0.006805271684631964 0.005827185219177522
0 0.469583150098116 0.26421080156463467 0.007658498728557783 0.006656801316824779
0 0.37337113235171815 0.26155061179118094 0.00851160807458018 0.007486474208768024
0 0.4825061237764089 0.2641083617147585 0.00684542681885475 0.007447424634256128
1 0.6154143155534374 0.2660073438233158 0.005992257885490515 0.0066177503457898745
0 0.8453575758135856 0.27099114503685884 0.012677061213893448 0.007584098145047846
0 0.7741382917999027 0.2689166992302148 0.008531686380081727 0.008296623709978357
0 0.18309002781302242 0.2538486248041921 0.00609270752356017 0.0106684396610221
0 0.267739166820071 0.25218477963735303 0.008531686380081616 0.008296623709978329
0 0.38857758290745176 0.2533956073737646 0.008531686380081838 0.008296623709978329
0 0.12783001718982595 0.24687926862595 0.006925738564080755 0.01068796305175515
0 0.374881752779411 0.251048103726425 0.006012395778334123 0.007427901243523022
1 0.5017977157262297 0.25929151965112107 0.020435891882617185 0.01829164557140095
1 0.3406045688654107 0.2551084174204322 0.021289119295738068 0.01912127656588375
0 0.5352619165577472 0.2544015547121624 0.008531686380081727 0.008296623709978246
0 0.6019393429093657 0.254748352079436 0.006805271315436956 0.00582717032234209
1 0.2511677053453923 0.24814866327571175 0.008591920189001345 0.010727027523102561
1 0.6876072214060858 0.2624303494922084 0.020455969080533598 0.01910175038210471
0 0.6123830935850962 0.2537771727714847 0.009324620766136271 0.006695864391649209
0 0.760236750508972 0.2580529829503543 0.0068655051243564635 0.008257574135466406
0 0.773992799918292 0.2579700675386033 0.007678517446717548 0.0074669494215121035
1 0.8217650480173231 0.2643586634721561 0.020435921307093152 0.018291631372827022
1 0.8548127046424945 0.2594588914490629 0.005992258254685634 0.006617765242625362
1 0.02641369945366101 0.23558573134588276 0.008471452201967322 0.005866205000018498
1 0.03388139783076988 0.23697667123458407 0.008571842621889814 0.00991690781556337
0 0.46975887651132375 0.24030197081425897 0.008511608074580124 0.007486474208768051
0 0.2802607267932738 0.23464486886723923 0.007658499466948077 0.006656831110495726
0 0.8251225818441585 0.2466039569987119 0.007618284006992937 0.005036560505223303
1 0.03579855439791174 0.226888993563905 0.006765115073629091 0.0042068862167570775
0 0.11654823029715788 0.23121331943073947 0.011884127197034022 0.009184872360212454
0 0.12822153823998578 0.23108159170171788 0.008531686380081602 0.008296623709978301
0 0.4431200543560256 0.23886704301769326 0.008551764685583274 0.009106773211188579
0 0.6397496995991379 0.24266474749846006 0.008511608074580068 0.007486474208768107
0 0.32109226629863624 0.23519651008869946 0.009384914900787966 0.00912629939496748
0 0.3756697710008664 0.2360703244984571 0.0068655051243564635 0.008257574135466322
0 0.77097164634258 0.24533484477968184 0.011030958263669732 0.008355198071746173
0 0.5364764890830187 0.23902847732579136 0.0068655051243565746 0.00825757413546635
1 0.6789451745686372 0.2419621446872639 0.005179245563129431 0.007408375059744149
1 0.7860074487827512 0.24406600719383498 0.005992258623880753 0.006617780139460905
1 0.7077470354080132 0.24020533113763498 0.00430599906265372 0.005768581063738676
1 0.9964533826939842 0.24535040748294124 0.005179249752864656 0.007408375157937214
0 0.09300589771085677 0.22255548645826428 0.006012395778334012 0.007427901243523077
1 0.012256281398952684 0.21823116198795275 0.010970783672897055 0.005924780758309378
1 0.0368123471909233 0.2196172771181171 0.006845426818854694 0.007447424634256128
0 0.2805217410728437 0.22411307431986083 0.007658499466948077 0.006656831110495726
1 0.5019834656569626 0.23497764359468049 0.019602830310035346 0.018272091688735503
1 0.17749441285825807 0.22737273302325878 0.0221422282725654 0.019950934560991423
0 0.21181175282946885 0.22169214267208437 0.0068253492517433845 0.006637304926716853
1 0.34120690935437403 0.23080428245975854 0.021289119664933187 0.01912129146271921
1 0.6607075018599649 0.23788698550126697 0.02043589114422717 0.018291615777729975
0 0.6941215080353136 0.23502234962482743 0.008591920558196464 0.010727042419938077
1 0.11770256901350995 0.21827064585749273 0.008471452201967322 0.005866205000018498
0 0.144778044212717 0.2189052021415731 0.00934475828978476 0.00750600039254698
0 0.2922452436718402 0.22195601752832006 0.00932468072267334 0.006695880685007649
0 0.3188740266743877 0.2237960200754909 0.012717277412238603 0.009204398543991354
1 0.40932468335661243 0.22348404287758794 0.008431296329354021 0.004245935791269029
1 0.4351505524076965 0.22408931267904586 0.006765115073628758 0.004206886216757105
0 0.6812688371123622 0.2322893116092357 0.009384855313445906 0.0091262979984445
0 0.7608491295968934 0.23334379558432874 0.00851160807458018 0.007486474208768024
1 0.5159804808340218 0.22517308383502282 0.00676511507362898 0.004206886216757022
1 0.5913752720366043 0.22694007917647227 0.0075982057014915005 0.004226411004012998
1 0.8465471248134757 0.2398105985389567 0.020435920937898033 0.01829161647599148
1 0.9738043836222245 0.23428169569734927 0.007598213149909161 0.004226411178578415
1 0.22668199961016822 0.21028683814180243 0.004346214522608943 0.007388851669011182
1 0.68828492731281 0.2182681021918008 0.005992258623880753 0.006617780139460905
1 0.17884953167606527 0.2063286836125934 0.0101978676358071 0.008335673284490197
1 0.36546201107932424 0.2107022401474989 0.005199323868631089 0.008218524560954454
1 0.681223734912284 0.21729200689575032 0.0051993238686312004 0.008218524560954399
1 0.015247464383427667 0.19844137150677926 0.0076183435943349975 0.0050365619017462004
1 0.8470490750671138 0.2195571589454101 0.005199323868631089 0.008218524560954454
1 0.0290335861912987 0.19714324569265618 0.006785193379130305 0.005017035717967272
1 0.5051051706780583 0.20992195618894843 0.004366292828110407 0.008199001170221404
0 0.5262988462505339 0.2124451836198532 0.008632076430809432 0.012347311628687657
1 0.122686097875994 0.2021752798143018 0.007799045390288861 0.012327788237954607
1 0.29268695974736375 0.20413299664473328 0.0060324740838356705 0.008238050744733355
0 0.3709373045448751 0.20839873185644142 0.007819123695790187 0.013137937739164801
1 0.6587704144081297 0.21514455283599276 0.010318335992036243 0.013196510704409775
0 0.15109155092508714 0.1995985706631931 0.011010939545509912 0.007545049967058903
0 0.841684166114535 0.2174049035197609 0.007839141675559658 0.013948056050181179
1 0.2566984627684866 0.19315694790406396 0.008431296329354021 0.004245935791269001
1 0.19677611215314872 0.1893207431151516 0.005139089690516352 0.0057881058509946515
1 0.01940794177080002 0.18192140592572723 0.00843129632935413 0.004245935791269029
1 0.3363691363138609 0.1905658045124788 0.004366292828110296 0.008199001170221404
1 0.40352331254845186 0.18849193741674142 0.008431296329354021 0.004245935791269001
0 0.10398680781617825 0.18309303932261756 0.00605255238933744 0.009048200245943577
1 0.9942253067835657 0.20071474113537704 0.0067651225220466404 0.004206886391322384
0 0.4568813285608113 0.18812124109206121 0.008471452201967045 0.005866205000018498
1 0.26702683754407863 0.1800239722400277 0.0052394797412442795 0.009838793769703952
1 0.26083892180689444 0.17744711832390964 0.004366292828110407 0.008199001170221404
1 0.9764845045379767 0.19340879133416294 0.0076584473280241205 0.006656829888538163
1 0.21253968373982535 0.17550454466216586 0.0060726299564486386 0.00985831995348288
1 0.19392562195902974 0.16979933897695593 0.005219402174132748 0.009028674062164704
0 0.7133782128601037 0.18116292109712162 0.007678517446717548 0.0074669494215121035
1 0.7954176213556099 0.18389624864273207 0.005219402174132637 0.009028674062164677
0 0.17976308128536478 0.16946741759360448 0.00692573930247109 0.010687992845426153
1 0.35979114741094853 0.1704442374129631 0.00851160807458018 0.007486474208768024
1 0.5147662016735866 0.17326570113440862 0.005139089690516574 0.0057881058509946515
1 0.6296525153788947 0.17920067788311253 0.006965895175084169 0.012308262054175678
1 0.6846465951887271 0.18008425538475964 0.006945816869582622 0.011498112552965428
1 0.9960487380758631 0.18374090447977348 0.007902523848273613 0.004245935976744691
1 0.15031884097315962 0.16350840457090246 0.0059521623386098454 0.004997512327234277
0 0.2039628653659945 0.168413367215278 0.008632076430809432 0.01234731162868763
1 0.6430020433610035 0.1787029398748332 0.010298257686534584 0.012386361203199553
0 0.6671617013626913 0.17926915940351773 0.008632076430809432 0.01234731162868763
1 0.7729643153790959 0.1817488098289407 0.010298257686534584 0.01238636120319958
1 0.9621764567166704 0.18213025280690473 0.006765122522046418 0.00420688639132244
1 0.825112836425439 0.1797285567654963 0.0043461549352669104 0.007388850272488201
1 0.9986283242169054 0.1761910394337589 0.0027433515661893226 0.006734929103024062
1 0.0352066934781487 0.14986734874666013 0.008431296329354129 0.004245935791268973
1 0.49891242568675365 0.15708729016042366 0.0076183435943351085 0.005036561901746228
0 0.5189066305491281 0.15755588575282833 0.007618284006993048 0.005036560505223275
1 0.9754307033012252 0.16866055441544614 0.010970733396077348 0.005924779579993128
0 0.4647657490971358 0.1558816991323239 0.00605255238933744 0.009048200245943605
1 0.9909232036692579 0.16578120993810536 0.010137643699266619 0.005905254814557809
1 0.013084689639710323 0.13435263717089166 0.00845137463485579 0.005056085292479251
1 0.827205748645667 0.14573207138795619 0.008431296329354132 0.0042459357912689455
1 0.8751486603108889 0.145234478493817 0.005932024445766015 0.004187361429501102
1 0.025525937498492246 0.1200532797151124 0.005992318211222369 0.006617781535983816
1 0.6070538491217551 0.132466384433504 0.005932024445766126 0.004187361429501074
0 0.6466357228916527 0.13298873777581877 0.00845137463485579 0.005056085292479223
1 0.6936853246477327 0.1349020391535141 0.00432607736815549 0.006578730564948954
1 0.7091276183522489 0.13404803836276957 0.008431296329354021 0.0042459357912689455
1 0.26008131403933243 0.1239292281099124 0.0068253492517433845 0.006637304926716797
1 0.16806486615210997 0.1201514678145941 0.00928452485006026 0.005075611476258138
1 0.30057659018231864 0.12123056782198408 0.005972239905721155 0.005807632034773538
1 0.33888877949859164 0.12253378418288663 0.0059923182112227025 0.006617781535983844
1 0.8170732081055592 0.13414607867129455 0.007678517631315107 0.0074669568699298194
1 0.810001961563148 0.13357506150092735 0.005199323868631089 0.008218524560954454
1 0.13234229952510285 0.11526121637156411 0.007618343409737549 0.005036554453328471
1 0.1989495130561857 0.1184434713538369 0.012817667278368639 0.013255079014282897
1 0.99048672570486 0.13294135207262853 0.0076182910862158115 0.00503654578295315
1 0.46872559288087334 0.11382288679361563 0.008431296329354077 0.004245935791268987
1 0.9963650390904328 0.12417627768799958 0.0072699218191343284 0.0050560706138504385
1 0.31141189096348976 0.10446174208173312 0.010137633457692363 0.00590525457453045
1 0.3676555771060427 0.10537459861758498 0.007658499466947966 0.006656831110495753
1 0.2198219977492784 0.1002886687311762 0.00678519300993527 0.00501702082113184
1 0.2939370658992782 0.10324157949656529 0.01017778969950045 0.007525538680115476
1 0.19943138528121857 0.09900017008887399 0.009284524480865142 0.005075596579422664
1 0.20690912281107832 0.0999860352269702 0.004366292828110296 0.008199001170221418
1 0.5623932665218738 0.10142719074165985 0.006805270946241837 0.005827155425506589
1 0.622802435597411 0.102437671912053 0.005992258623880753 0.006617780139460849
1 0.5540522912968255 0.1016370169214438 0.006905660996969543 0.00987784334421589
1 0.6115556823275943 0.10217408658583599 0.0068655051243564635 0.008257574135466392
1 0.7835991147114101 0.10580089204157461 0.0076785178159125556 0.007466964318347563
1 0.7532013159689057 0.10468316930628296 0.0068655051243564635 0.008257574135466364
1 0.024306535534502738 0.08516855243749445 0.006825349251743492 0.006637304926716825
1 0.4675412837578822 0.09434053967834963 0.006765115073628869 0.00420688621675705
1 0.5666691486800679 0.09706905945704297 0.008451374265660672 0.005056070395643764
1 0.8028003701062971 0.10462968584042534 0.007718673688525635 0.009087233527097102
1 0.6037316724454734 0.09834298049038237 0.006012336560187181 0.0074279147438356535
1 0.6662536849951269 0.0981870717223533 0.0075982057014913895 0.004226411004013025
0 0.2730345511199056 0.0889713637583992 0.010970783672896944 0.005924780758309364
0 0.2913625449328838 0.08940090907803047 0.006012396147529131 0.007427916140358565
0 0.30679482946291786 0.08895197628773482 0.006845427188049924 0.007447439531091601
1 0.3272256575755302 0.08862019966939272 0.005972239905721044 0.005807632034773552
1 0.16603245149656426 0.08443708114534543 0.0068253492517432734 0.006637304926716839
1 0.2468222836376185 0.08714112290659487 0.006865505124356491 0.008257574135466364
1 0.15812815929369334 0.08384652906248782 0.007678577403254505 0.007466965714870516
1 0.2631478926044347 0.08428131109043091 0.00761834322513999 0.005036547004910727
1 0.6921698753351144 0.09514672020902783 0.004366233240768569 0.008198999773698451
1 0.8442994000741414 0.0950643764088965 0.008431296329354021 0.004245935791268987
1 0.8963575774863279 0.09668974413653939 0.00936479190477979 0.008316148846364987
1 0.34834405445612604 0.07736132289685135 0.0059923182112227025 0.006617781535983816
0 0.26171260853922196 0.07492567632352044 0.006012396147529131 0.007427916140358565
0 0.2971089510489022 0.0761605477823479 0.008531686380081727 0.008296623709978301
1 0.9935934325802038 0.09167315029294187 0.005159171720227174 0.0065982554394875825
0 0.2217342377826262 0.0735834178365237 0.004366292828110407 0.008199001170221404
1 0.4241654001471221 0.0787330126314799 0.007718733275867529 0.009087234923620041
1 0.5729726162396873 0.07816750272926806 0.008431296329354132 0.004245935791268973
1 0.4826625058499982 0.07280850790287668 0.006012396147529242 0.007427916140358579
1 0.3106692981006196 0.06715636663446259 0.006805270946241837 0.005827155425506575
1 0.8513556610440378 0.07942289813184283 0.008531686380081616 0.008296623709978301
1 0.8742957852961535 0.07874462077553276 0.0060926486746084585 0.010668468058170177
1 0.26453312851129934 0.06202205232478564 0.006012396147529242 0.007427916140358565
1 0.3920362698061789 0.06338907091082721 0.007598265288833339 0.004226412400535957
1 0.5952503277731738 0.07058353445239404 0.0060524924328003715 0.009048183952585179
1 0.8622260101602983 0.07805644405813386 0.010278179750228267 0.011576226598824776
0 0.5329792901657416 0.06061273087206755 0.007618283637797818 0.005036545608387781
1 0.6004697295781114 0.061789172734136436 0.0075982057014915005 0.004226411004013025
1 0.9986837575379921 0.07158567156563639 0.002632484924015688 0.00503654578295315
1 0.3235571787533165 0.05165155407065222 0.006825349067145825 0.006637297478299102
1 0.20069629979116838 0.04796150752702903 0.005992318026625143 0.006617774087566065
1 0.3398024757903092 0.05203228812040506 0.007698655339561045 0.008277100319245285
1 0.4252043934953966 0.05362851360673871 0.0068454271880498685 0.007447439531091601
0 0.26151197521248365 0.04938681839323757 0.0060324740838356705 0.008238050744733341
0 0.5498218047958445 0.0537119891083519 0.007658439695008568 0.006656822265555057
1 0.9992408489137122 0.06067810063752892 0.0015183021725755363 0.004245935998565348
1 0.7273606383751887 0.054225152366919785 0.005972180502976765 0.005807638086668364
1 0.8526355608496059 0.04459674219004539 0.007618283637797929 0.005036545608387774
1 0.7626817615957335 0.04167792846724177 0.007738751809429623 0.009897375579889608
1 0.7535278037496965 0.04105808478102988 0.0110911922571868 0.010785609333288246
1 0.8697641286660642 0.04297165578751658 0.006885583106812088 0.009067710601945562
1 0.6339992575053279 0.03744613668816909 0.0069257391178734196 0.01068798539700841
1 0.39415926934486784 0.02817737454899353 0.006785193056084604 0.005017022683236255
0 0.70572542311098 0.03588472019857952 0.0068052711308393965 0.005827162873924326
0 0.36123208169894233 0.028216284013757212 0.007698655339561156 0.008277100319245275
1 0.4029167897223246 0.027977317280203053 0.009304602509470516 0.005885734908006299
0 0.22795754009484004 0.024282176931172968 0.00936483659528628 0.008316149893757212
1 0.28167183735704654 0.026351664736027944 0.006905661181567102 0.009877850792633633
1 0.3345932596359429 0.02678135249298263 0.004366292828110296 0.008199001170221407
1 0.6690292496110672 0.03664590644927499 0.008672232441870542 0.013967586423750459
1 0.6033254595106811 0.030647688845477295 0.008611998402203946 0.011537173300103974
1 0.20243290078328086 0.011524844770110041 0.005992318026625143 0.006617774087566067
1 0.35321238458680143 0.015463903220777783 0.006012396055230407 0.007427912416149707
1 0.2453571758943341 0.011720235545574616 0.006825349067145853 0.006637297478299092
0 0.1928623677834922 0.010895239854113132 0.00855176440868699 0.00910676203856194
0 0.2545211728008232 0.011935008205390254 0.0068655051243564635 0.008257574135466366
1 0.32408427002102524 0.013565328639524971 0.007698655339561045 0.008277100319245275
1 0.4098826848974087 0.015981451822122846 0.006052552112440934 0.00904818907331698
0 0.29617576379283495 0.01291124849918544 0.006905661112342809 0.00987784799947699
1 0.02431195172596784 0.0017016176086121209 0.00928452452701467 0.0034032352172242417
1 0.33071396170950873 0.0004235940124133352 0.008451374334884632 0.0008471880248266704
1 0.3590391026441807 0.0007457537003982631 0.006785193079159368 0.0014915074007965262
1 0.36695343381520484 0.0008433776366780978 0.0076183432943639495 0.0016867552733561956
1 0.3952584967443462 0.0019659123285664607 0.004326136793974644 0.003931824657132921
