1 0.561053454875946 0.9973261952400208 0.006384730339050293 0.005347609519958496
1 0.3036711812019348 0.9964349269866943 0.008778929710388184 0.005347609519958496
0 0.18794892728328705 0.9964349269866943 0.008778929710388184 0.005347609519958496
1 0.5418994426727295 0.9950980544090271 0.007980823516845703 0.004456281661987305
1 0.5331205129623413 0.9942067861557007 0.007980823516845703 0.004456281661987305
0 0.7932960987091064 0.9950980544090271 0.006384730339050293 0.008021354675292969
1 0.688746988773346 0.9933155179023743 0.007980823516845703 0.004456281661987305
1 0.9229848384857178 0.9942067861557007 0.0055866241455078125 0.008021354675292969
1 0.4046289026737213 0.9919785857200623 0.006384670734405518 0.003565073013305664
1 0.6775738000869751 0.9919785857200623 0.007980823516845703 0.005347609519958496
1 0.020750200375914574 0.9915329813957214 0.007980845868587494 0.004456281661987305
0 0.9401436448097229 0.990641713142395 0.007980823516845703 0.006238818168640137
1 0.42019152641296387 0.9884135723114014 0.008778929710388184 0.005347609519958496
1 0.05546687915921211 0.9888591766357422 0.010375097393989563 0.006238818168640137
0 0.4820430874824524 0.9866310358047485 0.007980823516845703 0.005347609519958496
0 0.2286512404680252 0.9888591766357422 0.005586594343185425 0.0098038911819458
1 0.9964086413383484 0.9857397675514221 0.007182717323303223 0.005347609519958496
1 0.7980846166610718 0.9844028353691101 0.007980823516845703 0.004456281661987305
0 0.7781324982643127 0.9857397675514221 0.006384730339050293 0.007130146026611328
1 0.46129289269447327 0.9839572310447693 0.006384670734405518 0.007130146026611328
1 0.9062250852584839 0.9830659627914429 0.0055866241455078125 0.007130146026611328
0 0.8136472702026367 0.9826202988624573 0.008778929710388184 0.006238818168640137
1 0.06464485265314579 0.9826202988624573 0.009577017277479172 0.006238818168640137
1 0.4740622639656067 0.9817290306091309 0.006384670734405518 0.006238818168640137
1 0.9604948163032532 0.9808377623558044 0.008778929710388184 0.006238818168640137
1 0.6683958768844604 0.9803921580314636 0.008778929710388184 0.005347609519958496
1 0.003990422934293747 0.98128342628479 0.007980845868587494 0.007130146026611328
0 0.8332003355026245 0.9821746945381165 0.004788517951965332 0.010695219039916992
0 0.6217079162597656 0.9777183532714844 0.009577035903930664 0.005347609519958496
0 0.40582603216171265 0.9772727489471436 0.01037508249282837 0.006238818168640137
0 0.39425379037857056 0.9772727489471436 0.007980823516845703 0.006238818168640137
1 0.9736632108688354 0.9754902124404907 0.007980823516845703 0.004456281661987305
1 0.1552274525165558 0.9745989441871643 0.00718274712562561 0.004456281661987305
1 0.06943336129188538 0.9745989441871643 0.00798085331916809 0.004456281661987305
1 0.938946545124054 0.9741532802581787 0.007182717323303223 0.005347609519958496
1 0.3591380715370178 0.9741532802581787 0.009577035903930664 0.005347609519958496
1 0.23862729966640472 0.9737076759338379 0.00798085331916809 0.004456281661987305
1 0.8882681727409363 0.9732620120048523 0.007980823516845703 0.005347609519958496
0 0.8782920837402344 0.9737076759338379 0.008778929710388184 0.006238818168640137
1 0.21308858692646027 0.9719251394271851 0.00798085331916809 0.004456281661987305
0 0.825219452381134 0.9728164076805115 0.009577035903930664 0.008021354675292969
1 0.7992817163467407 0.9710338711738586 0.0039904117584228516 0.008021354675292969
1 0.1053471639752388 0.9696969985961914 0.00957702100276947 0.005347609519958496
1 0.6061452627182007 0.9683600664138794 0.008778929710388184 0.006238818168640137
1 0.5063846707344055 0.967468798160553 0.007182717323303223 0.004456281661987305
1 0.9964086413383484 0.9692513346672058 0.007182717323303223 0.0098038911819458
0 0.2482042983174324 0.9643493890762329 0.011173173785209656 0.00891268253326416
0 0.16280925273895264 0.9630124568939209 0.009577006101608276 0.006238818168640137
1 0.5590582489967346 0.9612299203872681 0.007182717323303223 0.004456281661987305
1 0.013966480270028114 0.9616755843162537 0.003990422934293747 0.00891268253326416
1 0.018355945125222206 0.9549911022186279 0.007980845868587494 0.004456281661987305
1 0.09177973121404648 0.9460784196853638 0.006384670734405518 0.004456281661987305
1 0.028332002460956573 0.9385026693344116 0.007182762026786804 0.005347609519958496
0 0.005187550093978643 0.9367201328277588 0.010375100187957287 0.00891268253326416
0 0.05347166955471039 0.9273618459701538 0.007980845868587494 0.008021354675292969
1 0.9960095882415771 0.9220142364501953 0.007980823516845703 0.004456281661987305
1 0.060654427856206894 0.9180035591125488 0.007980845868587494 0.005347609519958496
1 0.012769353110343218 0.9131016135215759 0.00798084493726492 0.004456281661987305
1 0.06584198027849197 0.9126559495925903 0.010375097393989563 0.007130146026611328
0 0.8774940371513367 0.9099822044372559 0.007182717323303223 0.00891268253326416
0 0.7589784264564514 0.9090909361839294 0.007980823516845703 0.007130146026611328
1 0.7936951518058777 0.9055258631706238 0.0039904117584228516 0.00891268253326416
0 0.5546687841415405 0.9001782536506653 0.006384730339050293 0.00891268253326416
1 0.9118116497993469 0.9064171314239502 0.019952058792114258 0.023172855377197266
1 0.16360734403133392 0.897504448890686 0.00798085331916809 0.00891268253326416
1 0.9940143823623657 0.8961675763130188 0.0039904117584228516 0.008021354675292969
1 0.3519552946090698 0.8934937715530396 0.007980823516845703 0.004456281661987305
1 0.10774142295122147 0.8921568393707275 0.007980838418006897 0.005347609519958496
1 0.1241021528840065 0.8908199667930603 0.007182762026786804 0.008021354675292969
1 0.6755785942077637 0.897504448890686 0.019952058792114258 0.023172855377197266
1 0.4948124587535858 0.893048107624054 0.007980823516845703 0.014260292053222656
1 0.0750199556350708 0.8903743028640747 0.004788503050804138 0.00891268253326416
0 0.603751003742218 0.8877005577087402 0.007182717323303223 0.007130146026611328
1 0.5730247497558594 0.8952763080596924 0.02075016498565674 0.022281646728515625
0 0.9169992208480835 0.885026752948761 0.007980823516845703 0.007130146026611328
1 0.1991221010684967 0.8859180212020874 0.00718274712562561 0.00891268253326416
0 0.8527534008026123 0.8823529481887817 0.007182717323303223 0.007130146026611328
0 0.758579432964325 0.8796791434288025 0.007182717323303223 0.007130146026611328
1 0.37470072507858276 0.8868092894554138 0.018355965614318848 0.021390318870544434
0 0.8663208484649658 0.8778966069221497 0.0055866241455078125 0.00891268253326416
1 0.8120510578155518 0.8770053386688232 0.007182717323303223 0.00891268253326416
1 0.3016759753227234 0.883689820766449 0.019154012203216553 0.022281646728515625
0 0.28172385692596436 0.8774510025978088 0.007980823516845703 0.0098038911819458
1 0.06105347163975239 0.8752228021621704 0.005586590617895126 0.005347609519958496
0 0.6807661652565002 0.8761140704154968 0.009577035903930664 0.00891268253326416
1 0.11492418497800827 0.8738859295845032 0.007980838418006897 0.004456281661987305
0 0.6041500568389893 0.874331533908844 0.007980823516845703 0.007130146026611328
0 0.5534716844558716 0.8734402656555176 0.007182717323303223 0.007130146026611328
1 0.010375100187957287 0.8721033930778503 0.007980845868587494 0.004456281661987305
1 0.6556264758110046 0.8721033930778503 0.008778929710388184 0.0098038911819458
1 0.8108539581298828 0.8685383200645447 0.007980823516845703 0.004456281661987305
1 0.7992817163467407 0.8707664608955383 0.0039904117584228516 0.00891268253326416
1 0.6452513933181763 0.8712121248245239 0.0055866241455078125 0.0098038911819458
1 0.8842777609825134 0.875668466091156 0.02075016498565674 0.022281646728515625
0 0.3786911368370056 0.8676470518112183 0.007182776927947998 0.006238818168640137
0 0.4189944267272949 0.8680927157402039 0.007980823516845703 0.00891268253326416
1 0.7270550727844238 0.8707664608955383 0.019154071807861328 0.021390318870544434
1 0.34317636489868164 0.864973247051239 0.006384670734405518 0.0098038911819458
1 0.003990422934293747 0.8636363744735718 0.007980845868587494 0.007130146026611328
0 0.23343974351882935 0.8622994422912598 0.00718274712562561 0.006238818168640137
0 0.22306464612483978 0.8614081740379333 0.00718274712562561 0.008021354675292969
1 0.5734238028526306 0.866310179233551 0.019952058792114258 0.021390318870544434
0 0.5538707375526428 0.8591800332069397 0.006384730339050293 0.00891268253326416
0 0.528331995010376 0.856951892375946 0.006384730339050293 0.006238818168640137
0 0.9050279259681702 0.8538324236869812 0.007980823516845703 0.007130146026611328
1 0.05506783723831177 0.8529411554336548 0.007980845868587494 0.005347609519958496
1 0.1125299260020256 0.8498217463493347 0.004788503050804138 0.006238818168640137
1 0.3008778989315033 0.8565062284469604 0.019154012203216553 0.021390318870544434
0 0.6695929765701294 0.8480392098426819 0.007980823516845703 0.008021354675292969
1 0.8016759753227234 0.8475936055183411 0.007182717323303223 0.00891268253326416
1 0.060654427856206894 0.846256673336029 0.011173181235790253 0.006238818168640137
1 0.4784517288208008 0.8444741368293762 0.007182776927947998 0.004456281661987305
0 0.6045491099357605 0.8449198007583618 0.007182717323303223 0.007130146026611328
0 0.5782122611999512 0.8449198007583618 0.007182717323303223 0.007130146026611328
1 0.8838787078857422 0.8458110690116882 0.019952058792114258 0.021390318870544434
0 0.8499600887298584 0.8400177955627441 0.007980823516845703 0.011586427688598633
1 0.05466879531741142 0.8377896547317505 0.010375097393989563 0.007130146026611328
0 0.6460494995117188 0.8395721912384033 0.007182717323303223 0.014260292053222656
0 0.9772545695304871 0.8346702456474304 0.007182717323303223 0.006238818168640137
1 0.7007182836532593 0.8413547277450562 0.019154071807861328 0.021390318870544434
1 0.07102952897548676 0.8315507769584656 0.004788503050804138 0.007130146026611328
0 0.5666400790214539 0.8315507769584656 0.006384730339050293 0.00891268253326416
1 0.39864325523376465 0.832442045211792 0.018355965614318848 0.021390318870544434
1 0.862330436706543 0.8239750266075134 0.007182717323303223 0.006238818168640137
0 0.419792503118515 0.8248662948608398 0.01117318868637085 0.008021354675292969
0 0.9030327200889587 0.8235294222831726 0.007182717323303223 0.00891268253326416
0 0.8343974351882935 0.8221924901008606 0.011971235275268555 0.0098038911819458
1 0.25219473242759705 0.8275400996208191 0.017557859420776367 0.020499110221862793
0 0.2330407053232193 0.8199643492698669 0.00798085331916809 0.007130146026611328
1 0.5798084735870361 0.815062403678894 0.0055866241455078125 0.008021354675292969
0 0.8108539581298828 0.8159536719322205 0.007980823516845703 0.015151500701904297
1 0.49401435256004333 0.8132798671722412 0.007980823516845703 0.0098038911819458
0 0.40223464369773865 0.8123885989189148 0.009577035903930664 0.008021354675292969
0 0.42737430334091187 0.8123885989189148 0.01037508249282837 0.0098038911819458
1 0.043894652277231216 0.8092691898345947 0.007980845868587494 0.005347609519958496
1 0.8826815485954285 0.8172905445098877 0.0223463773727417 0.023172855377197266
0 0.27972865104675293 0.8092691898345947 0.008778929710388184 0.007130146026611328
0 0.8631284832954407 0.8092691898345947 0.007182717323303223 0.00891268253326416
0 0.8248204588890076 0.8079322576522827 0.007182717323303223 0.006238818168640137
1 0.7677573561668396 0.8070409893989563 0.006384730339050293 0.004456281661987305
1 0.7517957091331482 0.8141711354255676 0.02075016498565674 0.022281646728515625
0 0.6456504464149475 0.8101603984832764 0.007980823516845703 0.014260292053222656
0 0.7298483848571777 0.804367184638977 0.007182717323303223 0.006238818168640137
0 0.6053471565246582 0.8070409893989563 0.007182717323303223 0.013368964195251465
1 0.5474860072135925 0.8083779215812683 0.019154071807861328 0.021390318870544434
0 0.4285714328289032 0.7994652390480042 0.006384670734405518 0.00891268253326416
1 0.3731045424938202 0.8030303120613098 0.018355965614318848 0.021390318870544434
0 0.9169992208480835 0.7950088977813721 0.007980823516845703 0.00891268253326416
1 0.20869912207126617 0.7950088977813721 0.005586594343185425 0.00891268253326416
1 0.09257781505584717 0.7927807569503784 0.00798085331916809 0.004456281661987305
1 0.994413435459137 0.7932263612747192 0.004788517951965332 0.007130146026611328
1 0.22785314917564392 0.7994652390480042 0.01835593581199646 0.021390318870544434
0 0.8898643255233765 0.7923350930213928 0.009577035903930664 0.012477755546569824
1 0.8104549050331116 0.7896613478660583 0.008778929710388184 0.00891268253326416
1 0.8004788756370544 0.7901069521903992 0.007980823516845703 0.0098038911819458
0 0.5762170553207397 0.7887700796127319 0.011173129081726074 0.00891268253326416
0 0.6033519506454468 0.7878788113594055 0.007980823516845703 0.00891268253326416
0 0.45211490988731384 0.7860962748527527 0.007182776927947998 0.007130146026611328
0 0.4421388804912567 0.7856506109237671 0.007980823516845703 0.008021354675292969
1 0.8004788756370544 0.7843137383460999 0.007980823516845703 0.00891268253326416
1 0.8096567988395691 0.7843137383460999 0.008778929710388184 0.010695219039916992
1 0.6536312699317932 0.7843137383460999 0.007980823516845703 0.010695219039916992
0 0.40343177318573 0.782531201839447 0.008778929710388184 0.00891268253326416
1 0.501197099685669 0.7807486653327942 0.004788517951965332 0.00891268253326416
1 0.3507581949234009 0.7807486653327942 0.008778929710388184 0.00891268253326416
1 0.8316041231155396 0.7865418791770935 0.02394258975982666 0.022281646728515625
0 0.644852340221405 0.7820855379104614 0.007980823516845703 0.015151500701904297
1 0.7262569665908813 0.7843137383460999 0.02075016498565674 0.021390318870544434
0 0.590981662273407 0.7762923240661621 0.0055866241455078125 0.007130146026611328
1 0.3491620123386383 0.7758467197418213 0.005586564540863037 0.008021354675292969
1 0.3419792354106903 0.7762923240661621 0.005586564540863037 0.00891268253326416
1 0.5470870137214661 0.7803030014038086 0.018355965614318848 0.020499110221862793
0 0.44134077429771423 0.7713903784751892 0.007980823516845703 0.008021354675292969
1 0.42258578538894653 0.7771835923194885 0.018355965614318848 0.021390318870544434
1 0.25857940316200256 0.76871657371521 0.004788517951965332 0.008021354675292969
1 0.27533918619155884 0.773172914981842 0.017557859420776367 0.020499110221862793
1 0.8695131540298462 0.7647058963775635 0.007182717323303223 0.005347609519958496
0 0.22346368432044983 0.7638146281242371 0.00798085331916809 0.007130146026611328
0 0.799680769443512 0.7602495551109314 0.006384730339050293 0.007130146026611328
1 0.5614525079727173 0.7571301460266113 0.007182717323303223 0.004456281661987305
1 0.7829210162162781 0.7584670186042786 0.004788517951965332 0.00891268253326416
1 0.05107741430401802 0.7566844820976257 0.007980845868587494 0.005347609519958496
1 0.7290502786636353 0.7575757503509521 0.007182717323303223 0.00891268253326416
1 0.6979249715805054 0.7544563412666321 0.008778929710388184 0.013368964195251465
0 0.06145251356065273 0.7508912682533264 0.007980842143297195 0.008021354675292969
1 0.04429369419813156 0.7486631274223328 0.007182762026786804 0.005347609519958496
1 0.0526735819876194 0.7486631274223328 0.0063846781849861145 0.007130146026611328
0 0.7932960987091064 0.7486631274223328 0.007980823516845703 0.012477755546569824
0 0.575419008731842 0.7442067861557007 0.009577035903930664 0.005347609519958496
1 0.08140462636947632 0.7384135723114014 0.00798085331916809 0.004456281661987305
1 0.06943336129188538 0.7357397675514221 0.00798085331916809 0.004456281661987305
0 0.9166001677513123 0.7370766401290894 0.007182717323303223 0.00891268253326416
0 0.25658419728279114 0.7366310358047485 0.005586564540863037 0.008021354675292969
0 0.7881085276603699 0.7348484992980957 0.007182717323303223 0.011586427688598633
1 0.8092578053474426 0.7303921580314636 0.007980823516845703 0.0098038911819458
1 0.06863527745008469 0.7286096215248108 0.01117318868637085 0.006238818168640137
0 0.6552274823188782 0.726827085018158 0.004788517951965332 0.0098038911819458
1 0.6436552405357361 0.7263814806938171 0.0055866241455078125 0.00891268253326416
1 0.0035913807805627584 0.7241532802581787 0.007182761561125517 0.004456281661987305
0 0.9010375142097473 0.7263814806938171 0.006384730339050293 0.010695219039916992
0 0.5981643795967102 0.7250445485115051 0.007182717323303223 0.008021354675292969
0 0.22186751663684845 0.7237076759338379 0.00798085331916809 0.007130146026611328
1 0.8096567988395691 0.7214794754981995 0.007182717323303223 0.004456281661987305
1 0.34078213572502136 0.7223707437515259 0.006384670734405518 0.0098038911819458
1 0.6991221308708191 0.7263814806938171 0.019154071807861328 0.021390318870544434
0 0.4928172528743744 0.718805730342865 0.007182776927947998 0.0098038911819458
1 0.5215482711791992 0.7237076759338379 0.019952058792114258 0.023172855377197266
0 0.07262569665908813 0.7152406573295593 0.00957702100276947 0.008021354675292969
1 0.42178770899772644 0.7210338711738586 0.018355965614318848 0.021390318870544434
0 0.38986432552337646 0.7152406573295593 0.007182776927947998 0.0098038911819458
1 0.6580207347869873 0.7107843160629272 0.007182717323303223 0.004456281661987305
1 0.27454110980033875 0.7179144620895386 0.017557859420776367 0.020499110221862793
1 0.009976057335734367 0.7103386521339417 0.005586592480540276 0.005347609519958496
0 0.2561851441860199 0.7107843160629272 0.007980823516845703 0.008021354675292969
1 0.10095769912004471 0.7076649069786072 0.007182762026786804 0.005347609519958496
0 0.6927374005317688 0.7036541700363159 0.007980823516845703 0.008021354675292969
1 0.06863527745008469 0.6969696879386902 0.007980838418006897 0.007130146026611328
1 0.2214684784412384 0.695632815361023 0.005586594343185425 0.006238818168640137
0 0.875099778175354 0.6947415471076965 0.0055866241455078125 0.008021354675292969
1 0.6524341702461243 0.6965240836143494 0.008778929710388184 0.011586427688598633
0 0.6444532871246338 0.6969696879386902 0.007182717323303223 0.014260292053222656
1 0.7509976029396057 0.698752224445343 0.02075016498565674 0.021390318870544434
1 0.3399840295314789 0.689393937587738 0.006384670734405518 0.0098038911819458
1 0.519952118396759 0.6951871514320374 0.019952058792114258 0.023172855377197266
0 0.37909018993377686 0.6871657967567444 0.004788517951965332 0.00891268253326416
1 0.39584997296333313 0.6916220784187317 0.019154012203216553 0.021390318870544434
0 0.3044692873954773 0.684937596321106 0.005586564540863037 0.008021354675292969
1 0.2505985498428345 0.689393937587738 0.017557859420776367 0.020499110221862793
0 0.7178770899772644 0.6751337051391602 0.0055866241455078125 0.008021354675292969
1 0.10015961527824402 0.6715686321258545 0.007182762026786804 0.004456281661987305
1 0.07781324535608292 0.6720142364501953 0.008778929710388184 0.005347609519958496
0 0.873503565788269 0.6737967729568481 0.0055866241455078125 0.010695219039916992
1 0.20510774850845337 0.6648841500282288 0.00798085331916809 0.00891268253326416
1 0.653232216835022 0.6648841500282288 0.007182717323303223 0.010695219039916992
0 0.6444532871246338 0.6671122908592224 0.007182717323303223 0.015151500701904297
0 0.4920191466808319 0.6622103452682495 0.007182776927947998 0.00891268253326416
1 0.5957701802253723 0.667557954788208 0.019952058792114258 0.021390318870544434
1 0.05107741430401802 0.6608734130859375 0.0063846781849861145 0.008021354675292969
1 0.3403830826282501 0.6608734130859375 0.005586564540863037 0.0098038911819458
0 0.3786911368370056 0.6599822044372559 0.007182776927947998 0.011586427688598633
1 0.09616919606924057 0.6573083996772766 0.007182762026786804 0.006238818168640137
1 0.42019152641296387 0.6639928817749023 0.019952118396759033 0.021390318870544434
1 0.2505985423922539 0.6617646813392639 0.019154027104377747 0.020499110221862793
1 0.05706304684281349 0.6541889309883118 0.007182762026786804 0.005347609519958496
1 0.08898643404245377 0.6492869853973389 0.003990426659584045 0.008021354675292969
1 0.8004788756370544 0.6448306441307068 0.006384730339050293 0.008021354675292969
1 0.02553870715200901 0.6439393758773804 0.007980845868587494 0.006238818168640137
1 0.0035913807805627584 0.6412655711174011 0.007182761561125517 0.004456281661987305
0 0.4026336669921875 0.6417112350463867 0.007182776927947998 0.00891268253326416
1 0.7988826632499695 0.6394830942153931 0.007980823516845703 0.0098038911819458
1 0.059856344014406204 0.6372548937797546 0.0063846781849861145 0.005347609519958496
0 0.6436552405357361 0.6390374302864075 0.007182717323303223 0.014260292053222656
1 0.8802872896194458 0.6421568393707275 0.0223463773727417 0.022281646728515625
1 0.08699122071266174 0.6305704116821289 0.00798085331916809 0.004456281661987305
1 0.519952118396759 0.6372548937797546 0.018355965614318848 0.021390318870544434
1 0.4205905795097351 0.6359180212020874 0.017557859420776367 0.020499110221862793
1 0.10375099629163742 0.6283422708511353 0.007980838418006897 0.005347609519958496
1 0.2741420567035675 0.6341354846954346 0.018355965614318848 0.020499110221862793
1 0.7865123748779297 0.6207664608955383 0.0055866241455078125 0.004456281661987305
0 0.5247406363487244 0.616310179233551 0.007182717323303223 0.006238818168640137
1 0.6424580812454224 0.6140819787979126 0.004788517951965332 0.00891268253326416
1 0.0375099778175354 0.6087344288825989 0.007980845868587494 0.005347609519958496
0 0.873503565788269 0.6096256971359253 0.007182717323303223 0.010695219039916992
0 0.4912210702896118 0.6060606241226196 0.007182776927947998 0.00891268253326416
1 0.7238627076148987 0.611853837966919 0.019154071807861328 0.022281646728515625
0 0.5877892971038818 0.6051693558692932 0.007182717323303223 0.010695219039916992
1 0.5698323845863342 0.6100713014602661 0.019154071807861328 0.022281646728515625
0 0.4249800443649292 0.5998217463493347 0.007182776927947998 0.005347609519958496
1 0.39505186676979065 0.606951892375946 0.019154012203216553 0.021390318870544434
1 0.24940143525600433 0.606951892375946 0.01835593581199646 0.021390318870544434
1 0.10774142295122147 0.5882353186607361 0.00957702100276947 0.007130146026611328
1 0.0973663181066513 0.5860071182250977 0.004788503050804138 0.006238818168640137
1 0.6360734105110168 0.5753119587898254 0.007980823516845703 0.004456281661987305
1 0.08619313687086105 0.5610516667366028 0.007980838418006897 0.004456281661987305
0 0.887869119644165 0.5610516667366028 0.0055866241455078125 0.008021354675292969
1 0.0634477287530899 0.5588235259056091 0.008778929710388184 0.005347609519958496
1 0.05466879531741142 0.5583779215812683 0.007182762026786804 0.004456281661987305
0 0.5877892971038818 0.5588235259056091 0.0055866241455078125 0.007130146026611328
1 0.016360733658075333 0.5570409893989563 0.007182762026786804 0.005347609519958496
1 0.004788507707417011 0.5570409893989563 0.009577015414834023 0.005347609519958496
0 0.4018355906009674 0.5570409893989563 0.007182776927947998 0.00891268253326416
1 0.4904229938983917 0.5525846481323242 0.007182776927947998 0.005347609519958496
1 0.08699122071266174 0.5525846481323242 0.006384670734405518 0.005347609519958496
0 0.6420590877532959 0.5548128485679626 0.007182717323303223 0.015151500701904297
0 0.887869119644165 0.5490196347236633 0.007182717323303223 0.00891268253326416
0 0.8471667766571045 0.5490196347236633 0.007182717323303223 0.00891268253326416
1 0.8276137113571167 0.5557041168212891 0.0223463773727417 0.022281646728515625
0 0.037909019738435745 0.5481283664703369 0.007182762026786804 0.00891268253326416
0 0.7186751961708069 0.5459001660346985 0.010375142097473145 0.008021354675292969
1 0.6967278718948364 0.5530303120613098 0.0223463773727417 0.022281646728515625
1 0.5183559656143188 0.5516933798789978 0.018355965614318848 0.021390318870544434
0 0.5726256966590881 0.5432263612747192 0.008778929710388184 0.006238818168640137
1 0.444533109664917 0.5508021116256714 0.020750224590301514 0.021390318870544434
1 0.2490023970603943 0.5508021116256714 0.017557859420776367 0.021390318870544434
1 0.017557861749082804 0.5329768061637878 0.009577016346156597 0.005347609519958496
1 0.771348774433136 0.5316399335861206 0.007182717323303223 0.004456281661987305
1 0.3391859531402588 0.5307486653327942 0.007980823516845703 0.004456281661987305
1 0.6241021752357483 0.5298573970794678 0.007980823516845703 0.004456281661987305
0 0.5642458200454712 0.5316399335861206 0.009577035903930664 0.008021354675292969
1 0.19513168931007385 0.5298573970794678 0.00718274712562561 0.004456281661987305
0 0.32801276445388794 0.529411792755127 0.009577035903930664 0.005347609519958496
0 0.46209096908569336 0.5289661288261414 0.01117318868637085 0.006238818168640137
1 0.992817223072052 0.5267379879951477 0.007980823516845703 0.007130146026611328
1 0.6436552405357361 0.5276292562484741 0.0039904117584228516 0.00891268253326416
1 0.07701516151428223 0.5240641832351685 0.007182762026786804 0.005347609519958496
1 0.639265775680542 0.5258467197418213 0.006384730339050293 0.014260292053222656
1 0.2027134895324707 0.52183598279953 0.004788517951965332 0.008021354675292969
0 0.48962488770484924 0.5227272510528564 0.008778929710388184 0.011586427688598633
1 0.5 0.5213903784751892 0.008778929710388184 0.010695219039916992
1 0.8543495535850525 0.5262923240661621 0.019952058792114258 0.022281646728515625
0 0.9030327200889587 0.5173797011375427 0.007182717323303223 0.006238818168640137
1 0.7226656079292297 0.5249554514884949 0.019952058792114258 0.021390318870544434
0 0.5869912505149841 0.5182709693908691 0.0055866241455078125 0.008021354675292969
0 0.7450119853019714 0.5169340372085571 0.010375142097473145 0.007130146026611328
1 0.5430965423583984 0.5236185193061829 0.018355965614318848 0.020499110221862793
1 0.2972865104675293 0.5236185193061829 0.018355965614318848 0.020499110221862793
1 0.10295291244983673 0.5151515007019043 0.00957702100276947 0.005347609519958496
1 0.09257781505584717 0.5151515007019043 0.004788503050804138 0.007130146026611328
0 0.5977653861045837 0.5151515007019043 0.007980823516845703 0.00891268253326416
1 0.2142857164144516 0.509358286857605 0.005586594343185425 0.008021354675292969
0 0.7174780368804932 0.5049019455909729 0.009577035903930664 0.008021354675292969
0 0.44134077429771423 0.5035650730133057 0.01117318868637085 0.007130146026611328
0 0.253391869366169 0.5031193941831589 0.007182762026786804 0.006238847970962524
1 0.10295291244983673 0.5026738047599792 0.00957702100276947 0.005347609519958496
0 0.9006384611129761 0.5040106624364853 0.008778929710388184 0.009803920984268188
0 0.8866719603538513 0.5040106624364853 0.007980823516845703 0.009803920984268188
1 0.007980845868587494 0.5022281259298325 0.006384676322340965 0.006238847970962524
1 0.037909019738435745 0.5022281259298325 0.005586594343185425 0.009803920984268188
0 0.5738227963447571 0.501336857676506 0.007980823516845703 0.009803920984268188
1 0.8076615929603577 0.5004455894231796 0.007980823516845703 0.009803920984268188
1 0.637669563293457 0.5 0.004788517951965332 0.00891268253326416
1 0.7988826632499695 0.499554380774498 0.006384730339050293 0.01158645749092102
1 0.008379888720810413 0.4942067861557007 0.007182762026786804 0.00445634126663208
1 0.9904229640960693 0.4942067861557007 0.004788517951965332 0.008021414279937744
1 0.347964882850647 0.49688057601451874 0.007980823516845703 0.013368993997573853
1 0.09098164737224579 0.49242424964904785 0.006384670734405518 0.00445634126663208
0 0.06664006412029266 0.4910873472690582 0.010375097393989563 0.007130146026611328
1 0.8264166116714478 0.498217448592186 0.02154827117919922 0.023172885179519653
0 0.8854748606681824 0.4893048107624054 0.007182717323303223 0.007130146026611328
0 0.7509976029396057 0.4888591766357422 0.011173129081726074 0.006238877773284912
1 0.6691939234733582 0.49643491208553314 0.019952058792114258 0.02139034867286682
1 0.2725459039211273 0.49598927795886993 0.018355965614318848 0.020499080419540405
1 0.5430965423583984 0.4955436438322067 0.019952058792114258 0.02139034867286682
1 0.3946528434753418 0.4950980097055435 0.018355965614318848 0.020499080419540405
0 0.29329609870910645 0.4893048107624054 0.01197129487991333 0.00891268253326416
1 0.5806065201759338 0.4852941036224365 0.007182717323303223 0.00445634126663208
1 0.7905027866363525 0.48306596279144287 0.0055866241455078125 0.00891268253326416
1 0.6811652183532715 0.48172906041145325 0.007182717323303223 0.009803950786590576
1 0.024341579526662827 0.47638145089149475 0.005586590617895126 0.00445634126663208
0 0.7434157729148865 0.47682708501815796 0.008778929710388184 0.007130146026611328
1 0.3651236891746521 0.47593581676483154 0.007182776927947998 0.005347609519958496
0 0.22825218737125397 0.47682708501815796 0.00798085331916809 0.007130146026611328
1 0.05027933046221733 0.47593581676483154 0.007980845868587494 0.005347609519958496
0 0.27733439207077026 0.47549018263816833 0.007182776927947998 0.006238877773284912
1 0.003990422934293747 0.47593581676483154 0.007980845868587494 0.007130146026611328
0 0.6640064120292664 0.47549018263816833 0.007980823516845703 0.008021414279937744
0 0.2661612033843994 0.4732620418071747 0.005586564540863037 0.007130146026611328
1 0.6927374005317688 0.469696968793869 0.006384730339050293 0.005347609519958496
1 0.5239425301551819 0.4728164076805115 0.008778929710388184 0.011586427688598633
1 0.10853950679302216 0.467468798160553 0.004788503050804138 0.008021414279937744
0 0.8076615929603577 0.4692513346672058 0.007980823516845703 0.015151500701904297
0 0.6500399112701416 0.4688057005405426 0.007182717323303223 0.01426023244857788
1 0.4892258644104004 0.46702316403388977 0.007980823516845703 0.010695159435272217
0 0.20470869541168213 0.4692513346672058 0.00718274712562561 0.015151500701904297
1 0.639265775680542 0.46568626165390015 0.007980823516845703 0.009803950786590576
1 0.34876295924186707 0.4647950232028961 0.007980823516845703 0.008021414279937744
0 0.9130087494850159 0.46212121844291687 0.007980823516845703 0.008021414279937744
0 0.9002394080162048 0.46167558431625366 0.007980823516845703 0.00891268253326416
0 0.5730247497558594 0.46033868193626404 0.006384730339050293 0.006238877773284912
1 0.3946528434753418 0.4679144322872162 0.018355965614318848 0.02139037847518921
1 0.29688745737075806 0.4679144322872162 0.017557859420776367 0.02139037847518921
0 0.7426177263259888 0.46033868193626404 0.008778929710388184 0.008021414279937744
0 0.5630486607551575 0.45989304780960083 0.010375142097473145 0.00891268253326416
1 0.08499600738286972 0.45098039507865906 0.005586594343185425 0.007130146026611328
1 0.0973663181066513 0.448752224445343 0.00957702100276947 0.006238877773284912
0 0.8224261999130249 0.4483065903186798 0.008778929710388184 0.007130146026611328
0 0.8838787078857422 0.4478609561920166 0.010375142097473145 0.008021414279937744
0 0.3982442021369934 0.4478609561920166 0.009577035903930664 0.008021414279937744
0 0.741420567035675 0.446524053812027 0.007980823516845703 0.007130146026611328
0 0.5981643795967102 0.44563278555870056 0.008778929710388184 0.00891268253326416
1 0.2079010307788849 0.4434046447277069 0.0039904117584228516 0.008021414279937744
1 0.8092578053474426 0.4429590106010437 0.004788517951965332 0.00891268253326416
1 0.6420590877532959 0.4429590106010437 0.0039904117584228516 0.00891268253326416
1 0.19433359801769257 0.44028520584106445 0.00718274712562561 0.005347609519958496
0 0.6715881824493408 0.43983957171440125 0.0055866241455078125 0.008021414279937744
1 0.8782920837402344 0.4367201328277588 0.007182717323303223 0.005347609519958496
1 0.3403830826282501 0.4385026693344116 0.007182776927947998 0.00891268253326416
1 0.22386272251605988 0.4416221082210541 0.01835593581199646 0.022281646728515625
0 0.9122107028961182 0.4322638213634491 0.007980823516845703 0.007130146026611328
1 0.8523543477058411 0.44073083996772766 0.02075016498565674 0.024064183235168457
1 0.694732666015625 0.43939393758773804 0.019952058792114258 0.02139037847518921
1 0.5670391321182251 0.43983957171440125 0.018355965614318848 0.022281646728515625
1 0.4185953736305237 0.43939393758773804 0.018355965614318848 0.02139037847518921
1 0.06304868124425411 0.4327094554901123 0.006384674459695816 0.008021414279937744
1 0.9904229640960693 0.4322638213634491 0.004788517951965332 0.00891268253326416
1 0.05506783723831177 0.4233511686325073 0.004788510501384735 0.007130146026611328
1 0.03990422934293747 0.4220142662525177 0.0063846781849861145 0.006238877773284912
1 0.11811652034521103 0.4108734428882599 0.004788503050804138 0.005347609519958496
1 0.08459696918725967 0.40864527225494385 0.007980838418006897 0.00445634126663208
1 0.004389465320855379 0.4073083698749542 0.008778930641710758 0.005347609519958496
1 0.8814844489097595 0.4001782536506653 0.008778929710388184 0.005347609519958496
0 0.21827614307403564 0.39304813742637634 0.00718274712562561 0.007130146026611328
1 0.31763768196105957 0.3908199667930603 0.007980823516845703 0.00445634126663208
0 0.08539505302906036 0.3912656009197235 0.00798085331916809 0.005347609519958496
1 0.805267333984375 0.38814616203308105 0.007980823516845703 0.00445634126663208
1 0.20231445133686066 0.38903743028640747 0.00718274712562561 0.009803950786590576
1 0.4980047941207886 0.38814616203308105 0.007980823516845703 0.009803950786590576
1 0.1053471639752388 0.38725489377975464 0.004788503050804138 0.008021414279937744
1 0.6356743574142456 0.385917991399765 0.0039904117584228516 0.00891268253326416
1 0.4876296818256378 0.38324421644210815 0.007980823516845703 0.010695159435272217
0 0.34756582975387573 0.3810160458087921 0.007182776927947998 0.009803950786590576
1 0.29608938097953796 0.385917991399765 0.017557859420776367 0.02139037847518921
1 0.5666400790214539 0.38368985056877136 0.019154071807861328 0.020499110221862793
0 0.8591380715370178 0.3756684362888336 0.0055866241455078125 0.008021414279937744
1 0.7813248038291931 0.37789660692214966 0.006384730339050293 0.012477695941925049
1 0.7206704020500183 0.38324421644210815 0.02075016498565674 0.02317291498184204
1 0.044692736119031906 0.3747771978378296 0.009577013552188873 0.006238877773284912
1 0.022346368059515953 0.3752228021621704 0.009577017277479172 0.007130146026611328
1 0.7889066338539124 0.3752228021621704 0.0039904117584228516 0.00891268253326416
1 0.009976057335734367 0.3743315637111664 0.005586592480540276 0.007130146026611328
1 0.8790901899337769 0.3810160458087921 0.019952058792114258 0.022281646728515625
1 0.7314445376396179 0.3743315637111664 0.007182717323303223 0.00891268253326416
1 0.812450110912323 0.3689839541912079 0.006384730339050293 0.012477695941925049
1 0.3383878767490387 0.36319074034690857 0.007980823516845703 0.00445634126663208
0 0.39944133162498474 0.36319074034690857 0.005586564540863037 0.008021414279937744
0 0.2885075807571411 0.36185383796691895 0.007182776927947998 0.012477695941925049
1 0.49241819977760315 0.3582887649536133 0.007980823516845703 0.007130146026611328
1 0.10853950679302216 0.35472372174263 0.00957702100276947 0.005347609519958496
1 0.271348774433136 0.3587343990802765 0.017557859420776367 0.020499110221862793
1 0.367917001247406 0.3578431308269501 0.019154012203216553 0.020499110221862793
0 0.43615323305130005 0.35071301460266113 0.005586564540863037 0.008021414279937744
1 0.5159617066383362 0.35606059432029724 0.018355965614318848 0.020499110221862793
1 0.0047885075910016894 0.3484848439693451 0.006384676555171609 0.005347609519958496
1 0.8786911368370056 0.3529411852359772 0.02075016498565674 0.02139037847518921
1 0.7194732427597046 0.3538324534893036 0.019952058792114258 0.02317291498184204
0 0.7737430334091187 0.3333333432674408 0.010375142097473145 0.007130146026611328
1 0.4984038323163986 0.33155080676078796 0.003990441560745239 0.00891268253326416
1 0.9964086413383484 0.3266488313674927 0.007182717323303223 0.00445634126663208
0 0.8435754179954529 0.3284313678741455 0.006384730339050293 0.009803950786590576
1 0.7849162220954895 0.3270944654941559 0.0039904117584228516 0.00891268253326416
1 0.4876296818256378 0.3270944654941559 0.007980823516845703 0.010695159435272217
1 0.2956903576850891 0.33110517263412476 0.018355965614318848 0.020499110221862793
0 0.6484437584877014 0.3235294222831726 0.0055866241455078125 0.00891268253326416
1 0.5905826091766357 0.3275400996208191 0.019154071807861328 0.022281646728515625
1 0.6679968237876892 0.3266488313674927 0.02075016498565674 0.022281646728515625
1 0.8244214057922363 0.32486632466316223 0.02075016498565674 0.022281646728515625
1 0.3248204290866852 0.3070409893989563 0.007980823516845703 0.00445634126663208
0 0.20071826875209808 0.3074866235256195 0.00718274712562561 0.00891268253326416
1 0.012370311422273517 0.3074866235256195 0.010375099722296 0.00891268253326416
1 0.6213088631629944 0.3025846779346466 0.007182717323303223 0.00445634126663208
0 0.5830007791519165 0.30392158031463623 0.007182717323303223 0.010695159435272217
1 0.7797286510467529 0.29991087317466736 0.006384730339050293 0.008021414279937744
1 0.2222665548324585 0.30525845289230347 0.01835593581199646 0.020499110221862793
1 0.05786113440990448 0.29901960492134094 0.007182762026786804 0.008021414279937744
1 0.367917001247406 0.3030303120613098 0.017557859420776367 0.019607841968536377
1 0.6484437584877014 0.2963458001613617 0.0055866241455078125 0.009803950786590576
0 0.804070234298706 0.2963458001613617 0.007182717323303223 0.013368964195251465
1 0.5650438666343689 0.3008021414279938 0.019154071807861328 0.022281646728515625
1 0.0375099778175354 0.291889488697052 0.0063846781849861145 0.006238877773284912
0 0.10415004193782806 0.2905525863170624 0.008778929710388184 0.007130146026611328
1 0.7198722958564758 0.2976827025413513 0.0223463773727417 0.02317291498184204
0 0.7829210162162781 0.28832441568374634 0.009577035903930664 0.013368964195251465
1 0.0901835560798645 0.28297683596611023 0.00798085331916809 0.00445634126663208
1 0.7889066338539124 0.28297683596611023 0.007182717323303223 0.006238877773284912
1 0.80686354637146 0.2820855677127838 0.004788517951965332 0.008021414279937744
1 0.10375099629163742 0.27807486057281494 0.007980838418006897 0.005347609519958496
1 0.20071826875209808 0.2771835923194885 0.0039904117584228516 0.00891268253326416
0 0.673184335231781 0.2758466899394989 0.0055866241455078125 0.008021414279937744
1 0.2214684784412384 0.2771835923194885 0.01835593581199646 0.019607841968536377
1 0.4868316054344177 0.270944744348526 0.007980823516845703 0.010695159435272217
0 0.3846767842769623 0.2704991102218628 0.006384670734405518 0.009803950786590576
1 0.36751794815063477 0.2754010558128357 0.019952118396759033 0.02139037847518921
1 0.5901835560798645 0.2713903784751892 0.018355965614318848 0.020499110221862793
1 0.06264963746070862 0.2606951892375946 0.007182762026786804 0.00445634126663208
1 0.7450119853019714 0.26916220784187317 0.02154827117919922 0.02317291498184204
1 0.8515562415122986 0.2664884030818939 0.02075016498565674 0.02139037847518921
1 0.9964086413383484 0.25757575035095215 0.007182717323303223 0.005347609519958496
0 0.41819632053375244 0.25311944633722305 0.01117318868637085 0.007130131125450134
1 0.37110933661460876 0.25222817808389664 0.004788517951965332 0.007130131125450134
1 0.392657607793808 0.2513369098305702 0.009577035903930664 0.008912667632102966
1 0.01955307275056839 0.2495543733239174 0.008778929710388184 0.005347594618797302
1 0.5418994426727295 0.2495543733239174 0.004788517951965332 0.008912667632102966
0 0.5123702883720398 0.2495543584227562 0.004788517951965332 0.01069517433643341
1 0.046288907527923584 0.24643494188785553 0.007980845868587494 0.00445634126663208
1 0.10215482860803604 0.2455436736345291 0.007980838418006897 0.00445634126663208
1 0.7478052377700806 0.2450980395078659 0.006384730339050293 0.00713011622428894
1 0.41819632053375244 0.2442067712545395 0.009577035903930664 0.00713011622428894
1 0.003990422934293747 0.23663102090358734 0.007980845868587494 0.00445634126663208
1 0.02553870715200901 0.2286096215248108 0.0063846781849861145 0.00445634126663208
1 0.9896249175071716 0.22593583166599274 0.006384730339050293 0.013368993997573853
1 0.061053475365042686 0.2183600664138794 0.008778933435678482 0.00713011622428894
0 0.910614550113678 0.21434937417507172 0.007980823516845703 0.006238847970962524
1 0.9884277582168579 0.21434937417507172 0.0055866241455078125 0.008021384477615356
1 0.1089385449886322 0.2130124717950821 0.007182762026786804 0.005347579717636108
0 0.04868315905332565 0.21524064242839813 0.007980845868587494 0.009803920984268188
1 0.2302474081516266 0.21256683766841888 0.0039904117584228516 0.008021384477615356
0 0.784118115901947 0.21078431606292725 0.008778929710388184 0.008021384477615356
0 0.4002394378185272 0.21078431606292725 0.008778929710388184 0.008021384477615356
1 0.3846767842769623 0.21078431606292725 0.004788517951965332 0.009803920984268188
1 0.37829211354255676 0.20989304780960083 0.004788517951965332 0.009803920984268188
1 0.5351157188415527 0.2085561454296112 0.0055866241455078125 0.008912652730941772
1 0.4429369568824768 0.2085561454296112 0.007980823516845703 0.008912652730941772
1 0.08379888534545898 0.20543672144412994 0.01117318868637085 0.006238847970962524
0 0.45490822196006775 0.2076648771762848 0.007980823516845703 0.012477725744247437
1 0.416201114654541 0.20543672144412994 0.007182776927947998 0.009803920984268188
1 0.39425379037857056 0.20588235557079315 0.006384670734405518 0.010695189237594604
1 0.8284118175506592 0.20053476095199585 0.004788517951965332 0.00713011622428894
1 0.8104549050331116 0.20098039507865906 0.0039904117584228516 0.008021384477615356
1 0.528331995010376 0.20142602920532227 0.004788517951965332 0.008912652730941772
1 0.8511572480201721 0.19875222444534302 0.0055866241455078125 0.010695189237594604
1 0.723064661026001 0.19429589807987213 0.007980823516845703 0.005347579717636108
1 0.08140462636947632 0.1929589956998825 0.00798085331916809 0.00445634126663208
1 0.03511572256684303 0.19385026395320892 0.009577013552188873 0.006238847970962524
0 0.8332003355026245 0.19607843458652496 0.007980823516845703 0.014260262250900269
1 0.09696727991104126 0.19162210822105408 0.008778929710388184 0.005347579717636108
1 0.9010375142097473 0.19474153220653534 0.007980823516845703 0.013368993997573853
1 0.8846767544746399 0.19518716633319855 0.007182717323303223 0.014260262250900269
1 0.8164405226707458 0.18983957171440125 0.006384730339050293 0.010695189237594604
0 0.6548284292221069 0.18672014772891998 0.007182717323303223 0.006238847970962524
1 0.06304868124425411 0.18582887947559357 0.007980842143297195 0.00445634126663208
1 0.49162012338638306 0.18582887947559357 0.006384670734405518 0.006238847970962524
1 0.050678372383117676 0.18538324534893036 0.008778929710388184 0.00713011622428894
1 0.8096567988395691 0.18315507471561432 0.007182717323303223 0.006238847970962524
1 0.27454110980033875 0.1822638213634491 0.007980823516845703 0.00445634126663208
1 0.5015961676836014 0.18360070884227753 0.005586594343185425 0.008912652730941772
0 0.26456505060195923 0.1818181872367859 0.007182776927947998 0.005347579717636108
1 0.043894652277231216 0.17959001660346985 0.007980845868587494 0.00445634126663208
1 0.43974462151527405 0.17869874835014343 0.007980823516845703 0.00445634126663208
1 0.49162012338638306 0.17780748009681702 0.006384670734405518 0.006238847970962524
0 0.8216280937194824 0.17780748009681702 0.008778929710388184 0.009803920984268188
1 0.5638467669487 0.177361860871315 0.0055866241455078125 0.008912652730941772
1 0.08898643404245377 0.17557932436466217 0.011971265077590942 0.00713011622428894
1 0.9880287051200867 0.1724599003791809 0.004788517951965332 0.006238847970962524
1 0.1089385449886322 0.17067736387252808 0.003990426659584045 0.008021384477615356
1 0.18196329474449158 0.16800355911254883 0.00798085331916809 0.00445634126663208
1 0.22346368432044983 0.1671123057603836 0.00798085331916809 0.00445634126663208
1 0.043894652277231216 0.16755792498588562 0.0063846781849861145 0.005347579717636108
1 0.2689545154571533 0.1662210375070572 0.007980823516845703 0.00445634126663208
1 0.4884277880191803 0.1617647111415863 0.007980823516845703 0.00445634126663208
1 0.5227454304695129 0.1608734428882599 0.006384730339050293 0.00445634126663208
1 0.049082200974226 0.15730838477611542 0.007182762026786804 0.00445634126663208
0 0.06145251356065273 0.15819963812828064 0.004788506776094437 0.008021384477615356
1 0.24261771142482758 0.1559714823961258 0.006384670734405518 0.005347579717636108
1 0.10814046114683151 0.15463458001613617 0.007182762026786804 0.00445634126663208
0 0.29888269305229187 0.15418894588947296 0.007182776927947998 0.005347579717636108
1 0.36472466588020325 0.15285204350948334 0.007980823516845703 0.00445634126663208
0 0.3435754179954529 0.15329767763614655 0.008778929710388184 0.005347579717636108
1 0.5203511714935303 0.14928698539733887 0.007980823516845703 0.00445634126663208
0 0.9876297116279602 0.14973261952400208 0.0055866241455078125 0.008912652730941772
1 0.9469273686408997 0.14839571714401245 0.0055866241455078125 0.006238847970962524
1 0.6001596450805664 0.1461675614118576 0.009577035903930664 0.005347579717636108
1 0.04070231318473816 0.14304812252521515 0.0063846781849861145 0.006238847970962524
0 0.015961691737174988 0.14260248839855194 0.007980845868587494 0.005347579717636108
0 0.7581803798675537 0.1408199667930603 0.009577035903930664 0.005347579717636108
1 0.7118914723396301 0.1412656009197235 0.004788517951965332 0.006238847970962524
0 0.7334397435188293 0.14171123504638672 0.006384730339050293 0.008912652730941772
1 0.6588188409805298 0.1403743326663971 0.0055866241455078125 0.006238847970962524
1 0.6991221308708191 0.13948306441307068 0.006384730339050293 0.008021384477615356
1 0.6687948703765869 0.13948306441307068 0.006384730339050293 0.008021384477615356
1 0.6444532871246338 0.13948306441307068 0.0055866241455078125 0.008021384477615356
0 0.3822825253009796 0.13903743028640747 0.007980823516845703 0.00713011622428894
1 0.8523543477058411 0.1350267380475998 0.006384730339050293 0.006238847970962524
1 0.7150837779045105 0.13324420154094696 0.006384730339050293 0.006238847970962524
1 0.06544293649494648 0.13279856741428375 0.009577017277479172 0.005347579717636108
0 0.5957701802253723 0.13101604580879211 0.007182717323303223 0.005347579717636108
0 0.6081404685974121 0.1305704116821289 0.009577035903930664 0.006238847970962524
1 0.83958500623703 0.1350267380475998 0.012769341468811035 0.01693403720855713
0 0.7434157729148865 0.12923350930213928 0.010375142097473145 0.012477725744247437
1 0.7134876251220703 0.12611408159136772 0.004788517951965332 0.006238855421543121
1 0.7928970456123352 0.12344029173254967 0.0039904117584228516 0.008021391928195953
1 0.05466879531741142 0.12254901975393295 0.007182762026786804 0.006238862872123718
1 0.2885075807571411 0.12210338562726974 0.005586564540863037 0.007130131125450134
1 0.21468475461006165 0.12121212482452393 0.00798085331916809 0.005347594618797302
1 0.10694333910942078 0.12076649069786072 0.004788503050804138 0.008021384477615356
1 0.25778132677078247 0.11853832751512527 0.009577035903930664 0.008912652730941772
0 0.07102952897548676 0.1194295883178711 0.006384670734405518 0.010695189237594604
1 0.2881085276603699 0.11720142513513565 0.006384670734405518 0.008021384477615356
1 0.2150837928056717 0.11408199369907379 0.00718274712562561 0.005347594618797302
1 0.7881085276603699 0.11319073289632797 0.0039904117584228516 0.008912652730941772
1 0.45929768681526184 0.11319073289632797 0.007182776927947998 0.008912652730941772
1 0.4884277880191803 0.11140819638967514 0.006384670734405518 0.007130131125450134
1 0.496408611536026 0.11185383051633835 0.006384670734405518 0.009803920984268188
0 0.059058260172605515 0.1091800332069397 0.009577013552188873 0.006238862872123718
0 0.006384676555171609 0.10873440653085709 0.007980845402926207 0.005347594618797302
0 0.38507580757141113 0.10828877240419388 0.007182776927947998 0.008021384477615356
1 0.32641661167144775 0.10294117778539658 0.006384670734405518 0.004456326365470886
1 0.058260176330804825 0.10338681191205978 0.0063846781849861145 0.005347594618797302
1 0.3563447594642639 0.10249554365873337 0.007182776927947998 0.005347594618797302
0 0.6025538444519043 0.1042780727148056 0.006384730339050293 0.010695189237594604
1 0.4972067326307297 0.09848485141992569 0.00798085331916809 0.004456326365470886
1 0.6831604242324829 0.09759358316659927 0.006384730339050293 0.004456326365470886
1 0.2653631269931793 0.09759358316659927 0.007182776927947998 0.004456326365470886
0 0.22266560792922974 0.09759358316659927 0.00798085331916809 0.004456326365470886
1 0.028731045313179493 0.09714794903993607 0.006384676322340965 0.005347594618797302
1 0.33519554138183594 0.09581105411052704 0.007980823516845703 0.004456326365470886
1 0.3838786780834198 0.0940285176038742 0.007980823516845703 0.004456326365470886
0 0.4257781207561493 0.0935828909277916 0.008778929710388184 0.005347594618797302
1 0.8810853958129883 0.09135472029447556 0.009577035903930664 0.006238862872123718
1 0.8419792652130127 0.09046345949172974 0.007980823516845703 0.004456326365470886
1 0.009976057335734367 0.08600713312625885 0.007182762026786804 0.004456326365470886
1 0.6831604242324829 0.08155079931020737 0.006384730339050293 0.004456326365470886
1 0.1624102145433426 0.08377896249294281 0.008778929710388184 0.008912652730941772
1 0.8527534008026123 0.08155079931020737 0.0055866241455078125 0.008021384477615356
1 0.7418196201324463 0.08110517263412476 0.0039904117584228516 0.008912652730941772
1 0.07102952897548676 0.0784313753247261 0.006384670734405518 0.005347594618797302
1 0.3080606460571289 0.0784313753247261 0.009577035903930664 0.012477710843086243
1 0.003990422934293747 0.07174687832593918 0.007980845868587494 0.004456326365470886
1 0.847964882850647 0.07174687832593918 0.0055866241455078125 0.009803920984268188
1 0.2725459039211273 0.06907308101654053 0.007182776927947998 0.004456326365470886
1 0.3355945646762848 0.06729055196046829 0.007182776927947998 0.004456326365470886
1 0.41021549701690674 0.06506238877773285 0.009577035903930664 0.005347594618797302
1 0.021548284217715263 0.06417112052440643 0.009577017277479172 0.005347594618797302
0 0.7972865104675293 0.06372549198567867 0.006384730339050293 0.008021388202905655
1 0.7765362858772278 0.06417112052440643 0.004788517951965332 0.008912652730941772
1 0.03431763779371977 0.06327986158430576 0.011173183098435402 0.007130127400159836
1 0.7561851739883423 0.06105169467628002 0.007182717323303223 0.004456330090761185
1 0.08978451788425446 0.06105169281363487 0.007182762026786804 0.008021391928195953
1 0.0035913807805627584 0.05882352963089943 0.007182761561125517 0.007130123674869537
1 0.06983239948749542 0.053921569138765335 0.007182762026786804 0.004456326365470886
0 0.6640064120292664 0.05303030461072922 0.006384730339050293 0.006238862872123718
0 0.42537909746170044 0.04946523904800415 0.007980823516845703 0.004456326365470886
1 0.568236231803894 0.04991087317466736 0.007980823516845703 0.007130123674869537
1 0.4704708755016327 0.04857397451996803 0.007182776927947998 0.004456326365470886
0 0.5003990530967712 0.048128340393304825 0.007980823516845703 0.005347594618797302
0 0.637669563293457 0.0467914454638958 0.007980823516845703 0.004456326365470886
0 0.5853950381278992 0.04901960864663124 0.0055866241455078125 0.008912652730941772
0 0.5730247497558594 0.048128340393304825 0.009577035903930664 0.010695189237594604
1 0.9896249175071716 0.04545454680919647 0.007980823516845703 0.007130123674869537
1 0.1580207496881485 0.04278074949979782 0.004788517951965332 0.007130123674869537
1 0.609337568283081 0.04055258631706238 0.0055866241455078125 0.006238862872123718
1 0.31923383474349976 0.03966131806373596 0.007980823516845703 0.004456326365470886
1 0.18874700367450714 0.041889481246471405 0.0039904117584228516 0.008912652730941772
1 0.07182761281728745 0.04055258631706238 0.007980838418006897 0.006238862872123718
1 0.20231445133686066 0.03966131806373596 0.00718274712562561 0.009803920984268188
1 0.6161212921142578 0.03342245798557997 0.006384730339050293 0.006238857284188271
1 0.04349561035633087 0.032531194388866425 0.007182762026786804 0.004456326365470886
1 0.7334397435188293 0.02941176388412714 0.009577035903930664 0.005347592756152153
0 0.7047086954116821 0.028520498424768448 0.009577035903930664 0.007130123674869537
1 0.846767783164978 0.03030303120613098 0.006384730339050293 0.01247771829366684
1 0.3615323305130005 0.02183600701391697 0.007980823516845703 0.004456326365470886
1 0.412609726190567 0.020053476095199585 0.006384670734405518 0.004456326365470886
1 0.9912210702896118 0.020499108359217644 0.006384730339050293 0.007130123674869537
1 0.6795690059661865 0.01871657744050026 0.0039904117584228516 0.008912656456232071
0 0.6161212921142578 0.020053476095199585 0.006384730339050293 0.011586453765630722
1 0.6380686163902283 0.01604278013110161 0.007182717323303223 0.005347594618797302
1 0.059058260172605515 0.008467023260891438 0.007980845868587494 0.0044563282281160355
0 0.8866719603538513 0.00891265575774014 0.009577035903930664 0.007130125071853399
1 0.48603352904319763 0.006684491876512766 0.007980823516845703 0.004456327296793461
0 0.6671987175941467 0.004010695032775402 0.006384730339050293 0.008021390065550804
