1 0.9751900833854161 0.9637422492395641 0.007176917273556405 0.004927930517695467
1 0.98889259103128 0.9622791353700048 0.007238941155088496 0.00581135209094219
1 0.08588142786157407 0.9921407410555885 0.009203719198341287 0.009472713216615802
1 0.9966032030408385 0.9176234018897786 0.006793593918322904 0.010419970548162683
1 0.48708668584066783 0.9489811453333472 0.009813942637161899 0.006002862681928289
0 0.6004195167568966 0.9409962596838726 0.011716681936474127 0.008780801128993043
0 0.7466436456444682 0.9283450632679864 0.009141680454400447 0.008589290538006833
1 0.833915951735793 0.9178581449519143 0.008955608809804172 0.005939025818266441
0 0.9502219688318256 0.9092081172822752 0.008221322745510351 0.007642032101098151
1 0.6623085349121892 0.9315091382227182 0.010920371990648325 0.009600385838577807
1 0.13751731599908465 0.9656551873453513 0.008893599790680717 0.005055605350381409
1 0.48640441479605123 0.9392633891283627 0.00981394263716201 0.0060028626819284
0 0.21988762965182035 0.9590850425860451 0.008955608809804116 0.005939025818266441
1 0.509455732895576 0.9357728646846728 0.008097274982446279 0.005875188954604371
1 0.6613211447169578 0.9235901435960583 0.009813942637162065 0.006002862681928511
0 0.6394022634807579 0.9247762993615034 0.00889358492827208 0.005055604245019607
1 0.8119610499540177 0.9123866015869078 0.005770369026501299 0.009217364656605498
0 0.8563780346129994 0.9059749966631099 0.00889358492827197 0.005055604245019718
1 0.34008224148137234 0.9443734648405504 0.008159298863978315 0.0067586105278513164
0 0.16629796328619914 0.957742340589248 0.010796353952401472 0.007833544902808076
0 0.7311523698031032 0.9166204570254141 0.007611084444281158 0.01111188153042364
0 0.6760010889719512 0.9176141026936893 0.009141680454400447 0.008589290538007055
0 0.862231426426062 0.9033195163918282 0.009327752098996611 0.011239555257747336
0 0.2954691976929933 0.9357028261462271 0.009813942637161899 0.006002862681928178
1 0.24611424463707315 0.9393735021802534 0.010672306189337205 0.006066701756314297
0 0.21300584821795937 0.9409478385456629 0.009938020125043606 0.007769708039146006
0 0.4262120637749366 0.9237589407257905 0.0073009650366206436 0.006694773664189135
0 0.7153510340037124 0.9004787384951596 0.009141680454400447 0.008589290538006944
0 0.41459336681593517 0.9241790408629478 0.013619480685420793 0.01155874399750556
0 0.7603211738898025 0.8958020627074723 0.008221322745510351 0.00764203210109804
1 0.4731730677000432 0.9167141122136592 0.00901763269133632 0.0068224473915132755
0 0.8609909320998931 0.8856508471283525 0.007487036681216752 0.009345038383929749
1 0.481172298255382 0.9138990992328572 0.004911975749508524 0.009153523371495664
1 0.2451268395794332 0.9314545086589552 0.006628673129041612 0.009281199309543853
1 0.8320812094086147 0.8855808040498612 0.008407394390106737 0.010292296820838653
1 0.8217810251314162 0.886346859678149 0.0066907267353910616 0.010164623093514513
1 0.1312407823813752 0.9377044106968135 0.005832348320807201 0.010100782913766593
0 0.6465541971799029 0.8976028762342256 0.008779546027062879 0.0155929451595892
1 0.8199042891680609 0.8780499911285274 0.008955608809804172 0.005939025818266552
1 0.3621981802314612 0.9214154501054252 0.02399170605376999 0.025512524159372885
0 0.33895577770864915 0.9160396620359116 0.008407394390106904 0.010292296820838764
1 0.8306026242442907 0.8768102468321505 0.009875966518694046 0.006886284255175346
0 0.39591182120940394 0.9100276011341759 0.009141680454400503 0.008589290538006722
0 0.875448779990833 0.8703667829261563 0.009079656572868355 0.007705868964760221
1 0.03387040922107974 0.93340151021564 0.010124089911838868 0.010419972620716145
0 0.7485274464312504 0.869149710564386 0.008955608809804172 0.00593902581826633
0 0.9510973805183471 0.8540839764034134 0.00736298891815268 0.00757819523743597
1 0.7991078870352021 0.8644997971066232 0.008955608809804172 0.005939025818266552
0 0.36404994096816845 0.8986324914137265 0.010920431440283096 0.009600390260025682
0 0.5089555530000556 0.885635280057075 0.007300965036620588 0.006694773664189246
0 0.33737915229109944 0.8997280435641373 0.009203704335932539 0.009472712111253778
0 0.7410764261217271 0.867483719365657 0.00815929886397826 0.006758610527851094
0 0.6835671679442292 0.8717608555527301 0.00815929886397837 0.006758610527851205
1 0.7581813165858912 0.8653235428333783 0.00815929886397826 0.006758610527851094
0 0.8546213064675734 0.8563748825390765 0.01441585008088142 0.010739163709368227
0 0.87166423249984 0.8533312800121032 0.0074250127996849935 0.008461616810682804
1 0.8178934840581413 0.8555542432951209 0.010124062044822524 0.010419970548162683
0 0.31336644315841844 0.8895252363743275 0.00889358492827197 0.005055604245019607
1 0.6538561308761975 0.866422142016954 0.010558237563310646 0.01660404046015984
1 0.18795973017114376 0.9037364192553576 0.02466396823653147 0.02292609630329412
1 0.2454689883486417 0.8994592830682844 0.026504713379128797 0.024820615387835532
1 0.26134340821090063 0.8920622939555554 0.008593474382466548 0.012942680439848697
0 0.6975958489214902 0.8565087097823649 0.007549060562749177 0.010228459957176472
1 0.4688053217008498 0.8606478689997948 0.008097274982446279 0.005875188954604482
1 0.39063369663835834 0.8655736332098378 0.0063806073277305475 0.005747515227280342
0 0.20516869760265166 0.878479187522446 0.008345370508574729 0.009408875247591708
1 0.300781354909215 0.8700361354334263 0.00570828569533427 0.0083339386619109
0 0.8542602001495446 0.8266521060894576 0.009079656572868355 0.007705868964759999
1 0.4683401342415957 0.854022088301174 0.009875966518694157 0.006886284255175235
1 0.2913035433634338 0.8640806506461525 0.008097274982446334 0.00587518895460426
1 0.6509199636264604 0.836890880579769 0.006690726735391173 0.010164623093514513
0 0.13005831240494767 0.8778490115199584 0.010558267288128087 0.01660404267088389
0 0.21935242759521598 0.8654356562401947 0.007425012799684827 0.008461616810682804
1 0.1554725978776168 0.8772909862830014 0.023867650859501405 0.02374568046019787
1 0.3110715219767952 0.8568381031174817 0.010982455321815243 0.010483811833272516
1 0.8059036677453745 0.8138196497446375 0.005708345144969096 0.008333943083358886
1 0.2893497577041188 0.8362523954917991 0.006690726735391173 0.010164623093514513
1 0.8243431206411962 0.7937992294868144 0.005832392908033168 0.010100786229852443
0 0.21770377594892437 0.8358086384021548 0.008345370508574729 0.009408875247591708
1 0.8201394192722613 0.7892275622426144 0.006628702853859081 0.009281201520267679
0 0.33223108247241884 0.82640280454232 0.011168535314174943 0.01313419545228256
0 0.8533978263770516 0.783645854232214 0.006566678972326878 0.008397779947020845
0 0.5328052075392065 0.8074892897901498 0.0074250127996848825 0.008461616810682804
0 0.6643753996816233 0.7950399161690624 0.00815929886397837 0.006758610527851205
0 0.46483572650068783 0.8041079371178412 0.006628702853859025 0.009281201520267679
0 0.10622768790671733 0.8272264959121672 0.010672321051745925 0.006066702861676321
1 0.4114581286009744 0.7996413422882109 0.00889358492827197 0.005055604245019607
1 0.49165156184585046 0.7927890216625256 0.008035251100914187 0.004991767381357759
1 0.6464591776310874 0.7794994455563995 0.00889358492827208 0.005055604245019718
1 0.6340131587854941 0.7804250933438424 0.008035251100914298 0.004991767381357648
1 0.573959851617054 0.7853354553299727 0.00809727498244639 0.005875188954604371
1 0.8378395816728619 0.7648218931007533 0.008955608809804061 0.005939025818266441
0 0.7971300948089133 0.7687376143338724 0.008221322745510351 0.00764203210109804
1 0.8673905504322539 0.7617360643595841 0.00809727498244639 0.005875188954604482
1 0.19302979050277444 0.803897809106327 0.008097274982446223 0.005875188954604482
0 0.2813465211023439 0.7959973769906062 0.008159298863978426 0.0067586105278514275
0 0.37686615327513606 0.7862291319867196 0.009017632691336208 0.0068224473915132755
1 0.12202008336690633 0.7940821890897887 0.008955623672212781 0.005939026923628354
0 0.5741519599757685 0.7573476035950166 0.009017632691336375 0.0068224473915131645
0 0.6701937990584195 0.7488726319688038 0.012761206307697948 0.011494911555291143
1 0.2855922458322733 0.7765885696716506 0.0057703095768663615 0.009217360235157845
1 0.8169351220771588 0.7312986611371284 0.006690726735391173 0.010164623093514513
0 0.9357851881641338 0.722015407668432 0.005894416789565371 0.010984207803099388
0 0.6430888348628623 0.7437841142072172 0.009327752098996944 0.011239555257747336
0 0.15275552212903165 0.7771434943475565 0.010858377833933563 0.00871696647605491
0 0.6330937697362784 0.7427514082571802 0.008841569908595082 0.016476366732835923
0 0.11029335123867379 0.7745292496271826 0.008955623672212837 0.005939026923628354
0 0.6875007514673999 0.7311565253610387 0.00815929886397837 0.006758610527851205
0 0.7570579371410946 0.7264274256331643 0.010062038163290321 0.009536548974915737
0 0.7162554102809663 0.7290179550567784 0.009141680454400447 0.008589290538006944
1 0.2221525907329791 0.7639897962091875 0.006318553721381098 0.004864091443309682
0 0.8419412539453075 0.7187822870492666 0.011716681936474127 0.008780801128993043
1 0.4391283470028119 0.7451884946161559 0.006318583446198456 0.004864093654033619
0 0.48155450152147616 0.7411450996557127 0.008893584928271914 0.005055604245019607
1 0.45540591558038424 0.7435338657341628 0.006380607327730603 0.005747515227280453
0 0.2372306899608852 0.7575401260883641 0.008159298863978398 0.006758610527851205
1 0.3456255227553583 0.7468143137598415 0.010734359795686765 0.006950125540285179
0 0.5239756474353312 0.7308857163514413 0.009017632691336264 0.0068224473915131645
0 0.49485387531443537 0.7339396244500556 0.010858407558750949 0.008716968686778848
1 0.458281087057898 0.7353276007995758 0.008097274982446279 0.005875188954604482
0 0.48406250024202574 0.7338541769369276 0.008283346627042665 0.008525453674344985
0 0.6976668749457975 0.7161917093482354 0.008159298863978481 0.006758610527851205
0 0.9199787843102989 0.6996577052157971 0.011716681936473905 0.008780801128993154
0 0.8422673678270698 0.7049932595699087 0.009079656572868355 0.00770586896476011
0 0.7543177992959376 0.7119784100248243 0.011716681936473905 0.008780801128993043
0 0.7259923668456849 0.714085057475806 0.01000001428175823 0.008653127401669014
1 0.2831162574369812 0.747467100589258 0.006628702853859025 0.009281201520267679
1 0.13029943880992156 0.7583885289450691 0.00484995186797646 0.008270101798249052
0 0.25199866143336747 0.7466732292020368 0.009875996243511542 0.006886286465899172
1 0.4578469115394099 0.7291435308875784 0.008097274982446279 0.005875188954604371
0 0.40499652498048283 0.7321861383298156 0.008955608809804172 0.005939025818266441
1 0.5500572008900818 0.7213975403559161 0.0057703690265011875 0.00921736465660572
1 0.2920308370964009 0.7392556839742125 0.00644263120926275 0.006630936800527065
0 0.20993464134204082 0.7435852958135738 0.007425012799684827 0.008461616810682804
0 0.16953030335352437 0.7457022532576443 0.009017632691336236 0.0068224473915132755
1 0.8131976404506684 0.6964987292426588 0.00736298891815268 0.00757819523743597
0 0.684135417303984 0.7016571823556847 0.009079656572868355 0.00770586896476011
0 0.8995185132688208 0.6847504604021916 0.009079656572868355 0.007705868964759999
0 0.5704664297454386 0.7109991804572195 0.011902753581070291 0.011431065848733435
0 0.5501712356174093 0.7107324662643878 0.01079632422758392 0.007833542692084139
1 0.019030444772078898 0.7404664429790242 0.007735128014951338 0.012878842643537447
0 0.6659140802767152 0.6879155327709814 0.009079656572868355 0.007705868964759999
1 0.2899580081049492 0.7158765145675592 0.007487036681216919 0.009345038383929638
0 0.5658236078767227 0.6940275099853805 0.008283346627042554 0.008525453674344985
1 0.46695860816235313 0.699160250881405 0.008345370508574701 0.00940887524759182
1 0.6376766197681983 0.6851313881090875 0.008407394390106848 0.010292296820838542
1 0.45530889926258566 0.699138640231939 0.009327752098996778 0.011239555257747336
0 0.5191006567171904 0.692174109763201 0.006566678972326878 0.008397779947020845
0 0.1930528307640128 0.7181993941632403 0.008655498263998695 0.013826102013095531
0 0.20828598969574924 0.7139582779755338 0.010186115651172056 0.011303394332133343
0 0.6271283952406244 0.6823636935733053 0.008779546027062768 0.015592945159589089
0 0.5317798130718825 0.6761342977150822 0.008283346627042665 0.008525453674344874
1 0.43557790568059207 0.6761847270643494 0.008893584928272025 0.005055604245019607
0 0.20823997097684588 0.694868660501698 0.007549060562748983 0.010228459957176583
0 0.19242258125371858 0.6969330817384837 0.01024814788046749 0.012186934804649718
1 0.7986847698781069 0.6434070955901993 0.00662870285385897 0.009281201520267457
1 0.27720786849323276 0.6817468213455254 0.00754906056274901 0.010228459957176472
1 0.7935607108002818 0.6380158436364143 0.00583239290803339 0.010100786229852443
0 0.6242541924227846 0.6537158581308149 0.00884156990859486 0.016476366732835923
0 0.8215139957874601 0.6306086072963168 0.0074250127996846604 0.008461616810682804
1 0.2523318062398577 0.6653919232305462 0.009813972361979367 0.006002864892652449
1 0.5656545504677737 0.6363168862222532 0.009017632691336375 0.0068224473915132755
0 0.5458194799184362 0.6364600282552966 0.00920370433593265 0.009472712111253667
1 0.5719680616856464 0.6340712027272117 0.0066907267353910616 0.010164623093514402
1 0.45029486886565206 0.6400122827046308 0.009327752098996833 0.011239555257747336
0 0.8348343982102661 0.6114129234285373 0.009451808209824497 0.013006517303510656
0 0.1883749421469869 0.6577159252892342 0.00761108444428113 0.011111881530423307
1 0.7564456556637131 0.6132466548933055 0.0074250127996847715 0.008461616810682915
1 0.23953463883621945 0.6490267756774747 0.008893584928271997 0.005055604245019607
1 0.16940326930556962 0.6640111549313612 0.023133342501594767 0.025448685084986655
0 0.6833931149729364 0.6173477399522161 0.009327752098996833 0.011239555257747336
1 0.790164305246465 0.6080747942658846 0.006690726735391284 0.010164623093514513
0 0.6212559971176337 0.6233011156707484 0.008779546027062879 0.015592945159589089
0 0.3746002603077615 0.6372054111985415 0.008159298863978426 0.006758610527851205
1 0.8473634356685391 0.599380431313308 0.006566678972326767 0.008397779947020845
0 0.7023337758735877 0.6106107995234656 0.008345370508574756 0.00940887524759182
0 0.8623224915643084 0.5973798469401843 0.009265728217464742 0.010356133684500501
1 0.7711516032546633 0.6014963364337316 0.00889358492827197 0.005055604245019607
1 0.7612806453407783 0.6022304692087405 0.008035251100914076 0.004991767381357537
1 0.8998106628236258 0.5905955241953313 0.008955608809804061 0.005939025818266441
0 0.5439847970408926 0.6041826829317954 0.006566678972326878 0.008397779947020734
1 0.2663044554624786 0.6186182427483233 0.008035251100914131 0.004991767381357648
1 0.22556398638258143 0.6220922509840952 0.010672306189337177 0.006066701756314519
1 0.3125932013787054 0.6142875752692294 0.008035251100914076 0.004991767381357648
1 0.35673604910302104 0.6101164449211034 0.008893584928272025 0.005055604245019607
1 0.36743435862831514 0.6088767622850851 0.009813942637161954 0.0060028626819284
0 0.2785954401551773 0.6154839793674047 0.010920431440283096 0.00960039026002557
1 0.751265609418474 0.576333864911577 0.00889358492827197 0.005055604245019607
1 0.33846264178032215 0.607923295422623 0.0073009650366205325 0.006694773664189135
1 0.8091420106281187 0.5711413887194261 0.006318583446198289 0.004864093654033508
1 0.4208949834884716 0.6022366316861986 0.007487036681216863 0.009345038383929749
1 0.32258322817566265 0.6091042950861618 0.006566678972326878 0.008397779947020845
0 0.4895007317151122 0.596246121984294 0.012637099094998827 0.009728063987349711
1 0.4032368444488653 0.6026618262649037 0.006628702853859025 0.009281201520267679
1 0.4671526835652332 0.5974641961815703 0.005832333458398509 0.01010078180840468
0 0.4306109072494619 0.5992938833177138 0.006566678972326878 0.008397779947020734
1 0.7601541857419368 0.5738967258537364 0.006566678972326878 0.008397779947020845
1 0.8524575109149068 0.5674758676819444 0.005894416789565593 0.010984207803099277
0 0.4747847710884253 0.5955645232058462 0.009327752098996778 0.011239555257747447
1 0.43861016335573655 0.5964788086765533 0.0057703095768663615 0.009217360235157845
1 0.3883658199444665 0.5997716141037039 0.00828334662704261 0.008525453674344985
1 0.34517437159462416 0.6052040377373141 0.007735140555108655 0.012878843576186627
1 0.1905478378854647 0.6149279485636251 0.011168505589357475 0.013134193241558734
1 0.6778719290315075 0.5755760124183604 0.005708345144969096 0.008333943083358775
1 0.7451901212413582 0.5696813218830317 0.006566678972326878 0.008397779947020734
1 0.7254171340231875 0.570707881067874 0.006504655090794786 0.0075143583737740105
1 0.6610720982683234 0.5759374317937623 0.01000001428175834 0.008653127401669014
1 0.7652062631782461 0.5659725751251701 0.007238941155088385 0.005811352090942301
1 0.7532513756782291 0.5677497304754765 0.005646321263436893 0.00745052151011194
0 0.5897052727411312 0.5794691279172776 0.006566678972326878 0.008397779947020734
1 0.30022519671486436 0.5978904498346922 0.006504655090794842 0.0075143583737738995
0 0.47216874045596724 0.5828823463225521 0.012699122976530919 0.010611485560596434
0 0.5707856107455092 0.5742158618946296 0.007487036681216863 0.009345038383929638
1 0.7778283406326989 0.5552652748194458 0.009813942637161843 0.0060028626819284
0 0.1302934708723017 0.5985401377611002 0.00987598881230714 0.006886285913218271
0 0.1697464164592696 0.5951618267528891 0.008221322745510518 0.00764203210109804
1 0.7856104792549121 0.5493581674330104 0.0057703690265011875 0.009217364656605498
1 0.6257458113272556 0.5643559631627852 0.010496213681778443 0.015720618886913007
0 0.6158748534133707 0.5650900959377942 0.009637879854420661 0.01565678202325116
0 0.22234870749206823 0.5885855330176646 0.008955608809804116 0.005939025818266552
0 0.49897957137020227 0.5653475019730428 0.008097274982446279 0.005875188954604482
0 0.5367158126047122 0.562096927181536 0.013433468490459344 0.0089084836992126
1 0.9984389526210922 0.5289496181687259 0.0031220947578155522 0.012815006712524557
0 0.813806914786926 0.5392686840702589 0.008221322745510462 0.007642032101097929
0 0.8532598534009691 0.535890433340704 0.010000014281758451 0.008653127401668903
0 0.38704830564715514 0.5625715560247724 0.010858407558751004 0.008716968686778737
1 0.40660420510608164 0.5584529618839313 0.008893584928272025 0.005055604245019607
0 0.5550982460499294 0.5474090142446598 0.009017632691336264 0.0068224473915132755
0 0.26847234259614716 0.569614277678886 0.009265728217464686 0.010356133684500501
0 0.8248003559780338 0.5237982609575351 0.008283346627042665 0.008525453674344985
0 0.8128455279276516 0.5255754118863938 0.011840729699538088 0.010547644275486712
1 0.10811150499328787 0.5775445797126928 0.0049119757495085375 0.009153523371495886
1 0.27668368203073834 0.5636753090995305 0.005832333458398453 0.01010078180840468
1 0.45021984566349266 0.5467726887135727 0.004911975749508524 0.009153523371495775
0 0.3137116447107931 0.5564811962106091 0.006566678972326878 0.008397779947020845
0 0.19838800920518257 0.5668342301630798 0.009389784328292267 0.012123095730263822
1 0.7296118462918131 0.5259934668258923 0.005894416789565482 0.010984207803099166
1 0.44322903393323176 0.5455164876589121 0.006504655090794842 0.0075143583737740105
1 0.9346327893736726 0.5089693150563572 0.005894416789565593 0.010984207803099166
1 0.7924522935463965 0.5177676364394983 0.004912035199143405 0.00915352779294365
1 0.3332725527745289 0.5585785904135965 0.023867658290705696 0.023745681012878994
0 0.566520913604351 0.5319066682786573 0.008345370508574645 0.009408875247591708
0 0.6810172272233697 0.5220591819764719 0.0074250127996846604 0.008461616810683026
0 0.8835250779792996 0.5061100306637003 0.0074250127996847715 0.008461616810682915
1 0.8854798875740417 0.4970841215698938 0.007300965036620699 0.006694773664189302
0 0.5362206413140009 0.5181753308977668 0.008221322745510462 0.00764203210109804
0 0.7056821641195752 0.5046839342075657 0.009079656572868355 0.00770586896476011
1 0.6132237750688931 0.5088961789966059 0.004912035199143294 0.009153527792943539
1 0.33125674323368176 0.5298669136859963 0.009203704335932539 0.009472712111253667
0 0.8946996458337109 0.4870739389550758 0.008345370508574868 0.009408875247591764
1 0.4998599173494896 0.5164393549648192 0.006628673129041585 0.009281199309543742
1 0.7937817879236102 0.49369140879157336 0.009203704335932539 0.009472712111253778
1 0.4510271967543641 0.5214032427161608 0.01049621368177861 0.015720618886913118
1 0.43925343591765065 0.5196147294705662 0.009389784328292239 0.012123095730263822
1 0.18849702104594251 0.54270446901241 0.0230092947385305 0.023681841938492987
1 0.6089580498184259 0.5034410901791588 0.009265728217464742 0.010356133684500446
1 0.3029623227241952 0.5324152719236013 0.02215093118635525 0.02361800286410709
0 0.5818220736821027 0.4979108616309488 0.009079656572868355 0.007705868964760054
1 0.9074717785610664 0.47235926368827497 0.00815929886397826 0.0067586105278513164
1 0.682952007616227 0.4881693938193954 0.007176915186615562 0.004927900792878137
1 0.779423013612557 0.4796625037613517 0.009813940550221112 0.006002832957111126
1 0.4394244900955827 0.5036171480580911 0.0048499518679763765 0.008270101798248997
1 0.3980997933547059 0.5049145059301681 0.006566681059267776 0.008397809671838341
0 0.3488018417565705 0.5032526311613834 0.006566678972326934 0.008397779947020845
1 0.5921432568643306 0.48515459955126244 0.00754906473663064 0.010228519406811243
1 0.4405519501658565 0.49509681855011134 0.00478792798644434 0.007386680225002107
1 0.7503532215691686 0.4711679035435062 0.006504655090794786 0.0075143583737740105
0 0.6241452346184851 0.4801103532015309 0.006566678972326878 0.008397779947020845
1 0.8197863553059175 0.46467190121950325 0.006566678972326878 0.008397779947020845
0 0.47215574530922166 0.4905262333543754 0.008283346627042554 0.00852545367434493
0 0.10628777617327864 0.5208450831856777 0.009699918598361515 0.016540204701859906
0 0.2769437915354682 0.5059327669045721 0.009637879854420717 0.015656782023251048
1 0.8426515996739051 0.4585310823312554 0.0048500113176110915 0.00827010621969676
1 0.7634715599602173 0.46752812002639565 0.007859188318173005 0.014645686722680129
0 0.44885632542274584 0.490482982330626 0.008779546027062879 0.015592945159589089
0 0.6186539751458193 0.47563447539908893 0.008717522145530787 0.014709523586342366
0 0.8194402111788 0.45359703477318253 0.009327756272878407 0.011239614707382328
1 0.10779839186953241 0.4932032172193502 0.005770324439275096 0.009217361340519759
1 0.2725080125785013 0.47962118663661635 0.005832337632280138 0.010100841258039395
1 0.09206903353777574 0.4903768419218124 0.007176898237265944 0.004927869962698728
1 0.5019607868592254 0.46033597887294464 0.008221322745510518 0.007642032101098095
0 0.701464469219403 0.44461025658299 0.007487036681216752 0.009345038383929694
1 0.4482830784137066 0.46388413396546724 0.005832337632280138 0.01010084125803945
1 0.6022013166190615 0.4502166564222863 0.004912035199143183 0.009153527792943539
1 0.3999055173796898 0.46304188628276954 0.008893580754390396 0.0050555447953848365
0 0.16435126436136072 0.48144879774492155 0.006566649247509521 0.008397777736296796
1 0.5911308872685697 0.4461557182336475 0.008893580754390285 0.005055544795384892
1 0.550819555377534 0.4495978102483122 0.010672272290638052 0.0060666400959557
1 0.4440793791317124 0.45931249644608446 0.006628702853859081 0.009281201520267679
1 0.43473062604074547 0.46133987287394995 0.010248113981768392 0.012186873144290955
0 0.6146423863094803 0.4430750158695673 0.008345370508574756 0.009408875247591764
0 0.8381487605927205 0.4251201240817657 0.009141680454400558 0.008589290538006888
1 0.8105265980921136 0.42495432128633337 0.007238936981206701 0.0058112926413076416
1 0.9904123550248918 0.4124637418391556 0.010062038163290432 0.009536548974915737
1 0.762883350760267 0.4222813616579387 0.009451804035942701 0.01300645785387583
0 0.926724615087996 0.3963312215287085 0.0074250127996849935 0.00846161681068286
0 0.3192529292157961 0.4326302503055025 0.009017632691336264 0.006822447391513331
0 0.29224600944734636 0.43508285324761453 0.009937990400226193 0.007769705828422124
0 0.7929004735516465 0.38896718351349546 0.008097270808564594 0.005875129504969656
1 0.8807880202881875 0.38109864121015036 0.008893580754390285 0.0050555447953848365
0 0.326693932315701 0.4218642648165748 0.01165471750457675 0.007897383977193972
1 0.2792677409313402 0.42228331263008534 0.006318579272316771 0.004864034204398793
0 0.18754865932522882 0.43088083492261886 0.006566649247509548 0.008397777736296907
0 0.6860312388510107 0.3906990084961283 0.00981393846328027 0.006002803232293741
1 0.2577160303651635 0.42255409645491127 0.00981393846328027 0.006002803232293685
1 0.09757227309034391 0.43357643399739787 0.009327771135287183 0.01123961581274413
1 0.04971691850790637 0.4340273999663989 0.004849959299180771 0.008270102350929953
1 0.6020012472693465 0.3920643218725356 0.005832397081914964 0.01010084567948727
0 0.589953383396666 0.39251634044152406 0.0057703690265011875 0.009217364656605664
0 0.18717150325734525 0.4193642576896747 0.0074250127996847715 0.008461616810682804
1 0.6913574214102277 0.3805343556777965 0.004912035199143405 0.009153527792943594
0 0.8904009228290195 0.36439881130823215 0.006566678972326878 0.008397779947020845
0 0.2999201203315327 0.4092027057087346 0.008407398563988477 0.010292356270473313
0 0.3718351858293579 0.40119000319496445 0.00815929886397837 0.006758610527851261
0 0.31981215088183995 0.4037270607761924 0.008955604635922487 0.005938966368631671
1 0.950754340543265 0.35147369939994866 0.008097270808564594 0.005875129504969545
1 0.9585104758295214 0.3513408695707182 0.0065666789723271 0.0083977799470209
0 0.9146727112701805 0.35371315137679116 0.008531446327052605 0.012059199416966926
0 0.8745114941016824 0.3531478640089315 0.009141680454400447 0.008589290538006888
0 0.38040865969128657 0.38811970626670267 0.008159298863978426 0.006758610527851261
0 0.3421501839090413 0.39007703961607687 0.009017632691336208 0.00682244739151322
1 0.25625343967494124 0.39557740389160856 0.008893580754390396 0.0050555447953848365
0 0.23169751612578604 0.3960716200553376 0.009813968188097683 0.006002805443017567
1 0.2685444243676399 0.39244314051068996 0.004787927986444285 0.007386680225002162
1 0.8035997793744913 0.3508733685648586 0.008955604635922487 0.00593896636863156
0 0.6799667939058813 0.35962430763189723 0.009141680454400558 0.008589290538006944
0 0.6228556907012962 0.3634278146005159 0.008345370508574534 0.009408875247591653
1 0.04773212299476616 0.4057574637502395 0.004849959299180785 0.008270102350929953
1 0.5943441824325655 0.36288413788212215 0.004912035199143294 0.00915352779294365
1 0.42730263113005185 0.3739754678374962 0.009389780154410665 0.012123036280629051
0 0.3257695643864933 0.3779745891753604 0.007425012799684827 0.008461616810682915
0 0.23113429910183314 0.3819047175476562 0.00895560463592246 0.005938966368631726
1 0.7771051087559167 0.34218726377554 0.009327756272878518 0.011239614707382162
0 0.4915185787052845 0.36076305810719234 0.009937990400226193 0.007769705828422124
0 0.7929795158427075 0.3347903054929903 0.00920370433593265 0.009472712111253778
1 0.7833516511109645 0.33284222539161035 0.007238936981206701 0.0058112926413076416
1 0.816672082097287 0.3281439389544569 0.007300965036620477 0.006694773664189246
1 0.7540437755337142 0.33324584125639073 0.009079656572868355 0.00770586896476011
1 0.2042414140607108 0.37369224639823984 0.0064426014844453094 0.0066309345898032945
0 0.6737573002057174 0.33877294034775357 0.008283346627042665 0.008525453674344874
1 0.8083627300473468 0.32654181434420737 0.004787987436079111 0.007386684646449926
1 0.7246118501064587 0.3318825842498601 0.008955604635922376 0.005938966368631671
1 0.09452305254842136 0.3778561154444846 0.009079671435277048 0.007705870070121967
1 0.9803372878161567 0.3119754513435081 0.009203704335932428 0.009472712111253778
1 0.7338366127970555 0.3280883305292357 0.009017632691336153 0.00682244739151322
0 0.18336197845276353 0.371248897809484 0.008593470208584836 0.01294262099021376
1 0.757255073928727 0.32368246608046775 0.006690730909272746 0.010164682543149284
0 0.69067116778317 0.32774647660564094 0.0074250127996848825 0.00846161681068286
0 0.8206176665565936 0.3167498837683782 0.008345370508574756 0.009408875247591653
1 0.09442500812131395 0.370314994740786 0.006566649247509521 0.008397777736296907
0 0.2542326512541023 0.3606497366094561 0.010434189800246518 0.014837197313666284
0 0.30796737915022576 0.35176907419598663 0.006566678972326934 0.008397779947020845
1 0.7653113197607888 0.3155348863290843 0.010434189800246574 0.014837197313666284
0 0.6620305436969312 0.319219972818373 0.006566678972326989 0.008397779947020845
0 0.11654095058700503 0.3473569797293202 0.008893588185594686 0.0050555453480657375
0 0.29464800274978786 0.33411062354042376 0.008407398563988588 0.010292356270473313
1 0.5652083870556153 0.310436037811085 0.005708345144968874 0.00833394308335872
1 0.5565008800327622 0.30930754241928987 0.008893580754390285 0.0050555447953848365
1 0.3681557178640819 0.324203401942112 0.004849951867976432 0.008270101798248941
1 0.09167490717190974 0.3434340283008398 0.008469422445520625 0.011175777843720147
0 0.2526460086269342 0.3319061414500249 0.009513832091356506 0.01388993887675749
0 0.5125391271599918 0.30991297665742135 0.010982400046062102 0.010483866861459468
1 0.26288413929778326 0.3302566664592142 0.009637879854420772 0.01565678202325116
1 0.48019604152140555 0.3100983129691194 0.004911975749508635 0.00915352337149583
0 0.43360217854150496 0.31622777175135536 0.00957585597288857 0.014773360450004325
1 0.14501647175057997 0.34124295483019773 0.02294727085699838 0.022798420365246264
1 0.4234210673212604 0.3125447394212193 0.006504655090794786 0.007514358373773955
0 0.9020426133750923 0.27828026981925635 0.011106447809126396 0.012250710007953025
1 0.31441598345009014 0.3268681057365705 0.022088907304823213 0.022734581290860367
1 0.590462618623774 0.3014534094658453 0.007797164436640913 0.013762265149433406
1 0.567928496742358 0.30002118921856363 0.0057703690265011875 0.009217364656605609
1 0.7949302875792554 0.2826943374030955 0.006814778672337041 0.011931525689642952
1 0.8248173853430876 0.2782514281454075 0.004912035199143405 0.009153527792943594
1 0.41593405827792007 0.304221076606132 0.004911975749508524 0.009153523371495775
1 0.8620524503845263 0.2617174010389216 0.007300965036620477 0.006694773664189246
1 0.5924334206056772 0.2742213353016292 0.004912035199143294 0.009153527792943594
0 0.45117331221210866 0.2838392391836311 0.010796383677218857 0.007833547113531958
0 0.14946427537467533 0.3062782460552111 0.00662867312904164 0.009281199309543742
1 0.11424603312098391 0.3146698461961341 0.022150960911172676 0.023618005074831028
1 0.7604523808794437 0.25861711024898676 0.008407398563988533 0.010292356270473313
0 0.4456510705234941 0.2789216483838419 0.009203704335932539 0.009472712111253723
0 0.2957454492637872 0.2882944806580193 0.009813938463280325 0.006002803232293685
1 0.3849515107690718 0.280771923570622 0.008097270808564594 0.005875129504969601
1 0.4042022931643245 0.278452120732923 0.008955604635922487 0.00593896636863156
0 0.8058727460338768 0.24191830515662188 0.00815929886397826 0.006758610527851261
1 0.7670610555748885 0.24214071379133342 0.0048500113176112025 0.00827010621969676
1 0.10913798500833065 0.2910724277902371 0.005708307988947309 0.008333940319953936
1 0.5054462628692467 0.25804559369225005 0.007300965036620588 0.006694773664189246
0 0.36262448916209866 0.2699997593809583 0.004911975749508524 0.00915352337149583
1 0.28662977423228436 0.27520769724665667 0.005832337632280193 0.01010084125803945
1 0.7590568205886219 0.23873979787794178 0.004912035199143294 0.009153527792943594
1 0.7474381236296205 0.23915989801509918 0.009141680454400447 0.008589290538006888
0 0.4470786411395735 0.26238656895370904 0.005832337632280249 0.01010084125803945
1 0.27973197068644506 0.27527666048740773 0.005894361513812285 0.010984262831286284
1 0.7787367698975536 0.23638807660841188 0.004912035199143294 0.009153527792943567
1 0.480890309595274 0.25853981206670296 0.006628673129041585 0.009281199309543686
1 0.8112609545615668 0.2326371036363542 0.006690730909272857 0.010164682543149312
1 0.7073079184018884 0.23903632143386289 0.008221322745510351 0.007642032101098067
0 0.1140089469281429 0.28671394482855017 0.009699903735952822 0.016540203596497938
1 0.6171194132478708 0.24485583950385476 0.004912036242613715 0.009153542655352287
1 0.8496074575613011 0.22578891430302195 0.011654658054941924 0.007897379555746153
1 0.7951023677795556 0.22984262146727794 0.005646321263437004 0.007450521510111996
0 0.8778708661300216 0.22279884527879354 0.013371444608927141 0.008025062125965876
1 0.7465437692566874 0.23256603574830942 0.008221322745510462 0.007642032101098095
0 0.5048570255599873 0.24965294012231826 0.00736298891815268 0.007578195237435997
0 0.6221454258116477 0.24270594102912374 0.008841570952065503 0.01647638159524456
1 0.790681582825258 0.22217897871671388 0.006504655090794786 0.007514358373773983
1 0.8721625793912169 0.21523094296131381 0.004912037286084137 0.00915355751776098
0 0.8489561963705097 0.21651283915984332 0.011716681936474016 0.008780801128992988
0 0.19688146383978827 0.2565731327232894 0.006628675215982427 0.009281229034361183
1 0.1490881463726302 0.2579075491613332 0.007176913099674664 0.004927871068060807
1 0.2744998541457759 0.24991237059190213 0.009203706422873381 0.009472741836071136
1 0.4921788983580745 0.2288386622343207 0.008893580754390451 0.005055544795384809
1 0.752744274900012 0.20413133640867986 0.008893580754390285 0.0050555447953848365
1 0.7835827433569704 0.20094973750960884 0.008893580754390285 0.0050555447953848365
1 0.8452906922116534 0.1950282504980902 0.008955606722863219 0.005938996093449028
1 0.834561341020776 0.195826224558209 0.009813940550221223 0.006002832957111071
1 0.5500192779786736 0.21698847204930932 0.007238939068147543 0.005811322366124999
1 0.4046534850054007 0.229575861326351 0.004911977836449366 0.009153553096313188
1 0.5710488134467497 0.21542444236090277 0.008221322745510462 0.00764203210109804
1 0.5414048088650594 0.21718513874220186 0.005584295294963959 0.006567070212047749
1 0.3942292806030145 0.2285750418726038 0.00478792798644434 0.007386680225002135
0 0.03636055212574645 0.25607886303167393 0.004911985267653712 0.009153553648994173
1 0.6796607201815286 0.2077906809561496 0.005832394994974233 0.010100815954669856
1 0.7734946392776771 0.19859185461247564 0.006628704940799812 0.009281231245085092
1 0.4143384275939128 0.22619141482292765 0.007611088618162787 0.011111940980058105
1 0.8039039408209566 0.19544217414523563 0.005894420963447056 0.010984267252734131
1 0.2991028245231433 0.23165366710348378 0.00570828569533427 0.008333938661910983
1 0.7638047485774611 0.19576032321303144 0.008221322745510462 0.007642032101098095
1 0.5033584143241898 0.21601854842856366 0.0074870387681578165 0.009345068108747079
1 0.46546708157409145 0.21706054177285997 0.005646261813802178 0.007450517088664177
1 0.7525531925636656 0.19526505362029362 0.01000001428175823 0.008653127401668959
1 0.2732593566891956 0.23224365674120034 0.005894361513812285 0.010984262831286229
1 0.12234032390548054 0.23947172846405868 0.01012409385658078 0.010420002483703866
1 0.36433219848479265 0.22058601681913714 0.00840739647704769 0.010292326545655955
1 0.31141978595739267 0.2227451729633102 0.0055842358453291885 0.00656706579059993
0 0.29370463268453384 0.22850294917500555 0.009637879854420717 0.015656782023251103
0 0.32325557067563815 0.22541710778215146 0.012212940786129 0.015848297035684966
1 0.7740379003683183 0.18789485766766845 0.00577037111344203 0.009217394381423022
1 0.461015282592087 0.2089551585108551 0.004725902017971462 0.006503228926937915
1 0.8472404973754681 0.1797864125100901 0.004912037286084248 0.009153557517761007
1 0.8159108370798281 0.1821164934053366 0.007611088618162842 0.01111194098005816
1 0.8038939851479139 0.18301022276094842 0.005894420963447167 0.010984267252734103
1 0.8697696127390159 0.1750026741383608 0.009637879854420994 0.015656782023251103
0 0.4594386550875965 0.19264351031426324 0.010672333827213831 0.006066674242220904
1 0.4859543830173648 0.18933938936832675 0.007425012799684827 0.00846161681068286
0 0.5185355829581009 0.18025584962568758 0.006628704940799923 0.009281231245085064
0 0.6173955146180264 0.1689071248072826 0.009017630604395421 0.0068224176666958625
1 0.034877963587118144 0.20423825919321936 0.008893595616799043 0.005055545900746777
1 0.3110796764574524 0.18103216033747535 0.00889358075439034 0.0050555447953848365
1 0.3805437616418621 0.17497785835913499 0.00889358075439034 0.005055544795384809
1 0.48771310480136265 0.16523125372953168 0.008893580754390451 0.005055544795384809
1 0.5180293694788736 0.16075642604001272 0.004912037286084137 0.009153557517761007
0 0.057433084373563564 0.19368027298910248 0.009017645466804107 0.006822418772057803
1 0.19059593682097623 0.17933631972847675 0.008035246927032502 0.004991707931722794
0 0.04443383494534807 0.19287098230483596 0.009265745166814235 0.010356164514679939
1 0.23219476840957826 0.17579845755591034 0.008955606722863274 0.005938996093449028
0 0.49760512002644114 0.1525068952192677 0.009813940550221001 0.006002832957111098
1 0.06083046706172925 0.18676723629228248 0.010062069975048674 0.009536580910457088
1 0.5365358538175663 0.14783540083685626 0.00895560672286333 0.005938996093449084
0 0.1750786725060631 0.17338598993774734 0.012451025363461599 0.0070777695427917675
0 0.09693806994595328 0.17875350896895892 0.0110444685148203 0.011367291750792125
1 0.8679148412099528 0.11786145417303746 0.008097272895505547 0.005875159229787014
1 0.8416422659119609 0.11848335782113725 0.008893580754390396 0.005055544795384823
1 0.8678478097670818 0.11076205911837098 0.00895560672286333 0.005938996093449042
1 0.4188392542672333 0.14282409182759404 0.008893580754390396 0.005055544795384809
1 0.7386045819867745 0.11948621657162845 0.006504655090794786 0.007514358373774038
1 0.7985387863734433 0.11902494475464581 0.014912051567842477 0.01780668491942998
1 0.7184594441751182 0.11521214228012888 0.006690728822332015 0.01016465281833187
0 0.8295793793552642 0.10028745594586663 0.008097272895505547 0.0058751592297870275
1 0.623327950809091 0.11207479624031307 0.006504655090794786 0.0075143583737740105
1 0.6596836831181425 0.10759481244888772 0.00736298891815268 0.007578195237436039
1 0.7750693414618146 0.09812518520725508 0.008221322745510462 0.007642032101098067
1 0.10555855243660205 0.14791871261700396 0.006628675215982455 0.009281229034361155
1 0.19218959655393403 0.14058765236354592 0.004911977836449394 0.009153553096313188
1 0.18100006598687632 0.14097582663766794 0.00828334767051303 0.008525468536753594
1 0.11368184509567866 0.14687053424612936 0.007549063693160246 0.010228504544402606
1 0.1685540322788744 0.14190147553047272 0.00926573134787595 0.010356178271726663
1 0.9670599791092016 0.07985004271412036 0.008283347670512753 0.008525468536753608
1 0.3362058489987588 0.12721258305170374 0.006628704940799868 0.009281231245085078
0 0.13571975427987146 0.14123528640714184 0.009079656572868355 0.007705868964760082
1 0.3263038191727379 0.12750500203033274 0.007549063693160274 0.01022850454440262
1 0.38460941597740855 0.12228059033321823 0.005832336588809772 0.010100826395630771
1 0.24111037513483635 0.13073292127993102 0.010672333827213776 0.006066674242220904
0 0.21578914080515363 0.1326161374973716 0.009813970275038497 0.006002835167835008
0 0.5313817525021197 0.10514835258177926 0.011592633129939411 0.007013943120090654
1 0.9647850282015635 0.07202680037319686 0.009875965475223625 0.0068862693927665974
1 0.20618726559042902 0.12489379580655735 0.00717691414314503 0.004927885930469486
0 0.6804550448356312 0.09006510190767186 0.008221322745510573 0.007642032101098081
0 0.878055983722615 0.07181672917566612 0.009079656572868244 0.007705868964760096
1 0.4779732000243342 0.10024001281926029 0.00717691414314503 0.004927885930469486
1 0.8088349906768767 0.07518880341520892 0.008097272895505547 0.0058751592297870275
0 0.07537735802573442 0.12973824956898683 0.007362974055743959 0.007578194132074084
1 0.13273154645952165 0.12325252284545593 0.008893581797860761 0.005055559657793529
1 0.12203322259355409 0.12449221401804053 0.009813970275038553 0.006002835167834966
1 0.26089938289977965 0.11150017252034225 0.008097272895505492 0.0058751592297870275
1 0.6495135238684915 0.07948959919042026 0.004850012361081624 0.008270121082105494
0 0.8064980143225009 0.06648211720742556 0.009937990400226249 0.0077697058284221104
1 0.6583401331513808 0.07616899698186329 0.007300963993150056 0.006694758801780526
1 0.06813343421159629 0.11873236699898726 0.006504625365977415 0.007514356163050129
1 0.15620204868354126 0.10729816795239333 0.00815929782050795 0.006758595665442554
1 0.06153576402691072 0.11078658609074667 0.006442600440974874 0.006630919727394602
1 0.1756649266608431 0.10185443291511581 0.006876774915992617 0.012814974776983248
1 0.9632864748501951 0.03839238196438146 0.01159263312993919 0.007013943120090654
1 0.25092036543610974 0.09226123762881319 0.006566680015797383 0.008397794809429523
0 0.20322006997231157 0.09492080239449788 0.009017631647865842 0.006822432529104569
1 0.5512488046953679 0.06859283582069081 0.008221322745510462 0.0076420321010980535
1 0.19221661418026148 0.0979592859755865 0.007735138468167896 0.012878813851369186
0 0.637848851212607 0.06082005624404301 0.008283347670513086 0.00852546853675358
1 0.5856707231842951 0.06114851008444733 0.008893581797860817 0.005055559657793529
0 0.07973712439246042 0.09966436017461755 0.008159297820507963 0.006758595665442568
1 0.7398060481054236 0.050573052634856355 0.00656668001579741 0.008397794809429544
0 0.8253926984827988 0.0406555188327318 0.00815929782050806 0.0067585956654425475
1 0.24064120874528744 0.08103706973256981 0.013371385159292398 0.00802505770451803
0 0.7539277664701884 0.036646061517974525 0.009079656572868355 0.007705868964760096
0 0.15792975865720682 0.08274832338477592 0.013743564173257422 0.013325674813572913
1 0.1503857026558192 0.07975720168397778 0.008955606722863274 0.005938996093449028
0 0.5937840453079202 0.047668381434647494 0.006628704940799923 0.009281231245085071
0 0.7842750433493331 0.03261294833068116 0.006628704419064602 0.009281223813880714
1 0.19743972910602087 0.07403752893069174 0.008893581797860789 0.005055559657793515
1 0.9635145450874528 0.017062244928131354 0.004850012361081735 0.008270121082105498
1 0.7423040616889807 0.030850184458110073 0.008893581797860706 0.005055559657793519
1 0.960531314842757 0.005295453342986834 0.005770371113441919 0.009217394381423036
1 0.8042811678157351 0.016472221169560635 0.007425013843155193 0.008461631673091573
0 0.03240998882430612 0.07077042513683378 0.005894380091823165 0.010984264212988704
1 0.025543216026383514 0.07128112764549344 0.005894383807425341 0.010984264489329196
1 0.05711598364918795 0.06626882255059008 0.007362973925310164 0.007578192274272991
0 0.039674934586200354 0.06978608366791236 0.008531446979221757 0.012059208705972407
1 0.9460845088142484 0.0011094314937015186 0.009389780806579706 0.002218862987403037
1 0.10232427023613828 0.05269397920615987 0.006442600180107283 0.006630916011792408
1 0.09153290526706476 0.052608516001601664 0.008893588968197516 0.005055556494872326
1 0.06749919025642964 0.05439597554184678 0.00717689901986876 0.00492788110950533
1 0.14386106255906428 0.04827268913450425 0.008955606461995697 0.005938992377846869
1 0.3375374001163255 0.029428153237932943 0.008955606722863274 0.005938996093449042
1 0.4052537755565262 0.023059810373163556 0.008893581602210043 0.005055556871091885
1 0.38079087505420134 0.024879189726942134 0.008035247774852206 0.004991720007429867
1 0.4352339101861268 0.019942048337754557 0.008893581602209988 0.005055556871091892
0 0.4235221753504948 0.019036986854674594 0.0065666797549297495 0.008397791093827368
0 0.6053936961463069 0.0008756676459468254 0.007362988755110322 0.0017513352918936509
0 0.3606717429181583 0.014830871202544614 0.007300963813803685 0.006694756247304024
