1 0.5354136356748875 0.9975219661537713 0.009651494176266984 0.004956067692457489
1 0.45127448193039965 0.9782611900980902 0.01583423103957199 0.012345755352057397
1 0.32853283788628995 0.9564170248097021 0.010750525761070662 0.007170014732420182
1 0.28842015779764407 0.9500274569899235 0.009651553064526364 0.006994958850810251
1 0.36983048956611797 0.9624222147371526 0.01236531516066347 0.010701701398674102
1 0.23271616307874873 0.9388618109598634 0.011849498457615015 0.007345070614030114
1 0.19442388998535132 0.9316158911460257 0.009651553064526391 0.00699495885081014
1 0.15997802700250804 0.9249827281511667 0.008552550923852376 0.006819898279030956
1 0.06763022390768078 0.9068338073630279 0.009651523620396674 0.006994954160640887
1 0.714845773451438 0.9921617276939925 0.010922405773827415 0.008288882280296006
0 0.7455312161689489 0.9952530348209496 0.013980045671996844 0.009493930358100644
0 0.7312445122256133 0.9941151669003159 0.013980045671996844 0.011769666199368367
0 0.5754998409751721 0.964806994539775 0.01288107297545249 0.014058322802979362
1 0.5443509492975722 0.9586989473367407 0.011438222476875759 0.011645513064940105
1 0.5597366259374521 0.9611497390596184 0.011782100278908247 0.01388326692136943
1 0.716651159060355 0.9804133432829603 0.010750466872811226 0.007170005352081454
0 0.45356565051911824 0.9413720511802087 0.011610161377892059 0.012764389993154657
1 0.3462956525653965 0.9214192391505911 0.010750525761070662 0.007170014732420182
1 0.7946786327328175 0.9928423765396364 0.011438222476875981 0.011645513064940105
0 0.2714455167750945 0.9066306626577418 0.012709192962695792 0.012939455255103427
0 0.28526874231421157 0.9082593778960073 0.013980104560256224 0.014233388064928021
1 0.22444740211572095 0.8974248526367479 0.012537254061679631 0.011820578326888875
1 0.671525771596228 0.9663476476567798 0.006698453888666411 0.008707535682071055
0 0.19604590368593622 0.8917544993358282 0.012537254061679631 0.011820578326888875
1 0.6227072204974762 0.9579981849396757 0.012709134074436412 0.01293944587476481
1 0.3482206682206296 0.91255563388916 0.012193376259647282 0.009582824470459439
1 0.1613084864778257 0.8833554364646676 0.01236531516066347 0.010701701398674102
0 0.09317185540665116 0.872501920212989 0.010167340323445143 0.010351584945284875
1 0.695292080653658 0.9655482733301477 0.011094344674843493 0.00940775920851078
0 0.6304523382279866 0.9552199200331295 0.01143822247687587 0.011645513064940105
1 0.44050112635236033 0.9238161759930567 0.011438222476875981 0.011645513064940216
0 0.42447998486428434 0.9218373536817408 0.012709192962695792 0.012939455255103538
1 0.3705777873752907 0.9172631751510556 0.026689315621783616 0.027172961096550097
0 0.02086356658295083 0.8558256450837556 0.013980104560256208 0.014233388064928021
0 0.8295056168198673 0.9823420901480233 0.012537195173420335 0.011820568946549925
1 0.8120939427373308 0.9784222508454516 0.012537195173420335 0.011820568946549925
1 0.2890664647699774 0.8945358234509608 0.01016736976757493 0.010351589635454128
1 0.7974296913467391 0.9749401101351642 0.011438222476875759 0.011645513064940105
1 0.27431621448474797 0.8916131165146113 0.011438281365135305 0.011645522445278944
1 0.24974253112223557 0.8940033418711892 0.02541838592539153 0.025878910510206965
1 0.7214468633758258 0.956532250766658 0.009068338182771196 0.01017652437350558
0 0.6557997851386175 0.9477946943014957 0.017277081538148664 0.014758565090096543
1 0.09604254406688884 0.8574844329581177 0.011438281365135278 0.011645522445278833
1 0.6424064453455862 0.9433687325446034 0.011782100278908247 0.01388326692136932
1 0.08007370576086406 0.8515018933356422 0.00889642872588467 0.009057652135460281
0 0.022840891092884053 0.8429583837445088 0.011610205544086573 0.012764397028409036
1 0.5971427886256669 0.9338660725720864 0.010683127582364005 0.01370821103975961
0 0.5817570530975276 0.9314152714688699 0.012881072975452379 0.014058322802979473
1 0.8158916651930966 0.9646986964004052 0.011610161377892059 0.012764389993154768
0 0.4120173147887582 0.9003653597379168 0.012709192962695792 0.012939455255103427
0 0.8029618422978296 0.9609197010484252 0.0161781088416042 0.014583509208486611
1 0.27761678889107166 0.8737983827411133 0.010339308668590952 0.01147046656366879
1 0.660782508629695 0.9336867666542903 0.011438222476875981 0.011645513064940105
1 0.6449332562037916 0.9305889991461616 0.010511188681347816 0.012589334111544837
0 0.5240793901853897 0.914776985359729 0.012641812882820624 0.019477769338961504
0 0.23336609692364296 0.8650302713124036 0.011610220266151411 0.012764399373493496
1 0.2179803908396334 0.8625794748993565 0.011610220266151411 0.012764399373493496
1 0.5866538071380971 0.9178667822857721 0.01820411533367683 0.013814744043491922
1 0.08514235453625524 0.8368345201890756 0.010167340323445115 0.010351584945284875
0 0.07140514062170805 0.8346463128748838 0.011610212905119002 0.01276439820095121
0 0.44595093472550357 0.8920152992619279 0.012709134074436301 0.012939445874764699
1 0.17944884860418825 0.8495640556745763 0.007214300035844473 0.012064171156884407
1 0.37649110359678223 0.8861093237130986 0.02668931562178367 0.027172961096550208
0 0.4144244865512318 0.8847009060781332 0.012709192962695792 0.012939455255103427
0 0.2802295691997851 0.8604592108785643 0.011782159167167516 0.01388327630170827
1 0.2568407985401953 0.8624650489624752 0.025590342925239346 0.026997905214940388
0 0.8035149555186627 0.9426673228807332 0.011782100278908136 0.01388326692136943
1 0.2350518139926986 0.8503971619498605 0.010167369767574846 0.01035158963545424
1 0.22004368480007472 0.8491527750960024 0.011610220266151439 0.012764399373493718
0 0.19181413263233862 0.8423635460394104 0.011610205544086594 0.012764397028408814
1 0.0010006032114764488 0.8140006483832141 0.0020012064229528977 0.018358899446000887
1 0.7137089405021777 0.9226306940758715 0.010339249780331516 0.011470457183330174
0 0.08856252954476508 0.8219045608750093 0.010339279224461262 0.011470461873499427
0 0.07418985615092144 0.8201882634978488 0.01270919296269575 0.012939455255103427
1 0.058426617341720694 0.8165310645608668 0.0112663277420543 0.010526643171979488
0 0.045702402992693555 0.8150773510061211 0.012537254061679617 0.011820578326888653
1 0.02269120355184046 0.8182895374158772 0.025590328203174494 0.026997902869855706
1 0.726605093752221 0.9229655307024025 0.011610161377892059 0.012764389993154768
1 0.3454840876528218 0.8570982711694747 0.011849498457615015 0.007345070614030114
1 0.654124910193699 0.9074081395366377 0.008141304387243031 0.011120345420110311
1 0.4185660958584458 0.8687395388883979 0.011438281365135361 0.011645522445278722
0 0.8368131196566277 0.9347891729280469 0.012709134074436412 0.012939445874764588
1 0.40445133081612633 0.8653449261189154 0.01143828136513525 0.011645522445278833
1 0.7897289970532007 0.9261428555692502 0.010511188681347705 0.012589334111545059
1 0.7493060997583304 0.9254352592196093 0.027960227219344214 0.028466893906375024
0 0.7762496878096614 0.9222763322764654 0.0161781088416042 0.014583509208486722
0 0.26831634697898554 0.8390747990736351 0.012881131863711925 0.01405833218331809
0 0.650555003477951 0.8976692454868183 0.011438222476875981 0.011645513064939994
0 0.5302506328572372 0.8819447007529313 0.012469873981804547 0.018358892410746952
0 0.6336928066942709 0.893836993013311 0.015079136145060068 0.014408453326876569
0 0.5739704482417405 0.883177464747402 0.011438222476875981 0.011645513064940105
1 0.0789669359789805 0.8037549881298958 0.010167340323445143 0.010351584945284986
0 0.09224063667627984 0.8052962296254462 0.012881131863711898 0.0140583321833182
1 0.44322576906618016 0.8657899386461415 0.025590342925239262 0.026997905214940277
0 0.4220722403174637 0.8532501411102245 0.011438281365135305 0.011645522445278833
0 0.40660059422707573 0.8513587878514539 0.011610220266151439 0.012764399373493496
1 0.165924454806941 0.8130213715524437 0.007214300035844445 0.012064171156884407
0 0.3759151809536943 0.8458977612514218 0.011782159167167516 0.013883276301708158
1 0.0036133808357400876 0.783965674459743 0.007226761671480175 0.01164552010019404
0 0.8401136646188218 0.9169744344643795 0.013808106770980766 0.01311450175637452
1 0.30005205096677195 0.830374631524596 0.012537254061679604 0.011820578326888764
0 0.2873278366177448 0.8289209179698503 0.013808165659240035 0.01311451113671347
1 0.23325368212890335 0.8254657341438987 0.025590342925239373 0.026997905214940277
1 0.11562938356438891 0.80329044808471 0.0266893156217837 0.02717296109655032
1 0.6690693450672681 0.8834241850545821 0.012537195173420335 0.011820568946550036
1 0.7295990483807513 0.8924928576003759 0.008313243288258998 0.012239222348325085
1 0.7191588077635804 0.8908298267250816 0.011610161377891948 0.012764389993154768
1 0.6547825822356731 0.8811484398329755 0.01288107297545249 0.014058322802979584
0 0.6231701646108934 0.8743934851132882 0.012709134074436412 0.01293944587476481
1 0.05233716087392164 0.7828920928650374 0.009240306527916957 0.011295405991889718
1 0.036487961663628644 0.7797942735039032 0.012365300438598625 0.01070169905358942
1 0.02431322461345781 0.7784281467782221 0.012537239339614765 0.011820575981804304
0 0.4716495041338726 0.8456725663451301 0.013808106770980766 0.01311450175637463
0 0.4558003105962286 0.8425748082173401 0.012537195173420168 0.011820568946550036
1 0.7321595198347647 0.8831573418156422 0.01184943956935558 0.007345061233691497
0 0.4251148769281334 0.8371137180388792 0.012709192962695792 0.012939455255103538
1 0.411463628783578 0.8343660716743091 0.011782159167167572 0.013883276301708158
1 0.7547559081314736 0.8936343824884806 0.02668931562178367 0.02717296109655032
0 0.4861081560276401 0.8468293663699239 0.01449588047387701 0.01759012724575193
0 0.7943377410813238 0.8924886075641896 0.011610161377892059 0.012764389993154768
0 0.4412220082614312 0.8385331654645166 0.01449593936213639 0.01759013662609088
1 0.2324685331164305 0.8012687371052253 0.009995430866558686 0.009232712707239576
1 0.3658223861228571 0.8236570610308624 0.012469932870063816 0.018358901791085458
0 0.24591417271474594 0.8016911016725612 0.012709192962695737 0.012939455255103427
1 0.5945480158538234 0.8555057540197325 0.010339249780331516 0.011470457183330174
0 0.5473256828828632 0.8514224816949384 0.012469873981804436 0.018358892410746952
0 0.5363358970291606 0.8496719134985004 0.012469873981804547 0.018358892410746952
1 0.5186326359004603 0.843986289751061 0.012709134074436412 0.012939445874764699
1 0.11438070860473618 0.7784465435293837 0.012365315160663484 0.010701701398674102
0 0.6094702344841987 0.8573095887180366 0.013808106770980766 0.01311450175637463
0 0.5037627261247853 0.8381787989749412 0.012021378470371824 0.008463938161906048
1 0.12710493200317916 0.7799001981958699 0.011438281365135292 0.011645522445278722
1 0.040543599831951146 0.764392404839077 0.0112663277420543 0.010526643171979488
0 0.4887209272869377 0.8334902533956341 0.010167310879315439 0.010351580255115622
0 0.4726138253977695 0.8320708106601661 0.011610161377892114 0.012764389993154657
1 0.4580355525071018 0.828029172597512 0.012537195173420279 0.011820568946550147
1 0.4443842749184169 0.8252815215427725 0.011266342464119117 0.01052664551706417
1 0.3890392088320149 0.8227701587634253 0.025590342925239318 0.026997905214940388
1 0.18239770962959478 0.7864152806314613 0.012469932870063843 0.01835890179108568
1 0.2993528623553914 0.8056182549100745 0.025418385925391473 0.025878910510206965
1 0.35330740719263076 0.8061887231648541 0.010167369767574819 0.01035158963545424
0 0.8450139866436928 0.8850860297924459 0.013980045671996844 0.014233378684589182
1 0.23305530693307147 0.7864605765512416 0.011438281365135333 0.011645522445278722
0 0.24861292247396755 0.7877924913459047 0.011438281365135278 0.011645522445278722
0 0.2184769955488583 0.7824189926866775 0.012709192962695737 0.012939455255103427
0 0.20419029160552274 0.7801432568454096 0.012709192962695737 0.012939455255103316
1 0.766489385316502 0.8685658807857473 0.011610161377891948 0.012764389993154768
1 0.7506402008282738 0.8654680637696979 0.010339249780331516 0.011470457183330174
1 0.09314122512757644 0.7664661868026585 0.024491340784565344 0.026822844643161203
1 0.011319688996554915 0.7494208071589726 0.012297979246982862 0.017240022517786446
1 0.7361478294504389 0.8608670367508571 0.011438222476875981 0.011645513064940105
1 0.6602323906088163 0.8493475631018468 0.013808106770980655 0.01311450175637463
1 0.519271659683542 0.8251744637389229 0.014391380540995313 0.00993294561401814
1 0.1189858495317791 0.7631321450896453 0.014907138355784388 0.01328956701832329
1 0.5990335618513292 0.8373066423539066 0.013808106770980766 0.01311450175637463
1 0.7373514198563837 0.8530347804768357 0.011438222476875981 0.011645513064940105
1 0.37194131994000434 0.7948284325018804 0.012537254061679548 0.011820578326888653
1 0.8478846753039304 0.8700685425375747 0.012709134074436412 0.012939445874764699
1 0.7914406455704001 0.8673820649883583 0.026689315621783782 0.027172961096550208
1 0.5406344238510594 0.8216996369635772 0.00958415488581954 0.013533155158149568
1 0.2685177762630313 0.7754883843264955 0.011266342464119117 0.010526645517064281
1 0.23893133568619418 0.7702024136080732 0.011438281365135305 0.011645522445278833
0 0.2813279691119823 0.7763826005288743 0.012709192962695792 0.012939455255103538
1 0.6619181371220016 0.834714458429473 0.010167310879315439 0.010351580255115622
1 0.5525175738550665 0.8212999792443909 0.0135688466783489 0.018533948292356883
1 0.3718739896989728 0.787940056162723 0.010339308668590952 0.011470466563668902
1 0.12249199399079701 0.7476427473114717 0.012709192962695764 0.012939455255103538
0 0.10499432668627169 0.7442824030161821 0.012537254061679604 0.011820578326888764
0 0.0915150117700835 0.7404158184900533 0.011610220266151453 0.012764399373493496
1 0.3949525341029222 0.7916162484372091 0.025590342925239373 0.026997905214940388
1 0.18819140485418617 0.7523765911556439 0.010511218125477423 0.012589338801714312
0 0.3139906978458811 0.768976424677919 0.012709192962695792 0.012939455255103427
0 0.30033944970132576 0.766228778313349 0.013636226758223957 0.011995634208498696
1 0.21667883424093337 0.7574875601905463 0.025590342925239373 0.026997905214940277
1 0.1236282541557101 0.7329221146982932 0.010167340323445115 0.010351584945284986
1 0.06373396247481253 0.7233815245939429 0.009068367626900824 0.010176529063675055
1 0.10786502439592521 0.7292648568730515 0.01126634246411913 0.01052664551706417
1 0.09522677949740614 0.7272517048541988 0.012365315160663443 0.010701701398674102
1 0.042629137791332566 0.7251779806063341 0.02559032820317451 0.026997902869855595
1 0.07625257732701567 0.7225098974631949 0.01583417215131258 0.012345745971718558
1 0.6895344774898977 0.8161878735799788 0.0057714200931383575 0.009651356728675786
1 0.6789222979717104 0.8156437196328991 0.007214270591714533 0.012064166466715154
1 0.7035482516953777 0.8092498923965956 0.010922405773827415 0.008288882280296117
1 0.8538875968979067 0.820015287638754 0.011438222476875981 0.011645513064940216
1 0.8242152163146914 0.8152887600746084 0.01143822247687587 0.011645513064940216
1 0.8385019202580271 0.8175644959158762 0.011782100278908136 0.013883266921369541
1 0.5802607391261408 0.7689783519471649 0.013808106770980766 0.013114501756374741
1 0.45980305409182237 0.7469248669931434 0.01143825192100556 0.011645517755109469
0 0.8570498635548924 0.8067636437170098 0.013980045671997066 0.014233378684589293
1 0.747238033356634 0.7886985326688609 0.009412215984803352 0.012414278229935016
1 0.28080794370261 0.7138275300789749 0.010339308668590952 0.011470466563669124
1 0.7788168402244495 0.7920093380434381 0.012537195173420335 0.011820568946550036
1 0.10565926719543248 0.6813428934406107 0.010339279224461276 0.011470461873499538
0 0.11846945099496772 0.6822371685312489 0.011782159167167558 0.013883276301708158
0 0.584608006818438 0.755342334823262 0.018376054234692796 0.014933620971706474
1 0.4976504732684129 0.7460759490556295 0.02813216612036029 0.029585770834589575
1 0.43746459791811837 0.7347694543848085 0.025418385925391473 0.025878910510206965
1 0.4077921878907732 0.7300429221304935 0.025418385925391473 0.025878910510206854
1 0.21332543141117288 0.6950542319575547 0.009928080230813235 0.015771031481267128
1 0.2831291460145755 0.698722514883299 0.012709192962695737 0.012939455255103427
1 0.2300680038211862 0.6960017665148049 0.024319413228847203 0.02570385462859681
1 0.8427667864841178 0.7861480017672449 0.012537195173420113 0.011820568946550036
1 0.8296650246878348 0.7834878833434797 0.01490719724404388 0.013289576398662017
1 0.019168877415732147 0.6543835679693935 0.0072143000358444575 0.012064171156884407
1 0.7985160650725595 0.7773798856483658 0.011610161377892059 0.012764389993154546
1 0.1210822313036812 0.6688979966686998 0.010339279224461276 0.011470461873499538
1 0.10725904425810971 0.6672692272323443 0.011610220266151439 0.012764399373493607
1 0.08551876377584952 0.6695375937680379 0.026517343899870996 0.026053964046732214
1 0.7511404324100596 0.7669676754485217 0.012193317371387957 0.009582815090120711
1 0.660646652740094 0.7514066132447781 0.011438222476875981 0.011645513064940216
0 0.6472869825922868 0.7504248102133348 0.0161781088416042 0.014583509208486611
1 0.5854526391477599 0.7388557906083582 0.010167310879315439 0.010351580255115622
1 0.5999113408803709 0.74001265890175 0.012709134074436301 0.012939445874764921
1 0.5690202986660358 0.732226286926055 0.011094344674843493 0.00940775920851078
1 0.8679759460401244 0.7832859294657935 0.02559034292523943 0.0269979052149405
0 0.8449160498950672 0.7721618634997834 0.012709134074436412 0.012939445874764921
0 0.8311788323000038 0.7699736555993206 0.013808106770980766 0.013114501756374741
1 0.27150753123465365 0.6791039511016662 0.012537254061679604 0.011820578326888764
0 0.8027773044260895 0.7643032976082316 0.0163500477426205 0.015702386136701496
0 0.769430458305985 0.7578451975302367 0.012709134074436412 0.012939445874764588
1 0.5602807670601221 0.726822174415021 0.011198962384243893 0.017064959600922247
0 0.14043759874447276 0.6565063617084856 0.011266342464119145 0.010526645517064281
1 0.6478737564089276 0.7356166496593511 0.012537195173420335 0.011820568946550036
0 0.6622464298027713 0.7373329470365116 0.01270913407443619 0.012939445874764699
1 0.6024381517385763 0.7272329255033083 0.01143822247687587 0.011645513064940105
1 0.12721619217980878 0.6509614617900348 0.007969394930356463 0.010001473182064902
0 0.5895083288433094 0.7234539301513283 0.0160061699405879 0.01346463228027206
1 0.15570364533803668 0.6560723742817622 0.013225027764575847 0.016296203816266286
1 0.47389135906784535 0.7101955017849287 0.025590342925239318 0.026997905214940277
1 0.5035637985393202 0.7149220387294131 0.028132166120360347 0.029585770834589464
1 0.2085068939019667 0.6604714403876628 0.011954098068183733 0.015002153229922821
1 0.1995954290676858 0.6561862660381879 0.00814133383137261 0.011120350110279786
1 0.3034488347192641 0.6727291242381206 0.011782159167167516 0.013883276301708158
1 0.2742062809938751 0.6652053407750096 0.011266342464119117 0.010526645517064392
1 0.2363588765393495 0.6660542610576081 0.0254183859253915 0.025878910510206965
1 0.026009238474300457 0.6245236511000745 0.006870414872779739 0.009826416127912685
0 0.8765320853429921 0.7605769709992332 0.01617810884160431 0.014583509208486833
1 0.12957106413699804 0.6393006053198076 0.009240306527916964 0.011295405991889496
1 0.7873952546587705 0.7435125997768568 0.012709134074436301 0.01293944587476481
1 0.06294463588852896 0.6332727709500938 0.024491355506630168 0.026822846988245774
1 0.6806747928921644 0.7236473839566422 0.011438222476875981 0.011645513064940105
1 0.41182141184737725 0.6745170224624226 0.010167369767574819 0.010351589635454128
1 0.42555862944244066 0.6767052303628853 0.011610220266151439 0.012764399373493496
0 0.8813428110447943 0.747587910899904 0.01288107297545249 0.014058322802979473
1 0.8426543422452486 0.7465834599085706 0.026517358621935827 0.026053966391816785
1 0.29356164843466676 0.6528137058147956 0.010339308668591007 0.011470466563669013
1 0.7886174842741918 0.7282325286995708 0.009995371978299361 0.009232703326900737
1 0.39657398406857597 0.6675031315074524 0.011610220266151439 0.012764399373493496
1 0.23502426157331838 0.6417697996565586 0.011610220266151439 0.012764399373493385
1 0.13151471900170753 0.6229891852551117 0.010167340323445156 0.010351584945284764
1 0.6832875732008779 0.7103082120940931 0.012537195173420224 0.011820568946550036
1 0.5657305754332654 0.6950212976838923 0.012469873981804547 0.018358892410747063
1 0.11841295720542436 0.6203290668313466 0.010339279224461276 0.011470461873499538
1 0.6591773863414156 0.7133453402771543 0.02813216612036029 0.029585770834589575
1 0.5092192154587034 0.6854464437955187 0.02541838592539164 0.025878910510206854
1 0.47971877377650407 0.6796010393031584 0.025418385925391473 0.025878910510206965
1 0.386821449216626 0.6613645246507012 0.01119902127250344 0.017064968981261086
1 0.45784379033436956 0.6680925860644817 0.010167369767574819 0.01035158963545435
1 0.21797506033609607 0.628164384659039 0.007042361134828312 0.010945294228669744
1 0.27232215023544215 0.6408333467429858 0.024319413228847175 0.025703854628597034
1 0.8084363391686177 0.7164878554540994 0.010339249780331627 0.011470457183330063
1 0.8234445362989169 0.7177321928000371 0.011438222476875759 0.011645513064939994
1 0.07024851752537756 0.6040598210719584 0.025418371203326677 0.025878908165122283
0 0.10598393668415744 0.6023012887424175 0.011438274004102855 0.011645521272736548
0 0.09317375656513842 0.6014070142380503 0.012881117141647053 0.014058329838233408
1 0.6712023826349325 0.6900426725272094 0.01143822247687587 0.011645513064940216
0 0.6568297092410889 0.6883263751500488 0.013808106770980655 0.01311450175637463
1 0.7509642848027196 0.702174851142193 0.010511188681347816 0.012589334111545059
1 0.6109305967223893 0.6792956257008342 0.011438222476875981 0.011645513064940105
1 0.4777486294013685 0.6557884766999879 0.009995401422429051 0.009232708017070212
1 0.0006970394380925546 0.5799356710786587 0.0013940788761851093 0.009826416714183828
1 0.7508969636111038 0.6952864159147762 0.012365256272404146 0.010701692018335485
1 0.8571202388347221 0.7110605066046296 0.009068338182771085 0.01017652437350558
1 0.3135897387478935 0.6250544082580616 0.010339308668591007 0.011470466563668902
1 0.8776046511888504 0.7206279970501408 0.02559034292523943 0.026997905214940277
1 0.8249582759734106 0.7042180145637984 0.010339249780331738 0.011470457183330063
0 0.8093146909820066 0.703445538233243 0.013053011876468568 0.015177199731194135
0 0.5707505275044523 0.6660176721615596 0.01356884667834879 0.018533948292356883
1 0.6728021596976097 0.675969006318943 0.010167310879315328 0.010351580255115511
0 0.16811345754599627 0.5972963015289275 0.012881131863711925 0.01405833218331809
0 0.6589789726520383 0.6743402368825875 0.013980045671996955 0.014233378684589293
1 0.09638832302740839 0.5841517731267498 0.011610205544086594 0.012764397028408703
1 0.6126163432355746 0.6646625210284605 0.010339249780331627 0.011470457183330063
1 0.4485770384622211 0.6368132247008811 0.011610220266151439 0.012764399373493496
1 0.4257377926444489 0.6389065365275073 0.024319413228847175 0.025703854628597034
0 0.46413468344724684 0.6381451441857137 0.011610220266151383 0.012764399373493607
1 0.2495760981691703 0.605687403198341 0.024147474327831014 0.02458497770038226
1 0.27368628502863257 0.6026502750152797 0.01143828136513525 0.011645522445278944
0 0.8888222527825709 0.6989161167517127 0.012709134074436301 0.012939445874764699
1 0.828722396721628 0.6870502518853823 0.01016731087931555 0.0103515802551154
1 0.8132506917429807 0.6851588892462732 0.010339249780331627 0.011470457183330063
0 0.7831147942620011 0.6797853952772154 0.013808106770980766 0.01311450175637452
1 0.6154870318958122 0.6496450337735893 0.011266283575859681 0.010526636136725442
0 0.6013722668534929 0.6462504210041069 0.011610161377892059 0.012764389993154768
1 0.726827623154896 0.6650879990024726 0.007214270591714866 0.012064166466714932
0 0.46734925895893253 0.6208898441861539 0.012537254061679548 0.011820578326888875
1 0.7191871231337861 0.6598589517533875 0.010339249780331516 0.011470457183330174
1 0.6710900063337384 0.6504780811606143 0.01202137847037188 0.008463938161905937
0 0.34828210084642575 0.6007773149900438 0.011438281365135305 0.011645522445278944
1 0.28965874453456925 0.5902928472959144 0.00999543086655863 0.009232712707239465
1 0.005315056410569742 0.5467190645364364 0.007214296355328254 0.012064170570613375
0 0.8909715161935203 0.6849299784842512 0.012537195173420002 0.011820568946550036
1 0.8521110994435426 0.685044463309392 0.026517358621935938 0.026053966391816785
0 0.27782789433584654 0.5866889078255443 0.012709192962695792 0.012939455255103427
1 0.2613432155552927 0.5840630555308872 0.012709192962695737 0.012939455255103427
1 0.7848005407751865 0.6651522906048416 0.010167310879315439 0.010351580255115511
1 0.5767498811141272 0.6343043327515747 0.011198962384244004 0.017064959600922358
1 0.14528143602921634 0.5627097964483903 0.012537254061679631 0.011820578326888875
1 0.1315442037120881 0.5605215862028428 0.009240306527916964 0.011295405991889829
0 0.11459601907531874 0.5572487692620869 0.017105091109905463 0.013639679954085548
0 0.5291349204213202 0.618122613760449 0.01143822247687587 0.011645513064940105
1 0.43147916996492436 0.6088715620177649 0.02431941322884723 0.025703854628597034
1 0.3506033122078071 0.5856722409061083 0.011266342464119172 0.01052664551706406
1 0.31440435774868203 0.5867838038993811 0.02651735862193577 0.026053966391816785
1 0.29244346374429886 0.5758347985051504 0.01143828136513525 0.011645522445278722
0 0.2799771577467959 0.5727027695580827 0.012537254061679659 0.011820578326888764
1 0.17730869424227003 0.5557755287756525 0.011610220266151466 0.012764399373493496
1 0.1474306994401657 0.5487236581809287 0.010167340323445129 0.010351584945284875
0 0.1347064760417227 0.5472700035144424 0.011438281365135278 0.011645522445278722
1 0.08228078228608114 0.5440773434501041 0.02651734389987101 0.026053964046732214
1 0.7286552838952665 0.6275518347914195 0.008313243288259109 0.012239222348324974
1 0.6216955529866126 0.6019171195602622 0.007042331690698678 0.01094528953850038
1 0.5477724600412547 0.5884224169889782 0.007969365486226732 0.010001468491895538
1 0.6024297524247604 0.5954094052577027 0.008896399281755007 0.009057647445290806
1 0.5686530001638561 0.5917484881199057 0.00831324328825922 0.012239222348324974
1 0.5875075926826446 0.5936055799397373 0.008313243288259109 0.012239222348324974
0 0.5750412866851415 0.5904735509926697 0.009756093786835618 0.01465203208636423
1 0.854028356506982 0.6286089545257344 0.013636167869964466 0.011995624828159857
1 0.7659904894698888 0.6117196980732273 0.01016731087931555 0.010351580255115511
1 0.7013227448334929 0.6002724772283332 0.010167310879315328 0.010351580255115622
0 0.6726633086080543 0.5962804346295661 0.012537195173420113 0.011820568946550258
0 0.6858510398548456 0.598381114589224 0.012881072975452601 0.014058322802979362
1 0.5373694480041931 0.5718636882385566 0.011266283575859681 0.010526636136725442
0 0.47874605319879104 0.561379274742517 0.012709192962695737 0.012939455255103538
1 0.3477620844864693 0.5382221856518852 0.011610220266151383 0.012764399373493496
1 0.301690994573208 0.5303103673289752 0.011438281365135305 0.011645522445278944
1 0.28968820547346913 0.5278253047868198 0.011266342464119172 0.01052664551706417
1 0.7677435662241054 0.6039749697400109 0.01161016137789217 0.012764389993154879
0 0.36048629883549643 0.5396758992066306 0.012881131863711925 0.0140583321833182
1 0.886948973197691 0.6195243997040285 0.011266283575859792 0.010526636136725442
1 0.8009185232820374 0.6115520150148186 0.025418385925391584 0.025878910510206743
1 0.6889273959495825 0.5856889185119258 0.012709134074436412 0.01293944587476481
1 0.6747266025684957 0.582853734826212 0.012537195173420002 0.011820568946550036
0 0.10042475656293975 0.4919460542064308 0.013808165659240063 0.013114511136713303
1 0.6507024440478009 0.5853314339255049 0.027960227219344103 0.028466893906374913
1 0.020543262994256947 0.4769291025976934 0.0068704185532959434 0.009826416714183883
1 0.5034057354559414 0.5584296156120012 0.026517358621935883 0.026053966391816785
0 0.48199428930628474 0.5475681923566655 0.010339308668590952 0.011470466563669013
1 0.2295209840547159 0.5090709976578187 0.012297993969047682 0.017240024862870906
1 0.32588715088317827 0.5267138006818064 0.02431941322884712 0.025703854628597145
1 0.07308858495595638 0.4830065415184974 0.013396951943527177 0.017415078399396156
0 0.30476729177968553 0.5176181618713382 0.014152043461272357 0.015352264993142684
0 0.2918374688844185 0.5138391665193585 0.013636226758223902 0.011995634208498696
0 0.2765377616950467 0.5108289363323734 0.011610220266151439 0.012764399373493607
1 0.15221499451980108 0.4956106247940717 0.02541835648126184 0.02587890582003749
1 0.18858587315787742 0.4933801825274995 0.010167340323445129 0.01035158494528493
0 0.1751402245101461 0.49295787684842296 0.012881131863711898 0.014058332183318145
1 0.13143902794040546 0.4842772344722589 0.010167340323445129 0.01035158494528493
0 0.10240208107287298 0.4790787928671839 0.011438266643070433 0.011645520100194207
0 0.8888926280624005 0.6032129796393326 0.012537195173420335 0.011820568946550036
1 0.7219003214949918 0.5726007076124042 0.011610161377892059 0.012764389993154768
1 0.64789125004971 0.5596655023934869 0.010511188681347927 0.012589334111544948
1 0.6319560870615579 0.5571271827298042 0.013808106770980766 0.013114501756374741
0 0.6187683558147666 0.5550265027701463 0.013808106770980766 0.01311450175637452
1 0.5294595862295288 0.5390810084759846 0.012537195173420224 0.011820568946550036
1 0.024479269276005404 0.4586424544901306 0.0070423574543120974 0.010945293642398601
1 0.5438322596233724 0.5407973058531451 0.012709134074436412 0.012939445874764699
1 0.32547954026854564 0.5037232674004121 0.01236531516066347 0.010701701398674102
1 0.7164240473829032 0.5642775451324918 0.01143822247687587 0.011645513064939994
1 0.6258443571506891 0.5492759307731941 0.008313243288258998 0.012239222348324974
0 0.17928183381736013 0.4769965096586878 0.011266342464119145 0.010526645517064226
1 0.89104189147335 0.5892268413718711 0.010167310879315328 0.0103515802551154
1 0.8596350823948099 0.584797168449418 0.01143822247687587 0.011645513064940105
1 0.30933877778356955 0.49885960705123567 0.013053070764728059 0.015177209111532697
0 0.19310502086293158 0.47862527909504327 0.012537254061679604 0.011820578326888764
1 0.8061104233036565 0.581429453676012 0.026517358621935827 0.026053966391816896
1 0.7227786733083807 0.5595583903915474 0.013980045671996844 0.014233378684589182
1 0.6201961939764278 0.5420717134900945 0.012537195173420113 0.011820568946550036
0 0.6340193810219992 0.54370048292645 0.013808106770980766 0.01311450175637463
1 0.5162231730005984 0.5226440784856454 0.010167310879315439 0.010351580255115622
1 0.5023139485668436 0.5215747970213178 0.011610161377892059 0.012764389993154768
1 0.4494247747186001 0.5177351764147787 0.02541838592539153 0.025878910510206854
1 0.36112900837939843 0.5025241764663342 0.024319413228847175 0.025703854628596923
1 0.3265298309829507 0.4895620732513406 0.012537254061679604 0.01182057832688882
1 0.28219317861442983 0.4813533413984789 0.011438281365135305 0.011645522445278833
1 0.07836646178911591 0.45232454288812574 0.012469918147999012 0.018358899446000942
1 0.16630331421788894 0.4588812619309418 0.008724489824868509 0.007938775207245674
1 0.10153096092150865 0.4554412943534196 0.024319398506782344 0.025703852283512296
1 0.833726704783293 0.5629028594461787 0.011266283575859792 0.010526636136725442
0 0.8469144949183436 0.5650035487861755 0.013808106770980655 0.01311450175637463
0 0.7126335696228434 0.5413213462488037 0.012709134074436412 0.012939445874764699
1 0.683596653887824 0.5361228492730965 0.013636167869964466 0.011995624828159968
1 0.6963208682368511 0.5375765628278419 0.012709134074436412 0.012939445874764588
1 0.5055285240785294 0.5043194970217579 0.012537195173420168 0.011820568946550036
0 0.5198152891724783 0.5065952275212997 0.012881077500160432 0.014058352247109052
0 0.46064241706822007 0.4960232271961958 0.012881136388419867 0.01405836162744778
1 0.9020876107919598 0.5686338621040614 0.025590338400531487 0.026997875770810587
1 0.6087988246898683 0.5173306314244964 0.012125991655064339 0.016121109110187826
1 0.127876383748974 0.4378585446863238 0.009068370463225325 0.010176500792087595
1 0.16925998137805054 0.4433042773237039 0.012709192962695764 0.012939455255103482
0 0.8491497277798012 0.5504579720546066 0.01161016137789217 0.012764389993154768
0 0.8346050520719741 0.5498605716694518 0.014323932523445104 0.016471191429277998
1 0.42029043160633484 0.4838641994414997 0.012126046018615722 0.016121089046396864
0 0.8074745014709415 0.5432463578459021 0.01617811336631203 0.014583538652616412
1 0.6988476745703485 0.5247968588735299 0.01178210932832402 0.01388332580962881
0 0.6857459127740654 0.5221367404497645 0.013808106770980544 0.01311450175637463
1 0.5372642575104456 0.4956193341628881 0.012537195173420224 0.011820568946549925
1 0.48411711868477236 0.4934580048462674 0.02431941775355506 0.025703884072726724
1 0.2532981323999586 0.45325192858711366 0.011198997501022684 0.017064907747917024
1 0.3377474665455088 0.4678501681989523 0.025418394974807357 0.02587896939846629
1 0.7064731577298352 0.5191338442615123 0.007042331690698678 0.010945289538500269
1 0.3744959028281981 0.4668261625906141 0.011610220266151383 0.012764399373493496
1 0.31679957126245395 0.45763568659456855 0.01051124756960703 0.012589343491883509
1 0.2797595569830167 0.4568938488697797 0.025246456073791224 0.024760092470251627
1 0.1931122621483425 0.44194544981089967 0.025246422104953592 0.024760058335952573
1 0.1711513319127678 0.4309964838926942 0.012709192962695792 0.012939455255103482
1 0.6522980214535701 0.5053460075944356 0.007214270591714644 0.012064166466714987
1 0.18219342662117055 0.4287433960113165 0.00889642872588467 0.009057652135460281
1 0.5891067969609747 0.495280247500171 0.008657130139707148 0.01447703509301379
1 0.8835131994937948 0.5393106898139515 0.011438222476875981 0.011645513064940105
0 0.8389186591684636 0.5327803369318405 0.012709134074436412 0.012939445874764588
1 0.7525292557008947 0.5161536348576188 0.008485191238690848 0.013358158164798906
1 0.5669739300867378 0.4854501437881153 0.008141304387243031 0.011120345420110311
1 0.4117264657739982 0.45900130389375415 0.008724510219582371 0.007938721009155658
1 0.629701637681569 0.49486893747746763 0.012709134074436412 0.012939445874764699
1 0.5116475122592281 0.4754909073172443 0.01143822247687587 0.011645513064940105
1 0.36574134983595297 0.45053001766260725 0.011266342464119117 0.01052664551706417
1 0.6025710848181824 0.4882547383759829 0.012709134074436412 0.012939445874764754
1 0.3780880212624319 0.4507772969042035 0.011438281365135305 0.011645522445278944
1 0.7938791867912932 0.5181551640170843 0.011370901285260082 0.0181838365291368
1 0.19169164602531966 0.41822043690585287 0.011266342464119172 0.010526645517064115
1 0.8996912584965555 0.5292786027800798 0.011438222476875981 0.011645513064940105
1 0.6145402087974055 0.48729561274855954 0.012469873981804547 0.018358892410746952
1 0.603053245450131 0.4814538605335008 0.011266283575859903 0.010526636136725498
0 0.1764778935643911 0.41465076590967587 0.011610220266151466 0.01276439937349344
0 0.1347167433893801 0.40799861250866876 0.011610212905119016 0.012764398200951155
1 0.8159447279492065 0.5210968619458529 0.025418394974807357 0.025878969398466345
0 0.14752692803310702 0.40889285756890625 0.012709192962695764 0.012939455255103482
0 0.8406043467933895 0.5181472228791282 0.013808106770980766 0.01311450175637463
0 0.1612641456281704 0.41108106546936907 0.011954107117599588 0.015002212118182146
0 0.7330764948516949 0.49987276506630074 0.01600616994058801 0.01346463228027206
1 0.7042115134929838 0.4935554206065085 0.012537195173420335 0.011820568946550092
1 0.548395889653658 0.47446689232856737 0.027788279268912253 0.02734795808990076
0 0.48412436564283234 0.4567782367954679 0.013808165659240146 0.013114511136713303
1 0.4601861176843862 0.4586964880503146 0.02431942227826306 0.025703913516856358
1 0.26123745963823053 0.4235670363964614 0.011198997501022712 0.01706490774791697
0 0.5150676917924459 0.46056091855904835 0.016006169940588122 0.013464632280272004
0 0.351405963910478 0.43391803179065813 0.0117821682165834 0.013883335189967594
1 0.31436595415574875 0.43317616462173963 0.024319422278262948 0.025703913516856414
1 0.33784066029700904 0.4306109128276815 0.012881140913127753 0.014058391071577525
0 0.279852750734517 0.419654593498509 0.012709192962695792 0.012939455255103427
1 0.08993520229102298 0.3916950976888166 0.01229797019756701 0.017239963629526844
1 0.17807767515177622 0.4005770702572797 0.010339279224461262 0.011470461873499538
1 0.16543943025325714 0.3985639182384268 0.011438281365135278 0.011645522445278833
1 0.11284180043292391 0.396490165718975 0.0243194075561982 0.025703911171771676
0 0.9169346250753447 0.5159773834582395 0.012537195173420113 0.011820568946550036
0 0.9034553158318056 0.5121108601654546 0.013808106770980766 0.01311450175637452
1 0.8134251164725715 0.4971967443028323 0.013636167869964577 0.011995624828159968
1 0.8272483035181428 0.4988255137391878 0.012709134074436412 0.012939445874764754
0 0.7223819093425934 0.4815481635386224 0.01143822247687587 0.01164551306494016
1 0.5299411695524224 0.44802849384633253 0.010167310879315439 0.010351580255115511
1 0.48771648407706625 0.4407293711090573 0.01143828136513525 0.011645522445278778
1 0.6193882219675764 0.45941086415444155 0.010339249780331516 0.011470457183330118
0 0.5462202148673146 0.44832903020945614 0.014151993622428805 0.015352314501063391
1 0.2838224166160069 0.40481213268111804 0.01143828136513525 0.011645522445278944
1 0.7864328373896852 0.4860194801035542 0.01322495982690064 0.016296135547668122
1 0.3410552312839869 0.4133556422722513 0.011610220266151439 0.012764399373493607
1 0.7975085972186038 0.4872105803917553 0.011198953334828232 0.017064900712662867
1 0.16839608836400288 0.38298699251944823 0.01033927922446129 0.011470461873499482
0 0.9054326403417388 0.4992435988262078 0.011438222476875981 0.011645513064940105
1 0.8890339604558226 0.4960583127576128 0.011266283575859681 0.010526636136725553
1 0.874197770164215 0.49369504897554006 0.010167310879315439 0.010351580255115567
1 0.8512725209270973 0.49634782402023375 0.025246456073791168 0.024760092470251682
0 0.9189979145110782 0.502550713099015 0.013224959826900529 0.016296135547668178
1 0.8286761371550961 0.48587075390326573 0.011438222476875759 0.011645513064940105
1 0.8151108629857569 0.48256363963045856 0.012537195173420224 0.011820568946550036
1 0.7244452033030346 0.46812146373526825 0.01143822247687587 0.011645513064940105
1 0.6665432382716289 0.4566056718076893 0.01143822247687587 0.01164551306494016
1 0.2678199279115312 0.3953854072341484 0.01322501871516002 0.01629614492800685
1 0.5492105426232841 0.43619626321592664 0.011266283575859792 0.010526636136725442
1 0.5329314973083918 0.435895726852803 0.013053020925884451 0.015177258619453349
1 0.46584153007906137 0.4292209225605499 0.02414748337724687 0.024585036588641695
1 0.3862702399906046 0.40852202746012667 0.012537254061679604 0.01182057832688882
1 0.320021366550424 0.4037005991319749 0.02414748337724687 0.02458503658864164
1 0.585443153153509 0.43852894728049185 0.007969365486226732 0.010001468491895593
1 0.3429465863434121 0.40104781939711187 0.011610220266151439 0.012764399373493607
1 0.09651765584225877 0.3635134661814189 0.012126031296550863 0.016121086701312237
1 0.04749350900313653 0.3528386935420609 0.006870420393554066 0.00982641700731951
1 0.5413643751676749 0.42864192478926844 0.010750457823395565 0.00716994646382213
1 0.4540816369939312 0.4141654533208403 0.007969424374486167 0.010001477872234432
1 0.15461017858944326 0.3664625027990897 0.011266342464119145 0.01052664551706417
0 0.1423494766134723 0.36565578509338614 0.01380816565924009 0.013114511136713414
1 0.11959619288517587 0.3671896572833625 0.02414746865518204 0.024585034243557014
0 0.47762369377093694 0.41848864144436826 0.013980113609672051 0.0142334469531874
0 0.1721078560913255 0.36982287888359366 0.013980113609672051 0.014233446953187345
0 0.7385112818385068 0.4571798559181991 0.009412215984803352 0.01241427822993496
1 0.26941970497420836 0.3813117410258819 0.006870392789682489 0.009826412610285717
1 0.33535836120816465 0.39181514082417135 0.007214270591714755 0.012064166466715098
0 0.999501356346737 0.4969556811911364 0.0009972873065261512 0.012064166466714987
1 0.4115317129260193 0.4016562696367298 0.0068703927896824335 0.009826412610285828
1 0.8357257225909165 0.43999621096387054 0.011438222476875759 0.01164551306494005
1 0.7468804653787349 0.4246977125187508 0.011438222476875981 0.011645513064940216
1 0.7323021879633593 0.42065610390022634 0.01016731087931555 0.010351580255115511
1 0.6741423100557216 0.4108186568090992 0.010339249780331516 0.011470457183330174
1 0.6575716912687892 0.40875224766871887 0.012709134074436412 0.012939445874764754
1 0.6451053852712862 0.4056202187216512 0.013808106770980655 0.01311450175637463
1 0.4689773559165234 0.37584527356206365 0.012537254061679604 0.011820578326888764
1 0.5124729529894401 0.3822005752527341 0.011610220266151439 0.012764399373493551
1 0.4822510566138227 0.3773865150576142 0.012709192962695792 0.012939455255103482
1 0.352743632964723 0.3556109208519109 0.010167369767574819 0.01035158963545424
0 0.3956037742388594 0.3624381330658837 0.01051124756960703 0.012589343491883509
1 0.20912141482917423 0.33044070918655577 0.010167340323445101 0.01035158494528493
0 0.22230914607596544 0.3325413891462137 0.012709192962695792 0.012939455255103482
1 0.12310956900621836 0.3150204437705678 0.008896428725884656 0.009057652135460337
1 0.6806688794069231 0.40498059569581046 0.008485191238691181 0.013358158164799017
0 0.3672882452595828 0.35620834130085666 0.01322501871516002 0.01629614492800685
1 0.1647847534112375 0.3222320362219534 0.011610220266151439 0.012764399373493496
0 0.13566184445422935 0.31759303425352814 0.014907138355784388 0.013289567018323345
1 0.618490658160364 0.3956493299472631 0.014495871424461071 0.017590068357492716
1 0.8983187832778083 0.43563816364251917 0.011266283575859792 0.010526636136725387
0 0.8844955917075291 0.4340094236502934 0.012537195173420335 0.011820568946550092
1 0.860471374298575 0.4364871133692474 0.025418394974807357 0.02587896939846629
1 0.7501287014862287 0.4108866301328993 0.011266283575859681 0.010526636136725387
1 0.7341935384980767 0.4083483104692166 0.01016731087931555 0.0103515802551154
1 0.2659430214540903 0.334333596294961 0.010339279224461262 0.011470461873499538
1 0.7188938313087048 0.4053380802822315 0.012537195173420113 0.01182056894654998
1 0.7062555864101856 0.4033249282633786 0.013636167869964466 0.011995624828159968
1 0.5358616896801922 0.38019476192278334 0.025418394974807246 0.02587896939846629
1 0.5132653353523209 0.36971769649598474 0.011610220266151439 0.01276439937349344
1 0.39795864167134076 0.3507773060397862 0.00924033597204671 0.01129541068205897
1 0.30275878345310325 0.34019799646990984 0.024147483377246926 0.02458503658864175
1 0.3681665970729717 0.34316602407999997 0.010167369767574874 0.01035158963545424
0 0.3548069224004564 0.3421842504926864 0.012709192962695737 0.012939455255103427
1 0.18770998792629043 0.31957925883217503 0.024147453933117236 0.024585031898472276
0 0.22492193658203585 0.31920224907287886 0.011610220266151439 0.012764399373493551
0 0.2111847042649076 0.31701403882733126 0.012709192962695764 0.012939455255103427
0 0.16731156426944288 0.30945230282351155 0.012537254061679604 0.01182057832688882
0 0.8877101672192149 0.4167541236507335 0.011610161377892059 0.012764389993154823
1 0.6494898860684011 0.37708847427849124 0.008896399281754896 0.009057647445290917
1 0.5773012170936596 0.3632969465096445 0.008896399281754896 0.009057647445290862
1 0.5331701891413847 0.3574135894765755 0.011438222476875981 0.011645513064940105
0 0.5167714798113388 0.35422829871781114 0.013808165659240035 0.013114511136713358
1 0.40172269900659074 0.333609563425161 0.011610220266151494 0.012764399373493551
0 0.3583130713841823 0.32669482327038324 0.012709192962695792 0.012939455255103482
1 0.21477684194591423 0.30096514604187574 0.01033927922446129 0.011470461873499593
0 0.9335606022804831 0.41144859362513697 0.011266283575859903 0.010526636136725498
1 0.8889660619551519 0.40491824074302607 0.010339249780331627 0.01147045718333023
1 0.865577300344978 0.4069240199386778 0.024147483377246926 0.024585036588641695
1 0.06418321073971381 0.27353818952767195 0.007042361134828312 0.0109452942286698
1 0.6516391494793503 0.36310233601102976 0.011266283575859681 0.010526636136725442
1 0.6945852307598652 0.3693701050707259 0.011438222476875981 0.01164551306494016
1 0.5770805916857963 0.35007960285130757 0.011266283575859681 0.010526636136725498
1 0.5341345104052816 0.3438118337916114 0.01143822247687587 0.01164551306494016
1 0.48217231146430684 0.3412661366145582 0.025246456073791224 0.024760092470251627
1 0.11119998101901217 0.2752961270296842 0.011438266643070433 0.011645520100194207
0 0.40268702027048775 0.3200078077401969 0.011610220266151439 0.01276439937349344
1 0.3084141958477785 0.3107224309801451 0.02431942227826306 0.025703913516856303
1 0.1658909651308388 0.28572727754148464 0.02397550598268522 0.02346609608199829
0 0.21666819248063152 0.28865735261086595 0.012881140913127781 0.01405839107157747
0 0.1944643877395748 0.29027875156910493 0.0290591908664726 0.028641890899725464
1 0.9222305609726013 0.39359590262076105 0.010167310879315439 0.010351580255115567
1 0.937152720714717 0.39539972793872646 0.011438222476875981 0.011645513064940216
1 0.8460235486589387 0.38031055619449416 0.01161016137789217 0.012764389993154712
0 0.8322863310638753 0.37812234829403135 0.012709134074436412 0.012939445874764699
0 0.7433550998764775 0.3633833177571486 0.012537195173420224 0.01182056894654998
0 0.6961850078225423 0.35529643886245943 0.014907197244043768 0.013289576398662017
1 0.6841822187228035 0.3528113763203042 0.010339249780331516 0.011470457183330174
1 0.6688825160581395 0.34980111668918934 0.01270913407443619 0.012939445874764754
1 0.36396848377885743 0.2972192577806185 0.010339308668591007 0.011470466563669013
1 0.22034628036537346 0.27204904846034805 0.010339279224461234 0.011470461873499538
0 0.9382030114291221 0.381238533789655 0.010922396724411643 0.008288823392036682
1 0.8997201466511083 0.3825593940396857 0.02634542877033552 0.024935148351861613
1 0.9244657938340588 0.3790503258891922 0.010167310879315328 0.010351580255115567
1 0.6404137213561609 0.33724236229515203 0.011198953334828121 0.017064900712662923
1 0.6197050657710241 0.33279737541154164 0.008657130139707259 0.014477035093013735
1 0.6714093223916371 0.33702141273487723 0.011438222476875981 0.011645513064940105
1 0.07128148919922218 0.24199989837777175 0.007214292674812023 0.012064169984342094
1 0.7000687586170757 0.34101345533364424 0.01161016137789217 0.012764389993154712
0 0.686331482133753 0.3388252380528427 0.012709134074436412 0.012939445874764643
1 0.28925663081847164 0.2778675573017166 0.011199012223087557 0.017064910093001706
1 0.48727826695483956 0.3117030478741578 0.02431942227826306 0.025703913516856358
1 0.3424711021475304 0.28691724823542974 0.02414748337724687 0.024585036588641695
1 0.32160914687085396 0.2761433234767694 0.011610220266151494 0.01276439937349344
1 0.14335050520035858 0.25290667350979124 0.02524644135172638 0.024760090125166917
1 0.11786840402075605 0.24655505705817907 0.012469918147999012 0.018358899446000942
0 0.22333660812134296 0.2599162814668185 0.012881140913127753 0.01405839107157747
0 0.2004973430567981 0.26200962039248954 0.02813216612036029 0.029585770834589575
0 0.1708249477515178 0.25728309048325926 0.028132166120360264 0.02958577083458952
1 0.9410737046140677 0.3662210170906542 0.010339249780331627 0.011470457183330174
0 0.9274224564695124 0.36347337072608404 0.011266283575859792 0.010526636136725442
1 0.6897517205552299 0.32389525867498553 0.009995371978299361 0.009232703326900848
1 0.38263968851930774 0.27096324917872633 0.01236531516066347 0.010701701398674102
0 0.3974759082550452 0.2733265176509685 0.011610220266151494 0.012764399373493551
0 0.3694519572725165 0.2688625692190684 0.012709192962695792 0.012939455255103427
1 0.32566478220285194 0.260741424195271 0.010167369767574819 0.010351589635454184
1 0.16931836444034082 0.234117501320255 0.00889642872588467 0.009057652135460281
1 0.7550735647245903 0.32742272474918294 0.007042331690698789 0.01094528953850038
0 0.6105579484698995 0.30440276375341246 0.00814130438724292 0.011120345420110256
1 0.07581928884368488 0.2197971218400626 0.007214300035844473 0.012064171156884462
0 0.18085763664231558 0.23595559745749797 0.015079086306216377 0.014408502834797332
1 0.5823284229099686 0.29761350877031784 0.00814130438724281 0.011120345420110311
1 0.9431369985745091 0.35279431728730004 0.012537195173420224 0.011820568946550092
1 0.9288502946311734 0.35051858144603226 0.012537195173420224 0.011820568946550036
1 0.875153692114296 0.3482697730449704 0.025418394974807246 0.02587896939846629
1 0.4370577457296033 0.2721807132825478 0.007042331690698622 0.01094528953850038
1 0.6449701610542917 0.3075917409237774 0.011370901285260082 0.018183836529136965
0 0.8522657348702548 0.3360268301507458 0.012537195173420335 0.011820568946550036
0 0.8395415205212278 0.3345731165960002 0.011610161377892059 0.012764389993154768
1 0.7637980205806214 0.3219347660187754 0.013636167869964688 0.011995624828159968
0 0.6900805271320873 0.31076540413298503 0.01161016137789217 0.012764389993154712
1 0.7506962587843381 0.3192746475950102 0.013808106770980766 0.01311450175637463
1 0.7342975788984221 0.3160893615264152 0.011438222476875981 0.01164551306494005
1 0.521884630158734 0.2879853883800781 0.02524645607379128 0.02476009247025157
1 0.4504174158774107 0.273162516313991 0.012469932870063871 0.018358901791085624
1 0.29609701932903687 0.24800758447549415 0.011199012223087501 0.017064910093001623
1 0.3480405450916976 0.2580011212097724 0.02414748337724687 0.024585036588641668
1 0.4006381749120308 0.2600748737292243 0.011610220266151494 0.012764399373493496
1 0.385424437173167 0.25650520507813185 0.00906839707103052 0.010176533753844308
1 0.37160122068346585 0.25487643095160695 0.010339308668591007 0.011470466563668874
1 0.1485424006972697 0.22278414161511423 0.02668929185030297 0.0271728998632062
1 0.8721706226281563 0.3237226983773763 0.010167310879315439 0.010351580255115511
1 0.6785448818026735 0.2905874018872451 0.011610161377892059 0.012764389993154768
1 0.5907126233118202 0.27602342723197226 0.01143822247687587 0.011645513064940105
1 0.5770613751672649 0.27327578086740206 0.010167310879315439 0.010351580255115511
1 0.532552774848312 0.2661859848310144 0.013808165659239924 0.01311451113671347
1 0.40414431937104867 0.24458547595105068 0.011266342464119172 0.01052664551706417
1 0.08104484861692007 0.19311880814536506 0.006870414872779743 0.009826416127912796
1 0.23232624079608477 0.21607019747217956 0.010167340323445129 0.010351584945284875
1 0.20447424343663712 0.21048737445714955 0.011266342464119145 0.010526645517064198
0 0.417503994043564 0.24556724953836423 0.01415205251068824 0.015352323881402063
1 0.24568591094389214 0.21705200050362278 0.012709192962695764 0.012939455255103455
1 0.2167349454126081 0.21129409216285316 0.013808165659240035 0.013114511136713358
1 0.8168627896465717 0.3063156082787722 0.012125987130356397 0.016121079666058136
1 0.8502096935237584 0.3127737250981384 0.02524645381143731 0.024760077748186726
0 0.9170080533122111 0.31768268136709504 0.012881079762514402 0.014058366969173952
0 0.9030988979473087 0.3166133430338144 0.014323932523444993 0.01647119142927811
1 0.8743198860391056 0.3097365601099148 0.010339249780331627 0.011470457183330174
1 0.7101946412593737 0.2824467069366122 0.013636167869964577 0.011995624828160023
1 0.6964574236643102 0.2802584990361494 0.012537195173420224 0.011820568946550036
1 0.5565770250949268 0.2637082777191324 0.024147481114892955 0.024585021866576906
0 0.5938748899688059 0.2627717833102281 0.01143822247687587 0.01164551306494005
1 0.292325132070787 0.21760349515891092 0.012297987181985826 0.017239980696676427
0 0.5803096112747586 0.2594646984815505 0.012537195173420224 0.01182056894654998
1 0.4193953479718122 0.2332594340242572 0.00906839480867655 0.01017651903177949
1 0.3245730349384768 0.22388654404546532 0.025074510385713233 0.02364117137584243
0 0.4068430713926242 0.23068685090232938 0.015079081781508463 0.01440847339066767
1 0.15503888366682045 0.19516195593285623 0.024147466392828082 0.024585019521492196
1 0.2183347224752853 0.19722042595458672 0.009995396897721082 0.00923267857294055
0 0.2059880533111602 0.1969731319909256 0.012709197487403706 0.012939484699233145
1 0.7840166935290487 0.2856087472864325 0.009068338182771196 0.010176524373505635
1 0.7155885161676099 0.27298937766973136 0.008485186713983128 0.013358128720669327
0 0.6494442559121216 0.260160666630078 0.009584159410527482 0.013533184602279202
1 0.3395324832801383 0.21079467350760966 0.009584218298786862 0.013533193982618041
1 0.2930838578053614 0.20167642204409278 0.00831329197916153 0.012239258827708765
1 0.4504096210544254 0.22559065226778977 0.013396962140884094 0.01741505130035126
1 0.5032988243467986 0.22943027756449827 0.01566223325029642 0.011226869043503895
1 0.4622068061326323 0.22575040356858106 0.009928100625527014 0.015770977283177
1 0.4026227191982482 0.21052782492694377 0.011094399038395097 0.009407739144719846
1 0.8582686542018771 0.2859735899739899 0.012297930556080305 0.017239986038402544
1 0.7073834517859907 0.25678074596046463 0.011438222476875981 0.01164551306494016
1 0.417167333755462 0.2111252306538247 0.014495934837428504 0.017590107181961134
1 0.3601064602508521 0.20146282941241195 0.012126046018615666 0.01612108904639689
1 0.08891686344277093 0.15654549720817454 0.007214304560552387 0.012064200601014152
1 0.18765292135239997 0.17341949090097286 0.012297989444339769 0.0172399954187413
1 0.7794410350500323 0.23845556139596652 0.00848518671398324 0.013358128720669354
0 0.6838823070875608 0.21922197795571585 0.013808111295688708 0.013114531200504348
1 0.8944747989931568 0.24818223482751395 0.0116101659026 0.012764419437284458
0 0.6967447997417964 0.2161125969685384 0.011438222476875981 0.011645513064940077
1 0.39770318065484567 0.16561240761497198 0.012365315160663415 0.01070170139867413
1 0.9197699325243793 0.24476069461782546 0.010750457823395454 0.007169946463822047
1 0.4171595389324767 0.16355336660762346 0.012537254061679604 0.01182057832688882
1 0.3551869488892252 0.15654743151267436 0.01559490753397269 0.017765163063571066
1 0.3398872145180777 0.15353718191345506 0.011027073322071423 0.015946033164787016
1 0.34754638997985576 0.15131837488325045 0.007042331690698622 0.01094528953850038
1 0.22920067636341 0.1301744696006858 0.013292344431483694 0.009757850907939708
1 0.20421576003841183 0.12791403834023662 0.008313277257096685 0.012239256482624056
1 0.09953993462018954 0.10206993458857665 0.007214297199519951 0.012064199428471784
0 0.9981024403084663 0.23042387093066308 0.0037951193830674246 0.011820568946550064
1 0.160402156034964 0.07966885996810984 0.0112663277420543 0.010526643171979516
1 0.26659179274587164 0.09199873656188186 0.013464287857207824 0.01087675728028406
1 0.8728163228473048 0.18397942336107406 0.008724455856030877 0.007938741072946565
1 0.8421309418459956 0.17851838304863016 0.008896395888223996 0.00905762536219365
1 0.1931845170691506 0.07514739952543767 0.012193372866116381 0.009582802387362185
1 0.24090407792135077 0.08332182241842823 0.01161022479085938 0.0127644288176232
1 0.271899711228899 0.08310085914574167 0.00999539802889804 0.009232685933972959
1 0.252151777216874 0.08339404209789836 0.014323992542881359 0.016471208170649218
1 0.8906241954639322 0.18165777543856026 0.015766906454425356 0.01888405673315688
1 0.7505904994653629 0.15877860152442846 0.012641811751643695 0.019477761977929137
1 0.7361504975272531 0.15017391676656205 0.015490350975185807 0.010107986773563143
1 0.9056882598182286 0.16055860378662185 0.015662292138555856 0.011226878423842651
1 0.8733544180753374 0.15483499069331175 0.007797424322856683 0.008882576841616141
1 0.8359891697280524 0.14888306257755798 0.007797424322856794 0.008882576841616141
1 0.7074947459314579 0.12784198480066916 0.00982342855257512 0.008113796954556468
1 0.791566510546655 0.14123381602586116 0.006870392789682378 0.009826412610285773
1 0.751453830458009 0.13484424820608254 0.014563319442011502 0.01105182254223272
1 0.820139918433326 0.14578528770839677 0.009412220509511404 0.012414307674064595
1 0.767097418842944 0.13561670245354102 0.014391378278641342 0.009932930891953184
1 0.4989654879668669 0.08545502610621061 0.009823487440834666 0.008113806334895265
1 0.26725311544865143 0.0473991722450542 0.00982345799670492 0.008113801644725867
1 0.25614369615510196 0.042763846982112434 0.013292346693837748 0.009757865630004539
1 0.5089945499851039 0.0824674391889463 0.009068397071030465 0.01017653375384435
1 0.4650354654585528 0.07546517578353298 0.00906839707103041 0.01017653375384435
1 0.4232742968809607 0.0688130194511701 0.009068397071030465 0.010176533753844336
1 0.45239722056003373 0.07345202376468005 0.008313306701226375 0.012239261172793434
1 0.411820995260671 0.06641547748878734 0.01473520171712217 0.012170704812173486
1 0.2772821921889531 0.044411587672874585 0.009068367626900775 0.010176529063674958
1 0.2426643903050937 0.03889730160623031 0.007969394930356477 0.01000147318206502
1 0.19101243433395684 0.030669637062937547 0.007969402291388872 0.010001474354607374
1 0.8903921795014178 0.1392084674911398 0.007797424322856794 0.008882576841616169
1 0.23273992901183843 0.033877588744843395 0.010922460137378937 0.008288862216505176
1 0.8195080872447527 0.12791730684526698 0.009240279346141356 0.011295416023785101
1 0.7971509703524455 0.12320975086130642 0.014391378278641342 0.009932930891953226
1 0.182994340150057 0.024234169962275093 0.009651531555399634 0.006994912339531048
1 0.6899669984751372 0.10269752446998502 0.011849432782293778 0.007345017067496851
1 0.6722114352787986 0.10101551263416692 0.019475033718299173 0.015108721019510968
1 0.6538576448637892 0.08490971344652379 0.01312034664220818 0.008638964599386276
1 0.8644838585158063 0.11731418259030416 0.007969365486226954 0.010001468491895663
1 0.8248346353054883 0.11157157915613156 0.008141306649596891 0.011120360142175198
1 0.8343479032777443 0.11194067187987516 0.009240279346141245 0.011295416023785101
1 0.77665160115613 0.10275020057399896 0.008141306649596891 0.011120360142175184
1 0.7611798950463057 0.10085884529592222 0.00831324781296705 0.012239251792454692
1 0.7516666859623087 0.10048976195251735 0.009756102836251501 0.014652090974623652
1 0.7365388621792247 0.0963606233738816 0.009240279346141245 0.011295416023785101
1 0.7266481079103257 0.09478512043939225 0.009240279346141245 0.011295416023785101
1 0.8163007654781886 0.10849279462783284 0.012709138599144354 0.012939475318894417
1 0.6806629602657968 0.08631384424014077 0.009240279346141134 0.01129541602378513
1 0.8939356170846894 0.10882334441301544 0.011849432782293778 0.007345017067496851
1 0.6842027721076845 0.07426861990948104 0.011849432782293778 0.007345017067496851
1 0.6542388169212521 0.06777622692911126 0.009068338182771085 0.010176524373505608
1 0.9065401991250466 0.10739229354022488 0.008141306649597002 0.011120360142175156
1 0.8735708415639388 0.1021405889509108 0.012537197435774194 0.011820583668614923
1 0.8538752447195668 0.09843012787645361 0.014563319442011502 0.011051822542232706
1 0.8005747744958702 0.08993987071667839 0.009068338182771085 0.010176524373505608
1 0.7636730419151722 0.08463491636686932 0.008141306649597002 0.011120360142175198
1 0.7203494143185785 0.07716073507712116 0.011266283575859681 0.01052663613672547
1 0.7080887146049614 0.07635400264935271 0.009412220509511293 0.012414307674064637
1 0.6978203562629011 0.07357207074344016 0.012365256272404146 0.010701692018335388
1 0.29035751260012416 0.0069477047004139715 0.011849491670553158 0.00734502644783557
1 0.8351925911017946 0.09545415912840732 0.008313247812967162 0.012239251792454678
1 0.8253017779446361 0.09387864681357924 0.008313247812967162 0.012239251792454692
1 0.8110150740013007 0.09160291097231144 0.010511193206055647 0.012589363555674554
1 0.9799510415134951 0.10590372336899481 0.008313247530172818 0.01223924995219658
1 0.9390832704894566 0.09710132004756346 0.013808111012894253 0.013114529360246208
1 0.8793609052498643 0.08644183594784914 0.008313247530172818 0.01223924995219658
1 0.7707340787734629 0.06799233421508966 0.010167310313727085 0.010351576574599328
1 0.893184093850804 0.08807059526278509 0.01398005189347018 0.014233419170267603
1 0.8279668651284902 0.07653583175502113 0.016933205432881793 0.012520822275215893
1 0.7196316128311143 0.05985219819887301 0.007214274550834121 0.012064192230328535
1 0.7103762566039132 0.05780476799971013 0.008141306084008315 0.011120356461658966
1 0.7632131517485718 0.06564804477358904 0.008313247530172707 0.012239249952196586
1 0.6573337565893399 0.04763618550524153 0.00941222022671706 0.012414305833806517
1 0.8746584217262724 0.073083693425244 0.009823427986986655 0.008113793274040298
1 0.802469752751531 0.05929216565639726 0.008313247247378475 0.01223924811193848
1 0.8578484757574157 0.06524776997280796 0.008141306084008315 0.011120356461658973
1 0.8660908298697575 0.06656069846522117 0.009584161107292877 0.013533195643827912
1 0.7612244368253848 0.04928334090362333 0.008313247247378364 0.01223924811193848
