1 0.4357170522007101 0.9968184119208208 0.006419305397727004 0.005399201808231058
1 0.693098341712081 0.9976516686990714 0.008813441750200601 0.004696662601857193
0 0.8088175496500483 0.9981204954373281 0.00881344175020049 0.0037590091253438818
1 0.45488503634599337 0.9947455274246896 0.00800956565770894 0.004520829948208904
1 0.4636695255010176 0.9939254149643939 0.008009565657708828 0.004520829948208793
0 0.20349499744099325 0.992708555791887 0.0064366765675848425 0.008072876586643352
1 0.30805293652779964 0.9917731879381906 0.008009565657708828 0.004520829948208904
1 0.07381546178263815 0.9907664923905869 0.005638591381376901 0.008066409835247645
1 0.5921722301918455 0.992738391900137 0.006407664756580611 0.003616711737618683
1 0.31923451709151485 0.9905268230506747 0.008015356563992215 0.005412134345114117
1 0.9760437233009946 0.9954032226466867 0.008009588008862423 0.0045208301293167
0 0.05668026917990526 0.9870624819239002 0.008021146695779469 0.006303319535867158
1 0.5766331777727434 0.9890473742978401 0.00881344175020049 0.005418601096509712
1 0.9413453298690757 0.9924481922011154 0.010415357552097548 0.0063227194278383525
0 0.5147948257657865 0.9867637249997478 0.008015356563992215 0.00541213434511445
0 0.7681655270284986 0.9910449450903818 0.005650142617908971 0.009848899181429616
1 0.0020286184895354498 0.9817047714598495 0.0040572369790708995 0.005405667593718522
1 0.19877609175831762 0.9819748187234705 0.00800956565770894 0.004520829948208793
0 0.2187189990136681 0.9834733801540522 0.006430886435797589 0.0071816913958897555
1 0.5355618459350902 0.9842581215664779 0.006430826832721781 0.007181690912935856
1 0.09064715516272448 0.9797617601849304 0.005632801249588981 0.007175224644494604
0 0.18322542888685517 0.9800662308642791 0.008819231881987633 0.006309786287263197
1 0.9322081315862097 0.9861351130105405 0.009617298442235134 0.006316252887735296
1 0.5228072872638849 0.9819265144142872 0.006425035926438283 0.006290386516030755
1 0.036393329068661495 0.9770938913777804 0.008819231881987855 0.006309786287262753
1 0.3284874750777425 0.9790150655602472 0.00881344175020049 0.005418601096509601
1 0.9928696503757953 0.9852897354310595 0.008026959953215895 0.007194624113880721
0 0.16367577331832567 0.9794622072063005 0.004857878139521765 0.010733737068416183
0 0.375191578363447 0.9767196259933575 0.009611526936408876 0.005425067847904863
0 0.5910706751972803 0.9780232423209511 0.010415342651328818 0.006322719307100044
0 0.6026426123819231 0.9781170078014148 0.008021146695779469 0.006303319535867602
1 0.023260023841641497 0.9716397837175799 0.008009565657708828 0.004520829948208793
1 0.8416800302747158 0.9773800130623475 0.007211510273038346 0.004514363438290925
1 0.927471863272161 0.9780751700021495 0.008009595459246954 0.004520830189686076
1 0.0579844617646702 0.9705841826837349 0.007217271377783607 0.005405667593718855
1 0.6377776739361265 0.9752821505556089 0.009611526936408987 0.005425067847904863
1 0.7582881688510862 0.9758130109792099 0.008009595459246954 0.004520830189685743
1 0.10866729073719444 0.970103565495573 0.00801535656399234 0.005412134345114117
0 0.11864022169935462 0.9706300501546525 0.008819231881987535 0.006309786287262864
1 0.7838377904124534 0.9742374518822337 0.008009595459246843 0.004520830189686187
0 0.17171724662742832 0.9701688327377229 0.009628898106266548 0.008098742626317157
1 0.19766588098036159 0.9685965067749677 0.0040424210089594625 0.008053476332457343
1 0.8915908535542197 0.972882357533204 0.009611512035639924 0.005425067727166555
1 0.3908146225292261 0.9674876837312205 0.008819231881987855 0.006309786287262753
1 0.4905783791858985 0.9674047611288891 0.007211480471500498 0.004514363196813642
1 0.0020894187457815017 0.9652167725755452 0.004178837491563003 0.009861831959789624
0 0.7487722225370573 0.9663773716624572 0.011230784881121947 0.009002979922320797
0 0.8341737063639596 0.9657323982946486 0.009617287266658447 0.006316252797181399
1 0.437946721003211 0.9607392535708819 0.007211480471500553 0.004514363196813309
1 0.9830212466561552 0.965601577365833 0.004048223090819758 0.00894478081991612
1 0.9786753260373011 0.9588817050468843 0.008009588008862312 0.004520830129316589
1 0.9053113777613486 0.9493743320535248 0.006413454888368086 0.004507896928371835
1 0.9688066556946617 0.9423128739585225 0.0072173160800904634 0.0054056679559340015
0 0.9919620799035322 0.9407179150789948 0.010432732290345803 0.008996513435040931
0 0.9437400316084015 0.9309686466618399 0.00803275008500326 0.008085809304633873
1 0.002633223927519024 0.9179841510844411 0.005266447855038048 0.004520829948209237
1 0.9366182626239608 0.9215524069653964 0.008015378915145588 0.005412134526221801
1 0.984533924624986 0.9170385849765759 0.008009587077564273 0.004520830121770292
1 0.9314655898599304 0.9161629054351812 0.010421148458381047 0.007214023824743454
0 0.11985226803813948 0.9069127222750639 0.007240433453924763 0.008970646769036139
0 0.23837054974610272 0.9069817644668929 0.008026937602062745 0.0071946239327727035
1 0.20367790026831595 0.9031354888501848 0.0040482119152428775 0.008944780729362334
0 0.44273271951975235 0.8997247599711066 0.006442467473868174 0.008964180983548342
1 0.08555872075653287 0.9030696805170073 0.020102086344871872 0.023333909388756124
1 0.8338012378722433 0.9002196479283031 0.008038548441671178 0.00897711376190835
1 0.003424742666155167 0.8921543376650773 0.0040424210089592405 0.00805347633245701
1 0.645484302032849 0.8946829642415944 0.008009565657708828 0.004520829948209126
1 0.8897004315929933 0.8953248395080493 0.008015371464761056 0.005412134465852536
1 0.8733488178837188 0.8938554373373919 0.007234687249948246 0.008079342734346073
1 0.3218434635354568 0.8960713393156817 0.020102086344872205 0.023333909388756124
1 0.5026337935530787 0.8930797946938939 0.008073261754344585 0.014324582283407272
1 0.922432618669855 0.8938074795436622 0.004846282200682062 0.008951247360019066
0 0.39373285871484975 0.8868496978747414 0.007228852415854137 0.007188157181377441
1 0.4244090847226357 0.8946742119881206 0.020894381399293338 0.022449190949398123
0 0.08051025832192821 0.8816378321500176 0.008026937602062634 0.0071946239327728145
1 0.7983626919961622 0.888345762622504 0.007240463255462681 0.008970647010512978
0 0.14477175887961063 0.8794846572501952 0.007228852415854248 0.007188157181377441
0 0.23896061947704633 0.8775739787663454 0.0072288524158542755 0.007188157181377441
1 0.6227828989558083 0.887814360504183 0.01849445414053652 0.021538487264214368
0 0.13123362092769902 0.8749185014050505 0.005644382287659622 0.00895771423215308
1 0.18550777363508542 0.874466984115214 0.007240433453924666 0.008970646769036139
1 0.6958259936026214 0.8852866657394418 0.019298270629952374 0.022436257929561054
0 0.7158181200761478 0.879209676224012 0.008044308771920416 0.009868298711184775
1 0.9364971734830333 0.878769542767505 0.005621186684788615 0.0053927347851741025
0 0.3167950011008519 0.8746394909486921 0.009634689012550046 0.008990047023222147
1 0.8826365636864648 0.8769962114462038 0.008009580558477891 0.0045208300689473235
0 0.39342067390727437 0.8734777925916042 0.008026937602062634 0.0071946239327728145
0 0.4441035028797987 0.8729971754034422 0.007228852415854081 0.007188157181377441
1 0.9871944776282238 0.8760608433887616 0.008009588008862312 0.004520830129316589
1 0.3419600859746169 0.8708326165344598 0.008842393958128802 0.009874765462580148
1 0.18675985154853297 0.8660098880195126 0.00800956565770894 0.004520829948209015
1 0.19831731262921143 0.8683317356830116 0.00404821191524285 0.008944780729362223
1 0.35234068589898215 0.870025437094001 0.005650172419446875 0.009848899422906343
1 0.11329165716658095 0.8725449211792502 0.020894381399293227 0.022449190949398123
0 0.618917088196552 0.8686202944473216 0.007223121112646891 0.006296853267425906
0 0.5786119636952513 0.8687393843934773 0.008038518640133274 0.00897711352043129
1 0.27054205507956886 0.8689169607468155 0.019292539326744906 0.021544954015609852
1 0.654448296890718 0.866234322775666 0.006448198002579453 0.00985536569134804
1 0.9936339965649605 0.8676457802640456 0.008026959953215895 0.007194624113880499
0 0.7641994013976867 0.864449742563349 0.007223091311108876 0.006296853025949289
0 0.7745800162228209 0.8636425632436286 0.007234672349179405 0.008079342613607765
1 0.42419823341730534 0.8657056122175841 0.020090505306801565 0.021551419801097427
0 0.4437971082040104 0.8587340849295515 0.006442467473868174 0.008964180983548231
0 0.4693496546328092 0.8567129334786756 0.00642509552951448 0.006290386998984432
0 0.09268390587866066 0.8505413228252288 0.008026937602062634 0.0071946239327727035
1 0.9426274129223671 0.8565369818472826 0.008015378915145477 0.005412134526221912
1 0.885187103268718 0.8529520613871205 0.004828910256328367 0.006277453375455266
1 0.6968006592369952 0.8581102554421801 0.019292479723669098 0.021544953532655953
0 0.3281502964611287 0.8466559014524484 0.008032727733849887 0.008085809123526189
1 0.19607366939408272 0.845140090478369 0.007240433453924777 0.008970646769036139
1 0.9370843980509305 0.8498074096729024 0.011213420387152784 0.006329185998126041
1 0.5193096751665833 0.8446396672193373 0.007211540074576472 0.00451436367976743
0 0.39321271766783744 0.8440636002256909 0.007228852415854248 0.0071881571813775524
0 0.41954887317888045 0.8442769977092458 0.007228852415854081 0.007188157181377441
1 0.11388468156649412 0.8426915433662798 0.02009050530680169 0.021551419801097427
0 0.14784004650156662 0.8371732520948467 0.008055889809991279 0.011650788298843362
1 0.943124882776246 0.8413891132404039 0.010421148458380936 0.007214023824743454
0 0.35174816355765315 0.8383798695662791 0.007275176568136255 0.01431811553201201
0 0.02058365900668918 0.8307944240987084 0.0072230615095706385 0.00629685278447234
1 0.29706923734120333 0.8397193987572009 0.019292539326745017 0.02154495401560974
1 0.926805113390097 0.835017834871963 0.004834701162611754 0.00716875777236059
0 0.43120760854597595 0.8310020907993159 0.006442467473868008 0.008964180983548231
1 0.599194219890045 0.833254550057378 0.01849445414053652 0.02153848726421448
1 0.13557425308610221 0.821030673177136 0.0072230615095706385 0.006296852784472118
0 0.5780947479029186 0.8255076347874511 0.011225008875607734 0.008111675646153671
0 0.09487593611380846 0.8202552854367184 0.007240433453924777 0.008970646769036139
0 0.1635181004045566 0.819474514092869 0.01203461549681073 0.009900631502253954
1 0.7456707356158128 0.8295393502574742 0.017690578822540992 0.02064083532206573
0 0.7648734777760764 0.8221189971191056 0.008026967403600538 0.007194624174249764
1 0.4181466846132726 0.8144074530177869 0.0056385913813764565 0.008066409835247756
0 0.1871014910098689 0.813426623992811 0.008079051886131894 0.015215767474160757
1 0.5039501284503262 0.8133201206114073 0.008044308771920361 0.009868298711184886
0 0.5957332120541421 0.813172531943984 0.00962889810626677 0.008098742626316824
0 0.5705942141239497 0.8129688348289992 0.010438504727469877 0.009887698482417107
1 0.9540840380596967 0.8129566978334554 0.008015378915145477 0.005412134526221912
1 0.11526710556768682 0.8141814696939107 0.02249634190349757 0.023353309642942133
0 0.7182562467894217 0.81104582450237 0.008825022788270909 0.007201090684168299
0 0.13487177048617932 0.8063187572151247 0.007240433453924777 0.008970646769036139
0 0.17318747254099426 0.8052922555966512 0.0072230615095706385 0.006296852784472229
1 0.23025486379703408 0.8048633714537445 0.006413514491443895 0.004507897411325845
1 0.24616976654431327 0.8121226609686557 0.020894381399293338 0.022449190949398012
0 0.3523382928916727 0.8089720843486853 0.008073261754344752 0.014324582283407272
0 0.2681802088436736 0.8024967990703675 0.007223061509570861 0.00629685278447234
0 0.3926607885628312 0.8061793196241176 0.007269385661852978 0.013426811135106687
1 0.45051172891079144 0.8079850435357636 0.019292539326745017 0.021544954015609852
0 0.5694810784785622 0.8000361152343959 0.0064424078707921995 0.008964180500594665
1 0.6249233467670089 0.8040505215578451 0.01849445414053652 0.02153848726421448
0 0.08109509919549651 0.7916223463855606 0.00803851864013283 0.00897711352043129
1 0.7893765544673375 0.7973614331000273 0.005644352486121829 0.00895771399067602
1 0.9055092811023732 0.7960742377692027 0.008009595459246954 0.004520830189685854
1 0.0036945032790066112 0.7892125988159358 0.004834716063380928 0.00716875789309912
1 0.7701940789300732 0.8016624592615311 0.018494424338998616 0.02153848702273753
0 0.10824665184677795 0.7891684757560691 0.009657851088690883 0.012555026198539432
1 0.18767135333364104 0.7871382253551577 0.008836603826341438 0.008983580271826774
1 0.1976442250799732 0.7876646499282072 0.008044308771920305 0.009868298711184775
0 0.4219088280788026 0.7881449209027614 0.011230740178815035 0.009002979560105207
0 0.39478043750366226 0.7870338123569357 0.008038518640133163 0.008977113520431512
0 0.5460250785175293 0.786476739076361 0.007228912018930167 0.0071881576643312295
0 0.5560037407828967 0.7861119188555814 0.008032727733849887 0.0080858091235263
1 0.19768186326007836 0.7818715885698546 0.008038518640133163 0.008977113520431401
1 0.18850418163406096 0.7817972233435773 0.008848184864412079 0.010766069859485472
1 0.3445256037194184 0.7830614389516486 0.008050099678203582 0.01075960310809021
0 0.5947300958831764 0.7833062208696997 0.00883660382634166 0.008983580271826774
1 0.4969789237491308 0.7807315759690314 0.004846297101451347 0.008951247480757485
1 0.6474138687371811 0.7819505252832432 0.008836603826341438 0.008983580271826774
1 0.16654295894012439 0.7838474746927784 0.02408672214412655 0.022475057954979505
0 0.35331877884661955 0.7809044294990712 0.008079051886131783 0.015215767474160757
1 0.27190181867595675 0.7824729805121471 0.020888590493010062 0.02155788655249269
0 0.40722567701889556 0.7755478617860598 0.005632801249589037 0.007175224644494382
1 0.6490418569691299 0.7770616419800336 0.005638531778300537 0.008066409352293857
1 0.6562215497698842 0.7775654338891071 0.0056443226845838135 0.008957713749199292
1 0.4510931130568062 0.7799140952244221 0.018488664008749434 0.020647302073460883
0 0.5568944738864212 0.7718585285087836 0.008032727733849887 0.0080858091235263
1 0.5756113309560689 0.7778035544198196 0.01849445414053663 0.021538487264214368
1 0.7396684060299558 0.7706656401116658 0.0048405061951679595 0.008059943083852383
1 0.7228801115474719 0.7749860659236635 0.01769057882254088 0.02064083532206573
1 0.1287767929830062 0.7617049041675095 0.00721727137778394 0.005405667593718966
0 0.7748150482349818 0.7660483528812773 0.008026967403600427 0.007194624174249764
0 0.19863629207299055 0.7578145054909347 0.006430886435797478 0.0071816913958896444
1 0.43687854964700656 0.7566254516465721 0.007211480471500609 0.004514363196813642
1 0.21540718519683072 0.7561678138189479 0.004846297101451236 0.008951247480757596
1 0.9472431049424014 0.7603151750107193 0.008015378915145588 0.005412134526221912
1 0.2692822953111128 0.7557130631534137 0.007240433453924666 0.008970646769036028
1 0.30042704975317797 0.7528459327196145 0.00886555603426975 0.013439744637897322
0 0.9369059169538114 0.7544380481631654 0.008032746359811105 0.00808580927444924
1 0.9540787607748223 0.752348997377146 0.0072173160800907965 0.0054056679559341125
1 0.9456990935563607 0.752281098328756 0.0064308342831059795 0.0071816909733052325
0 0.20509607111364053 0.7462801153365308 0.00806168071627425 0.012542092695748686
0 0.4229963788392017 0.7435892666858892 0.009611526936408932 0.005425067847904974
1 0.917035396193318 0.7417990162596083 0.008009595459246843 0.004520830189685965
1 0.9290237177266325 0.7392222804928047 0.008009595459246843 0.004520830189685743
0 0.08187052436414816 0.7336948469715807 0.007240433453924777 0.008970646769036139
0 0.741872017303174 0.738597113135497 0.005638531778300537 0.008066409352293968
0 0.2103732584692658 0.7325078837518766 0.007257804623782532 0.011644321547448211
1 0.18925349005760206 0.7278802952173373 0.008044308771920416 0.009868298711184775
1 0.9298681047139694 0.7320987887124579 0.011213427837537204 0.006329186058495195
0 0.34330292085665537 0.725563365254557 0.004852087233238489 0.009842432671511081
1 0.35487775310719166 0.725211538139644 0.005644382287659622 0.00895771423215308
1 0.9949392419272176 0.728169590736782 0.0072115247081584455 0.004514363555256029
0 0.09750225411485591 0.7231260673202375 0.006454048511938648 0.010746670571206929
0 0.4003761026317304 0.7242432363178211 0.007234642547641501 0.008079342372130927
0 0.7766717464871821 0.7259553895056854 0.008026967403600649 0.007194624174249764
1 0.1889124122579262 0.7189646143863004 0.007211480471500442 0.004514363196813531
1 0.6577689433796339 0.7236549725142627 0.006448198002579564 0.009855365691347928
1 0.2994123227426038 0.7247621109915121 0.019292539326745017 0.02154495401560974
0 0.5057609897080597 0.7188581701250191 0.007246283188787839 0.009861832442743301
1 0.4769988799850113 0.723527190159186 0.020102086344872094 0.023333909388756124
0 0.9259646479369756 0.7186978435566558 0.009628883205497929 0.008098742505578516
1 0.5767741878782163 0.7216617777277191 0.01849445414053652 0.021538487264214368
0 0.6087343692620577 0.7161273794223505 0.007246283188787839 0.009861832442743301
1 0.3406139708664642 0.7094983859047292 0.007211480471500553 0.004514363196813642
1 0.7240371779505841 0.7197355340253924 0.01769057882254088 0.02064083532206562
1 0.9886444862775875 0.7143035936245007 0.005621188547384692 0.005392734800266474
0 0.7424389845610525 0.7127543070932205 0.008032727733849887 0.008085809123526078
1 0.8976826104343544 0.7108927291541397 0.0072173160800905745 0.0054056679559342236
0 0.3059445430678943 0.7020871315956577 0.008032727733849887 0.008085809123526078
1 0.930073667558849 0.7004596879361312 0.008026952502831586 0.007194624053511234
1 0.7772531749482557 0.6978845011596351 0.005626980541767912 0.006283920006112331
0 0.12364487027459847 0.6916971301688142 0.0056385913813761235 0.008066409835247867
1 0.34629303627801156 0.6952837946174423 0.008853974996199332 0.011657255050238735
0 0.35427081426497437 0.695794053277911 0.0072751765681361436 0.01431811553201201
1 0.24771772181572288 0.6967132547360726 0.02088859049300995 0.02155788655249291
1 0.6587812769956505 0.6906855011001254 0.006448198002579564 0.00985536569134804
1 0.4787802869762323 0.6950203493795607 0.020102086344872094 0.023333909388756124
0 0.6196906220292303 0.6881405565504093 0.004846297101451347 0.008951247480757596
1 0.6029023279339945 0.692460922759331 0.01929247972366921 0.021544953532655953
0 0.6943240369263491 0.6865170395993343 0.005638531778300537 0.008066409352293968
1 0.7481644039264198 0.6914097576967759 0.01769057882254077 0.02064083532206562
0 0.280990811170796 0.6733637200428098 0.0056385913813764565 0.008066409835247756
1 0.898715188709465 0.6748038709789541 0.007211525173807409 0.0045143635590289
1 0.9210580753762637 0.6754305277234935 0.008813441750200601 0.00541860109650949
0 0.12537711765071963 0.670765840818154 0.005655963325730151 0.010740203819811445
1 0.7938132465683034 0.6672692099585888 0.008038548441671067 0.00897711376190824
1 0.34570057353975847 0.663638227572674 0.007252014491995196 0.010753136356694726
0 0.35446479607178333 0.665937442089243 0.007280966699923508 0.015209300722765384
0 0.5069267718848866 0.6622707414759428 0.0072404930570006965 0.008970647251989927
1 0.4031437261066097 0.6667775550148747 0.020090505306801787 0.021551419801097427
1 0.947865583996075 0.6645066278879099 0.006436624414893233 0.008072876164058607
1 0.6585675306244264 0.6621624939249655 0.005650112816371067 0.009848898939952666
0 0.6202662748720377 0.6609609131189267 0.007257864226858368 0.011644322030401999
1 0.9027981508020559 0.6605763467321993 0.007223106211877828 0.006296853146687598
1 0.5787409205056073 0.6646352229931847 0.020090564909877373 0.021551420284051215
1 0.7483439170796491 0.6637812287515124 0.019286704492650797 0.020653768462640887
1 0.941923537707111 0.6577738224283858 0.0072173160800905745 0.0054056679559340015
1 0.9100328384392524 0.6526133427806939 0.004042435909728748 0.00805347645319554
1 0.19858807697198333 0.6423921657555607 0.0064366765675847315 0.00807287658664313
1 0.973513638406005 0.6477799668536345 0.00802116904693273 0.006303319716975286
1 0.9954777586485042 0.6452840633229595 0.0072115247081584455 0.004514363555255918
0 0.5964430803662186 0.642496427417595 0.007240493057000585 0.008970647251989927
1 0.20021899007136362 0.6370576900984515 0.008044308771920528 0.009868298711184886
1 0.9392403335336482 0.6408175979225132 0.006419253245035561 0.005399201385646313
0 0.35544522242365434 0.6378697867566749 0.0072751765681361436 0.014318115532011899
1 0.11879913522205526 0.6390717741038282 0.022490551771710124 0.02246212445218876
1 0.9121495997645743 0.633913428169258 0.008009595459246732 0.004520830189685854
1 0.4791566695517797 0.6370896165898832 0.018494454140536576 0.021538487264214368
1 0.5785242786812416 0.6365578680164774 0.01769057882254077 0.02064083532206562
1 0.8954047414316153 0.6315495478894431 0.008015371464761056 0.005412134465852536
1 0.72498052778401 0.6359619951934382 0.018488664008749267 0.020647302073460994
1 0.2127105537388791 0.6184417811769412 0.005615429305235425 0.004501430659930361
0 0.47450435425713733 0.6161066537970437 0.007223061509570805 0.00629685278447234
1 0.356804484348706 0.6129246922596232 0.004846297101451236 0.008951247480757707
1 0.9617714073757802 0.6124789478451051 0.008015378915145699 0.005412134526221801
0 0.12579403347226598 0.6065964540747472 0.007252014491995085 0.010753136356694615
0 0.508089628807034 0.6061289647838424 0.007240493057000585 0.008970647251989816
1 0.2754164767732195 0.6100370193035526 0.019298330233028183 0.022436258412514842
0 0.41152973433018986 0.6044552643211426 0.007252014491995085 0.010753136356694837
1 0.4294543265342023 0.6095025789284308 0.019298330233028183 0.022436258412515064
0 0.5743694448033028 0.6004269771042374 0.0072173309808595265 0.005405668076672643
1 0.6042505104923118 0.6077994321123212 0.019292479723669098 0.021544953532656064
1 0.7498971082715704 0.6089795822462838 0.018494424338998616 0.02153848702273753
1 0.8916749923880465 0.5914113184614682 0.009623093073710343 0.0072075573148250305
1 0.902064300635742 0.5892672422098353 0.004828910256328367 0.006277453375455377
1 0.36344087363905914 0.5742074252980394 0.00800956565770894 0.004520829948209015
1 0.9133993219226348 0.5644029796300871 0.008009580558477891 0.0045208300689474346
0 0.1117444404455189 0.55790730358827 0.0056385913813761235 0.008066409835247867
1 0.9361586074516266 0.5623591948511737 0.008813441750200601 0.00541860109650949
1 0.9449402048787015 0.5619847346195153 0.007211525173807409 0.004514363559029122
0 0.411830840545527 0.5581106542481702 0.005632801249589314 0.007175224644494271
1 0.9832559441854387 0.560958233302888 0.0072173160800904634 0.0054056679559342236
1 0.9948278655380143 0.561051998655067 0.009611506447851803 0.0054250676818895505
0 0.5977912335102461 0.5578348769260325 0.0072404930570006965 0.008970647251989927
1 0.5092351145593236 0.5526608628701539 0.0072173309808596375 0.005405668076672643
1 0.9126562688247908 0.5559297173199589 0.0064192457946511405 0.00539920132527727
0 0.3575885354992106 0.5536603549734835 0.007280966699923508 0.015209300722765495
0 0.11182261187162262 0.5458755882761881 0.007240433453924763 0.008970646769036028
0 0.1525238835128862 0.5462053839041827 0.007240433453924777 0.008970646769036139
1 0.17203300544816885 0.5530481211189664 0.02249055177171011 0.02246212445218887
0 0.961766130090906 0.5518712473887958 0.007240478156231522 0.008970647131251397
0 0.28103234892121115 0.5441271158046195 0.010426983292475156 0.008105209377712419
1 0.3029327713589017 0.5514349049890882 0.02249055177171011 0.02246212445218876
1 0.4813086685995128 0.5515432878144098 0.018494454140536576 0.02153848726421448
0 0.4270953757514486 0.5426367650535303 0.00881923188198791 0.006309786287262975
1 0.5551353719413225 0.551250201587175 0.02088865009608587 0.021557887035446588
1 0.7506609378886305 0.552834512696148 0.017696368954328134 0.021532020512818995
1 0.9822151912313151 0.5368849835982756 0.00961150737914973 0.005425067689435736
1 0.22845280502259308 0.5294404647052244 0.007211480471500553 0.004514363196813642
1 0.660610041670612 0.5320508711330334 0.00800956565770894 0.004520829948209015
1 0.37570710951003194 0.5288510583921038 0.008009565657708828 0.004520829948209015
0 0.43555030815454376 0.5311185412946611 0.009628898106266714 0.008098742626316935
1 0.8046663042987958 0.5323268433325913 0.007211510273038457 0.004514363438290481
0 0.6717916218470793 0.5308045658485934 0.009611526936408987 0.005425067847904863
0 0.5377198418048359 0.5292725288759035 0.011213427837537204 0.006329186058495195
1 0.007022033421492102 0.5227441734068248 0.008026937602062523 0.0071946239327727035
1 0.3561690349795728 0.5264645451464665 0.00404821191524285 0.008944780729362223
1 0.9228173612731866 0.5274908353427226 0.0072173160800907965 0.0054056679559342236
1 0.3605699653356379 0.5247176217255747 0.006477210588079707 0.014311649746524213
1 0.7971368183118988 0.5242442077402099 0.004840506195168071 0.008059943083852494
0 0.5102271815523409 0.5228107184328812 0.008853974996199443 0.011657255050238957
1 0.499861027930402 0.5213898154488277 0.008848184864412023 0.010766069859485472
1 0.1454889536880129 0.5234204721493764 0.020096296213085174 0.02244272419800275
0 0.0968649734000735 0.5141136226040262 0.007223061509570972 0.00629685278447234
1 0.27717811881277726 0.5231506197631755 0.020090505306801565 0.021551419801097538
0 0.41289233377664347 0.5175656314050678 0.0056385913813763455 0.008066409835247867
0 0.2548844443010178 0.5149483524091798 0.010421193160687792 0.007214024186958934
1 0.4567511438327011 0.5232687027155899 0.018488664008749323 0.020647302073460994
1 0.702554705640394 0.5252604080545327 0.018488664008749267 0.020647302073460883
1 0.8969381982479072 0.5183682236587877 0.009611512035640035 0.005425067727166333
1 0.9073130225540063 0.5184522891328966 0.004834701162611643 0.00716875777236059
0 0.4021387487884567 0.5143589460960589 0.008038518640133052 0.008977113520431623
1 0.7856459629072705 0.5116730748699503 0.0056385615798385524 0.008066409593770918
0 0.28249583980164944 0.503139674621716 0.00962889810626677 0.00809874262631699
0 0.5586345196286666 0.5040402726045999 0.01121921874382048 0.007220490455400519
0 0.7465813730173294 0.5051174841060646 0.0072231064055018335 0.006296882948225613
1 0.8970192651271528 0.5058908561482531 0.009611512035639924 0.005425067727166444
0 0.09934602723796382 0.5007643355670499 0.008842394151752808 0.009874795264118108
0 0.11331216037815567 0.5008775008187457 0.008044308965544741 0.009868328512722735
1 0.9919917274532604 0.5062147116376958 0.006425041707850965 0.006290416362845552
1 0.9620643413371615 0.5059722150104311 0.005650142811532977 0.009848928982967409
0 0.4261704612921847 0.5007386644047962 0.008044308965544422 0.009868328512722735
1 0.192343610178198 0.49795271264523155 0.008044308965544422 0.009868328512723012
1 0.36233406037282906 0.4988845158103912 0.004846297101451236 0.008951247480757485
1 0.20112809894597428 0.4971326597880118 0.006459838837349824 0.011637885563498374
1 0.991644809291692 0.4981903497043869 0.007211525561055421 0.004514423162104819
1 0.009627582740956042 0.490233227607901 0.004840506582416083 0.008060002686928358
1 0.6520513820802785 0.49811254093936874 0.008067471041685259 0.01343330768804013
1 0.9090568058786431 0.49573856943543837 0.006413455275616098 0.004507956531447921
0 0.933406434202718 0.4945989328497609 0.010421148458380936 0.007214023824743565
1 0.17360356123087145 0.4955726656680358 0.021698256910913094 0.02334687269308472
0 0.11460477163441413 0.48618173586854607 0.007228852415854248 0.007188157181377497
0 0.24908138498242077 0.4868257316215665 0.011213368621709185 0.0063292451786173265
1 0.3308336921336121 0.4950640918155418 0.02009050550042557 0.021551449602635497
1 0.727474166583515 0.4978323576889562 0.018488663815125372 0.02064727227192309
1 0.4569335446982515 0.49519456621381147 0.02009050550042557 0.021551449602635553
1 0.6053762315833743 0.495951726735574 0.018488663815125372 0.020647272271923145
0 0.7067679465736455 0.49097993548932517 0.012028884968099396 0.009009446794454423
1 0.4194911448772154 0.48464136668171437 0.007211480858748454 0.004514422799889561
1 0.20961487930057526 0.4807125747623125 0.005644382287659622 0.008957714232152858
1 0.3189582554358868 0.4802616283650417 0.007246223972959931 0.009861891562865432
1 0.9757993488082031 0.48023615211039283 0.005615396165753239 0.00450148999134492
0 0.25674118725552497 0.4748553893958032 0.00882502278827113 0.007201090684168132
1 0.6350291043082971 0.4770293016953172 0.0072173309808596375 0.005405668076672643
0 0.7718912129325313 0.4790295642895753 0.008026967403600649 0.007194624174249653
1 0.9498651758520888 0.4795803659678364 0.008015378915145699 0.005412134526221857
0 0.722818985927705 0.4772950026337393 0.007223121499894791 0.006296912870501936
1 0.9960696925054876 0.479955427406737 0.007860614989024794 0.007194624113880443
0 0.3361571437480075 0.4741619460996062 0.00803272812109801 0.008085868726602108
0 0.7340063566232076 0.47515745255546993 0.005632741646513395 0.007175224161540539
1 0.307464549667672 0.4681360884523741 0.00641930539772706 0.005399201808231113
1 0.47623471029728537 0.47262312596345113 0.008853974996199332 0.011657255050238902
1 0.8916615427524042 0.47064151014422617 0.004840491681647019 0.008060002566189828
0 0.19254627747312386 0.4667592789681264 0.008079051886131894 0.015215767474160702
0 0.35016670558733987 0.4675908051991202 0.007275176180888243 0.014318055928935924
1 0.5109881006218665 0.4671113307619976 0.00805009929095557 0.010759543505014235
0 0.7954833044107894 0.47164477731797366 0.007280996501461412 0.015209300964242112
1 0.3609608244023974 0.46455874714978584 0.008044309159168428 0.00986835831426075
1 0.651461784703193 0.46602136615697787 0.008032728121097898 0.008085868726602274
0 0.08724821779991326 0.45877576241662577 0.008032728121097787 0.008085868726602108
0 0.10002011842031044 0.4584336051443139 0.008038518640133274 0.008977113520431401
0 0.4272348496860069 0.4597480340655481 0.00642509591676238 0.006290446602060407
1 0.6055528417362656 0.4687688648291627 0.018494454527784532 0.021538546867290342
1 0.7033156545114575 0.46956102062512617 0.017696369341576146 0.02153208011589497
0 0.2576463370535617 0.4583738865814784 0.008830813307306173 0.008092335477997425
0 0.43721357136082617 0.4593832441292601 0.010432774198758099 0.008996513774617465
1 0.9153115466777751 0.4543443050962386 0.005632771448051299 0.007175224403017488
1 0.9029560378564347 0.45201596118165255 0.0096173025546753 0.006316312520995793
0 0.17791813595680384 0.44569545391312226 0.008825022788271353 0.007201090684168188
0 0.11647014076439827 0.4447519051814719 0.010426983679723403 0.008105268980788172
0 0.6020918638955245 0.4486868171557076 0.00962889849351467 0.00809880222939291
0 0.2589332176842967 0.444569322205755 0.008026937602062412 0.0071946239327728145
0 0.4021914249278101 0.4448388278953944 0.008836603826341438 0.008983580271826719
1 0.7924589775417199 0.4457729014203867 0.004042421396207585 0.008053535935532985
1 0.19112092683137488 0.44045471345198484 0.004846297101451236 0.008951247480757651
1 0.35831524350827076 0.44180946116482234 0.00404821191524285 0.008944780729362278
1 0.8060463200046621 0.4427634763972439 0.007217301179321622 0.005405667835195749
0 0.32880719287824517 0.43845084134614487 0.005638591768624468 0.00806646943832362
1 0.12212899915602204 0.4336566413540033 0.007217271377783607 0.00540566759371891
1 0.6600122606703699 0.43979760329992507 0.0072404930570006965 0.008970647251989927
1 0.7765092869779223 0.4438610803062361 0.01850021524528178 0.02242979141964274
0 0.0882402251898548 0.42892561749639924 0.008026937602062634 0.0071946239327728145
1 0.1480399951352263 0.43787740655113855 0.020905962437363423 0.02423168053705671
1 0.3056662137684776 0.437817687988303 0.020090505694049687 0.021551479404173346
1 0.4333534913239051 0.4392979625971536 0.018500245046819797 0.02242979166111958
1 0.5817962378121038 0.4400551236018698 0.01849445452778442 0.021538546867290342
1 0.9373770003833185 0.43625167727474007 0.0064366210769493115 0.008072935736949782
1 0.010030022652162018 0.42829189324599154 0.004846297101451125 0.008951247480757596
1 0.9454184345779026 0.42695830248922395 0.004834708612996397 0.0071687578327298
1 0.9605903291232687 0.4257443002546843 0.006425043764070826 0.006290446179475828
1 0.8824524780783545 0.4139700456414712 0.004823120124541336 0.005386268184701892
1 0.9159856232497889 0.4120135298504573 0.00800958094572568 0.004520889672023354
1 0.995896490187002 0.41132655360372866 0.008207019625995904 0.005418601104055676
1 0.11917412852021358 0.3970898574905257 0.00881344175020038 0.0054186010965095455
0 0.7824113016922238 0.3953336539818729 0.007228882217392152 0.0071881574228543355
1 0.6830668544452789 0.3923004531814992 0.00800956604495684 0.004520889551284879
0 0.9153004751486734 0.3946278494035739 0.00801538636553012 0.005412134586591177
1 0.19546740911188915 0.38567564091319484 0.00800956604495695 0.0045208895512849345
1 0.7983986306297505 0.391452383936133 0.007246253774497946 0.009861891804342271
1 0.5027218613715053 0.3881652725868734 0.008044309159168428 0.00986835831426075
1 0.895374946707189 0.3904555834534117 0.004840491681647019 0.008060002566189828
1 0.36507039804192243 0.38482167641269127 0.004048211915242961 0.008944780729362334
1 0.5131285482394432 0.3833475216171976 0.008050099290955681 0.01075954350501418
0 0.6532031899212896 0.3822542938349423 0.00724628357603585 0.00986189204581922
1 0.7046464360983792 0.38757320451505145 0.017696369341576146 0.021532080115894914
1 0.4341173354544863 0.3831529527708323 0.019286749194957764 0.02065376882485631
0 0.14167915658951186 0.37276174947282736 0.005638591768624468 0.008066469438323676
1 0.21947589983958826 0.37562035281506445 0.006465629162761166 0.012529100555789763
1 0.2800939619910916 0.38145928116138067 0.020900171918328603 0.023340435743227417
1 0.9561088449284951 0.37846967573750984 0.009617295104290768 0.006316312460626583
1 0.9784517297326977 0.37909633246695684 0.009623089348518299 0.007207557284640453
1 0.21191164093694176 0.37288518574418206 0.00404821191524285 0.008944780729362278
1 0.9908275051770377 0.3783053494046783 0.005632769585454889 0.007175224387925172
1 0.12169282024777306 0.37794755379750367 0.02009629621308484 0.02244272419800264
1 0.2693780149893859 0.37245956429555727 0.007240433453924777 0.008970646769036084
1 0.188409317017251 0.3664557381352438 0.006465629162761055 0.012529100555789652
1 0.6624967113423018 0.3645038230291864 0.00800956604495684 0.004520889551284879
0 0.6014448634834828 0.3640091300701484 0.005638532165548438 0.008066468955369888
0 0.7123843801896733 0.3635711169341914 0.007263654745893744 0.012535566824231237
1 0.5085022904740835 0.35835392745058825 0.008026937602062745 0.0071946239327728145
1 0.8923940410868756 0.35789940134327364 0.009611512035640035 0.005425067727166444
1 0.7295630016851705 0.3605907914471585 0.01769057882254077 0.02064083532206562
1 0.6330031072083264 0.3589170909844588 0.019286689591881845 0.020653768341902523
0 0.5648149954415174 0.3512342701626275 0.005638532165548549 0.008066468955369888
1 0.48497387961082006 0.355935051370867 0.0184886640087491 0.020647302073460994
1 0.9961828430425717 0.3525013427322482 0.006419251615264132 0.0053992013724407095
1 0.12227426360961557 0.3498766655721918 0.020888590880258073 0.02155794615556872
1 0.2814821763176955 0.3520579924967203 0.020102086732120106 0.023333968991831988
0 0.2273469956799073 0.33111969433772925 0.010421193160687792 0.007214024186958878
1 0.5026905304761646 0.33156817373298053 0.004048241716780865 0.008944780970839172
1 0.0047306775311880545 0.32263118352304 0.007211480858748454 0.004514422799889506
0 0.15754829703979312 0.3256520226790963 0.0064482579929034944 0.009855425777377635
1 0.21621463472161567 0.32479044867615814 0.0040482119152428775 0.008944780729362278
1 0.513493349970544 0.3271992486136407 0.00805009929095557 0.01075954350501418
1 0.7054015646488694 0.33276506163799724 0.018488664008749378 0.020647302073460994
0 0.3527066680550669 0.3223312838478485 0.005644382287659733 0.008957714232153025
1 0.41054023723316946 0.32681068253790657 0.01929833023302835 0.02243625841251501
1 0.33313385079764424 0.32529217976211117 0.020894381399293227 0.022449190949398123
1 0.1767249669636291 0.32224227099222125 0.020894381399293338 0.022449190949398068
1 0.6764286036204905 0.30846548190162765 0.00800956604495684 0.0045208895512849345
0 0.800524602143363 0.3099166569743683 0.007240463255462681 0.008970647010512978
1 0.9888676018767029 0.31144276894509265 0.010432731824696617 0.008996513431267505
1 0.37997692595932286 0.3016069545479319 0.007211480858748454 0.00451442279988945
0 0.41827531586648387 0.30325421759543814 0.007252014104747295 0.010753076753618918
1 0.22157867947552184 0.2976496047871402 0.006436676954832854 0.008072936189718993
1 0.7789913595433138 0.3075139474109201 0.018488634207211252 0.0206473018319841
1 0.9434329860119478 0.30260737834229884 0.00723468763719648 0.008079402337422104
1 0.6333592229672504 0.30410571497318384 0.017684788303505616 0.019749590528236327
1 0.3528832784983941 0.29514837723913034 0.005650172806694775 0.009848959025982318
0 0.1972608990061408 0.2938873950067565 0.007269385661852978 0.013426811135106687
1 0.4362520225481895 0.3002803588598006 0.019298330233028238 0.022436258412514953
1 0.9638299308904684 0.2956423474864611 0.006425043764070715 0.006290446179475773
0 0.8972003066136642 0.2937655211635577 0.00882502278827102 0.007201090684168188
1 0.2814479354556922 0.29590648611746573 0.022496342290745486 0.023353369246018052
0 0.21846167488759827 0.2860375857462695 0.009663641220478247 0.013446211389292806
1 0.9112156440712628 0.28630313534850393 0.008009595846494966 0.0045208897927618286
1 0.21251095772085038 0.2806416475982278 0.007223061896818983 0.006296912387548148
1 0.19456030837480337 0.27960490476163347 0.004840506582416082 0.008060002686928358
1 0.8976804088292534 0.28129135716681375 0.008015371464761056 0.005412134465852703
1 0.8007214792096895 0.27961442338878556 0.00404821191524285 0.008944780729362223
0 0.3282765345134066 0.27444934308632174 0.005638591768624468 0.008066469438323676
1 0.7799718156967227 0.2794462923198291 0.018482843688176098 0.019756057038154806
1 0.5146562068926914 0.27105747192154017 0.008050099290955681 0.010759543505014235
0 0.6168112344438574 0.2714395712458789 0.006448198389827353 0.009855425294423847
1 0.6339377712631995 0.27648041934324874 0.020090565297125385 0.02155147988712719
1 0.4113040813637504 0.27066567271158537 0.01848866400874921 0.020647302073460938
1 0.9388936005456379 0.2642451719920641 0.007211525561055421 0.004514423162104875
1 0.25649420375221793 0.26718304476307975 0.021698257104536878 0.023346902494622734
1 0.14997012350121858 0.26364602273504856 0.02088859088025774 0.021557946155568775
1 0.005179441401052087 0.253559920612034 0.007217271377783607 0.005405667593718855
0 0.5834054951563138 0.25378876874684675 0.011219218647008367 0.007220475554631456
1 0.630497030195514 0.2532790519018365 0.004834715966568703 0.007168742992330029
1 0.6089551167176808 0.25221320964987076 0.009634688915738043 0.008990032122453112
1 0.9820614121364388 0.2534538444185009 0.008813441653388376 0.005418586195740538
1 0.45972879114239984 0.24922147015066276 0.004846297004639177 0.008951232579988616
0 0.48925716828893673 0.24946071877312243 0.004857877849085701 0.010733692366109326
1 0.9553465478539692 0.25011786477455333 0.008009588396110434 0.004520889732392563
1 0.899487887766466 0.24877395963800206 0.008009580945726014 0.004520889672023298
1 0.25385736833653205 0.24309687716955708 0.0064308862421735835 0.007181661594351796
1 0.5834634002982603 0.24487632825893818 0.009623107780855511 0.007207527634025601
1 0.9968514102033528 0.24065693040124644 0.006297179593294566 0.004520889732392563
1 0.9762120121442246 0.23246114459376893 0.006413462726000296 0.004507956591817214
1 0.012168549422663544 0.2219758006744753 0.00647141987542077 0.01342037515115696
1 0.940764769507638 0.22192409658662204 0.00882502631983939 0.007201060912814833
0 0.09125211370039893 0.21102983915803525 0.008021146889403474 0.006303349337405562
1 0.013440953755810392 0.21039934828332524 0.005638591575000462 0.008066439636785744
1 0.8929157033072213 0.2161886481902161 0.007217315886466791 0.005405638154396236
0 0.9531550269341662 0.21890498668427819 0.008044331316697906 0.009868328693830475
1 0.7716129284322335 0.21476010614366695 0.004042421202583579 0.008053506133995025
0 0.21776838031843648 0.20848982745128367 0.008830813113682334 0.008092305676459521
0 0.6016369541479425 0.21160025059700988 0.008830813113682279 0.008092305676459549
1 0.6171991980574755 0.21172634886854266 0.004852087426862495 0.009842462473048985
1 0.6235894912569504 0.21088683663701477 0.004852087426862495 0.009842462473048985
1 0.46677869956547535 0.20827928732828083 0.0056443820940356715 0.008957684430615037
1 0.5589550352433603 0.2090261768303844 0.008038518446509157 0.008977083718893497
1 0.9181039204555894 0.20881679435918982 0.011213428031161099 0.006329215860033183
0 0.5469898757861866 0.2080379334218707 0.008061680522650216 0.012542062894210754
1 0.5857104404642428 0.20612346532904946 0.007246283382411733 0.009861862244281261
1 0.6076542917946979 0.20674691855979832 0.006453988715238723 0.010746640286715209
1 0.17354243532066854 0.1978816470804185 0.0048347158697564785 0.00716872809156105
1 0.19149597992623313 0.19847276752009818 0.004042421202583579 0.00805350613399497
1 0.4736085687976772 0.20120432471718336 0.0048462969078272855 0.008951217679219664
1 0.150809184582558 0.19591485990753035 0.005655963132105812 0.010740174018273652
1 0.27892735248897166 0.19249653642678635 0.008015356370368099 0.005412104543576213
1 0.9205791834840082 0.1963587968183496 0.008009595846494966 0.004520889792761801
1 0.9668610783752754 0.19762510302089492 0.009617294910666652 0.006316282659088596
0 0.168782995907934 0.1933866384695764 0.008073261560720635 0.014324552481869368
1 0.9050256252562162 0.19489584625684186 0.008813441556576374 0.005418571294971614
1 0.10095628855412409 0.19150011238179532 0.008067471041685467 0.013433307688040075
1 0.11731372239034765 0.19207829980163807 0.007275176374512263 0.014318085730473995
1 0.1855829011332143 0.18728373821216598 0.006454048318314642 0.010746640769669025
0 0.34721100743261446 0.18547387775350993 0.007223061703194977 0.006296882586010216
1 0.9389809694122955 0.1893775995217004 0.008009584670918057 0.004520889702207931
1 0.5104208079036552 0.18590504788144893 0.006425036120062511 0.006290416317568603
1 0.9513538479281456 0.18903220903970627 0.008825022594647014 0.007201060882630228
1 0.19240987520271063 0.1806543830972142 0.007223061703195088 0.006296882586010216
1 0.7275172696286987 0.1840989924154871 0.00800956604495684 0.004520889551284907
1 0.5004595024882488 0.1835961037984643 0.005644352292497712 0.008957684189138143
0 0.73749596150198 0.18373420223772224 0.007217330787235632 0.005405638275134711
1 0.9581750277534142 0.1832940986883992 0.008009588396110434 0.004520889732392536
1 0.562341268390389 0.179195431922867 0.008009566044956729 0.004520889551284879
1 0.5104729224781605 0.1778838596377541 0.0064250361200623995 0.006290416317568603
0 0.18047363844236336 0.17520993037884602 0.00884239415175292 0.009874795264118136
1 0.4382510751905087 0.17685302707780445 0.005644382094035616 0.00895768443061501
1 0.9131104901093489 0.17891815043346718 0.012017273934866957 0.007226927163780927
1 0.014112149872263502 0.16851421045596598 0.004828925350721436 0.0062774832977317285
1 0.8931907520900878 0.17385465459024457 0.00404243610335242 0.008053506254733445
1 0.8201852960106277 0.1705892283935573 0.008009595846494744 0.004520889792761773
1 0.7786917892084553 0.16936173660406087 0.008009595846494855 0.004520889792761773
1 0.9582531995667662 0.17126232377324144 0.006419253051411777 0.005399171584108575
1 0.7332079459766664 0.16810189688124938 0.00800956604495684 0.004520889551284907
1 0.5137694027737669 0.1618673792330531 0.00800956604495695 0.004520889551284907
1 0.47945845413351645 0.16069807161500754 0.006413514878691795 0.0045079570144017644
1 0.9531323780921861 0.16097102060945676 0.007211525561055421 0.004514423162104875
0 0.9407566006884382 0.16176201855741196 0.004840495213215279 0.008059972794836556
1 0.7596106475606839 0.15806600867508974 0.006419245601027246 0.005399171523739393
1 0.8940930439773412 0.15781875957391156 0.007211525561055421 0.0045144231621049025
0 0.7033587279487272 0.15582762530864225 0.007217330787235632 0.005405638275134711
1 0.6375271739573622 0.15395726561639572 0.00800956604495695 0.004520889551284907
0 0.6586729699031468 0.1545742523372261 0.008813441556576596 0.005418571294971586
1 0.4819279266429002 0.1491313188679967 0.008009566044956784 0.004520889551284879
0 0.014658790710442515 0.14579076070913832 0.005644382094035505 0.008957684430615037
1 0.05536874813025888 0.1447836891463889 0.00562701053692994 0.006283950049127102
1 0.40214182045260183 0.14536531923716467 0.009611526742784982 0.005425038046366959
1 0.9616046934215878 0.14677903275811557 0.006425043570447042 0.0062904163779378686
0 0.9863475589189625 0.1465338742212266 0.008015378721521693 0.005412104724683925
0 0.24415998802219874 0.13873748337135167 0.009611526742784982 0.005425038046366959
1 0.29044478189817563 0.13955816720716696 0.004828925350721547 0.0062774832977317285
0 0.26889418264178955 0.13982919214594508 0.006442467280244113 0.00896415118201041
1 0.34352180682624933 0.13909694979023735 0.005627010536929822 0.006283950049127102
1 0.3032253682971255 0.13787914274411114 0.006436676761208848 0.00807290638818109
1 0.3335518305330588 0.1381248730187351 0.006436676761208737 0.00807290638818109
1 0.35789277307858075 0.13832210362380154 0.005638591575000462 0.008066439636785744
0 0.6200595294399946 0.14000075134728096 0.008026937408438628 0.007194594131234855
1 0.15002613725878577 0.13218135121459196 0.006425095723138208 0.006290416800522475
1 0.28730467493399897 0.1315111129237983 0.006425095723138319 0.006290416800522475
1 0.9369313120964158 0.13632928355549845 0.009611508116823875 0.005425037895443879
0 0.4066296083037596 0.13024976861114013 0.0072172711841596016 0.005405637792180895
0 0.3942625407955021 0.1297039144653203 0.009617317261820246 0.006316282840196252
1 0.16279514261966532 0.1322848163391948 0.012879024835301234 0.017037056604283896
0 0.2589994829024334 0.12727096285619977 0.010455936081275374 0.01256146314839679
1 0.28894710968620096 0.12439411366934641 0.004828925399127382 0.006277490748116232
1 0.20955715082948917 0.12107696981112673 0.004042421250989636 0.008053513584379501
1 0.9477717604095138 0.12616730445272897 0.007223106502313836 0.006296897848994565
1 0.7139420252115861 0.12382697518063282 0.005632741549701281 0.007175209260771601
1 0.7877686987034517 0.12353389616230574 0.008015386268718006 0.005412119685822142
1 0.8955101735503872 0.1239612615390274 0.004840491488023013 0.00805997276465191
1 0.7446906324168767 0.12051097407345239 0.00963468881892593 0.00899001722168416
0 0.9314317241583356 0.12291539031307504 0.006453988715238612 0.010746640286715209
1 0.7143729155625722 0.11892837709103823 0.00643661715813304 0.008072905905227232
1 0.7874159950665864 0.116400719457481 0.007217301082509731 0.005405652934426769
1 0.21441213354007238 0.11086648030089988 0.004048211721618761 0.00894475092782436
1 0.5432143195980947 0.11353070967419181 0.00724049286337658 0.00897061745045194
1 0.5140965661795446 0.11151218993900222 0.006430826735909667 0.007181676012166946
1 0.5061130574702465 0.11189314675377857 0.0064481981962034585 0.009855395492885902
0 0.9434692686350181 0.1127631036304449 0.009617295007478655 0.006316297559857562
0 0.9960683359203427 0.11274428272850713 0.007863328159314564 0.005412119621679812
0 0.6174660929703173 0.10923026990971499 0.007234702344341315 0.008079372656622633
1 0.6761584878909864 0.10435810923531388 0.006413455178803984 0.0045079416306789966
1 0.9443049696985841 0.1069765013919955 0.006419253148223558 0.005399186484877541
1 0.6462340231107508 0.10366999042242672 0.007217330884047524 0.005405653175903649
0 0.40001983772028915 0.10345753384506035 0.006454048318314642 0.010746640769668997
1 0.5054018148783617 0.09851805267651201 0.00800959574968274 0.004520874891992807
1 0.3194588083715174 0.0961200957379002 0.006413514781880014 0.0045079421136327985
1 0.7372451085687429 0.09950534857362192 0.00721154036501237 0.004514408382074356
0 0.7799415037709134 0.09985131035567414 0.00800959574968274 0.004520874891992821
1 0.9738738570022923 0.10097706607053408 0.00641925128562737 0.005399186469785253
1 0.6674261132620614 0.09715704090229917 0.008009565948144837 0.004520874650515899
1 0.6187558390106259 0.09498009034598456 0.008009565948144948 0.004520874650515899
0 0.5768603944042375 0.09419498012732061 0.008813441653388487 0.005418586195740566
1 0.12157958000509467 0.08827768620165868 0.009617317358632138 0.006316297740965218
1 0.16069047174457052 0.08770331098341773 0.008009565948144726 0.004520874650515899
1 0.9927007325666577 0.08998850794472746 0.007211525464243418 0.004514408261335909
1 0.31956303742371595 0.08007773415127953 0.006413514781880014 0.0045079421136327985
1 0.8402850639488473 0.08652527987310027 0.008836603632717543 0.008983550470288842
1 0.14997452479127088 0.07870358666720981 0.005638591575000462 0.00806643963678573
1 0.2609082807315579 0.07915682601694357 0.004048211721618733 0.008944750927824333
1 0.9316980872110552 0.08191825645346298 0.006419245697839138 0.0053991864245083315
1 0.6946732091385823 0.07999768332731537 0.009657850798254874 0.012554981496232465
1 0.9973870316651214 0.07577712781781538 0.005225936669757014 0.004520874831623584
1 0.1548266122181332 0.06893872327908984 0.005650172613070659 0.009848929224444344
1 0.7302478167787568 0.07092739781161651 0.00721154036501237 0.00451440838207437
1 0.6672123965471571 0.06863405631976977 0.00721154036501237 0.004514408382074342
1 0.5926079045888946 0.06580132670906785 0.009611526839596873 0.005425052947135925
1 0.9812706776118998 0.06805930473926004 0.009611508213635767 0.005425052796212859
0 0.20555576516141705 0.06132817567923532 0.0064366767854117934 0.008072910113373306
1 0.2263025483519398 0.06194192367805656 0.004846296907827202 0.008951217679219678
1 0.9685074506026732 0.06706460403570852 0.01121921303501694 0.007220471784162283
1 0.24667339130140847 0.0589874772688703 0.007211480786139313 0.004514411624312799
1 0.9130565067678509 0.06438706684860708 0.00723468749197842 0.008079379986268669
1 0.9978237015681877 0.06285735257143542 0.004352596863624658 0.007188135188666282
1 0.9330544240024423 0.05741879528742565 0.007211525464243418 0.004514408261335916
0 0.338901841493291 0.05171318784025963 0.006425095819950211 0.006290431701291427
0 0.5775460370651467 0.05008172262352674 0.008009565948144948 0.004520874650515906
1 0.43468976767425527 0.049369827912670375 0.008026937456844685 0.007194601581619359
1 0.5324612364022592 0.048825120001605174 0.007211540365012481 0.004514408382074349
0 0.5025367418204857 0.04813700094724112 0.008015356467180101 0.00541211944434522
0 0.36527853051656584 0.045687890392970484 0.008009565948144837 0.004520874650515906
0 0.4175372034902136 0.04833955555266364 0.0056443820940355605 0.008957684430615044
0 0.429912956777024 0.04754854250773949 0.009646269856996514 0.010772506809342823
1 0.013341126042070106 0.04149926635172271 0.008026937456844352 0.007194601581619352
1 0.8449407763195615 0.04556371218025504 0.0048347159181626465 0.0071687355419455465
1 0.3936503132992098 0.03967875885826212 0.005627010633741825 0.0062839649498960745
1 0.6837522013989874 0.041138114446741675 0.008009565948144837 0.004520874650515906
1 0.814221121612635 0.04442350421905787 0.004048211721618733 0.008944750927824333
1 0.9311461207089086 0.044033997901196845 0.008021161886984318 0.0063033643589129815
1 0.8006685073147295 0.042085467808870895 0.007246253580873829 0.009861862002804353
1 0.38691309206298374 0.03249385226429169 0.006425095783645807 0.006290426113503059
1 0.9595294919558046 0.036242380564391316 0.007211525464243418 0.004514408261335902
1 0.2696237859043167 0.027532676871667286 0.009611526827495442 0.005425051084539799
0 0.29835986826871613 0.02687423164356543 0.009623107829261568 0.007207535084410056
1 0.15629293870660727 0.027505666666702348 0.006465629307979559 0.012529122906943156
1 0.6415706290181447 0.022970543937611505 0.008009565948144837 0.004520874650515903
1 0.5905061587748553 0.02077419919785302 0.006413455178803984 0.0045079416306790035
1 0.011907149333757583 0.01653155174591382 0.006430886290579529 0.007181669044736251
1 0.3235625915162102 0.017274266069442736 0.004048211745821928 0.008944754653016576
0 0.3869999495762287 0.01912522226526475 0.006459838813146823 0.01163788183830608
1 0.3650792602493058 0.014936801034775394 0.0072172712809717154 0.005405652692949868
1 0.9441235953195078 0.012052744599602434 0.008009588311399751 0.004520876694219704
0 0.1165287839045614 0.005792525850948052 0.009623107838337641 0.007207536481357151
1 0.5171711460735572 0.006810641679683939 0.008009565954195663 0.004520875581813967
0 0.3360280975636818 0.0033527292395789145 0.006436676797513252 0.006705458479157829
