1 0.6769085730395509 0.9900624332970724 0.007811515579162265 0.0056984244965422315
1 0.6085100326728876 0.9874818171583053 0.008923846039989747 0.005703556234948226
1 0.5223342471831587 0.9802891861593689 0.014505779010436926 0.01025912197265244
1 0.3977627205245332 0.9774494158561867 0.010036236104850438 0.005708688248337257
1 0.35716247989222405 0.9772621065794209 0.008923905644022734 0.005703556509931262
1 0.43947784160196673 0.9770756186968865 0.011163687659360266 0.009111249858524295
1 0.3004434389009857 0.9747354334354403 0.011148566565678142 0.0057138199867433626
1 0.2615167345897611 0.9734232855383237 0.008923905644022734 0.005703556509931262
1 0.2264832015271594 0.9721291583984063 0.007811545381178592 0.005698424634033916
1 0.9617345282828607 0.9760874915394727 0.010061378323621306 0.011371071092989071
1 0.1325059665516639 0.9682980946376966 0.008923875842006296 0.005703556372439911
1 0.9106351343860727 0.9605628172377542 0.010056337959060357 0.010238594469062168
1 0.784968918542582 0.9537542470124214 0.010041216865378289 0.006841164597280902
0 0.8161118300755754 0.9544641748247005 0.01229107960983733 0.012513811193727964
0 0.8016514744807826 0.9543974619504403 0.012291079609837552 0.012513811193727853
0 0.6431688110484961 0.9480037429291468 0.011178749149009515 0.01250867945532208
1 0.6114723143366845 0.9467249516066518 0.010056337959060357 0.010238594469061946
1 0.627045000392305 0.9467967962193178 0.010066418688182033 0.012503547716916308
1 0.7850218431663167 0.9418630636490892 0.010036176500817784 0.005708687973353999
0 0.5191610697711584 0.9434678238342603 0.010061378323621195 0.011371071092989071
1 0.41016474935043357 0.9401336598317807 0.010036236104850438 0.005708688248337146
1 0.8639977231133125 0.9422274190007922 0.010056337959060357 0.010238594469062057
0 0.3339823560709418 0.9369509425412581 0.01117376838848172 0.011376203106378324
0 0.34788909668489987 0.9364487917678108 0.012291139213870206 0.012513811468711222
1 0.28615949845335975 0.9350315022874389 0.011168728023921104 0.01024372648245142
1 0.738334027452102 0.934852610463496 0.005596935386628421 0.007953114267584382
0 0.25724379782631845 0.9337655997774998 0.011168728023921048 0.010243726482451199
1 0.688837603711419 0.9340580086925361 0.011173708784449121 0.011376202831395066
1 0.410761238027898 0.9310762935015018 0.011158647294799595 0.00797877323459728
1 0.22166167524643457 0.930770132297202 0.011163687659360322 0.009111249858524295
0 0.1526968588529373 0.9304519630036273 0.008938996935688504 0.009100986244220843
1 0.7617132480610744 0.930430411420246 0.010046257229938904 0.007973641221208028
0 0.696085393248044 0.9301276372043971 0.010056337959060357 0.010238594469062168
1 0.5036563700942044 0.9281073061074647 0.01005633795906058 0.010238594469062168
0 0.48752499836060736 0.9285991935415919 0.011173768388481775 0.011376203106378213
1 0.43355909131837056 0.9323139713127166 0.02346490813291663 0.0238901337831553
0 0.07874922239051288 0.9250144964067755 0.012291139213870192 0.012513811468711222
1 0.04538671637718921 0.9231618286140629 0.010051342297524399 0.009106118051372514
0 0.8968821568154923 0.9265239542866565 0.011168668419888061 0.01024372620746794
1 0.8790898504680595 0.9253093099692187 0.011168668419888284 0.01024372620746794
1 0.3496205977289976 0.9223003527642333 0.00893902673770497 0.009100986381712528
1 0.8640783700074135 0.9241075546018285 0.010056337959060357 0.010238594469062057
1 0.3346065672840549 0.9216648355713151 0.0100563975630934 0.010238594744045426
1 0.3106636504345617 0.9277832434227771 0.022347536776963495 0.022752406212756537
1 0.04653685382803916 0.914673266482137 0.010036221203842191 0.005708688179591581
1 0.786242542791612 0.9175196499529 0.007826636672844445 0.009095854368323275
0 0.7200510218053593 0.9189130250787221 0.015628190200385972 0.012529206958912353
1 0.1533210698007681 0.9151659156377168 0.010056397563093372 0.010238594744045426
1 0.7061569121701019 0.916583924825811 0.010066418688181922 0.012503547716916086
1 0.13665115974227632 0.9116914497420852 0.007821626110300073 0.007963377881887834
0 0.07880718737880837 0.9119908364195164 0.01006142302664588 0.011371071299226654
1 0.6600051002280581 0.9141059440051287 0.008954088227354218 0.012498415978510313
0 0.6444323545684048 0.9140340991174793 0.011178749149009848 0.01250867945532208
1 0.8808213515121572 0.9111608709656414 0.010061378323621084 0.011371071092989071
0 0.47203799982893113 0.9092749483020024 0.01117376838848172 0.011376203106378435
0 0.8674808869250333 0.9094005748938965 0.01451585973955849 0.012524075220506359
1 0.3352434092105864 0.903547537179046 0.008944067102265696 0.010233463005639654
1 0.722897433096598 0.9042034797765705 0.01005633795906069 0.010238594469061946
1 0.706771042388811 0.9035628307077546 0.008949047862793602 0.011365939354583188
0 0.5849551991329192 0.9063983923532712 0.01009162104155048 0.01816605004461691
0 0.29020137747979113 0.9016409858752743 0.010061437927654071 0.01137107136797233
1 0.27462866162215427 0.9015691411251165 0.010061437927654071 0.01137107136797233
1 0.6472762456773631 0.8998907921272912 0.01673548029665317 0.011401862073391222
1 0.1395000465127707 0.8964156659217325 0.008938996935688476 0.009100986244220843
0 0.12559585987364383 0.8963515189338618 0.010061430477149982 0.011371071333599492
0 0.5043561875715756 0.8958338709665177 0.01117370878444901 0.011376202831394955
1 0.23461482893818814 0.8945894187659259 0.0056120862823268725 0.01135054427685711
1 0.43481255357859294 0.9006093999569689 0.02346490813291663 0.023890133783155187
0 0.47210856572862847 0.8934200967549255 0.011173768388481775 0.011376203106378324
0 0.3358600596115761 0.889960204749026 0.010066478292214853 0.012503547991899455
1 0.3130319636031745 0.8955175058894391 0.02235257767208898 0.023885002044749526
0 0.8653368728974791 0.891270447018121 0.010066418688182033 0.012503547716916086
1 0.2897107079824975 0.88691604494543 0.00893902673770497 0.009100986381712417
1 0.27468914679273015 0.8879792428258939 0.010061437927654071 0.01137107136797233
0 0.24577849398075377 0.8855808637264007 0.010061423026645866 0.011371071299226654
1 0.04777016208052269 0.8874986016564702 0.010086625380014244 0.01703357362692759
1 0.7735943351350183 0.8851846336760987 0.008944007498232875 0.010233462730656173
0 0.14068042269101538 0.8811321844250251 0.00894403730024923 0.010233462868147858
0 0.1262175469139422 0.8816317098627284 0.011173768388481761 0.011376203106378324
1 0.11009372109146043 0.8804248226881866 0.010051342297524399 0.009106118051372736
0 0.09729934100562881 0.8809320457334988 0.011168728023921035 0.010243726482451199
1 0.07502238502937084 0.8876243298317547 0.02235256277108076 0.023885001976003517
1 0.7863937555854106 0.8835449340068595 0.010061378323621306 0.011371071092989071
1 0.3998798442999082 0.8766653827830598 0.011148566565678086 0.0057138199867432515
1 0.71244112346145 0.8792399442401723 0.006719346576577356 0.010223199253844406
1 0.4738501477671301 0.8770066448994613 0.010056397563093344 0.010238594744045315
0 0.8970963752274294 0.8783930421253969 0.01117370878444901 0.011376202831394955
1 0.45939483253689806 0.875807455401274 0.010056397563093344 0.010238594744045315
1 0.8492709673602681 0.8770398996500823 0.008949047862793491 0.011365939354583188
1 0.8092016898702868 0.8825175989661874 0.024582278958305226 0.025027742145488308
0 0.8353743375427304 0.8752770377091346 0.014515859739558268 0.012524075220506359
0 0.32092919624301497 0.8706385848451806 0.011178808753042502 0.012508679730305339
0 0.7074759002307431 0.8701569189428805 0.01005633795906069 0.010238594469062168
0 0.5862162224705474 0.8729949868535674 0.010086580676989754 0.017033573420689896
0 0.6902397588484418 0.8689449000986786 0.013403529278730675 0.012518943482100364
0 0.6296224913430116 0.8675326827526799 0.010056337959060357 0.010238594469062168
1 0.12851782926614624 0.8646545856332494 0.008938996935688517 0.009100986244220843
0 0.1418683745823917 0.8641499284571401 0.01117880875304253 0.01250867973030545
1 0.4977956143356378 0.87032205847756 0.02235257767208898 0.023885002044749304
0 0.4750330441276551 0.8611569250907904 0.010056397563093289 0.010238594744045426
0 0.45945783788975425 0.8616513187900878 0.010061437927654127 0.011371071367972552
1 0.2158563344918667 0.86052746285451 0.005612086282326928 0.01135054427685711
0 0.42831495615877724 0.8609413911153005 0.010066478292214798 0.012503547991899455
1 0.049018587701436384 0.8569265069418359 0.010056382662085132 0.010238594675299528
0 0.8977331873519444 0.8602757435956361 0.012286039245276603 0.01138133456980095
1 0.35102275286602047 0.8571872441703757 0.011168728023920993 0.01024372648245131
0 0.33822837278018886 0.8576944672156879 0.012286098849309424 0.011381334844784208
1 0.2842574248428267 0.8625418408188052 0.02235257767208898 0.023885002044749304
1 0.16469645542450279 0.8585926868520142 0.023464908132916684 0.023890133783155187
1 0.7236804176503506 0.8532439419246962 0.011168668419888061 0.01024372620746794
1 0.7848613515942853 0.8529599503249912 0.006724386941138194 0.01135567587777142
1 0.7742942122164223 0.852911198810135 0.010061378323620973 0.011371071092989071
1 0.7092200024515252 0.8531772287754527 0.011178749149009515 0.01250867945532208
0 0.6769698604262976 0.8513296928758242 0.01117370878444901 0.011376202831395066
1 0.09911401657661223 0.848097504053367 0.00783170683942154 0.010228331129741974
1 0.08298767083713242 0.8474567955867558 0.011163672758352089 0.009111249789778508
1 0.07074945571643229 0.8479666441053039 0.011168713122912816 0.010243726413705412
0 0.522931538076794 0.8460889777070646 0.012286039245276603 0.01138133456980095
0 0.5068052069730401 0.8454483289132321 0.011168668419888172 0.01024372620746794
1 0.7860165256844439 0.8433389115519517 0.011148506961645266 0.005713819711759882
0 0.475662295705329 0.8447383414969202 0.01117376838848172 0.011376203106378213
1 0.46176062552323044 0.8441079561798994 0.010066478292214853 0.012503547991899344
1 0.8099015073476581 0.8502441638252405 0.023464908132916684 0.0238901337831553
0 0.5373969343014299 0.8450231543533648 0.012306201234084213 0.01591136027357476
0 0.8488660149236527 0.8430626178348388 0.010061378323621306 0.011371071092989182
0 0.4917962171579405 0.8436802754923538 0.012306260838117145 0.015911360548558018
1 0.27991392244496904 0.8387389470010254 0.008933986373144187 0.007968509757785291
1 0.4150576586480348 0.8404949923326284 0.010086640281022463 0.017033573695673376
0 0.2932695081257752 0.8371018132009891 0.01117376838848172 0.011376203106378324
1 0.64588743406388 0.8370298667643223 0.008944007498232875 0.010233462730656284
0 0.5985980895729226 0.8402091969289023 0.010086580676989643 0.017033573420689785
0 0.5874747253606128 0.8401578792698597 0.01008658067698942 0.017033573420689896
1 0.5691338140643251 0.8372420137513612 0.01117370878444901 0.011376202831394955
1 0.15979930771322934 0.8342210484571009 0.011163687659360266 0.009111249858524295
0 0.6609065346753997 0.8365329074708052 0.012286039245276603 0.011381334569800838
0 0.5535761897636362 0.833772679387898 0.011153547326205993 0.006846296335687008
1 0.17259368806434328 0.8337137658077558 0.010056397563093344 0.010238594744045315
1 0.0847267398785754 0.8316096416816607 0.010051342297524399 0.009106118051372514
0 0.5380135844371372 0.8314358815273779 0.008938967133672038 0.009100986106729159
0 0.5218796927865421 0.8324939476694359 0.010061378323621306 0.011371071092989071
1 0.5068707327734591 0.8307258943860494 0.011168668419888172 0.01024372620746794
1 0.49296903278934406 0.8300955089315369 0.010051357198532673 0.009106118120118523
1 0.4378807140265934 0.8360702274201752 0.02235257767208898 0.023885002044749304
1 0.2282205600529969 0.8317054007176223 0.010086640281022435 0.017033573695673154
1 0.3466817703851609 0.8328181716446654 0.022347536776963606 0.022752406212756537
1 0.4001091838055275 0.8251370407500191 0.008939026737704914 0.009100986381712417
0 0.8978768395989017 0.8279997425854861 0.012291079609837219 0.012513811193727853
1 0.27831095228886404 0.8240088744702667 0.010056397563093344 0.010238594744045315
0 0.2938886787090453 0.8229482424590058 0.010056397563093289 0.010238594744045426
0 0.2633019622084821 0.8222408806534215 0.011173768388481775 0.011376203106378213
0 0.24884160661368937 0.8221741677791612 0.011173768388481747 0.011376203106378324
1 0.8178063300710738 0.823666587586616 0.010061378323621306 0.011371071092989182
1 0.8016799992326022 0.8230258791887506 0.008944007498232764 0.010233462730656284
1 0.13703423222397448 0.8256221534510404 0.021240217409244838 0.023879870168851736
1 0.053626705502181404 0.8212735435126145 0.01008158501545351 0.015901097003000464
1 0.7866734995324842 0.8206916469224501 0.010056337959060357 0.010238594469062057
1 0.7099198199288963 0.8209037936345057 0.012286039245276492 0.011381334569800838
1 0.5669922606150183 0.818545647288639 0.013383367820487546 0.007989036986392417
1 0.1620945497008726 0.8183764008515487 0.013398429310137183 0.011386466583190202
1 0.6476391564355359 0.8183514619359873 0.012286039245276603 0.01138133456980095
1 0.786708782614974 0.8127641913468953 0.010056337959060357 0.010238594469061946
1 0.4168572056748319 0.8110578804899049 0.011168728023920993 0.010243726482451199
1 0.8985010505467326 0.8127136952195757 0.011173708784448788 0.011376202831394955
1 0.8423004015884366 0.8186832223657754 0.023464908132916684 0.023890133783155187
1 0.5876007360663252 0.8118456060474872 0.007841757766526625 0.01249328424010443
1 0.31175410120575453 0.8077417374508621 0.010051357198532618 0.009106118120118412
1 0.2817235499356052 0.8070369415144807 0.010056397563093289 0.010238594744045537
0 0.32455100173914886 0.8066682164895536 0.01117376838848183 0.011376203106378435
1 0.7094291802336191 0.806178852842153 0.008938967133672149 0.009100986106729048
1 0.5992903462381703 0.8096345363278786 0.011198911137817014 0.01703870515909567
1 0.415775117666651 0.804257829403904 0.008944067102265696 0.010233463005639543
1 0.16327744606139763 0.8025266810428779 0.011173768388481775 0.011376203106378324
0 0.14548260436539395 0.8018783345726905 0.01116872802392102 0.010243726482451199
0 0.13158595991213023 0.8001154129589643 0.010061437927654043 0.01137107136797244
1 0.4391341765520981 0.8043655964603948 0.022352577672088925 0.023885002044749526
1 0.22893045852477198 0.7971669527247883 0.008949077664810012 0.011365939492074872
0 0.355751848193139 0.7943545437811144 0.01117376838848172 0.011376203106378546
0 0.34185017801104045 0.7937241584640937 0.012281058484748641 0.010248858220857193
1 0.25784864926679485 0.7978666763893051 0.022352577672088925 0.023885002044749415
1 0.005939924418425074 0.7887768767198229 0.00559696146339265 0.007953114387889704
1 0.16223064113570654 0.7877991743813222 0.008938996935688504 0.009100986244220732
1 0.10160834790144158 0.7875194933320293 0.0078266664748608 0.009095854505814849
1 0.14610681557850713 0.7865922276027475 0.01005135719853259 0.0091061181201183
1 0.13331495567495588 0.7865332123360962 0.011163687659360294 0.009111249858524406
1 0.08100745561377033 0.7925207601363764 0.022352562771080747 0.02388500197600374
1 0.11385664375126317 0.7847446915656272 0.014505719406404091 0.010259121697669071
1 0.7340013781975204 0.783641921138345 0.004489645290361333 0.009080459153105624
1 0.7234291984550965 0.7847256462474159 0.00561205648031049 0.011350544139365537
1 0.7468335615481222 0.7746410042055145 0.010041216865378289 0.006841164597281013
1 0.8970568539965496 0.7623101322028532 0.010056337959060357 0.010238594469062057
1 0.8670238123461365 0.762171574715927 0.010056337959060357 0.010238594469062168
1 0.8814841679409292 0.7622382875901872 0.010066418688182033 0.012503547716916086
1 0.6190056901358323 0.7536660338921838 0.012286039245276825 0.01138133456980106
1 0.4966613892841671 0.7502702889600873 0.010056367761076879 0.010238594606553741
0 0.8982296696279533 0.7487253656420363 0.01229107960983733 0.012513811193728075
1 0.7869986072911691 0.7476459510146317 0.007836717401965787 0.011360807616177304
1 0.31481467130489743 0.7449012797124674 0.008944067102265696 0.010233463005639432
1 0.009483589233042999 0.7423601343867468 0.005596961463392649 0.007953114387889593
1 0.8187077647836979 0.7460934914482596 0.011168668419888395 0.01024372620746794
1 0.13686113974054115 0.7395502316867599 0.008944037300249258 0.010233462868147747
0 0.14965804000865313 0.7384767703294842 0.010066478292214853 0.012503547991899344
0 0.6212934160143768 0.7395201610327925 0.01674052066121412 0.012534338697318237
1 0.5339548958876481 0.7436472837427861 0.02458731932286584 0.0261602187694151
1 0.47278398333408456 0.7416662622156212 0.022347536776963495 0.022752406212756537
1 0.4427509118816549 0.7415277045912032 0.02234753677696355 0.022752406212756537
1 0.24532898766448438 0.7366530890428806 0.007851868828229192 0.014758356833515784
1 0.3148827170223144 0.7296126664773541 0.01117376838848183 0.011376203106378324
1 0.26202157962878186 0.735031350526808 0.021235206316135846 0.022747274474350765
1 0.8810691347751923 0.7305259590227977 0.011168668419888395 0.01024372620746794
1 0.8677236298235075 0.72989813957498 0.01339848891417006 0.011386466858173572
1 0.04737608540397789 0.7261134648329415 0.005612086282326914 0.011350544276857222
1 0.8360270732423807 0.7286194075815345 0.010061378323621306 0.011371071092989071
1 0.15027469040964284 0.7248894378994645 0.00894403730024923 0.010233462868147969
1 0.13636797986298355 0.7253915292063707 0.010061437927654071 0.01137107136797244
1 0.11520840216261807 0.7309564684534784 0.023459852336783035 0.022757537882416856
1 0.7876531205609619 0.725564924972077 0.01115858769076672 0.007978772959613911
1 0.010684131791378016 0.7225466868117816 0.005612082557074859 0.011350544259670858
1 0.6958904210749758 0.7240090777297956 0.010056337959060357 0.010238594469062168
0 0.6825373555764499 0.7250799732178683 0.014515859739558268 0.012524075220506359
1 0.6196979470663625 0.7230913136871272 0.008938967133672149 0.00910098610672927
1 0.6341634026297488 0.7220255502124437 0.01117370878444901 0.011376202831394955
1 0.6024744068607453 0.7190480436790749 0.010046257229938904 0.007973641221208028
1 0.905570766574114 0.7238439384700994 0.02235257767208898 0.023885002044749304
0 0.8811321401280485 0.7163698224116115 0.01117370878444901 0.011376202831395177
0 0.8672279497636697 0.7163056754065542 0.012286039245276492 0.01138133456980095
1 0.3005004881393424 0.7119923275160938 0.011168728023921048 0.01024372648245131
0 0.838312219334612 0.7150397727591236 0.014520900104119217 0.013656551844433595
0 0.8043910614358625 0.7137507775638495 0.011173708784449121 0.011376202831395066
1 0.5930371798809222 0.7150406958398638 0.008969209851601323 0.015895965058356998
0 0.1675839476759382 0.7096803670221177 0.010051357198532646 0.0091061181201183
1 0.011856953010659654 0.7089619202767443 0.005612082557074858 0.011350544259670636
1 0.680934385420345 0.7103499006871098 0.011168668419888395 0.01024372620746794
0 0.6953972611974182 0.7098503752494064 0.0111737087844489 0.011376202831395066
1 0.6347775328484582 0.7090044560943873 0.010056337959060468 0.010238594469062168
1 0.15369486376951563 0.7062187304725007 0.006714336014033123 0.009090722767408965
0 0.6214370682613342 0.7072441600226426 0.014510819374997763 0.011391598596579344
1 0.18261306967782903 0.7069183946017306 0.011188890012728686 0.01477375218622512
1 0.5051752571587068 0.7118040950210961 0.022352577672089036 0.023885002044749193
1 0.5352083584131528 0.7119426527830056 0.02458731932286584 0.02616021876941521
1 0.2354666614255287 0.703198425556913 0.010071518656775552 0.01363602461582658
1 0.22602440871687055 0.7003236140144077 0.006719376378593878 0.01022319939133598
1 0.33114012899835793 0.7008085655623788 0.010066478292214853 0.012503547991899233
1 0.3011196587226125 0.6978387567741104 0.010051357198532618 0.0091061181201183
1 0.2638261670201397 0.7044617620601574 0.02234753677696355 0.02275240621275665
1 0.04973684893622338 0.6955465018910861 0.0056019981027013305 0.009085590994630133
0 0.9106821026300257 0.7000847241702943 0.01451585973955849 0.01252407522050658
1 0.15430395362366423 0.6943301129783715 0.007831706839421554 0.010228331129741974
1 0.013042374940968972 0.6925459025757085 0.005596962394705663 0.007953114392186267
1 0.8200393540210235 0.696835234401479 0.011173708784448788 0.011376202831394955
1 0.08754365877980938 0.6985521733644682 0.02124023231025307 0.023879870237597522
1 0.7115992581694629 0.6935036961472184 0.01005633795906058 0.010238594469061946
1 0.43854857108520834 0.6860151078167613 0.00893902673770497 0.009100986381712417
1 0.45245276144958724 0.6860792548218186 0.010061437927654071 0.01137107136797233
0 0.9135234139526707 0.6865076552170865 0.011178749149009737 0.012508679455322191
1 0.8751251523362114 0.691426813828837 0.023459867237791365 0.022757537951162643
1 0.3184289159889079 0.6826296858967638 0.00894406710226564 0.010233463005639432
1 0.8189950692776128 0.6815414894279597 0.008933926769111533 0.007968509482802255
1 0.4224398517206829 0.6814107310976597 0.010061437927654127 0.011371071367972219
1 0.25892652892860224 0.6806563621146992 0.010061437927654071 0.01137107136797244
1 0.1538208744752281 0.6779064572501283 0.008938996935688504 0.009100986244220954
1 0.7122159085704526 0.6799163637171985 0.011168668419888172 0.010243726207468051
1 0.5937369973582933 0.6827672606989168 0.010086580676989532 0.017033573420689896
1 0.1404753695235434 0.6772786378023106 0.00894403730024923 0.010233462868147858
1 0.6888266072323588 0.6866035160083028 0.024587319322865953 0.02616021876941521
1 0.5364542603918165 0.6819367367591156 0.02234753677696355 0.022752406212756537
1 0.5064262591059638 0.6806657026482623 0.02234753677696355 0.02275240621275676
1 0.4118928144623123 0.6768320132080793 0.008969269455634032 0.015895965333340145
1 0.48310245350099024 0.672630479878725 0.008939026737704914 0.009100986381712528
1 0.24006469078136577 0.6698104749452054 0.005607045917766146 0.010218067652929874
1 0.2956638255986449 0.6740307908219576 0.0212352063161359 0.022747274474350654
1 0.836857941790025 0.6669012225942879 0.008944007498232875 0.010233462730656062
1 0.8518795628491078 0.6658379653847745 0.010056337959060357 0.010238594469062168
1 0.0904580710854404 0.6685540146209656 0.02234752187595533 0.02275240614401086
0 0.1255294036875603 0.6613544478561783 0.010056390112589228 0.010238594709672588
0 0.11273250714470037 0.6624279092306404 0.01117879385203431 0.012508679661559441
1 0.6972799750353144 0.6617272202997886 0.010056337959060357 0.010238594469062057
0 0.6828170992582411 0.6622267457374919 0.012286039245276603 0.011381334569800838
1 0.7779268708558321 0.6615330349471369 0.008949047862793602 0.011365939354583188
1 0.6361066019035033 0.6603124373595701 0.01005633795906058 0.010238594469062057
1 0.5009678610966912 0.6574239748018356 0.008933956571127721 0.007968509620293829
1 0.015430859611893673 0.6557501989877439 0.005602001827953389 0.009085591011816607
1 0.7768447831129334 0.6547329242571032 0.011163628055327335 0.009111249583540926
1 0.8841901897796288 0.6540956625892131 0.007826636672844334 0.009095854368323275
1 0.3341376937446447 0.6521242444351705 0.008944067102265696 0.010233463005639543
1 0.9058530307034679 0.6604244130737265 0.02235257767208898 0.023885002044749304
1 0.8513838229199546 0.6522455605453983 0.008944007498232764 0.010233462730656173
0 0.8358035763174929 0.6538724308686228 0.011183789513570463 0.013641156079248984
0 0.5944242136589803 0.6533250767218203 0.011198911137817014 0.01703870515909589
1 0.6967868151577569 0.6475685178193993 0.008938967133672149 0.009100986106729159
0 0.1862172187317098 0.646911753965135 0.011178808753042502 0.012508679730305228
0 0.6828801046110974 0.6480706091263055 0.012291079609837219 0.012513811193727853
1 0.11336679882165265 0.6448769086168761 0.010061423026645866 0.011371071299226543
1 0.635615962208226 0.6455874965672175 0.008944007498232764 0.010233462730656173
1 0.4693293142068845 0.6431215830273682 0.010061437927654182 0.01137107136797244
1 0.4470574134961955 0.6486813905704429 0.021235206316135846 0.022747274474350765
0 0.4849070704290821 0.642060951153599 0.010061437927654071 0.01137107136797244
1 0.2679940567522836 0.6427589724256202 0.02123016595157512 0.02161479785042386
1 0.2913833580903775 0.636071820134516 0.0100563975630934 0.010238594744045315
0 0.9137426727291685 0.6372442664318998 0.011173708784448788 0.011376202831395177
1 0.8525743396966358 0.6346970664717874 0.008938967133672149 0.009100986106729048
1 0.8369990738547024 0.6351914598961015 0.008944007498232875 0.010233462730656062
0 0.8064123871561555 0.6344840982280087 0.012286039245276492 0.01138133456980095
1 0.6362401731560569 0.630301449201307 0.010051297594499964 0.009106117845135042
0 0.6217848579258247 0.62910225970312 0.010061378323621084 0.011371071092989071
1 0.7485961072610376 0.6285548037323166 0.005612056480310268 0.011350544139365537
0 0.48554136237131673 0.6245098909358018 0.011168728023920937 0.01024372648245142
1 0.740271270346075 0.624552587906495 0.008944007498232875 0.010233462730656284
1 0.6913360524656487 0.6226280157767783 0.011153547326205993 0.006846296335686897
0 0.3648579814977614 0.6228206180824918 0.0100563975630934 0.010238594744045426
1 0.30535307425517544 0.6214135326123906 0.008933986373144187 0.007968509757785291
1 0.01780674450310371 0.6217857465700747 0.005612082557074859 0.011350544259670747
0 0.9138056780820247 0.6230881298207135 0.011168668419888061 0.010243726207468162
1 0.8754023758357223 0.6291398246604238 0.023459867237791143 0.022757537951162643
0 0.29312494012887913 0.6196583682790517 0.011173768388481775 0.011376203106378213
1 0.27643989381041456 0.6195813917904881 0.011173768388481775 0.011376203106378213
1 0.8059217474608782 0.619759157435656 0.00893896713367226 0.009100986106729159
1 0.5956802559707983 0.6210542077250595 0.00896920985160099 0.015895965058356998
1 0.15854492970306827 0.6162061738807612 0.01116872802392102 0.010243726482451088
1 0.1446407244376811 0.6161420268069581 0.007831706839421554 0.010228331129741752
0 0.1274020442468392 0.6154962461887873 0.015623097682296597 0.011396730094374918
0 0.546219115312605 0.6123321503785448 0.010056337959060468 0.010238594469061946
1 0.4483058353918571 0.6181092958386223 0.021235206316135846 0.022747274474350765
1 0.36492602748046077 0.6075319452433456 0.010051357198532618 0.009106118120118412
1 0.32930103120394705 0.6141627077410343 0.0234598672377912 0.022757537951162532
1 0.30597476502072585 0.6066937235584439 0.0100563975630934 0.010238594744045315
0 0.2931879454817353 0.6055022316678654 0.011168728023921048 0.010243726482451088
1 0.18918707584335598 0.6044561735463367 0.010061437927654099 0.01137107136797244
1 0.15860793505592446 0.6020500372695748 0.008938996935688531 0.009100986244220843
0 0.14581355470481053 0.6025573199189199 0.010056397563093344 0.010238594744045315
1 0.09351109527346807 0.6074123314912403 0.023459852336783035 0.022757537882416634
1 0.744869285066186 0.5911645776220087 0.006724386941138083 0.01135567587777142
1 0.6353420608418838 0.5821654649056744 0.005607016115749763 0.010218067515438523
1 0.5602669579239414 0.580120296373452 0.006714306212016741 0.00909072262991728
1 0.6153351146978845 0.5786756035885874 0.007821596308283607 0.00796337774439626
1 0.5814012962837003 0.5802177996781477 0.006724386941138305 0.01135567587777142
1 0.6003160736903974 0.5791725631570879 0.006724386941138194 0.01135567587777131
0 0.587529254151407 0.5779810712665094 0.00784679813108713 0.013625760864031222
1 0.8689778945651832 0.573050666493174 0.012280998880715877 0.010248857945873824
1 0.7794474761517263 0.5698063680667973 0.008938967133671816 0.009100986106729159
1 0.7138247213072892 0.5683711175020048 0.008938967133672149 0.009100986106729159
0 0.6849014303313905 0.5688039297904647 0.011168668419888172 0.010243726207468162
0 0.6982494554653556 0.568865510926319 0.011178749149009737 0.01250867945532208
1 0.5475406235555268 0.5653389061836509 0.010051297594499742 0.009106117845135042
0 0.488035686245642 0.563931880180091 0.011173768388481886 0.011376203106378213
1 0.3551216513287923 0.5610536217013729 0.010061437927654127 0.01137107136797233
1 0.3084060835421949 0.5602718494139194 0.010056397563093344 0.010238594744045426
1 0.29617290905133786 0.5596491617045075 0.010051357198532618 0.009106118120118412
1 0.78003892446463 0.5618814783604453 0.010061378323621306 0.011371071092989071
0 0.3679160314146239 0.5605463986560606 0.011178808753042557 0.012508679730305339
1 0.9001862720292803 0.5590382191073199 0.010051297594499742 0.009106117845135042
1 0.8139551013375692 0.5643030100586626 0.02234753677696355 0.02275240621275665
1 0.6994198105185115 0.5558469829524488 0.01117370878444901 0.011376202831394955
1 0.6849619155019663 0.5552140314912419 0.011168668419888395 0.010243726207468051
0 0.10376405480624537 0.5530989241462398 0.012286098849309465 0.011381334844784319
1 0.6615751939501855 0.5613349457453658 0.024582278958304893 0.025027742145488197
1 0.022573634047144655 0.550459292646296 0.005602001827953389 0.009085591011816607
1 0.511981153079432 0.557247234154157 0.023459867237791254 0.022757537951162643
0 0.48921102205932593 0.5497808753073106 0.008944067102265696 0.010233463005639432
1 0.2339224435728819 0.5503018508481239 0.010081599916461709 0.01590109707174614
1 0.3317979050625691 0.5530184588108517 0.02123520631613579 0.022747274474350876
1 0.07541965566959073 0.5484380980984358 0.011193915476281208 0.015906228741406125
0 0.30957637899131807 0.5472533211650661 0.012296179578430988 0.013646288092638348
0 0.29623591440419406 0.5454930250933212 0.012281058484748753 0.010248858220857193
0 0.28066574853085396 0.5448549421686917 0.010061437927654127 0.01137107136797244
1 0.1555078288248936 0.54880758501668 0.02234750697494714 0.022752406075264964
1 0.19113785056495977 0.5410443458263186 0.008938996935688504 0.009100986244220732
0 0.1777822646188712 0.5426815392303876 0.011178808753042474 0.012508679730305339
1 0.13329639838377222 0.5407774941917862 0.008938996935688504 0.009100986244220843
0 0.10382201979454088 0.5400752641589806 0.01005638266208514 0.010238594675299528
0 0.8997031928808441 0.5426145633790767 0.011168668419888284 0.010243726207468051
1 0.7300896642934398 0.5378682419096144 0.010061378323621306 0.011371071092989182
1 0.6550120409279345 0.5363893712933885 0.008949047862793491 0.011365939354583188
1 0.6388831896419 0.5363149608115194 0.012286039245276492 0.01138133456980095
0 0.6255351645079352 0.5362533796756651 0.012286039245276603 0.011381334569800838
1 0.5348873755343722 0.5341363665307768 0.011168668419888172 0.010243726207468051
1 0.023769137172231947 0.5317783216995544 0.005607042192514126 0.010218067635743622
1 0.5493502513114454 0.5336368410930733 0.0111737087844489 0.011376202831395066
1 0.3280055272652822 0.5303506670902347 0.011163687659360322 0.009111249858524295
1 0.7234483848246502 0.5304762339406043 0.01005633795906058 0.010238594469062168
1 0.6316832247604165 0.5294866252852698 0.006724386941138305 0.01135567587777131
0 0.1795238466573728 0.5262680873749234 0.010051357198532618 0.009106118120118412
1 0.8997661982337004 0.5284584267678902 0.008938967133672149 0.009100986106729159
1 0.8680621407097653 0.5288784099853188 0.01005633795906058 0.010238594469062057
1 0.31133059174323796 0.5280086778872759 0.011183849117603228 0.013641156354232353
0 0.1934305572040321 0.5257659960680171 0.011168728023921048 0.01024372648245131
1 0.8146473582680992 0.533728289853606 0.023459867237791032 0.022757537951162532
1 0.7290352988209077 0.5248394501839493 0.012291079609837552 0.012513811193728075
1 0.6250369642658169 0.5232271538192029 0.011168668419888172 0.01024372620746794
0 0.638943674812476 0.5227250625122966 0.012286039245276603 0.01138133456980095
1 0.519377694831608 0.5199083853069243 0.008938967133672038 0.009100986106729048
1 0.505468404233353 0.5209767742548437 0.010061378323621306 0.011371071092989182
1 0.4526123370063977 0.5252629818178621 0.022347536776963606 0.02275240621275665
1 0.363074358311382 0.5237173387233431 0.02123520631613579 0.022747274474350765
1 0.3269562021573108 0.5161893987406425 0.011168728023920993 0.01024372648245131
1 0.28191165050951755 0.5148490261448015 0.010056397563093289 0.010238594744045426
1 0.07611444023290534 0.5172971396157886 0.010086625380014244 0.01703357362692748
1 0.1640217116004415 0.5103413911464346 0.007816585745739318 0.00683090125796082
1 0.09947600439962463 0.5168386682915701 0.02123519141512764 0.022747274405604978
1 0.8392194966279676 0.5111913578748148 0.010051297594499742 0.009106117845135042
0 0.8525675813659654 0.5112529392856524 0.012286039245276603 0.011381334569800838
0 0.7163165249993342 0.5083593450582575 0.011173708784448788 0.011376202831394955
1 0.6868421690268973 0.507657055524538 0.012280998880715877 0.010248857945873935
1 0.699636549112729 0.5071498324792258 0.011173708784448788 0.011376202831394955
1 0.5061026961755878 0.5034257140370464 0.011168668419888172 0.010243726207468107
0 0.520563111440734 0.5034924122852817 0.011178749281650857 0.01250870925733849
0 0.4605020091657177 0.5020827608084859 0.011178808885683622 0.012508709532321638
1 0.9076508594325527 0.506410771925982 0.02235257753944786 0.023884972242732894
1 0.6101212519919161 0.5005080594780433 0.010076499815227069 0.014768590370819346
1 0.12293082774656483 0.4954290963571051 0.00782667379272374 0.009095824738171387
1 0.164648442995835 0.49448904586452797 0.011173768388481775 0.011376203106378324
0 0.8526331069011022 0.49653056436250265 0.010061378323621306 0.011371071092989127
0 0.8381651310227942 0.4981625959511661 0.012301160604241024 0.014778824045614813
1 0.41881461015968874 0.49622792163517937 0.010076559286618658 0.014768560843786194
0 0.8103668312221196 0.49576930399017294 0.0145158598721995 0.01252410502252288
1 0.7002506791987971 0.49412876816318585 0.010066418953464273 0.012503607320948962
0 0.6869051742471124 0.4935009487153681 0.012286039245276936 0.011381334569800894
1 0.5361962826006097 0.4899743734997332 0.011168668419888172 0.010243726207468051
1 0.48333259528910094 0.4959592808226507 0.021235206448776967 0.022747304276367064
1 0.24920108902278842 0.49148160020009013 0.008969254289343476 0.015895905660561538
1 0.334845874117669 0.493009222434291 0.022347537042245957 0.02275246581678947
1 0.7069549045490513 0.48736460944400994 0.005607016115749763 0.010218067515438356
1 0.3710270354919553 0.48638105560782174 0.010061437927654016 0.011371071367972496
1 0.31262941808035394 0.4861116381040864 0.008949107466826367 0.011365939629566557
1 0.2758996520224949 0.49103852412546223 0.02234249667768512 0.02161998919286251
1 0.18803018385340836 0.4895005936083061 0.02234246674302756 0.021619959253354415
1 0.16470388766920896 0.4820316539912486 0.011173768388481775 0.01137620310637838
1 0.651360824997341 0.4820118170120767 0.00561205648031049 0.011350544139365537
1 0.17528872819234975 0.4781166779933107 0.007821626110300045 0.00796337788188789
1 0.5874015254795848 0.4817167406788201 0.006734467935541999 0.013620688729658215
1 0.8849638956877898 0.4802582656651839 0.01005633795906058 0.010238594469062057
0 0.8399118130298895 0.48061666774675804 0.01117370878444901 0.01137620283139501
1 0.7520498904403152 0.47738003712597377 0.006729427570981383 0.012488212105731311
1 0.5640701889971453 0.47538026278468143 0.006719346576577356 0.010223199253844406
1 0.40668224428645816 0.4729554034270629 0.007816615282473405 0.006830841791419684
1 0.6274758434667681 0.4751065349367715 0.011173708784448788 0.011376202831395066
1 0.5079023026737766 0.4739886322713226 0.010056337959060468 0.010238594469062112
1 0.35996919681478223 0.47160736302562956 0.010051357198532673 0.0091061181201183
1 0.599677543599773 0.47271325787678664 0.0111737087844489 0.01137620283139501
1 0.3722124521674019 0.4699650676851709 0.0100563975630934 0.01023859474404537
1 0.7932264580265636 0.4730399461722016 0.008974250216161939 0.017028441682283957
1 0.1831279957112536 0.4662614467383279 0.01005135719853259 0.0091061181201183
1 0.8994796960885977 0.4678675568641484 0.01005633795906058 0.010238594469062112
1 0.6113696740865395 0.46993592004319806 0.010086580676989754 0.01703357342068984
1 0.599151620954647 0.46591574285797227 0.010051297594499964 0.009106117845135042
0 0.16756033511918567 0.46505712543298894 0.010061437927654099 0.011371071367972385
0 0.12529158761987885 0.464862118497055 0.010061430477149982 0.011371071333599492
1 0.8154757066334632 0.472576343178323 0.022347537042245902 0.02275246581678947
0 0.13808848429537995 0.46378862732057646 0.011173768388481747 0.01137620310637838
0 0.8394211137305794 0.46589172667942197 0.012286039245276603 0.01138133456980095
0 0.15199267465975888 0.46385277432563365 0.010071518922057876 0.013636084219859346
0 0.7304172922344052 0.4642563076898326 0.014510819374997541 0.0113915985965794
1 0.700947976493888 0.46242157133420236 0.011168668419888172 0.010243726207467996
1 0.5440834044440299 0.46736046516986995 0.024577238328462037 0.023895205917528417
0 0.4779322365742031 0.45969393803571845 0.012286098849309424 0.011381334844784263
1 0.4545479756006699 0.4652486137028955 0.021235206581418198 0.02274733407838364
1 0.2526741719727466 0.46091973914306483 0.008969254289343448 0.015895905660561593
0 0.5090826789846623 0.45870512097259875 0.014510819374997763 0.011391598596579289
0 0.34334718565119027 0.4573742500633712 0.010066478557497205 0.01250360759593222
1 0.30661741972597245 0.46230110628273063 0.021235206581418253 0.022747334078383585
1 0.32944800598199686 0.45617759649487893 0.011178809018324909 0.01250873933433827
0 0.2705017838868227 0.4542068981860501 0.01117376838848183 0.01137620310637838
1 0.07861381192229544 0.45558665227052386 0.01008158475017118 0.015901037398967588
1 0.1670671753742692 0.45089839315058333 0.00894403730024923 0.010233462868147858
1 0.15427531547071796 0.450839377883932 0.010056397563093344 0.01023859474404537
1 0.10196782299267772 0.4568268959165687 0.021235191680409993 0.022747334009637687
0 0.9145667829461427 0.45208195425851827 0.011168668419888172 0.010243726207467996
0 0.900670153128605 0.4503190923175705 0.012286039245276603 0.011381334569800894
1 0.8094611584274263 0.4493320197294226 0.012280998880715877 0.01024885794587388
1 0.8233678689740854 0.4488299284225163 0.011173708784448788 0.011376202831394955
0 0.7171423533150589 0.44777360689292167 0.010056337959060357 0.010238594469062112
1 0.5219400644233503 0.4440417613161003 0.008938967133672038 0.009100986106729103
1 0.4791176532496496 0.4432779501130676 0.0100563975630934 0.01023859474404537
1 0.6120518500226657 0.44162621269002844 0.008944007498232875 0.010233462730656229
0 0.5380789965711471 0.44185118874809887 0.01229612023968052 0.013646347421687799
1 0.27223832542812243 0.43892595275652924 0.010056397563093344 0.010238594744045426
1 0.7811268549209014 0.4424062405025102 0.011188830143413542 0.01477369230720893
1 0.3300822977915904 0.4386265660790981 0.010061437927654071 0.01137107136797244
1 0.7922527394481325 0.4418912900475727 0.00896920958631886 0.015895905454324066
1 0.15490204660082912 0.43498709220605813 0.00894403730024923 0.010233462868147802
0 0.9007281181169005 0.4372954323303113 0.010056337959060357 0.010238594469062001
1 0.8840456217827326 0.4366522176672758 0.01005129759449963 0.009106117845134987
1 0.869029100957526 0.43658293892381267 0.008938967133672149 0.009100986106729159
1 0.846754650129899 0.4427090144433756 0.022342496677685175 0.021619989192862454
0 0.9146272679840776 0.43849208576131193 0.011188830143413542 0.01477369230720893
1 0.822869668599326 0.43580373236807046 0.01005633795906069 0.010238594469062112
1 0.808970518732149 0.43460707893706985 0.011168668419888172 0.010243726207467996
1 0.7172028384856348 0.4341837085936989 0.010056337959060357 0.010238594469062112
1 0.6582591069033659 0.4316467420333985 0.010056337959060357 0.010238594469062112
1 0.2550273862665483 0.43205146138664285 0.011188889747446307 0.014773692582192244
1 0.53924677183799 0.4293988988112091 0.010051297594499742 0.009106117845135042
1 0.5231078396901929 0.4315894713792105 0.011183789778852815 0.013641215683281915
1 0.45579387744669236 0.435242727481022 0.02123016621685747 0.021614857454456515
1 0.37407248409949256 0.4269381171472575 0.011168728023921048 0.010243726482451254
1 0.3078633215719948 0.432295220060857 0.02123016621685747 0.02161485745445657
1 0.5754128118533117 0.42616822146055366 0.006714306212016963 0.009090722629917392
1 0.3301377425976055 0.4261691444038023 0.010061437927654127 0.01137107136797244
1 0.08096701131508893 0.4267183744453561 0.01007654438561044 0.014768560775040518
1 0.030924511587571757 0.42365622379399237 0.005602003690579418 0.0090855910204099
1 0.530375790817702 0.42312916359334696 0.01003617623553521 0.005708628369321123
1 0.44194765207060893 0.42215492048870545 0.006714365816049561 0.00909072290490065
1 0.13883618589928404 0.42075651524224056 0.010051357198532618 0.009106118120118356
0 0.12659545072894474 0.4218325722707357 0.012286098849309438 0.011381334844784208
1 0.10432606275003195 0.426826141467474 0.021230151315849252 0.02161485738571073
0 0.46586035587154834 0.4228315215283791 0.012291139479152502 0.012513871072744098
0 0.15663104236365477 0.42140489158319006 0.01229113947915253 0.012513871072743987
0 0.7294964980144266 0.4212165278059044 0.007836717401965787 0.011360807616177304
1 0.2545342263889907 0.41789275890625366 0.005601975751188981 0.009085590891511341
1 0.32127435205881616 0.41820066458552496 0.00561205648031049 0.011350544139365482
0 0.9964671411595241 0.4201831677481025 0.00561205648031049 0.011350544139365426
1 0.39803559234188635 0.41628977313556237 0.005601975751189037 0.009085590891511397
1 0.8230763261991396 0.3893715947467342 0.010056337959060357 0.010238594469062112
1 0.7329821821410689 0.3878234155850287 0.01005633795906058 0.010238594469062057
1 0.7179732219953445 0.3860553921036586 0.008938967133672149 0.009100986106729214
1 0.6590219297335931 0.38521717028126523 0.008944007498232875 0.010233462730656118
1 0.6423343930348647 0.3857064322421567 0.011173708784448788 0.01137620283139501
1 0.6295475734958743 0.38451494035157835 0.012286039245276825 0.01138133456980095
1 0.45102526075605287 0.38199254774975605 0.011168728023921048 0.01024372648245131
1 0.49496504275514186 0.3816290140672677 0.010061437927654071 0.011371071367972385
1 0.46437580607229834 0.38148789057364685 0.01117376838848172 0.01137620310637838
1 0.3331252561515047 0.3797498362659726 0.008939026737704914 0.009100986381712473
0 0.37650635273789945 0.3799499750262447 0.008949107466826367 0.011365939629566502
1 0.18741936119846261 0.37681259232261943 0.008938996935688504 0.009100986244220843
0 0.2007673863324277 0.3768741734584736 0.011173768388481775 0.01137620310637838
1 0.10010857824310854 0.37471103406572737 0.007821626110300087 0.007963377881887945
1 0.6646138842270526 0.3784478800986667 0.006729427570981383 0.0124882121057312
0 0.34759317229313863 0.3781178342043422 0.011188889747446362 0.014773692582192188
1 0.14237480928538704 0.3754722793308114 0.010061437927654099 0.011371071367972385
0 0.11289791796437942 0.37533628764434224 0.013398429310137142 0.011386466583190147
1 0.6017643949878437 0.3787241738157795 0.012306200968801972 0.015911300669541883
1 0.8843178050503242 0.37549767532077327 0.01005129759449963 0.009106117845135042
0 0.8704110943710236 0.37599979642969605 0.011168668419888395 0.010243726207467996
1 0.8470243132152101 0.38212071040883666 0.022347537042245902 0.02275246581678947
1 0.7341575179547528 0.3736724107122484 0.01005129759449963 0.009106117845135042
1 0.7180286666687186 0.37359800023037926 0.008938967133671816 0.009100986106729103
1 0.2441711648246281 0.37197810780704144 0.00894403730024923 0.010233462868147747
1 0.7024585007953784 0.3729599173057497 0.011168668419888172 0.010243726207468051
1 0.6896666408918272 0.37290090203909837 0.012280998880715988 0.010248857945873935
1 0.5177931088288859 0.37607174259137954 0.02234753704224579 0.022752465816789524
1 0.4939081571003293 0.36916646065356606 0.010061437927654071 0.011371071367972385
1 0.37711544245940687 0.36806138733413185 0.007831736641437992 0.010228331267233604
1 0.2814344140744542 0.3721500218685894 0.02123016621685747 0.02161485745445657
1 0.3465388068206064 0.365089042478677 0.00893902673770497 0.009100986381712417
0 0.3331857411894394 0.36615996776876614 0.01117376838848183 0.01137620310637838
1 0.16464924521200583 0.36934620374250254 0.02123013641484106 0.021614857316964886
0 0.20138405150178446 0.3632868708992161 0.010061437927654071 0.011371071367972385
0 0.1874798462363973 0.36322272382541304 0.011173768388481775 0.011376203106378324
0 0.1429889395040964 0.36245118521275504 0.01116872802392102 0.01024372648245131
0 0.8710453863132583 0.35844873621189877 0.010061378323621084 0.011371071092989071
1 0.6296761045165084 0.35563639901522587 0.007821596308283496 0.00796337774439626
1 0.5562720173394464 0.3530327195806653 0.007821596308283607 0.007963377744396205
1 0.5117735795970386 0.35395995564542226 0.010056337959060468 0.010238594469062057
0 0.49509105346085436 0.3533167408448951 0.01228609884930948 0.011381334844784208
1 0.3783058994994143 0.35051292278755397 0.010061437927654071 0.011371071367972496
0 0.3343686376826056 0.35031021815807883 0.011173768388481775 0.011376203106378269
1 0.18866527794549326 0.34680670616949166 0.008944037300249258 0.010233462868147858
0 0.9155942282318382 0.3461966146998059 0.010051297594499742 0.009106117845135042
1 0.8705421455739382 0.34655501678138 0.008944007498232875 0.010233462730656173
1 0.8477140498308187 0.3521122583177601 0.02123016621685747 0.02161485745445657
1 0.03573424555961549 0.34270362916508146 0.0056070459177661736 0.010218067652930096
1 0.6297391098693644 0.3414802624040396 0.010051297594499964 0.009106117845135042
1 0.6731226968360232 0.3411141627148566 0.010056337959060357 0.010238594469062112
1 0.5541053212734455 0.33999882591861064 0.010051297594499742 0.009106117845135153
1 0.5107217343067867 0.34036492560779363 0.010056337959060468 0.010238594469062112
1 0.45897289757206544 0.3457887412581617 0.022342496677685064 0.021619989192862454
1 0.08247754306708345 0.33725672045127636 0.01005638266208514 0.010238594675299528
0 0.37725405420916236 0.33691789274992534 0.010061437927654071 0.011371071367972385
1 0.2826803159204766 0.34214413564671586 0.021235206581418142 0.02274733407838353
1 0.13808676632927042 0.3392120235105145 0.021225095784997955 0.020482321089004996
0 0.18872072261886724 0.3343493142962123 0.011178809018324881 0.012508739334338215
0 0.16700749241986418 0.33934544932778066 0.025694609153850412 0.02503281427986126
1 0.9017606038997978 0.3302775863456555 0.008938967133671816 0.009100986106729214
1 0.9167796449072848 0.3297806267771551 0.01005633795906058 0.010238594469062057
1 0.8244583197452784 0.32878842245060114 0.010061378323621306 0.011371071092989127
0 0.8105541293808994 0.32872427544554395 0.011173708784448788 0.01137620283139501
0 0.7204574650079072 0.32774236439781834 0.011168668419888061 0.010243726207468051
0 0.6726295369584657 0.32695546023446737 0.01339848891417006 0.01138646685817346
1 0.6603963624676086 0.32633277252505555 0.008944007498232875 0.010233462730656229
1 0.6448261967269096 0.32569465979840945 0.011173708784449121 0.011376202831395066
1 0.3356145395286281 0.3203043319362052 0.008944067102265696 0.010233463005639487
1 0.18990865947659416 0.31736708806159797 0.00894403730024923 0.010233462868147858
0 0.9157303197993133 0.3156193584275629 0.010041216600095826 0.006841104993248193
1 0.877878142551505 0.3228060659583868 0.023454827138512768 0.021625120931268338
1 0.9018261294349343 0.31555521142250564 0.008938967133671927 0.009100986106729103
1 0.614828438026345 0.3176286765379448 0.008969209586318971 0.015895905454324177
1 0.5936990805597553 0.3163986665323224 0.006734467935541999 0.013620688729658215
1 0.6454403268129779 0.3126735954823696 0.010056337959060357 0.010238594469062112
1 0.038102569903984425 0.3104378916833027 0.0056120788318228115 0.011350544242484217
1 0.6743636177888768 0.3122407831939098 0.010061378323621306 0.011371071092989127
0 0.6604593678204648 0.31217663591386924 0.011173708784448788 0.01137620283139501
1 0.2588961428748889 0.31258905287472255 0.00896926919035168 0.015895905729307436
1 0.45966266398969047 0.3157802893045768 0.021235206581418142 0.022747334078383474
1 0.31284191826089913 0.3134041817367977 0.02123016621685747 0.02161485745445657
1 0.290627952603848 0.3059403589571379 0.010061437927654071 0.011371071367972385
1 0.11096307426841512 0.310207783800894 0.02234248177667693 0.021619989124116612
1 0.08483326264215732 0.3078222043141451 0.010086625380014244 0.017033573626927423
0 0.191076434743437 0.3049147981247081 0.011178809018324881 0.012508739334338215
0 0.16880451899909854 0.31047463540105347 0.024587319322865814 0.02616021876941521
0 0.1387714624476771 0.3103360778453814 0.024587319322865786 0.026160218769415267
1 0.9163545308797854 0.3003332812596361 0.008944007498232875 0.010233462730656229
0 0.9024528606976867 0.2997028959426154 0.010051297594499853 0.009106117845135042
1 0.6616398037353834 0.2968931248901287 0.0089339267691112 0.007968509482802144
1 0.35020342614405486 0.29149250347411293 0.011163687659360266 0.00911124985852435
0 0.36521997677127793 0.2915617823550677 0.010061437927654127 0.011371071367972385
0 0.3368554010100898 0.2914309223382587 0.01117376838848172 0.011376203106378324
1 0.29236701432742807 0.2900931752156536 0.008939026737704914 0.009100986381712473
1 0.13386675418956254 0.2876631543863585 0.007821626110300073 0.00796337788188789
1 0.7267416762992555 0.2903983838121798 0.005607016115749763 0.010218067515438412
0 0.5804695054520204 0.2897235569120025 0.006719346576577245 0.010223199253844295
1 0.03931571270769062 0.2877931929401904 0.005612086282326914 0.01135054427685711
0 0.1455462836322861 0.2877170379146039 0.013403469939980234 0.012519002811150037
1 0.5515588751241974 0.2873251481136117 0.006719346576577356 0.010223199253844406
1 0.9164150160503612 0.28674338296041335 0.011168668419888172 0.010243726207467996
1 0.9019546604555683 0.28667667008615316 0.011168668419888172 0.010243726207467996
1 0.8485348375167004 0.292659056380384 0.02234753704224568 0.02275246581678947
1 0.40418448447991384 0.28438020656264973 0.005607016115749708 0.010218067515438412
1 0.6149620094115398 0.2876176585776653 0.00897425021616205 0.017028441682283957
0 0.8241012514351959 0.284052463697969 0.011168668419888172 0.010243726207467996
0 0.8113068713493643 0.28455968674328114 0.010061378323621306 0.011371071092989071
1 0.7345582321103372 0.2836393568314098 0.012280998880715877 0.010248857945873824
0 0.6600292134284047 0.2838617670202773 0.010061378323621306 0.011371071092989127
1 0.7212127271586524 0.28301153738359197 0.012286039245276603 0.011381334569800894
1 0.7045302308244846 0.2823683227205565 0.01005633795906058 0.010238594469062057
1 0.4903804017585104 0.28704290112637 0.022342496677685064 0.021619989192862454
1 0.4175375499784396 0.2833093110745769 0.010086640281022463 0.0170335736956731
1 0.26125692529867695 0.2820220304147666 0.008969269190351736 0.015895905729307436
1 0.3140852999246412 0.2839645338268876 0.021230166216857416 0.021614857454456626
1 0.3663927924026815 0.27797701579425094 0.010061437927654071 0.011371071367972385
1 0.3508251467116217 0.2767726945576578 0.00782669627687721 0.009095854643306533
1 0.336918406362946 0.2772747857270724 0.00894406710226564 0.010233463005639487
1 0.11165533106630408 0.2796330933978539 0.0234648929666261 0.02389007411037658
1 0.8419667038665627 0.26884592902530047 0.008938967133672149 0.009100986106729159
1 0.6456495047277131 0.2656751897470534 0.010061378323620973 0.011371071092989127
1 0.5566651708155486 0.2646984104377337 0.010056337959060468 0.010238594469062112
1 0.5427635006334499 0.2640680251207129 0.008938967133671927 0.009100986106729103
1 0.49771390835581364 0.2638601887528319 0.012286098849309424 0.011381334844784263
1 0.36757568876320645 0.26212729598557993 0.010051357198532618 0.009106118120118356
1 0.040549017102280926 0.2606185578993537 0.0056019981027013305 0.009085590994630133
1 0.19350020748643193 0.2601916687868365 0.008938996935688476 0.009100986244220788
1 0.16514068699081275 0.25892833221484624 0.010051357198532646 0.009106118120118356
0 0.3809287543943735 0.2610563706954908 0.012296179843713229 0.013646347696671113
1 0.20685327298495776 0.25912077329876376 0.011173768388481747 0.011376203106378324
1 0.17738142216115205 0.2578522751863511 0.01228609884930948 0.011381334844784263
1 0.7847191902459016 0.26008797903697745 0.010076499682585727 0.01476856056880299
1 0.8186404077155236 0.2613769819577389 0.02234249661136445 0.02161997429185425
0 0.885405735473435 0.25602244491334225 0.011178749347971584 0.012508724158346696
0 0.8714965047776557 0.25709076708170797 0.012301160604241024 0.014778824045614869
1 0.8420297092194189 0.25468979241411416 0.008944007498232875 0.010233462730656145
1 0.6757405708378135 0.25279011732372014 0.012280998880715877 0.010248857945873935
1 0.6618363804734345 0.25272597031866295 0.011168668419888395 0.010243726207467996
1 0.5211007194131245 0.25773925255967056 0.021230166150536856 0.021614842553448338
0 0.557837986446952 0.2511136438769168 0.01005633795906058 0.010238594469062112
1 0.25304543834187 0.2525387848049352 0.010081599717499945 0.015901052368721524
0 0.5439388364471338 0.2499170202479326 0.011168668419888172 0.01024372620746794
1 0.3809841991672283 0.24859895647069918 0.00782669621055665 0.009095839742298356
1 0.2858542955818081 0.25382264839929497 0.0223374561141626 0.020487467865910852
0 0.36819485941279717 0.24797371034258844 0.013403469807339086 0.012518973009133572
1 0.11400601024365692 0.2513310613351538 0.021230151249528664 0.021614842484702496
1 0.17688826228359444 0.24369357270596192 0.008933956438486601 0.00796847981827739
0 0.16464500699729534 0.24533585314541234 0.011173768521122979 0.011376232908394762
1 0.7491924825373752 0.2446351195459086 0.007826636672844112 0.009095854368323275
1 0.6796790913286423 0.24261565468372376 0.006729427438340041 0.012488182303714818
0 0.6123928812901656 0.24004020008537902 0.007841757899167745 0.012493314042120701
1 0.2987142012359366 0.23859304298032885 0.007841817503200621 0.012493314317104015
1 0.25144751616663136 0.23667619843210191 0.006724431776803957 0.011355705886025302
1 0.41051655002945786 0.23627756380313894 0.011193930244648265 0.01590619900813567
1 0.4633726470584296 0.2319913563776121 0.014500679041843323 0.009126645073742057
1 0.4222036401516637 0.23463270259347735 0.00785189836496325 0.014758297366974482
1 0.3610503689403833 0.22868799798155942 0.010046316701330715 0.007973611694174959
1 0.8226570548186922 0.2336489155822546 0.010081540179787463 0.0159010669947465
1 0.6691774179482036 0.2278445130697263 0.01005633795906058 0.010238594469062084
1 0.3755182851483377 0.22705598101892088 0.012306260705475913 0.015911330746541608
1 0.31767935321575114 0.2262228761714168 0.010076559286618658 0.014768560843786332
1 0.042940023418776105 0.22325660110486223 0.005612086414968083 0.011350574078873493
1 0.14304518639364117 0.22485095121745025 0.010081599783820533 0.015901067269729757
1 0.7377170904458644 0.19871535160929868 0.006729427438340041 0.01248818230371479
0 0.6404053994364567 0.19430259478612072 0.012286039377917612 0.01138136437181736
1 0.8528816328425958 0.19075279512164212 0.010061378456262648 0.011371100895005537
0 0.6526637760153998 0.18926283977186464 0.010056337959060357 0.010238594469062112
1 0.34956489605343033 0.18503319819381175 0.011163687659360266 0.009111249858524267
1 0.8773857849564389 0.18350450645496394 0.01003617623553521 0.005708628369321178
1 0.36849728519935593 0.1800242337474828 0.011168728023920993 0.01024372648245131
1 0.30619391006449403 0.18256809142216895 0.013418591166303617 0.01591646248494752
1 0.2906237144554581 0.18192999345903949 0.008964228825790954 0.014763429105380393
1 0.2978690135454985 0.17856587532136392 0.005607016115749763 0.010218067515438495
1 0.17774685330056705 0.17574666198005923 0.012270977622986068 0.007983875170986726
1 0.15271173804439608 0.17732994205386654 0.006724416875795752 0.011355705817279432
1 0.04541167656305185 0.1677747948124153 0.00561207896446398 0.0113505740445006
0 0.9570388004086797 0.15669164597843255 0.011168668419888395 0.010243726207467996
1 0.1022819266228367 0.13632675199316885 0.010051342297524399 0.009106118051372541
1 0.20908631176959502 0.1322894350833808 0.012276018120188026 0.009116381596930206
1 0.8220034034354239 0.13058708487675913 0.007816555811081649 0.00683087131845278
1 0.7908605515893639 0.12987713871320317 0.007821596208802517 0.007963355392883897
1 0.13402632996191488 0.12684683295412535 0.011158647195318672 0.007978750883084945
1 0.18241040825786134 0.12763632154419374 0.010061438060295247 0.011371101169988823
1 0.21302232692941125 0.1226812219998499 0.008933956471646909 0.007968487268781466
1 0.19354133316623348 0.12598889074007716 0.012301220241434319 0.01477883177110223
1 0.8392672671709922 0.12557040405906938 0.013423691168057306 0.017048946834361922
1 0.6974469979865414 0.12434985862503148 0.010091621008390006 0.018166042594112808
1 0.6819020342510278 0.11804932180097777 0.014495698214994968 0.007994153823790096
1 0.8510501253970425 0.10240822250189871 0.014500738645876199 0.009126645348725329
1 0.8182387778100007 0.10169058990649005 0.006709265781135065 0.007958231104982116
1 0.7804193633297607 0.10151610997573907 0.006709265781135176 0.007958231104982103
1 0.6502786235880336 0.10034944806994656 0.008928886271909353 0.006836003056858692
1 0.7353722614655487 0.10074202770789875 0.005601975751189037 0.009085590891511425
1 0.6947720208332395 0.100554718431133 0.013388408185048384 0.009121513610319418
1 0.7642929726551342 0.1008754534564191 0.00783671753460713 0.011360837418193687
1 0.7103522675351821 0.09892782575639623 0.013383367754167153 0.007989022085384184
1 0.4378628157152772 0.09030935661072319 0.008928945875942229 0.0068360033318420055
1 0.20316504113791703 0.08809406326369493 0.008928916073925874 0.006836003194350335
1 0.19149811277239676 0.08520895092311147 0.012270977689306656 0.007983890071994959
1 0.4473378161578542 0.08582301042492418 0.00782669627687721 0.009095854643306547
1 0.4028444189126482 0.08561774006373774 0.00782669627687721 0.009095854643306561
1 0.36057565278708104 0.08542273304187147 0.00782669627687721 0.009095854643306561
1 0.39005255900909697 0.08555872479708641 0.00672444667781219 0.01135570595477109
1 0.34889864355979816 0.08480260375115845 0.013393389011897017 0.010254004860271365
1 0.2126400564815023 0.08360771714664175 0.0078266664748608 0.00909585450581489
1 0.17760148305433981 0.0834460666306514 0.006714336014033151 0.009090722767408979
1 0.12532170925405509 0.08320487380845379 0.00671434346453724 0.009090722801781914
1 0.8327797802657343 0.08363744583229063 0.006709265781135398 0.007958231104982103
1 0.16704942026609612 0.07999984033475205 0.010041276336769933 0.006841135070247903
1 0.7610341079181513 0.0833064470552094 0.007831677103725565 0.010228345893258453
1 0.7382362546939993 0.08206875434298634 0.013383367754167264 0.007989022085384184
1 0.11644569907812286 0.07806760781557402 0.008923890544052737 0.0057035117381609435
1 0.6292425139932672 0.0781683672045347 0.011148506762683308 0.0057137750087352945
1 0.6114401265851099 0.07921875063999201 0.017852851321003116 0.01253951513874875
1 0.590919858773707 0.06610016784326495 0.012265877654392798 0.006851398272076439
1 0.8039371957216488 0.0659504088977783 0.006714306212016852 0.009090722629917329
1 0.76389054050028 0.06633191097769983 0.006719346642898083 0.01022321415485257
1 0.7733504494522296 0.06524303950419816 0.007831677103725565 0.010228345893258467
1 0.7149528618426447 0.06497362213795449 0.006719346642898083 0.010223214154852556
1 0.6993775959675508 0.06546802301277271 0.006724387073779314 0.011355705679787803
1 0.689917746619634 0.06655689476125767 0.007846798396369814 0.01362582046806416
1 0.6743525616063026 0.06478631258620544 0.007831677103725898 0.010228345893258474
1 0.6643415874588535 0.06474012694055221 0.007831677103725898 0.010228345893258467
1 0.7549994574599808 0.06459211978304966 0.01117370891709013 0.011376232633411441
1 0.6176285101188406 0.0633921013026354 0.007831677103725676 0.010228345893258481
1 0.831803541405542 0.05305505037113759 0.011148506762683308 0.005713775008735281
1 0.6193524505497767 0.050942392135956735 0.011148506762683419 0.005713775008735288
1 0.5887708043152715 0.04910253149242466 0.007826636672844334 0.00909585436832324
1 0.8440543573713235 0.04971402519378025 0.00671934664289775 0.010223214154852556
1 0.8106842647343941 0.04956007221665294 0.011168668486208566 0.010243741108476208
1 0.7906647770509037 0.048901454887895573 0.013388408185048606 0.00912151361031941
1 0.7367164516805966 0.048652564200292264 0.007826636672844667 0.00909585436832324
1 0.6994506822153299 0.04904689590121186 0.006719346642898083 0.010223214154852563
1 0.6555159704159783 0.04827794564676076 0.01005129759449963 0.00910611784513507
1 0.6432752353119596 0.04935398777424764 0.007836717534606796 0.011360837418193707
1 0.632713076760945 0.04817274445947293 0.011163628055327446 0.009111249583540981
1 0.2200441290945639 0.044570127149262534 0.011148566366716323 0.005713775283718588
1 0.06708285979417698 0.047261980693983116 0.007841791492756822 0.012493329097807045
1 0.7717550400087674 0.04881421478502844 0.006724387073779314 0.011355705679787796
1 0.7617440062572853 0.04876802886439192 0.006724387073779314 0.01135570567978779
1 0.7472836506624926 0.048701315990131736 0.008949047995434833 0.011365969156599626
1 0.08766862523448649 0.04565818098815786 0.011183834481877389 0.013641215889519373
1 0.9164141002796973 0.03702394168489105 0.006724387065489057 0.01135570381716177
1 0.8747116100317429 0.03456652134510098 0.012286039369627688 0.011381362509191327
1 0.8140943423273511 0.03315434870212695 0.00672438706548939 0.01135570381716176
1 0.7039781903164638 0.03151381008120082 0.008938967117091856 0.009100982381477104
1 0.8280010529196058 0.03265224715077751 0.012291079792218773 0.012513852171500535
1 0.7618221329110756 0.03121441581577392 0.015618109521005064 0.010264264886814416
1 0.6522545854718448 0.031275183145392633 0.00561205659637154 0.011350570216129827
1 0.6428022371662173 0.03066531733149145 0.00671934662631779 0.010223210429600504
1 0.6961968579050833 0.030345398906379932 0.006724387065489168 0.011355703817161774
1 0.58886153203383 0.02871769242540763 0.007836717526317094 0.011360835555567675
1 0.8074758042979345 0.020666152428716944 0.008928886255329171 0.006835999331606637
1 0.7340717171208728 0.01806247299415637 0.006724387057199244 0.011355701954535736
1 0.7897010796473016 0.015487834064673207 0.00671934662631779 0.010223210429600504
1 0.7980436177075423 0.01552632237770086 0.007841757948908179 0.01249332521787688
1 0.691818102081676 0.014469993397602085 0.006724387057199244 0.011355701954535734
1 0.3770724554321161 0.003124208048340929 0.011153606789307546 0.006248416096681858
1 0.36094108393064117 0.003657097373678455 0.014495638602672 0.00731419474735691
1 0.3403628809992797 0.00360064804497593 0.006709325376878128 0.00720129608995186
1 0.2758499364665502 0.0028907129196844798 0.011153606789307602 0.0057814258393689595
