1 0.9414802193641663 0.9977856278419495 0.0068846940994262695 0.004428744316101074
1 0.955249547958374 0.9973427653312683 0.0068846940994262695 0.005314469337463379
1 0.052495695650577545 0.9601417183876038 0.008605852723121643 0.008857369422912598
1 0.9677280783653259 0.9534986615180969 0.009466409683227539 0.009743094444274902
1 0.45567986369132996 0.9468556046485901 0.009466409683227539 0.005314469337463379
0 0.5692771077156067 0.9472984671592712 0.011187553405761719 0.007971644401550293
0 0.716006875038147 0.9455270171165466 0.00860583782196045 0.007971644401550293
1 0.80378657579422 0.9415411949157715 0.00860583782196045 0.005314469337463379
0 0.9203958511352539 0.9415411949157715 0.007745265960693359 0.007085919380187988
1 0.6316695213317871 0.9424269199371338 0.010326981544494629 0.008857369422912598
1 0.10585197806358337 0.9375553727149963 0.008605852723121643 0.004428744316101074
1 0.45567986369132996 0.9371125102043152 0.009466409683227539 0.005314469337463379
0 0.18846815824508667 0.9371125102043152 0.00860583782196045 0.005314469337463379
1 0.47891566157341003 0.9353410005569458 0.007745265960693359 0.005314469337463379
1 0.6312392354011536 0.9344552755355835 0.009466409683227539 0.005314469337463379
0 0.6092942953109741 0.9340124130249023 0.00860583782196045 0.004428744316101074
1 0.7822719216346741 0.9344552755355835 0.00516355037689209 0.008857369422912598
0 0.8270223736763 0.9313551783561707 0.00860583782196045 0.004428744316101074
1 0.3093803822994232 0.9313551783561707 0.007745265960693359 0.006200194358825684
0 0.13511188328266144 0.9317980408668518 0.010327011346817017 0.007085919380187988
0 0.7013769149780273 0.9326837658882141 0.0068846940994262695 0.010628819465637207
0 0.6462994813919067 0.929583728313446 0.00860583782196045 0.007971644401550293
0 0.8330464959144592 0.9291408061981201 0.00860583782196045 0.010628819465637207
0 0.2654905319213867 0.9193977117538452 0.009466409683227539 0.005314469337463379
1 0.21600688993930817 0.9193977117538452 0.010327011346817017 0.005314469337463379
0 0.18287435173988342 0.9185119867324829 0.009466439485549927 0.007085919380187988
0 0.3967297673225403 0.9171833395957947 0.0068846940994262695 0.006200194358825684
0 0.6867470145225525 0.9154118895530701 0.00860583782196045 0.007971644401550293
0 0.38511186838150024 0.9167404770851135 0.012908756732940674 0.010628819465637207
0 0.7319276928901672 0.9140832424163818 0.007745265960693359 0.007085919380187988
1 0.4440619647502899 0.9136403799057007 0.00860583782196045 0.006200194358825684
0 0.8330464959144592 0.9114260673522949 0.0068846940994262695 0.008857369422912598
1 0.4522375166416168 0.9114260673522949 0.004302918910980225 0.008857369422912598
1 0.21557658910751343 0.9114260673522949 0.006024092435836792 0.008857369422912598
1 0.8042168617248535 0.9092116951942444 0.007745265960693359 0.009743094444274902
1 0.7938898205757141 0.9092116951942444 0.00602412223815918 0.009743094444274902
1 0.10154905170202255 0.9092116951942444 0.005163505673408508 0.009743094444274902
0 0.6183304786682129 0.907440185546875 0.007745265960693359 0.015057563781738281
1 0.7925989627838135 0.9007971882820129 0.00860583782196045 0.005314469337463379
1 0.33304646611213684 0.9100974202156067 0.02237522602081299 0.02391493320465088
0 0.3102409541606903 0.9030115008354187 0.007745265960693359 0.009743094444274902
1 0.8033562898635864 0.900354266166687 0.009466409683227539 0.006200194358825684
0 0.3674698770046234 0.9012400507926941 0.00860583782196045 0.007971644401550293
0 0.848537027835846 0.897254228591919 0.00860583782196045 0.007085919380187988
1 0.004733218811452389 0.8976970911026001 0.009466437622904778 0.009743094444274902
0 0.7220309972763062 0.886625349521637 0.00860583782196045 0.005314469337463379
0 0.9251291155815125 0.886625349521637 0.0068846940994262695 0.007085919380187988
1 0.7728055119514465 0.8857395648956299 0.00860583782196045 0.005314469337463379
0 0.33648881316185 0.8875110745429993 0.010327041149139404 0.008857369422912598
0 0.4819277226924896 0.8852967023849487 0.0068846940994262695 0.006200194358825684
0 0.30981066823005676 0.886625349521637 0.00860583782196045 0.008857369422912598
0 0.7147160172462463 0.8844109773635864 0.007745265960693359 0.006200194358825684
0 0.6570568084716797 0.8844109773635864 0.007745265960693359 0.006200194358825684
1 0.7319276928901672 0.8835252523422241 0.007745265960693359 0.006200194358825684
0 0.8287435173988342 0.8817537426948547 0.013769388198852539 0.009743094444274902
0 0.8459552526473999 0.8799822926521301 0.0068846940994262695 0.007971644401550293
1 0.7921686768531799 0.8782107830047607 0.009466409683227539 0.009743094444274902
0 0.2865748703479767 0.8746678233146667 0.00860583782196045 0.004428744316101074
1 0.6277968883514404 0.8768821954727173 0.009466409683227539 0.015943288803100586
1 0.16049914062023163 0.879539430141449 0.023235797882080078 0.021257758140563965
1 0.21815834939479828 0.879539430141449 0.024956971406936646 0.023029208183288574
1 0.23450946807861328 0.8733392357826233 0.007745265960693359 0.012400388717651367
0 0.6721170544624329 0.8702391386032104 0.0068846940994262695 0.009743094444274902
1 0.44363167881965637 0.8573959469795227 0.007745265960693359 0.005314469337463379
1 0.3653184175491333 0.8565101623535156 0.00602412223815918 0.005314469337463379
0 0.17943201959133148 0.8556244373321533 0.007745265960693359 0.008857369422912598
1 0.2753872573375702 0.8542958498001099 0.0051634907722473145 0.007971644401550293
0 0.8304647207260132 0.8520814776420593 0.00860583782196045 0.007085919380187988
1 0.44363167881965637 0.8507528901100159 0.009466409683227539 0.006200194358825684
1 0.2663511335849762 0.847652792930603 0.007745265960693359 0.005314469337463379
1 0.6269363164901733 0.8472099304199219 0.00602412223815918 0.009743094444274902
0 0.10456109791994095 0.8494242429733276 0.009466439485549927 0.015943288803100586
0 0.19449225068092346 0.8436669707298279 0.0068846940994262695 0.007971644401550293
1 0.12994836643338203 0.8507528901100159 0.02237521857023239 0.02214348316192627
1 0.2865748703479767 0.8418954610824585 0.010327041149139404 0.009743094444274902
1 0.7831325531005859 0.8356953263282776 0.00516355037689209 0.007971644401550293
1 0.2663511335849762 0.8197519779205322 0.00602412223815918 0.009743094444274902
1 0.8029260039329529 0.8170948028564453 0.00516355037689209 0.009743094444274902
0 0.1949225515127182 0.8139947056770325 0.007745265960693359 0.008857369422912598
1 0.7990533709526062 0.8122231960296631 0.00602412223815918 0.008857369422912598
0 0.30981066823005676 0.8131089210510254 0.010327041149139404 0.012400388717651367
0 0.8326161503791809 0.8091230988502502 0.00602412223815918 0.007971644401550293
0 0.5111876130104065 0.8091230988502502 0.0068846940994262695 0.007971644401550293
0 0.6432874202728271 0.8064659237861633 0.007745265960693359 0.006200194358825684
0 0.44363167881965637 0.8007085919380188 0.00602412223815918 0.008857369422912598
0 0.08433734625577927 0.7971656322479248 0.01032702624797821 0.005314469337463379
1 0.3907056748867035 0.7922940850257874 0.00860583782196045 0.004428744316101074
1 0.4711703956127167 0.7914083003997803 0.007745265960693359 0.004428744316101074
1 0.6265060305595398 0.7896368503570557 0.00860583782196045 0.004428744316101074
1 0.6140275597572327 0.7896368503570557 0.007745265960693359 0.004428744316101074
1 0.55378657579422 0.7900797128677368 0.007745265960693359 0.005314469337463379
1 0.8184165358543396 0.7891939878463745 0.00860583782196045 0.005314469337463379
0 0.7775387167930603 0.7900797128677368 0.007745265960693359 0.007085919380187988
1 0.8481067419052124 0.7883082628250122 0.007745265960693359 0.005314469337463379
1 0.1725473254919052 0.7803365588188171 0.007745265960693359 0.005314469337463379
0 0.2611876130104065 0.7790079712867737 0.007745265960693359 0.006200194358825684
0 0.3571428656578064 0.776350736618042 0.00860583782196045 0.006200194358825684
1 0.10240963846445084 0.7652789950370789 0.008605852723121643 0.005314469337463379
0 0.5559380650520325 0.762178897857666 0.00860583782196045 0.006200194358825684
0 0.6523236036300659 0.7608503103256226 0.01204824447631836 0.010628819465637207
1 0.26678141951560974 0.7599645853042603 0.0051634907722473145 0.008857369422912598
1 0.7999139428138733 0.7542072534561157 0.00602412223815918 0.009743094444274902
0 0.9191049933433533 0.7537643909454346 0.00516355037689209 0.010628819465637207
0 0.6256454586982727 0.7537643909454346 0.00860583782196045 0.010628819465637207
0 0.13425129652023315 0.7506642937660217 0.010327011346817017 0.007971644401550293
0 0.6157487034797668 0.75199294090271 0.007745265960693359 0.015943288803100586
0 0.09208261966705322 0.744907021522522 0.008605852723121643 0.005314469337463379
0 0.6708261370658875 0.744464099407196 0.007745265960693359 0.006200194358825684
0 0.7405335903167725 0.744907021522522 0.009466409683227539 0.008857369422912598
0 0.6996557712554932 0.744464099407196 0.00860583782196045 0.007971644401550293
1 0.20438899099826813 0.7426926493644714 0.006024092435836792 0.004428744316101074
0 0.8257315158843994 0.7435783743858337 0.011187553405761719 0.007971644401550293
1 0.42211705446243286 0.7400354146957397 0.00602412223815918 0.004428744316101074
0 0.46471601724624634 0.7391496896743774 0.00860583782196045 0.004428744316101074
1 0.43846815824508667 0.7395925521850586 0.00602412223815918 0.005314469337463379
0 0.21987952291965485 0.7373782396316528 0.007745265960693359 0.006200194358825684
1 0.3287435472011566 0.7347210049629211 0.010327041149139404 0.006200194358825684
0 0.5077452659606934 0.7320637702941895 0.00860583782196045 0.006200194358825684
0 0.4784853756427765 0.7329494953155518 0.010327041149139404 0.007971644401550293
1 0.4419105052947998 0.7316209077835083 0.007745265960693359 0.005314469337463379
0 0.46772804856300354 0.7320637702941895 0.007745265960693359 0.007971644401550293
0 0.682013750076294 0.7302923202514648 0.007745265960693359 0.006200194358825684
0 0.9049053192138672 0.7302923202514648 0.011187553405761719 0.007971644401550293
0 0.8270223736763 0.7298493981361389 0.00860583782196045 0.007085919380187988
0 0.7388123869895935 0.7302923202514648 0.011187553405761719 0.007971644401550293
0 0.7104130983352661 0.7302923202514648 0.009466409683227539 0.007971644401550293
1 0.2663511335849762 0.730735182762146 0.00602412223815918 0.008857369422912598
1 0.11316695064306259 0.7302923202514648 0.004302918910980225 0.007971644401550293
0 0.23537005484104156 0.7276350855827332 0.009466439485549927 0.006200194358825684
1 0.4419105052947998 0.7254207134246826 0.007745265960693359 0.005314469337463379
0 0.3889845013618469 0.7245349884033203 0.00860583782196045 0.005314469337463379
1 0.5344234108924866 0.7245349884033203 0.00516355037689209 0.008857369422912598
1 0.27581754326820374 0.7232064008712769 0.00602412223815918 0.006200194358825684
0 0.19363166391849518 0.7214348912239075 0.0068846940994262695 0.007971644401550293
0 0.15318416059017181 0.7205491662025452 0.00860583782196045 0.006200194358825684
1 0.7986230850219727 0.7192205786705017 0.0068846940994262695 0.007085919380187988
0 0.6695352792739868 0.7147918343544006 0.00860583782196045 0.007085919380187988
0 0.8855421543121338 0.7139061093330383 0.00860583782196045 0.007085919380187988
0 0.5555077195167542 0.7156776189804077 0.011187553405761719 0.010628819465637207
0 0.5352839827537537 0.7139061093330383 0.010326981544494629 0.007085919380187988
1 0.003442340763285756 0.7041629552841187 0.006884681526571512 0.012400388717651367
0 0.6523236036300659 0.6997342705726624 0.00860583782196045 0.007085919380187988
1 0.2753872573375702 0.6997342705726624 0.0068846940994262695 0.008857369422912598
0 0.5520654320716858 0.6984056830406189 0.007745265960693359 0.007971644401550293
1 0.4530981183052063 0.6961913108825684 0.007745265960693359 0.008857369422912598
1 0.6243545413017273 0.6948627233505249 0.007745265960693359 0.009743094444274902
1 0.44148021936416626 0.695305585861206 0.00860583782196045 0.010628819465637207
0 0.5055937767028809 0.6930912137031555 0.00602412223815918 0.007971644401550293
0 0.1785714328289032 0.6948627233505249 0.007745265960693359 0.013286113739013672
0 0.19406196475028992 0.6917626261711121 0.009466439485549927 0.010628819465637207
0 0.6140275597572327 0.6913197636604309 0.007745265960693359 0.015057563781738281
0 0.5193631649017334 0.6780336499214172 0.007745265960693359 0.007971644401550293
1 0.4234079122543335 0.6709477305412292 0.00860583782196045 0.004428744316101074
0 0.19535283744335175 0.6727192401885986 0.0068846940994262695 0.009743094444274902
0 0.17943201959133148 0.6736049652099609 0.009466439485549927 0.011514663696289062
1 0.7878657579421997 0.6651904582977295 0.00602412223815918 0.008857369422912598
1 0.2650602459907532 0.6647475361824036 0.0068846940994262695 0.009743094444274902
1 0.7831325531005859 0.659433126449585 0.00516355037689209 0.009743094444274902
0 0.6131669282913208 0.6625332236289978 0.007745265960693359 0.015943288803100586
0 0.8115318417549133 0.6541187167167664 0.0068846940994262695 0.007971644401550293
1 0.24139414727687836 0.6465898752212524 0.009466439485549927 0.005314469337463379
1 0.5559380650520325 0.6408326029777527 0.00860583782196045 0.006200194358825684
0 0.5361445546150208 0.6395040154457092 0.00860583782196045 0.008857369422912598
1 0.5623924136161804 0.6390610933303833 0.00602412223815918 0.009743094444274902
1 0.4406196177005768 0.6359610557556152 0.00860583782196045 0.010628819465637207
0 0.826161801815033 0.6359610557556152 0.00860583782196045 0.012400388717651367
0 0.17814113199710846 0.6341895461082458 0.0068846940994262695 0.010628819465637207
1 0.7478485107421875 0.6319751739501953 0.0068846940994262695 0.007971644401550293
1 0.22977624833583832 0.6293179988861084 0.00860583782196045 0.004428744316101074
1 0.15877796709537506 0.6390610933303833 0.02151462435722351 0.02391493320465088
0 0.6746987700462341 0.6306465864181519 0.00860583782196045 0.010628819465637207
1 0.7818416357040405 0.6293179988861084 0.00602412223815918 0.009743094444274902
0 0.6123063564300537 0.6319751739501953 0.007745265960693359 0.015057563781738281
0 0.3653184175491333 0.627546489238739 0.007745265960693359 0.006200194358825684
1 0.8395008444786072 0.6248892545700073 0.00602412223815918 0.007971644401550293
0 0.6940619349479675 0.6253321766853333 0.007745265960693359 0.008857369422912598
0 0.8545610904693604 0.624003529548645 0.00860583782196045 0.009743094444274902
1 0.7633390426635742 0.6213462948799133 0.00860583782196045 0.004428744316101074
1 0.7534423470497131 0.6213462948799133 0.007745265960693359 0.004428744316101074
1 0.8924268484115601 0.6200177073478699 0.00860583782196045 0.005314469337463379
0 0.5365749001502991 0.6071745157241821 0.00602412223815918 0.007971644401550293
1 0.25860583782196045 0.6009743213653564 0.007745265960693359 0.004428744316101074
1 0.21772804856300354 0.6014171838760376 0.010327011346817017 0.005314469337463379
1 0.305077463388443 0.6000885963439941 0.007745265960693359 0.004428744316101074
1 0.34939759969711304 0.5992028117179871 0.00860583782196045 0.004428744316101074
1 0.3601548969745636 0.5987599492073059 0.009466409683227539 0.005314469337463379
0 0.27108433842658997 0.5987599492073059 0.010327041149139404 0.008857369422912598
1 0.7452667951583862 0.5947741270065308 0.00860583782196045 0.004428744316101074
1 0.3313252925872803 0.5956598520278931 0.0068846940994262695 0.006200194358825684
1 0.8033562898635864 0.5938884019851685 0.00602412223815918 0.004428744316101074
1 0.41394147276878357 0.596102774143219 0.0068846940994262695 0.008857369422912598
1 0.31540447473526 0.5956598520278931 0.00602412223815918 0.007971644401550293
0 0.4827882945537567 0.5952169895172119 0.012048184871673584 0.008857369422912598
1 0.39629948139190674 0.5952169895172119 0.00602412223815918 0.008857369422912598
1 0.4604130685329437 0.5947741270065308 0.0051634907722473145 0.009743094444274902
0 0.42383819818496704 0.5938884019851685 0.00602412223815918 0.007971644401550293
1 0.7543029189109802 0.5930026769638062 0.00602412223815918 0.007971644401550293
1 0.846815824508667 0.5934455394744873 0.00516355037689209 0.010628819465637207
0 0.4681583344936371 0.5934455394744873 0.00860583782196045 0.010628819465637207
1 0.43201377987861633 0.5916740298271179 0.0051634907722473145 0.008857369422912598
1 0.3816695213317871 0.5912311673164368 0.007745265960693359 0.007971644401550293
1 0.33820998668670654 0.5934455394744873 0.0068846940994262695 0.012400388717651367
1 0.18330465257167816 0.5916740298271179 0.010327011346817017 0.012400388717651367
1 0.6721170544624329 0.5885739326477051 0.00516355037689209 0.007971644401550293
1 0.7396729588508606 0.5876882076263428 0.00602412223815918 0.007971644401550293
1 0.7198795080184937 0.5872453451156616 0.00602412223815918 0.007085919380187988
1 0.6553356051445007 0.5876882076263428 0.009466409683227539 0.007971644401550293
1 0.7598967552185059 0.585473895072937 0.0068846940994262695 0.005314469337463379
1 0.7478485107421875 0.5863596200942993 0.00516355037689209 0.007085919380187988
0 0.5839070677757263 0.5859167575836182 0.00602412223815918 0.007971644401550293
1 0.2938898503780365 0.5828166604042053 0.00602412223815918 0.007085919380187988
0 0.4664371907711029 0.5806022882461548 0.012048184871673584 0.009743094444274902
0 0.56540447473526 0.5792737007141113 0.0068846940994262695 0.008857369422912598
1 0.7732357978820801 0.5757307410240173 0.009466409683227539 0.005314469337463379
0 0.12435455992817879 0.5708591938018799 0.00946643203496933 0.006200194358825684
0 0.16394147276878357 0.570416271686554 0.007745265960693359 0.007085919380187988
1 0.781411349773407 0.570416271686554 0.00516355037689209 0.008857369422912598
1 0.6209121942520142 0.5735163688659668 0.009466409683227539 0.015057563781738281
0 0.6110154986381531 0.5735163688659668 0.00860583782196045 0.015057563781738281
0 0.21686747670173645 0.567759096622467 0.00860583782196045 0.005314469337463379
0 0.49440619349479675 0.5651018619537354 0.007745265960693359 0.005314469337463379
0 0.5322719216346741 0.5646589994430542 0.01290881633758545 0.007971644401550293
1 0.9969879388809204 0.5659875869750977 0.00602412223815918 0.012400388717651367
0 0.8102409839630127 0.5624446272850037 0.007745265960693359 0.007085919380187988
0 0.8498278856277466 0.5620017647743225 0.009466409683227539 0.007971644401550293
0 0.38296040892601013 0.5540301203727722 0.010327041149139404 0.007971644401550293
1 0.4027538597583771 0.5513728857040405 0.00860583782196045 0.004428744316101074
0 0.5516350865364075 0.5513728857040405 0.00860583782196045 0.006200194358825684
0 0.2641996443271637 0.5522586107254028 0.00860583782196045 0.009743094444274902
0 0.8222891688346863 0.5478299260139465 0.007745265960693359 0.007971644401550293
0 0.8102409839630127 0.5487156510353088 0.011187553405761719 0.009743094444274902
1 0.10370051860809326 0.5482727885246277 0.004302918910980225 0.008857369422912598
1 0.27280551195144653 0.5469442009925842 0.0051634907722473145 0.009743094444274902
1 0.4470739960670471 0.5429583787918091 0.004302918910980225 0.008857369422912598
0 0.3102409541606903 0.5425155162811279 0.00602412223815918 0.007971644401550293
0 0.19449225068092346 0.5442869663238525 0.00860583782196045 0.011514663696289062
1 0.7271944880485535 0.5429583787918091 0.00516355037689209 0.010628819465637207
1 0.44018933176994324 0.5411868691444397 0.00602412223815918 0.007085919380187988
1 0.9328743815422058 0.5411868691444397 0.00516355037689209 0.010628819465637207
1 0.7904475331306458 0.5394154191017151 0.004302978515625 0.008857369422912598
1 0.3296041190624237 0.5460584759712219 0.02237522602081299 0.02214348316192627
0 0.5641136169433594 0.5367581844329834 0.007745265960693359 0.008857369422912598
0 0.6790017485618591 0.5354295969009399 0.0068846940994262695 0.007971644401550293
0 0.8820998072624207 0.5345438718795776 0.0068846940994262695 0.007971644401550293
1 0.8846815824508667 0.5256864428520203 0.0068846940994262695 0.006200194358825684
0 0.5348536968231201 0.5208148956298828 0.007745265960693359 0.007085919380187988
0 0.7048192620277405 0.5199291706085205 0.00860583782196045 0.007085919380187988
1 0.6123063564300537 0.5172719359397888 0.004302978515625 0.008857369422912598
1 0.3296041190624237 0.5172719359397888 0.00860583782196045 0.008857369422912598
0 0.8945783376693726 0.5163862109184265 0.007745265960693359 0.008857369422912598
1 0.4987090975046158 0.5163862109184265 0.006024092435836792 0.008857369422912598
1 0.7934595346450806 0.5155004262924194 0.00860583782196045 0.008857369422912598
1 0.44965577125549316 0.51771479845047 0.009466409683227539 0.015057563781738281
1 0.4380378723144531 0.5150575637817383 0.00860583782196045 0.011514663696289062
1 0.18631669878959656 0.5194862484931946 0.02151462435722351 0.02214348316192627
1 0.608433723449707 0.5115146040916443 0.00860583782196045 0.009743094444274902
1 0.3012048304080963 0.51771479845047 0.020654022693634033 0.02214348316192627
0 0.5817555785179138 0.5039858222007751 0.00860583782196045 0.007085919380187988
1 0.9083476662635803 0.5026572346687317 0.007745265960693359 0.006200194358825684
1 0.6833046674728394 0.5017714649438858 0.0068846940994262695 0.0044287145137786865
1 0.7801204919815063 0.5004428774118423 0.009466409683227539 0.005314439535140991
1 0.43932873010635376 0.4991142749786377 0.004302918910980225 0.007971644401550293
1 0.3980206549167633 0.4973428100347519 0.00602412223815918 0.00797167420387268
0 0.3489672839641571 0.4920283555984497 0.00602412223815918 0.007971644401550293
1 0.5929431915283203 0.4920283555984497 0.0068846940994262695 0.009743154048919678
1 0.4410499036312103 0.49069973826408386 0.004302918910980225 0.007085919380187988
1 0.7517211437225342 0.48981398344039917 0.00602412223815918 0.007085919380187988
0 0.6252151727676392 0.489371120929718 0.00602412223815918 0.007971644401550293
1 0.8214285969734192 0.4884853959083557 0.00602412223815918 0.007971644401550293
0 0.47289156913757324 0.4884853959083557 0.007745265960693359 0.007971644401550293
0 0.10585197806358337 0.49158546328544617 0.008605852723121643 0.015943288803100586
0 0.27710843086242676 0.489371120929718 0.00860583782196045 0.015057563781738281
1 0.8446643948554993 0.484056681394577 0.004302978515625 0.007971644401550293
1 0.7650602459907532 0.48715677857398987 0.0068846940994262695 0.014171838760375977
0 0.44965577125549316 0.4867139160633087 0.007745265960693359 0.015057563781738281
0 0.6200516223907471 0.4844995439052582 0.007745265960693359 0.014171838760375977
0 0.8218588829040527 0.4774136543273926 0.00860583782196045 0.010628879070281982
1 0.10929431766271591 0.4641275405883789 0.005163505673408508 0.008857369422912598
1 0.2745266854763031 0.46279892325401306 0.0051634907722473145 0.009743154048919678
1 0.0938037857413292 0.46014171838760376 0.006884679198265076 0.004428684711456299
1 0.5047332048416138 0.4605845808982849 0.007745265960693359 0.007085919380187988
0 0.7048192620277405 0.4596988558769226 0.0068846940994262695 0.008857369422912598
1 0.4509466290473938 0.46014171838760376 0.0051634907722473145 0.009743154048919678
1 0.6054216623306274 0.4579273760318756 0.004302978515625 0.008857369422912598
1 0.4027538597583771 0.45571303367614746 0.00860583782196045 0.004428684711456299
0 0.16652323305606842 0.45659875869750977 0.006024092435836792 0.007971644401550293
1 0.5946643948554993 0.45305579900741577 0.00860583782196045 0.004428684711456299
1 0.5542168617248535 0.4534986615180969 0.010326981544494629 0.0053144097328186035
1 0.4470739960670471 0.4552701413631439 0.00602412223815918 0.008857369422912598
1 0.4376075863838196 0.45659875869750977 0.009466409683227539 0.011514604091644287
0 0.6183304786682129 0.4517271816730499 0.007745265960693359 0.008857369422912598
0 0.8425129055976868 0.45039859414100647 0.00860583782196045 0.007971644401550293
1 0.8149741888046265 0.44818422198295593 0.0068846940994262695 0.0053144097328186035
1 0.9952667951583862 0.4490699768066406 0.009466409683227539 0.008857369422912598
1 0.7676420211791992 0.44198405742645264 0.00860583782196045 0.012400329113006592
0 0.9328743815422058 0.4282550811767578 0.0068846940994262695 0.007971644401550293
0 0.3244406282901764 0.4193977117538452 0.00860583782196045 0.006200194358825684
0 0.29733219742774963 0.41984057426452637 0.009466409683227539 0.007085919380187988
0 0.7999139428138733 0.4109831750392914 0.007745265960693359 0.0053144097328186035
1 0.8881239295005798 0.40965455770492554 0.00860583782196045 0.004428684711456299
0 0.3326161801815033 0.4092116951942444 0.011187613010406494 0.007085919380187988
1 0.28528398275375366 0.40611159801483154 0.00602412223815918 0.004428684711456299
0 0.19320137798786163 0.40788307785987854 0.006024092435836792 0.007971644401550293
0 0.6932013630867004 0.4047829806804657 0.009466409683227539 0.0053144097328186035
1 0.26376935839653015 0.4047829806804657 0.009466409683227539 0.0053144097328186035
1 0.10327022522687912 0.4038972556591034 0.008605852723121643 0.010628879070281982
1 0.05550774559378624 0.40079715847969055 0.0043029263615608215 0.007971644401550293
1 0.6092942953109741 0.39991143345832825 0.00516355037689209 0.009743154048919678
0 0.5972461104393005 0.3994685709476471 0.00516355037689209 0.008857369422912598
0 0.19363166391849518 0.39636847376823425 0.0068846940994262695 0.007971644401550293
1 0.6992254853248596 0.3950398564338684 0.004302978515625 0.008857369422912598
0 0.8988812565803528 0.39371123909950256 0.00602412223815918 0.007971644401550293
0 0.30679863691329956 0.39459699392318726 0.007745265960693359 0.009743154048919678
0 0.37908777594566345 0.39193975925445557 0.007745265960693359 0.006200194358825684
0 0.32702237367630005 0.3906111717224121 0.00860583782196045 0.0053144097328186035
1 0.9599828124046326 0.3852967321872711 0.007745265960693359 0.0053144097328186035
1 0.9677280783653259 0.38573959469795227 0.00602412223815918 0.007971644401550293
0 0.923838198184967 0.3848538398742676 0.007745265960693359 0.011514604091644287
0 0.8838210105895996 0.3813108801841736 0.00860583782196045 0.007971644401550293
0 0.3885542154312134 0.379539430141449 0.007745265960693359 0.006200194358825684
0 0.3502581715583801 0.3786536753177643 0.00860583782196045 0.006200194358825684
1 0.2641996443271637 0.377767950296402 0.00860583782196045 0.004428684711456299
0 0.2396729737520218 0.37643933296203613 0.009466439485549927 0.0053144097328186035
1 0.2766781449317932 0.37555357813835144 0.004302918910980225 0.007085919380187988
1 0.8132529854774475 0.37378209829330444 0.00860583782196045 0.0053144097328186035
0 0.6893287301063538 0.3733392357826233 0.00860583782196045 0.007971644401550293
0 0.6320998072624207 0.37289637327194214 0.007745265960693359 0.008857369422912598
1 0.05550774559378624 0.372453510761261 0.0043029263615608215 0.007971644401550293
1 0.6037005186080933 0.37023913860321045 0.004302978515625 0.008857369422912598
1 0.43631669878959656 0.368910551071167 0.00860583782196045 0.011514604091644287
0 0.3347676396369934 0.365367591381073 0.0068846940994262695 0.007971644401550293
0 0.24010327458381653 0.36226749420166016 0.00860583782196045 0.0053144097328186035
1 0.7874354720115662 0.36315321922302246 0.00860583782196045 0.010628879070281982
0 0.5012908577919006 0.36049601435661316 0.009466409683227539 0.007085919380187988
0 0.80378657579422 0.35695305466651917 0.00860583782196045 0.008857369422912598
1 0.7943201661109924 0.35429584980010986 0.0068846940994262695 0.0053144097328186035
1 0.8278829455375671 0.3520814776420593 0.0068846940994262695 0.006200194358825684
1 0.7650602459907532 0.35252436995506287 0.00860583782196045 0.007085919380187988
1 0.21385541558265686 0.3520814776420593 0.006024092435836792 0.006200194358825684
0 0.68459552526474 0.3520814776420593 0.007745265960693359 0.007971644401550293
1 0.8197073936462402 0.3498671352863312 0.004302978515625 0.007085919380187988
1 0.7358003258705139 0.34898141026496887 0.00860583782196045 0.0053144097328186035
1 0.1041308119893074 0.3480956554412842 0.008605852723121643 0.007085919380187988
1 0.9922547340393066 0.3480956554412842 0.00860583782196045 0.008857369422912598
1 0.7452667951583862 0.34588131308555603 0.00860583782196045 0.006200194358825684
0 0.19320137798786163 0.3480956554412842 0.007745265960693359 0.012400329113006592
1 0.7689328789710999 0.34322407841682434 0.00602412223815918 0.009743154048919678
0 0.7022375464439392 0.34233835339546204 0.0068846940994262695 0.007971644401550293
0 0.8326161503791809 0.3410097360610962 0.007745265960693359 0.008857369422912598
1 0.10456109791994095 0.34056687355041504 0.006024092435836792 0.007971644401550293
0 0.26462996006011963 0.3427812159061432 0.009466409683227539 0.014171838760375977
0 0.31884682178497314 0.33790966868400574 0.00602412223815918 0.007971644401550293
1 0.7775387167930603 0.3356952965259552 0.009466409683227539 0.014171838760375977
0 0.6742684841156006 0.33170947432518005 0.00602412223815918 0.007971644401550293
0 0.12822718545794487 0.3193091154098511 0.008605845272541046 0.004428684711456299
0 0.30679863691329956 0.3193091154098511 0.007745265960693359 0.009743154048919678
1 0.5783132314682007 0.3157661557197571 0.00516355037689209 0.007971644401550293
1 0.5697073936462402 0.3139946758747101 0.00860583782196045 0.004428684711456299
1 0.38080894947052 0.3148804306983948 0.004302918910980225 0.007971644401550293
1 0.10370051860809326 0.31355181336402893 0.007745265960693359 0.010628879070281982
0 0.2650602459907532 0.3139946758747101 0.00860583782196045 0.013286113739013672
0 0.5258175730705261 0.3113374710083008 0.010326981544494629 0.009743154048919678
1 0.2753872573375702 0.3131089508533478 0.00860583782196045 0.015057563781738281
1 0.49354562163352966 0.30912312865257263 0.004302918910980225 0.008857369422912598
0 0.4466437101364136 0.31178033351898193 0.00860583782196045 0.014171838760375977
1 0.1570567935705185 0.3153232932090759 0.02151462435722351 0.021257758140563965
1 0.4367469847202301 0.30735164880752563 0.00602412223815918 0.007085919380187988
0 0.9165232181549072 0.3086802363395691 0.010326981544494629 0.011514604091644287
1 0.32702237367630005 0.31355181336402893 0.020654022693634033 0.021257758140563965
1 0.6041308045387268 0.3086802363395691 0.0068846940994262695 0.013286113739013672
1 0.5817555785179138 0.30558016896247864 0.00516355037689209 0.008857369422912598
1 0.8093803524971008 0.3051372766494751 0.00602412223815918 0.011514604091644287
1 0.8395008444786072 0.30292293429374695 0.004302978515625 0.008857369422912598
1 0.4298623204231262 0.29849424958229065 0.004302918910980225 0.008857369422912598
1 0.8777968883514404 0.2891939878463745 0.0068846940994262695 0.006200194358825684
1 0.6080034375190735 0.281665176153183 0.004302978515625 0.008857369422912598
0 0.4664371907711029 0.2807794511318207 0.010327041149139404 0.007085919380187988
0 0.16394147276878357 0.2807794511318207 0.006024092435836792 0.008857369422912598
1 0.12822718918323517 0.2865367531776428 0.02065405249595642 0.02214348316192627
1 0.7766781449317932 0.27856510877609253 0.007745265960693359 0.009743154048919678
0 0.4612736701965332 0.2754650115966797 0.00860583782196045 0.008857369422912598
0 0.3111015558242798 0.2736935317516327 0.009466409683227539 0.0053144097328186035
1 0.40060240030288696 0.2728078067302704 0.007745265960693359 0.0053144097328186035
1 0.41996556520462036 0.2719220519065857 0.00860583782196045 0.0053144097328186035
0 0.8231497406959534 0.26527899503707886 0.007745265960693359 0.006200194358825684
1 0.7844234108924866 0.26262179017066956 0.004302978515625 0.007971644401550293
1 0.12478486075997353 0.26262179017066956 0.005163513123989105 0.007971644401550293
1 0.522375226020813 0.25907883048057556 0.0068846940994262695 0.006200194358825684
0 0.37908777594566345 0.2604074478149414 0.004302918910980225 0.008857369422912598
1 0.3029260039329529 0.25996458530426025 0.0051634907722473145 0.009743154048919678
1 0.7766781449317932 0.2586359679698944 0.004302978515625 0.008857369422912598
1 0.7650602459907532 0.25819310545921326 0.00860583782196045 0.007971644401550293
0 0.46385541558265686 0.25907883048057556 0.0051634907722473145 0.009743154048919678
1 0.2960413098335266 0.2595216929912567 0.0051634907722473145 0.010628879070281982
1 0.7964715957641602 0.2577502131462097 0.004302978515625 0.008857369422912598
1 0.4978485256433487 0.2577502131462097 0.006024092435836792 0.008857369422912598
1 0.8291738629341125 0.25642162561416626 0.00602412223815918 0.009743154048919678
1 0.7250430583953857 0.2550930082798004 0.007745265960693359 0.007085919380187988
0 0.12994836270809174 0.2586359679698944 0.00860583782196045 0.015943288803100586
1 0.6346815824508667 0.2542072460055351 0.004302978515625 0.008857384324073792
1 0.8679001927375793 0.2524357736110687 0.011187553405761719 0.007085919380187988
1 0.8132529854774475 0.2524357736110687 0.00516355037689209 0.007085919380187988
0 0.8962994813919067 0.2515500485897064 0.01290881633758545 0.007085919380187988
1 0.7646299600601196 0.2515500485897064 0.007745265960693359 0.007085919380187988
0 0.522375226020813 0.25066429376602173 0.0068846940994262695 0.007085919380187988
0 0.639845073223114 0.25243576616048813 0.007745265960693359 0.01594330370426178
1 0.8093803524971008 0.24446412920951843 0.00602412223815918 0.007085919380187988
1 0.8911359906196594 0.24357838928699493 0.004302978515625 0.008857399225234985
0 0.8679001927375793 0.2431355118751526 0.011187553405761719 0.007971644401550293
0 0.21471600234508514 0.23472099006175995 0.006024092435836792 0.008857399225234985
1 0.16695353388786316 0.2325066477060318 0.0068846940994262695 0.004428684711456299
1 0.2925989627838135 0.23383525013923645 0.00860583782196045 0.008857399225234985
1 0.5111876130104065 0.2289636880159378 0.00860583782196045 0.004428684711456299
1 0.7728055119514465 0.22364924848079681 0.00860583782196045 0.004428684711456299
1 0.80378657579422 0.22276350855827332 0.00860583782196045 0.004428684711456299
1 0.8657487034797668 0.22143489122390747 0.00860583782196045 0.005314439535140991
1 0.8549913763999939 0.22143489122390747 0.009466409683227539 0.005314439535140991
1 0.5697073936462402 0.22143489122390747 0.0068846940994262695 0.005314439535140991
1 0.42383819818496704 0.22320637106895447 0.004302918910980225 0.008857399225234985
1 0.5907917618751526 0.22143489122390747 0.007745265960693359 0.007085919380187988
1 0.5611015558242798 0.22099202871322632 0.00516355037689209 0.006200164556503296
1 0.41351118683815 0.22143489122390747 0.004302918910980225 0.007085919380187988
0 0.054647158831357956 0.22232063114643097 0.0043029263615608215 0.008857399225234985
1 0.6996557712554932 0.22187776863574982 0.00516355037689209 0.00974312424659729
1 0.7938898205757141 0.21966342628002167 0.00602412223815918 0.008857399225234985
1 0.4337349534034729 0.22054915130138397 0.0068846940994262695 0.010628879070281982
1 0.824440598487854 0.21877768635749817 0.00516355037689209 0.010628879070281982
1 0.3184165358543396 0.21744906902313232 0.0051634907722473145 0.007971644401550293
1 0.7844234108924866 0.21612046658992767 0.007745265960693359 0.007085919380187988
1 0.5232357978820801 0.21700620651245117 0.0068846940994262695 0.008857399225234985
1 0.48537003993988037 0.21523472666740417 0.0051634907722473145 0.007085919380187988
1 0.7732357978820801 0.21479184925556183 0.009466409683227539 0.007971644401550293
1 0.2925989627838135 0.21612046658992767 0.0051634907722473145 0.010628879070281982
1 0.14156626164913177 0.21213462948799133 0.009466439485549927 0.00974312424659729
1 0.38425129652023315 0.21124888956546783 0.007745265960693359 0.00974312424659729
1 0.3313252925872803 0.20947740972042084 0.0051634907722473145 0.006200164556503296
0 0.3132530152797699 0.21390610933303833 0.00860583782196045 0.015057563781738281
0 0.3429431915283203 0.21302036941051483 0.011187613010406494 0.015057563781738281
1 0.7951807379722595 0.20903454720973969 0.00516355037689209 0.008857399225234985
1 0.4814974069595337 0.20682018995285034 0.004302918910980225 0.006200164556503296
1 0.8687607645988464 0.2063773274421692 0.004302978515625 0.008857399225234985
1 0.8373494148254395 0.2063773274421692 0.0068846940994262695 0.010628879070281982
1 0.8253012299537659 0.2063773274421692 0.00516355037689209 0.010628879070281982
1 0.891566276550293 0.20327723026275635 0.00860583782196045 0.015057563781738281
0 0.48106712102890015 0.19043400883674622 0.010327041149139404 0.005314439535140991
1 0.5077452659606934 0.18910540640354156 0.0068846940994262695 0.007971644401550293
0 0.5408778190612793 0.18246234953403473 0.00602412223815918 0.008857399225234985
0 0.6402753591537476 0.17847652733325958 0.00860583782196045 0.006200164556503296
1 0.05679862201213837 0.1705048680305481 0.008605852723121643 0.004428684711456299
1 0.3339070677757263 0.1678476482629776 0.00860583782196045 0.004428684711456299
1 0.40361446142196655 0.1669619083404541 0.00860583782196045 0.004428684711456299
1 0.5111876130104065 0.1651904284954071 0.00860583782196045 0.004428684711456299
1 0.5417383909225464 0.16297608613967896 0.004302978515625 0.008857399225234985
0 0.08003441989421844 0.1616474688053131 0.008605852723121643 0.006200164556503296
1 0.21385541558265686 0.1572187840938568 0.007745265960693359 0.004428684711456299
0 0.06712564826011658 0.1598760038614273 0.008605852723121643 0.00974312424659729
1 0.25559380650520325 0.15677590668201447 0.00860583782196045 0.005314439535140991
0 0.5219449400901794 0.15323294699192047 0.009466409683227539 0.005314439535140991
1 0.08390706032514572 0.15500442683696747 0.009466439485549927 0.008857399225234985
1 0.5611015558242798 0.15146146714687347 0.00860583782196045 0.005314439535140991
0 0.19879518449306488 0.15013286471366882 0.012048184871673584 0.006200164556503296
0 0.1204819306731224 0.14968998730182648 0.01032702624797821 0.010628879070281982
1 0.8937177062034607 0.14614702761173248 0.007745265960693359 0.005314439535140991
1 0.8674699068069458 0.14481842517852783 0.00860583782196045 0.004428684711456299
1 0.8941479921340942 0.1390611231327057 0.00860583782196045 0.005314439535140991
1 0.4440619647502899 0.13773250579833984 0.00860583782196045 0.004428684711456299
1 0.7646299600601196 0.1381753832101822 0.00602412223815918 0.007085919380187988
1 0.824440598487854 0.14216120541095734 0.013769388198852539 0.01682904362678528
1 0.7448365092277527 0.13241806626319885 0.00602412223815918 0.00974312424659729
0 0.8567125797271729 0.1257750242948532 0.007745265960693359 0.005314439535140991
1 0.6501721143722534 0.12223206460475922 0.00602412223815918 0.007085919380187988
1 0.6867470145225525 0.12046058475971222 0.0068846940994262695 0.007085919380187988
1 0.8024957180023193 0.11957484483718872 0.007745265960693359 0.007085919380187988
1 0.13123923540115356 0.11957484483718872 0.006024092435836792 0.008857399225234985
1 0.21815834939479828 0.11868910491466522 0.004302918910980225 0.008857399225234985
1 0.20697073638439178 0.11824623495340347 0.007745265960693359 0.007971659302711487
1 0.13941480219364166 0.11913197487592697 0.0068846940994262695 0.009743139147758484
1 0.19449225068092346 0.11824623495340347 0.00860583782196045 0.009743139147758484
1 0.9952667951583862 0.11558901518583298 0.007745265960693359 0.007971659302711487
1 0.36273667216300964 0.11603188514709473 0.00602412223815918 0.008857399225234985
0 0.16179001331329346 0.11514614522457123 0.00860583782196045 0.007085919380187988
1 0.3528399169445038 0.11558901518583298 0.0068846940994262695 0.009743139147758484
1 0.4113597273826599 0.11470327526330948 0.0051634907722473145 0.009743139147758484
1 0.26764199137687683 0.11248892545700073 0.010327041149139404 0.005314439535140991
0 0.24225473403930664 0.11248892545700073 0.009466439485549927 0.005314439535140991
0 0.5589500665664673 0.10850310325622559 0.011187553405761719 0.00620017945766449
1 0.9935455918312073 0.10761736333370209 0.009466409683227539 0.00620017945766449
1 0.23321859538555145 0.1040744036436081 0.0068846940994262695 0.004428699612617493
0 0.7086918950080872 0.10451727360486984 0.007745265960693359 0.007085919380187988
0 0.9070568084716797 0.10097431391477585 0.00860583782196045 0.007085919380187988
1 0.5060241222381592 0.0996457040309906 0.0068846940994262695 0.004428699612617493
1 0.837779700756073 0.09920283406972885 0.007745265960693359 0.005314439535140991
0 0.10240963846445084 0.09920283406972885 0.006884679198265076 0.007085919380187988
1 0.1600688397884369 0.0969884842634201 0.00860583782196045 0.004428699612617493
1 0.14931152760982513 0.09743135422468185 0.009466439485549927 0.005314439535140991
1 0.2887263298034668 0.09477413445711136 0.007745265960693359 0.005314439535140991
1 0.6785714030265808 0.09167404472827911 0.004302978515625 0.007971659302711487
0 0.836058497428894 0.09034543484449387 0.009466409683227539 0.007085919380187988
1 0.6876075863838196 0.08901683241128922 0.0068846940994262695 0.00620017945766449
1 0.0959552526473999 0.08768822252750397 0.006024092435836792 0.007085919380187988
1 0.18459552526474 0.08281665295362473 0.007745265960693359 0.00620017945766449
1 0.08993115276098251 0.07927369326353073 0.006024092435836792 0.00620017945766449
1 0.20438899099826813 0.07883082330226898 0.006024092435836792 0.01240035891532898
1 0.9944062232971191 0.07395925372838974 0.011187553405761719 0.00620017945766449
1 0.28012049198150635 0.07484499365091324 0.00602412223815918 0.007971659302711487
0 0.23235800862312317 0.07395925372838974 0.00860583782196045 0.00620017945766449
1 0.5813252925872803 0.07351638376712799 0.007745265960693359 0.007085919380187988
1 0.22117039561271667 0.07617360353469849 0.0068846940994262695 0.01240035891532898
0 0.6682444214820862 0.07218777388334274 0.007745265960693359 0.007971659302711487
1 0.6161789894104004 0.06864482164382935 0.00860583782196045 0.004428699612617493
0 0.10886402428150177 0.06953056156635284 0.007745265960693359 0.00620017945766449
1 0.770654022693634 0.06953056156635284 0.00602412223815918 0.007971659302711487
0 0.8567125797271729 0.06598760187625885 0.007745265960693359 0.00620017945766449
1 0.2706540524959564 0.0628875121474266 0.012908756732940674 0.007085919380187988
0 0.7857142686843872 0.056687332689762115 0.00860583782196045 0.007085919380187988
0 0.18803787231445312 0.05845881439745426 0.012908786535263062 0.012400355190038681
1 0.1807228922843933 0.05491585657000542 0.00860583782196045 0.005314439535140991
0 0.6252151727676392 0.05580159276723862 0.00602412223815918 0.008857399225234985
0 0.8162650465965271 0.05491585657000542 0.00602412223815918 0.008857391774654388
1 0.22805507481098175 0.05270150676369667 0.00860583782196045 0.004428699612617493
1 0.9961273670196533 0.05270150676369667 0.004302978515625 0.007971659302711487
1 0.7745266556739807 0.050044286996126175 0.00860583782196045 0.004428699612617493
1 0.9939758777618408 0.04074402153491974 0.00516355037689209 0.008857399225234985
1 0.8373494148254395 0.04030115157365799 0.0068846940994262695 0.007971659302711487
0 0.0636832993477583 0.037201061844825745 0.005163509398698807 0.010628879070281982
1 0.05679862201213837 0.037201061844825745 0.005163513123989105 0.010628879070281982
1 0.08864027261734009 0.03454384673386812 0.006884679198265076 0.007085917517542839
0 0.07099828124046326 0.03675819095224142 0.007745265960693359 0.011514613404870033
1 0.9802065491676331 0.03055801521986723 0.00860583782196045 0.011514613404870033
1 0.1346815824508667 0.024357838556170464 0.006024092435836792 0.006200175732374191
1 0.12392426654696465 0.023472098633646965 0.008605845272541046 0.004428695887327194
1 0.09982788562774658 0.023472098633646965 0.006884679198265076 0.004428695887327194
1 0.1764199584722519 0.023029228672385216 0.00860583782196045 0.005314435809850693
1 0.37091222405433655 0.018600530922412872 0.00860583782196045 0.005314439535140991
1 0.4388984441757202 0.017271922435611486 0.00860583782196045 0.004428696818649769
1 0.4143717586994171 0.017271922435611486 0.007745265960693359 0.004428696818649769
1 0.46901893615722656 0.016386182513087988 0.00860583782196045 0.004428696818649769
0 0.4574010372161865 0.014614703133702278 0.00602412223815918 0.007971655577421188
0 0.6402753591537476 0.007085916819050908 0.0068846940994262695 0.007085917051881552
0 0.3950085937976837 0.005757307051680982 0.0068846940994262695 0.0062001768965274096
1 0.8554216623306274 0.006200177362188697 0.00516355037689209 0.008857395965605974
0 0.7091221809387207 0.0044286977499723434 0.0068846940994262695 0.008857395499944687
