1 0.6345833241939545 0.9979740977287292 0.007499992847442627 0.004051804542541504
0 0.8599999994039536 0.9967585206031799 0.008333325386047363 0.004862189292907715
1 0.5479166805744171 0.9959481358528137 0.005833327770233154 0.004862189292907715
1 0.24666666984558105 0.9951377511024475 0.006666660308837891 0.004862189292907715
1 0.057083308696746826 0.9943273663520813 0.00583338737487793 0.004862189292907715
1 0.4987499564886093 0.9959481358528137 0.004166692495346069 0.008103728294372559
1 0.09916669130325317 0.9943273663520813 0.004999995231628418 0.006482958793640137
1 0.17416667938232422 0.9955429434776306 0.008333325386047363 0.00891411304473877
1 0.2645833492279053 0.9935170412063599 0.009166717529296875 0.004862189292907715
1 0.5083333253860474 0.9935170412063599 0.009999990463256836 0.004862189292907715
1 0.5195833444595337 0.9931118488311768 0.007499992847442627 0.004051804542541504
1 0.20916664600372314 0.9931118488311768 0.009999990463256836 0.005672574043273926
1 0.3450000286102295 0.9931118488311768 0.006666660308837891 0.005672574043273926
1 0.3541666865348816 0.9935170412063599 0.009999990463256836 0.006482958793640137
1 0.9666666649281979 0.9923014640808105 0.0066666677594184875 0.004051804542541504
1 0.02458333969116211 0.9918962717056274 0.00583338737487793 0.004862189292907715
1 0.10916668176651001 0.9910858869552612 0.006666660308837891 0.006482958793640137
1 0.14416664838790894 0.990275502204895 0.004999995231628418 0.006482958793640137
1 0.4399999976158142 0.9894651770591736 0.004999995231628418 0.006482958793640137
1 0.18208330869674683 0.9886547923088074 0.00583338737487793 0.006482958793640137
1 0.19166666269302368 0.9874392151832581 0.008333325386047363 0.004051804542541504
1 0.5191666781902313 0.9858185052871704 0.008333325386047363 0.004051804542541504
1 0.5845833420753479 0.9862236380577087 0.0091666579246521 0.004862189292907715
1 0.7429166734218597 0.9862236380577087 0.007499992847442627 0.004862189292907715
1 0.8637499958276749 0.9862236380577087 0.0091666579246521 0.004862189292907715
1 0.49166667461395264 0.9862236380577087 0.013333320617675781 0.006482958793640137
1 0.5333333313465118 0.9850081205368042 0.008333325386047363 0.004051804542541504
1 0.9483333341777325 0.9846029281616211 0.0066666677594184875 0.004862189292907715
1 0.12916666269302368 0.984197735786438 0.008333325386047363 0.005672574043273926
0 0.2174999713897705 0.984197735786438 0.006666660308837891 0.007293343544006348
1 0.8508333265781403 0.9817666411399841 0.008333325386047363 0.004051804542541504
1 0.17541664838790894 0.9821717739105225 0.007500052452087402 0.006482958793640137
1 0.8316666632890701 0.9801458716392517 0.008333325386047363 0.004051804542541504
1 0.9116666689515114 0.9793354868888855 0.006666660308837891 0.004051804542541504
1 0.14208334684371948 0.9748784303665161 0.007500052452087402 0.004862189292907715
1 0.32249999046325684 0.9736629128456116 0.008333325386047363 0.004051804542541504
1 0.8295833319425583 0.9740680456161499 0.0091666579246521 0.004862189292907715
1 0.1991666555404663 0.974473237991333 0.011666655540466309 0.007293343544006348
1 0.2162500023841858 0.9728525280952454 0.007500052452087402 0.004051804542541504
1 0.6766666769981384 0.9728525280952454 0.008333325386047363 0.004051804542541504
1 0.5237500071525574 0.9724473357200623 0.0091666579246521 0.004862189292907715
1 0.9708333322778344 0.9720421433448792 0.00833333469927311 0.005672574043273926
1 0.04666668176651001 0.9724473357200623 0.008333325386047363 0.008103728294372559
1 0.7129166722297668 0.9728525280952454 0.012499988079071045 0.00891411304473877
1 0.6108333468437195 0.9696110486984253 0.008333325386047363 0.004051804542541504
1 0.5841666758060455 0.9696110486984253 0.006666660308837891 0.005672574043273926
1 0.9958333331160247 0.9667747020721436 0.008333333767950535 0.004862189292907715
1 0.8058333396911621 0.9651539921760559 0.008333325386047363 0.004862189292907715
1 0.830416664481163 0.9659643173217773 0.005833327770233154 0.006482958793640137
1 0.9120833352208138 0.965559184551239 0.010833337903022766 0.005672574043273926
1 0.5462499856948853 0.9639384150505066 0.0091666579246521 0.005672574043273926
1 0.40833336114883423 0.9631280303001404 0.008333325386047363 0.005672574043273926
1 0.7962500005960464 0.9639384150505066 0.005833327770233154 0.007293343544006348
1 0.9616666659712791 0.9615073204040527 0.00833333283662796 0.004051804542541504
1 0.9862500000745058 0.9602917432785034 0.007500000298023224 0.004862189292907715
1 0.3999999761581421 0.9594813585281372 0.006666660308837891 0.004862189292907715
1 0.9475000016391277 0.9602917432785034 0.00833333283662796 0.006482958793640137
1 0.7224999964237213 0.958670973777771 0.008333325386047363 0.004862189292907715
1 0.8520833402872086 0.9570502638816833 0.0091666579246521 0.004862189292907715
1 0.8887500017881393 0.9578605890274048 0.005833327770233154 0.006482958793640137
1 0.5908333361148834 0.9566450715065002 0.006666660308837891 0.005672574043273926
1 0.2633333206176758 0.9554294943809509 0.008333325386047363 0.004862189292907715
1 0.5816666781902313 0.9562398791313171 0.008333325386047363 0.006482958793640137
1 0.6349999904632568 0.9542139172554016 0.008333325386047363 0.005672574043273926
1 0.28166669607162476 0.9521880149841309 0.011666655540466309 0.006482958793640137
1 0.6233333349227905 0.9501620531082153 0.008333325386047363 0.004051804542541504
1 0.7033333480358124 0.9505672454833984 0.008333325386047363 0.004862189292907715
1 0.897916667163372 0.9509724378585815 0.005833327770233154 0.005672574043273926
1 0.8033333271741867 0.9493517279624939 0.008333325386047363 0.004051804542541504
1 0.49541664123535156 0.9469205737113953 0.007500052452087402 0.004051804542541504
1 0.5316666662693024 0.9465153813362122 0.008333325386047363 0.006482958793640137
1 0.9516666680574417 0.9412479996681213 0.011666670441627502 0.005672574043273926
1 0.8745833337306976 0.9347649812698364 0.007499992847442627 0.004051804542541504
1 0.9174999967217445 0.9347649812698364 0.006666660308837891 0.004051804542541504
1 0.15416663885116577 0.9282820224761963 0.008333325386047363 0.004051804542541504
1 0.3233333230018616 0.92423015832901 0.008333325386047363 0.004051804542541504
1 0.5683333277702332 0.9246353507041931 0.006666660308837891 0.004862189292907715
1 0.3645833134651184 0.9234197735786438 0.007500052452087402 0.004051804542541504
1 0.4104166626930237 0.9217990040779114 0.00583338737487793 0.004051804542541504
1 0.4412500262260437 0.9189627170562744 0.009166717529296875 0.004862189292907715
1 0.4674999713897705 0.9185575246810913 0.008333325386047363 0.004051804542541504
1 0.48458331823349 0.9185575246810913 0.007500052452087402 0.004051804542541504
1 0.45875000953674316 0.9185575246810913 0.007500052452087402 0.005672574043273926
1 0.507916659116745 0.9177471399307251 0.007499992847442627 0.004051804542541504
1 0.5170833468437195 0.9177471399307251 0.007499992847442627 0.004051804542541504
1 0.44875001907348633 0.917341947555542 0.004166722297668457 0.008103728294372559
1 0.6904166638851166 0.9136952757835388 0.005833327770233154 0.004051804542541504
1 0.7137500047683716 0.9128849506378174 0.007499992847442627 0.004051804542541504
1 0.8599999994039536 0.9080227017402649 0.008333325386047363 0.004051804542541504
1 0.4833333492279053 0.9072123169898987 0.008333325386047363 0.004051804542541504
1 0.9174999967217445 0.9064019322395325 0.006666660308837891 0.004051804542541504
0 0.16083335876464844 0.8837115168571472 0.011666655540466309 0.012155532836914062
1 0.003750026226043701 0.8788492679595947 0.004166722297668457 0.005672574043273926
0 0.30666667222976685 0.8816855549812317 0.011666655540466309 0.011345267295837402
0 0.4479166865348816 0.8788492679595947 0.009166717529296875 0.00891411304473877
0 0.49958328902721405 0.8780388832092285 0.009166687726974487 0.007293343544006348
0 0.43458330631256104 0.8780388832092285 0.009166717529296875 0.010534882545471191
0 0.5112499892711639 0.8764181733131409 0.0091666579246521 0.00891411304473877
1 0.996250000083819 0.8772284984588623 0.007499999832361937 0.010534882545471191
0 0.5300000011920929 0.8760129809379578 0.009999990463256836 0.00972449779510498
0 0.5429166555404663 0.8752025961875916 0.010833323001861572 0.011345267295837402
1 0.1899999976158142 0.8772284984588623 0.009999990463256836 0.017017841339111328
1 0.20249998569488525 0.8707455396652222 0.006666660308837891 0.004051804542541504
0 0.637499988079071 0.8735818266868591 0.009999990463256836 0.00972449779510498
0 0.6241666674613953 0.8723663091659546 0.011666655540466309 0.012155532836914062
1 0.1212499737739563 0.8776336908340454 0.02416670322418213 0.025931954383850098
1 0.38083332777023315 0.8727715015411377 0.009999990463256836 0.01782822608947754
0 0.14749997854232788 0.8695299625396729 0.013333320617675781 0.012965917587280273
0 0.16083335876464844 0.8683144450187683 0.009999990463256836 0.010534882545471191
0 0.42166668176651 0.8650729060173035 0.008333325386047363 0.005672574043273926
0 0.8245833367109299 0.8666936755180359 0.0091666579246521 0.00891411304473877
1 0.30666667222976685 0.864262580871582 0.006666660308837891 0.005672574043273926
1 0.3229166865348816 0.8654780983924866 0.00583338737487793 0.008103728294372559
1 0.5608333349227905 0.8695299625396729 0.009999990463256836 0.016207456588745117
0 0.8104166686534882 0.867098867893219 0.012499988079071045 0.011345267295837402
0 0.2462499737739563 0.8646677732467651 0.01250004768371582 0.008103728294372559
0 0.2749999761581421 0.8666936755180359 0.011666655540466309 0.012155532836914062
0 0.28958332538604736 0.8662884831428528 0.010833382606506348 0.011345267295837402
0 0.8541666716337204 0.8658832907676697 0.009999990463256836 0.010534882545471191
1 0.34583336114883423 0.8727715015411377 0.023333311080932617 0.025931954383850098
0 0.589166671037674 0.8614262342453003 0.008333325386047363 0.004862189292907715
0 0.8412500023841858 0.8654780983924866 0.012499988079071045 0.012965917587280273
0 0.44999998807907104 0.8622366189956665 0.006666660308837891 0.008103728294372559
1 0.47333335876464844 0.8691247701644897 0.023333311080932617 0.025121569633483887
0 0.5129166543483734 0.8610210418701172 0.0091666579246521 0.010534882545471191
1 0.753333330154419 0.8638573884963989 0.009999990463256836 0.016207456588745117
0 0.05124998092651367 0.8525121808052063 0.010833382606506348 0.011345267295837402
1 0.7241666615009308 0.8606159090995789 0.023333311080932617 0.02755272388458252
0 0.8237500041723251 0.8529173135757446 0.010833323001861572 0.012155532836914062
1 0.9091666638851166 0.8569691777229309 0.023333340883255005 0.025121569633483887
0 0.2574999928474426 0.8488654494285583 0.011666655540466309 0.010534882545471191
0 0.2437499761581421 0.8476499319076538 0.010833382606506348 0.012965917587280273
0 0.3395833373069763 0.8464343547821045 0.010833382606506348 0.010534882545471191
0 0.2749999761581421 0.8460291624069214 0.009999990463256836 0.012965917587280273
0 0.35374999046325684 0.8448135852813721 0.010833382606506348 0.012155532836914062
0 0.4662500023841858 0.8431928753852844 0.009166717529296875 0.00891411304473877
0 0.5295833349227905 0.8427876830101013 0.0091666579246521 0.008103728294372559
0 0.5424999892711639 0.8411669135093689 0.011666655540466309 0.011345267295837402
0 0.6233333349227905 0.8395462036132812 0.009999990463256836 0.008103728294372559
1 0.6379166543483734 0.8383306264877319 0.005833327770233154 0.007293343544006348
1 0.19249999523162842 0.8423824906349182 0.009999990463256836 0.017017841339111328
0 0.6670833230018616 0.8379254341125488 0.0091666579246521 0.00972449779510498
0 0.06708335876464844 0.8371150493621826 0.010833382606506348 0.011345267295837402
0 0.09958332777023315 0.8367098569869995 0.010833382606506348 0.010534882545471191
1 0.8387500047683716 0.8342787623405457 0.007499992847442627 0.005672574043273926
0 0.1312500238418579 0.8350891470909119 0.009166717529296875 0.00891411304473877
1 0.37166666984558105 0.832658052444458 0.009999990463256836 0.005672574043273926
1 0.8816666677594185 0.8330631852149963 0.006666660308837891 0.006482958793640137
0 0.8512499928474426 0.8330631852149963 0.007499992847442627 0.008103728294372559
0 0.24458330869674683 0.8334683775901794 0.009166717529296875 0.010534882545471191
0 0.35624998807907104 0.8322528600692749 0.007500052452087402 0.00972449779510498
0 0.4816666841506958 0.8286061882972717 0.006666660308837891 0.00891411304473877
1 0.7508333325386047 0.832658052444458 0.009999990463256836 0.017017841339111328
1 0.4416666626930237 0.8363047242164612 0.023333311080932617 0.025931954383850098
0 0.46666663885116577 0.8269854187965393 0.009999990463256836 0.00891411304473877
0 0.5445833206176758 0.8273906111717224 0.007499992847442627 0.00972449779510498
0 0.5112499892711639 0.8253646492958069 0.0091666579246521 0.007293343544006348
1 0.9329166617244482 0.8265802264213562 0.010833334177732468 0.011345267295837402
0 0.5300000011920929 0.8237439393997192 0.008333325386047363 0.007293343544006348
0 0.6362499892711639 0.8237439393997192 0.0091666579246521 0.00891411304473877
0 0.668749988079071 0.8241491317749023 0.007499992847442627 0.00972449779510498
0 0.7125000059604645 0.8221231698989868 0.006666660308837891 0.00891411304473877
0 0.7270833253860474 0.8192868828773499 0.0091666579246521 0.006482958793640137
1 0.9441666677594185 0.8172609210014343 0.0066666677594184875 0.004051804542541504
0 0.8525000065565109 0.8200972676277161 0.008333325386047363 0.011345267295837402
0 0.11958330869674683 0.8176661133766174 0.009166717529296875 0.008103728294372559
1 0.8133333325386047 0.8253646492958069 0.023333340883255005 0.025121569633483887
0 0.8370833396911621 0.8176661133766174 0.0091666579246521 0.00972449779510498
0 0.8683333396911621 0.8152350187301636 0.008333325386047363 0.006482958793640137
0 0.8804166689515114 0.8172609210014343 0.010833337903022766 0.010534882545471191
0 0.13291668891906738 0.8168557286262512 0.010833382606506348 0.011345267295837402
0 0.27833330631256104 0.8140194416046143 0.009999990463256836 0.00891411304473877
0 0.29083335399627686 0.8128038644790649 0.011666655540466309 0.011345267295837402
0 0.43458330631256104 0.8107779622077942 0.007500052452087402 0.00891411304473877
1 0.16208332777023315 0.8091571927070618 0.007500052452087402 0.007293343544006348
0 0.44875001907348633 0.8091571927070618 0.009166717529296875 0.010534882545471191
0 0.49541664123535156 0.807131290435791 0.00583338737487793 0.008103728294372559
0 0.5116666555404663 0.8075364828109741 0.009999990463256836 0.010534882545471191
0 0.6225000023841858 0.8063209056854248 0.011666655540466309 0.00972449779510498
0 0.6341666579246521 0.8063209056854248 0.009999990463256836 0.00972449779510498
0 0.8741666711866856 0.8022690415382385 0.00833333283662796 0.004862189292907715
0 0.05750000476837158 0.8014586567878723 0.009999990463256836 0.008103728294372559
1 0.09458333253860474 0.809967577457428 0.02416670322418213 0.025121569633483887
0 0.12083333730697632 0.8014586567878723 0.011666655540466309 0.011345267295837402
0 0.13333332538604736 0.7994327545166016 0.008333325386047363 0.007293343544006348
0 0.1537500023841858 0.7986223697662354 0.010833382606506348 0.007293343544006348
0 0.16583335399627686 0.8006482720375061 0.009999990463256836 0.011345267295837402
1 0.5699999928474426 0.7970016002655029 0.008333325386047363 0.004051804542541504
0 0.2787500023841858 0.7978119850158691 0.010833382606506348 0.00891411304473877
0 0.2916666865348816 0.7982171773910522 0.009999990463256836 0.00972449779510498
0 0.848333328962326 0.7986223697662354 0.009999990463256836 0.010534882545471191
0 0.24958330392837524 0.7961912751197815 0.010833382606506348 0.007293343544006348
0 0.3112499713897705 0.7953808903694153 0.009166717529296875 0.007293343544006348
0 0.32375001907348633 0.797406792640686 0.010833382606506348 0.011345267295837402
1 0.3475000262260437 0.804295003414154 0.023333311080932617 0.025121569633483887
0 0.8341666609048843 0.7978119850158691 0.011666655540466309 0.012155532836914062
1 0.4358333349227905 0.7929497361183167 0.006666660308837891 0.005672574043273926
1 0.47333335876464844 0.8014586567878723 0.023333311080932617 0.024311184883117676
1 0.9408333338797092 0.7933549284934998 0.005000002682209015 0.00972449779510498
0 0.4979166239500046 0.7933549284934998 0.01083335280418396 0.011345267295837402
0 0.5416666567325592 0.7929497361183167 0.009999990463256836 0.010534882545471191
0 0.5291666686534882 0.791329026222229 0.009999990463256836 0.00891411304473877
0 0.726666659116745 0.7888978719711304 0.009999990463256836 0.012155532836914062
0 0.8316666632890701 0.7856563925743103 0.006666660308837891 0.00891411304473877
0 0.05791664123535156 0.7856563925743103 0.010833382606506348 0.010534882545471191
0 0.8474999964237213 0.7860615849494934 0.009999990463256836 0.011345267295837402
0 0.0716666579246521 0.7852512001991272 0.011666655540466309 0.011345267295837402
0 0.12166666984558105 0.7840356826782227 0.009999990463256836 0.00891411304473877
0 0.13458335399627686 0.784440815448761 0.010833382606506348 0.00972449779510498
0 0.909583330154419 0.7852512001991272 0.009166672825813293 0.011345267295837402
0 0.8937499970197678 0.7832252979278564 0.007499992847442627 0.00891411304473877
0 0.15416663885116577 0.7828201055526733 0.009999990463256836 0.00972449779510498
0 0.3529166579246521 0.7811993360519409 0.010833382606506348 0.008103728294372559
0 0.30916666984558105 0.7795786261558533 0.006666660308837891 0.008103728294372559
0 0.4362499713897705 0.7791734337806702 0.009166717529296875 0.007293343544006348
0 0.47874999046325684 0.7779578566551208 0.009166717529296875 0.008103728294372559
0 0.3241666555404663 0.7787682414054871 0.011666655540466309 0.011345267295837402
0 0.34083330631256104 0.778363049030304 0.009999990463256836 0.010534882545471191
0 0.4483333230018616 0.7775526642799377 0.009999990463256836 0.00891411304473877
0 0.5295833349227905 0.7767422795295715 0.010833323001861572 0.00891411304473877
0 0.46541666984558105 0.7759319543838501 0.010833382606506348 0.010534882545471191
1 0.05583333969116211 0.7739059925079346 0.004999995231628418 0.008103728294372559
0 0.5429166555404663 0.7739059925079346 0.005833327770233154 0.008103728294372559
1 0.1379166841506958 0.7682333588600159 0.00583338737487793 0.006482958793640137
0 0.07291668653488159 0.768638551235199 0.009166717529296875 0.00891411304473877
1 0.0975000262260437 0.7767422795295715 0.023333311080932617 0.025121569633483887
1 0.21583330631256104 0.765802264213562 0.008333325386047363 0.004862189292907715
1 0.5691666603088379 0.7653970718383789 0.008333325386047363 0.004051804542541504
1 0.23500001430511475 0.7653970718383789 0.011666655540466309 0.005672574043273926
1 0.2549999952316284 0.7739059925079346 0.023333311080932617 0.024311184883117676
0 0.8758333325386047 0.765802264213562 0.006666660308837891 0.008103728294372559
1 0.0533333420753479 0.7633711695671082 0.008333325386047363 0.004862189292907715
0 0.3266666531562805 0.765802264213562 0.006666660308837891 0.00972449779510498
0 0.3112499713897705 0.7645866870880127 0.010833382606506348 0.010534882545471191
0 0.34333330392837524 0.762965977191925 0.009999990463256836 0.007293343544006348
0 0.43458330631256104 0.7633711695671082 0.010833382606506348 0.011345267295837402
0 0.4483333230018616 0.762965977191925 0.009999990463256836 0.010534882545471191
1 0.1783333420753479 0.7625607848167419 0.006666660308837891 0.011345267295837402
0 0.46583330631256104 0.7625607848167419 0.009999990463256836 0.011345267295837402
0 0.5258333384990692 0.7621555924415588 0.008333325386047363 0.010534882545471191
0 0.5424999892711639 0.7613452076911926 0.008333325386047363 0.00891411304473877
1 0.7562499940395355 0.7601296305656433 0.007499992847442627 0.006482958793640137
0 0.47874999046325684 0.7613452076911926 0.010833382606506348 0.010534882545471191
1 0.5037499964237213 0.7682333588600159 0.02249997854232788 0.024311184883117676
0 0.22458332777023315 0.7601296305656433 0.00583338737487793 0.00972449779510498
1 0.18708330392837524 0.7593193054199219 0.00583338737487793 0.00972449779510498
1 0.9358333367854357 0.7593193054199219 0.004999998956918716 0.00972449779510498
1 0.23541665077209473 0.7572933435440063 0.00583338737487793 0.007293343544006348
0 0.6195833384990692 0.7581037282943726 0.0091666579246521 0.010534882545471191
0 0.6324999928474426 0.7568881511688232 0.008333325386047363 0.008103728294372559
0 0.6495833396911621 0.756077766418457 0.007499992847442627 0.006482958793640137
0 0.6645833253860474 0.7585089206695557 0.0091666579246521 0.011345267295837402
0 0.6804166734218597 0.7552674412727356 0.007499992847442627 0.006482958793640137
0 0.6937499940395355 0.7572933435440063 0.0091666579246521 0.010534882545471191
1 0.2704166769981384 0.7556726336479187 0.007500052452087402 0.00891411304473877
0 0.7999999970197678 0.7536466717720032 0.008333325386047363 0.00972449779510498
1 0.9358333367854357 0.7508103847503662 0.006666664034128189 0.004051804542541504
0 0.1691666841506958 0.7508103847503662 0.008333325386047363 0.007293343544006348
1 0.26208335161209106 0.75 0.007500052452087402 0.005672574043273926
0 0.8312499970197678 0.7508103847503662 0.007499992847442627 0.007293343544006348
1 0.8620833307504654 0.7495948076248169 0.007499992847442627 0.004862189292907715
0 0.15791666507720947 0.7512155771255493 0.01250004768371582 0.00972449779510498
1 0.897916667163372 0.7585089206695557 0.022499993443489075 0.024311184883117676
0 0.06083333492279053 0.7512155771255493 0.009999990463256836 0.011345267295837402
0 0.125 0.7508103847503662 0.009999990463256836 0.010534882545471191
0 0.24916666746139526 0.7491896152496338 0.008333325386047363 0.007293343544006348
0 0.31166666746139526 0.7487844228744507 0.008333325386047363 0.006482958793640137
0 0.07875001430511475 0.7487844228744507 0.00583338737487793 0.008103728294372559
0 0.2795833349227905 0.747163712978363 0.009166717529296875 0.00972449779510498
0 0.2958333492279053 0.7459481358528137 0.008333325386047363 0.010534882545471191
0 0.44749999046325684 0.7451377511024475 0.009999990463256836 0.00891411304473877
0 0.5095833241939545 0.743922233581543 0.007499992847442627 0.008103728294372559
0 0.5783333480358124 0.7398703694343567 0.008333325386047363 0.004862189292907715
0 0.6195833384990692 0.7418962717056274 0.010833323001861572 0.00891411304473877
1 0.5679166615009308 0.7394651770591736 0.007499992847442627 0.005672574043273926
1 0.1875 0.7431118488311768 0.009999990463256836 0.016207456588745117
1 0.19833332300186157 0.7435170412063599 0.009999990463256836 0.017017841339111328
0 0.692083328962326 0.7394651770591736 0.007499992847442627 0.00891411304473877
0 0.8400000035762787 0.7374392151832581 0.008333325386047363 0.006482958793640137
0 0.07791668176651001 0.7374392151832581 0.007500052452087402 0.008103728294372559
0 0.12541669607162476 0.7358185052871704 0.010833382606506348 0.00972449779510498
0 0.7979166656732559 0.7350081205368042 0.007499992847442627 0.008103728294372559
1 0.857083335518837 0.734197735786438 0.005833327770233154 0.006482958793640137
0 0.15791666507720947 0.734197735786438 0.010833382606506348 0.008103728294372559
0 0.871250007301569 0.734197735786438 0.009166665375232697 0.00972449779510498
0 0.29374998807907104 0.7325769662857056 0.009166717529296875 0.008103728294372559
0 0.28125 0.7333873510360718 0.010833382606506348 0.011345267295837402
0 0.31208330392837524 0.7321717739105225 0.010833382606506348 0.00891411304473877
1 0.3491666913032532 0.7394651770591736 0.023333311080932617 0.023500800132751465
0 0.4504166841506958 0.7317666411399841 0.007500052452087402 0.00972449779510498
1 0.4725000262260437 0.737034022808075 0.023333311080932617 0.023500800132751465
0 0.5108333230018616 0.7297406792640686 0.006666660308837891 0.00891411304473877
0 0.4399999976158142 0.7269043922424316 0.009999990463256836 0.004862189292907715
0 0.49666666984558105 0.7285251021385193 0.009999990463256836 0.008103728294372559
1 0.0033333301544189453 0.7277147769927979 0.004999995231628418 0.008103728294372559
0 0.5270833373069763 0.7277147769927979 0.0091666579246521 0.008103728294372559
1 0.9191666692495346 0.7285251021385193 0.004999995231628418 0.00972449779510498
1 0.6554166674613953 0.7329821586608887 0.02249997854232788 0.023500800132751465
0 0.6779166758060455 0.724473237991333 0.007499992847442627 0.008103728294372559
0 0.6924999952316284 0.7260940074920654 0.009999990463256836 0.011345267295837402
1 0.7075000107288361 0.7240680456161499 0.006666660308837891 0.007293343544006348
0 0.7183333337306976 0.721636950969696 0.011666655540466309 0.007293343544006348
0 0.8112500011920929 0.7212317585945129 0.0091666579246521 0.008103728294372559
0 0.8275000005960464 0.7212317585945129 0.009999990463256836 0.00972449779510498
0 0.840416669845581 0.721636950969696 0.010833323001861572 0.010534882545471191
0 0.8579166680574417 0.7196110486984253 0.0091666579246521 0.008103728294372559
1 0.8945833370089531 0.7264991998672485 0.022499993443489075 0.023500800132751465
1 0.24791663885116577 0.7151539921760559 0.007500052452087402 0.004051804542541504
1 0.12916666269302368 0.7151539921760559 0.008333325386047363 0.005672574043273926
1 0.23791664838790894 0.7147487998008728 0.007500052452087402 0.004862189292907715
1 0.06833332777023315 0.7119124531745911 0.006666660308837891 0.004051804542541504
0 0.32375001907348633 0.7098865509033203 0.007500052452087402 0.004862189292907715
1 0.1666666865348816 0.7090761661529541 0.004999995231628418 0.008103728294372559
1 0.1899999976158142 0.7098865509033203 0.004999995231628418 0.00972449779510498
1 0.8575000017881393 0.708670973777771 0.004999995231628418 0.00891411304473877
1 0.14833331108093262 0.7094813585281372 0.006666660308837891 0.012155532836914062
1 0.1808333396911621 0.7078605890274048 0.006666660308837891 0.00891411304473877
1 0.7650000005960464 0.7046191096305847 0.008333325386047363 0.004051804542541504
0 0.2587500214576721 0.705834686756134 0.007500052452087402 0.008103728294372559
0 0.07708334922790527 0.705834686756134 0.009166717529296875 0.00972449779510498
1 0.20291668176651 0.7050243020057678 0.00583338737487793 0.008103728294372559
1 0.0070833563804626465 0.7034035921096802 0.007500052452087402 0.006482958793640137
0 0.030416667461395264 0.7034035921096802 0.007500052452087402 0.006482958793640137
0 0.27791666984558105 0.705834686756134 0.007500052452087402 0.011345267295837402
1 0.4441666603088379 0.7029983997344971 0.004999995231628418 0.00891411304473877
1 0.5387499928474426 0.7013776302337646 0.005833327770233154 0.005672574043273926
1 0.44999998807907104 0.7021880149841309 0.004999995231628418 0.00891411304473877
1 0.6558333337306976 0.7017828226089478 0.006666660308837891 0.008103728294372559
1 0.4300000071525574 0.7013776302337646 0.004999995231628418 0.00891411304473877
1 0.6450000107288361 0.702593207359314 0.006666660308837891 0.011345267295837402
1 0.016666650772094727 0.6985413432121277 0.006666660308837891 0.004862189292907715
0 0.5508333444595337 0.7001620531082153 0.004999995231628418 0.008103728294372559
1 0.42250001430511475 0.7001620531082153 0.006666660308837891 0.00972449779510498
1 0.6845833361148834 0.6989465355873108 0.004166662693023682 0.007293343544006348
0 0.3233333230018616 0.6997568607330322 0.009999990463256836 0.012155532836914062
0 0.8241666704416275 0.6993517279624939 0.006666660308837891 0.011345267295837402
1 0.8174999952316284 0.6952998638153076 0.004999995231628418 0.006482958793640137
0 0.8954166695475578 0.6908428072929382 0.009166672825813293 0.007293343544006348
0 0.06749999523162842 0.6884116530418396 0.008333325386047363 0.007293343544006348
0 0.09791666269302368 0.6863857507705688 0.007500052452087402 0.008103728294372559
0 0.29500001668930054 0.6859805583953857 0.009999990463256836 0.007293343544006348
0 0.0808333158493042 0.686790943145752 0.011666655540466309 0.012155532836914062
0 0.1120833158493042 0.6859805583953857 0.010833382606506348 0.010534882545471191
0 0.2825000286102295 0.6839545965194702 0.009999990463256836 0.00972449779510498
0 0.43458330631256104 0.6815235018730164 0.007500052452087402 0.008103728294372559
0 0.5370833277702332 0.6807131171226501 0.012499988079071045 0.00972449779510498
0 0.06416666507720947 0.6794975399971008 0.004999995231628418 0.00891411304473877
0 0.49541664123535156 0.680307924747467 0.009166717529296875 0.010534882545471191
0 0.5083333253860474 0.6799027323722839 0.009999990463256836 0.00972449779510498
0 0.6287499964237213 0.6782820224761963 0.0091666579246521 0.008103728294372559
0 0.6166666746139526 0.6782820224761963 0.009999990463256836 0.00972449779510498
1 0.7400000095367432 0.6734197735786438 0.008333325386047363 0.004862189292907715
1 0.20249998569488525 0.677066445350647 0.009999990463256836 0.015397071838378906
0 0.3608333468437195 0.6734197735786438 0.004999995231628418 0.008103728294372559
0 0.7937500029802322 0.67423015832901 0.0091666579246521 0.00972449779510498
0 0.8062500059604645 0.67423015832901 0.0091666579246521 0.00972449779510498
0 0.06999999284744263 0.6713938117027283 0.008333325386047363 0.005672574043273926
0 0.08166664838790894 0.6722041964530945 0.008333325386047363 0.007293343544006348
1 0.1366666555404663 0.6794975399971008 0.023333311080932617 0.023500800132751465
0 0.16041666269302368 0.6722041964530945 0.007500052452087402 0.00891411304473877
0 0.1758333444595337 0.6722041964530945 0.006666660308837891 0.00891411304473877
0 0.8358333259820938 0.6730145812034607 0.009999990463256836 0.010534882545471191
0 0.10000002384185791 0.6722041964530945 0.011666655540466309 0.010534882545471191
0 0.11291664838790894 0.6717990040779114 0.009166717529296875 0.00972449779510498
0 0.2837499976158142 0.6697731018066406 0.009166717529296875 0.00891411304473877
1 0.7391666769981384 0.6677471399307251 0.008333325386047363 0.004862189292907715
0 0.43458330631256104 0.6677471399307251 0.007500052452087402 0.008103728294372559
0 0.8795833364129066 0.6697731018066406 0.009166672825813293 0.012155532836914062
0 0.4466666579246521 0.6649108529090881 0.009999990463256836 0.005672574043273926
1 0.5399999916553497 0.6657212376594543 0.006666660308837891 0.007293343544006348
0 0.660833328962326 0.6653160452842712 0.006666660308837891 0.008103728294372559
0 0.49708329141139984 0.6641004681587219 0.009166687726974487 0.007293343544006348
0 0.526666671037674 0.6636952757835388 0.008333325386047363 0.006482958793640137
0 0.15541666746139526 0.6624797582626343 0.007500052452087402 0.005672574043273926
0 0.6904166638851166 0.664505660533905 0.005833327770233154 0.00972449779510498
1 0.7387500107288361 0.6620745658874512 0.007499992847442627 0.004862189292907715
1 0.75 0.6620745658874512 0.008333325386047363 0.004862189292907715
0 0.28333336114883423 0.6608589887619019 0.008333325386047363 0.004051804542541504
0 0.6445833444595337 0.6636952757835388 0.0091666579246521 0.00972449779510498
0 0.6754166781902313 0.6624797582626343 0.0091666579246521 0.00891411304473877
1 0.3399999737739563 0.6596434116363525 0.008333325386047363 0.004862189292907715
1 0.710833340883255 0.6685575246810913 0.023333311080932617 0.022690415382385254
0 0.8358333259820938 0.6600486040115356 0.006666660308837891 0.007293343544006348
0 0.8054166734218597 0.6588330864906311 0.0091666579246521 0.006482958793640137
1 0.9254166632890701 0.6600486040115356 0.005833327770233154 0.00891411304473877
1 0.22583335638046265 0.6572123169898987 0.004999995231628418 0.006482958793640137
1 0.5587500035762787 0.6559967398643494 0.007499992847442627 0.004051804542541504
1 0.8583333343267441 0.6653160452842712 0.021666675806045532 0.022690415382385254
1 0.2124999761581421 0.6576175093650818 0.006666660308837891 0.00891411304473877
0 0.8808333352208138 0.6568071246147156 0.008333340287208557 0.007293343544006348
0 0.13208335638046265 0.6559967398643494 0.009166717529296875 0.007293343544006348
0 0.1445833444595337 0.6559967398643494 0.009166717529296875 0.007293343544006348
0 0.06999999284744263 0.6555915474891663 0.009999990463256836 0.00972449779510498
0 0.10250002145767212 0.6559967398643494 0.011666655540466309 0.010534882545471191
0 0.34583336114883423 0.6539708375930786 0.008333325386047363 0.006482958793640137
0 0.6962499916553497 0.6531604528427124 0.007499992847442627 0.004862189292907715
0 0.08625000715255737 0.6539708375930786 0.00583338737487793 0.008103728294372559
1 0.5041666626930237 0.6523500680923462 0.008333325386047363 0.004862189292907715
1 0.7404166758060455 0.6523500680923462 0.007499992847442627 0.004862189292907715
0 0.11624997854232788 0.6543760299682617 0.007500052452087402 0.010534882545471191
0 0.28208333253860474 0.6519448757171631 0.007500052452087402 0.00891411304473877
0 0.46583330631256104 0.6507293581962585 0.008333325386047363 0.006482958793640137
0 0.4775000214576721 0.6507293581962585 0.008333325386047363 0.006482958793640137
0 0.3291666507720947 0.6511345505714417 0.006666660308837891 0.00891411304473877
0 0.43458330631256104 0.6503241658210754 0.009166717529296875 0.007293343544006348
0 0.3579166531562805 0.6511345505714417 0.010833382606506348 0.010534882545471191
0 0.14166665077209473 0.6495137810707092 0.008333325386047363 0.00891411304473877
0 0.4950000047683716 0.6491085886955261 0.008333325386047363 0.008103728294372559
0 0.6570833325386047 0.6462723016738892 0.0091666579246521 0.00891411304473877
1 0.19291669130325317 0.6470826864242554 0.010833382606506348 0.012155532836914062
1 0.20416665077209473 0.648703396320343 0.009999990463256836 0.015397071838378906
0 0.6725000143051147 0.6450567245483398 0.006666660308837891 0.008103728294372559
0 0.8900000005960464 0.6434359550476074 0.008333340287208557 0.004862189292907715
0 0.6441666781902313 0.645867109298706 0.009999990463256836 0.011345267295837402
0 0.7908333390951157 0.6438411474227905 0.008333325386047363 0.007293343544006348
0 0.06916666030883789 0.6442463397979736 0.006666660308837891 0.00972449779510498
1 0.7354166805744171 0.6430308222770691 0.004166662693023682 0.007293343544006348
1 0.08625000715255737 0.6422204375267029 0.00583338737487793 0.007293343544006348
0 0.8054166734218597 0.642625629901886 0.007499992847442627 0.008103728294372559
0 0.10333335399627686 0.6397892832756042 0.008333325386047363 0.005672574043273926
0 0.11541664600372314 0.6414100527763367 0.009166717529296875 0.00891411304473877
0 0.13333332538604736 0.6401944756507874 0.008333325386047363 0.006482958793640137
0 0.1470833420753479 0.6434359550476074 0.007500052452087402 0.012965917587280273
0 0.8770833313465118 0.6405996680259705 0.007499992847442627 0.00891411304473877
0 0.35958331823349 0.6385737657546997 0.00583338737487793 0.008103728294372559
0 0.34583336114883423 0.6369529962539673 0.009999990463256836 0.00972449779510498
0 0.44875001907348633 0.6365478038787842 0.010833382606506348 0.010534882545471191
1 0.7379166781902313 0.6365478038787842 0.0091666579246521 0.010534882545471191
0 0.4358333349227905 0.6353322267532349 0.009999990463256836 0.00972449779510498
0 0.4950000047683716 0.6337115168571472 0.008333325386047363 0.006482958793640137
1 0.5316666662693024 0.6414100527763367 0.021666646003723145 0.023500800132751465
0 0.5070833265781403 0.6341167092323303 0.012499988079071045 0.010534882545471191
0 0.6566666662693024 0.6312803626060486 0.006666660308837891 0.006482958793640137
0 0.6733333468437195 0.6316855549812317 0.009999990463256836 0.00891411304473877
1 0.7091666758060455 0.6385737657546997 0.021666646003723145 0.022690415382385254
1 0.8262500017881393 0.6361426115036011 0.02250000834465027 0.022690415382385254
1 0.8466666638851166 0.6284440755844116 0.004999995231628418 0.007293343544006348
0 0.07375001907348633 0.6260129809379578 0.007500052452087402 0.007293343544006348
0 0.10208332538604736 0.6239870190620422 0.007500052452087402 0.008103728294372559
0 0.26916664838790894 0.6223663091659546 0.006666660308837891 0.008103728294372559
0 0.3295833468437195 0.6215559244155884 0.007500052452087402 0.008103728294372559
0 0.4762499928474426 0.6207455396652222 0.009166717529296875 0.006482958793640137
0 0.2995833158493042 0.6207455396652222 0.007500052452087402 0.00972449779510498
0 0.18166667222976685 0.6183144450187683 0.004999995231628418 0.00972449779510498
0 0.7012499868869781 0.6162884831428528 0.007499992847442627 0.007293343544006348
0 0.6129166781902313 0.6150729060173035 0.0091666579246521 0.00972449779510498
0 0.7125000059604645 0.6154780983924866 0.011666655540466309 0.010534882545471191
0 0.12000000476837158 0.6118314266204834 0.006666660308837891 0.008103728294372559
1 0.2058333158493042 0.6158832907676697 0.009999990463256836 0.016207456588745117
0 0.10500001907348633 0.6102107167243958 0.008333325386047363 0.006482958793640137
1 0.5641666650772095 0.6122366189956665 0.008333325386047363 0.010534882545471191
0 0.8454166650772095 0.6114262342453003 0.007499992847442627 0.00891411304473877
1 0.14166665077209473 0.6175040602684021 0.023333311080932617 0.022690415382385254
0 0.28458333015441895 0.6094003319740295 0.007500052452087402 0.00972449779510498
0 0.3304166793823242 0.6085899472236633 0.00583338737487793 0.008103728294372559
0 0.2695833444595337 0.6085899472236633 0.007500052452087402 0.00972449779510498
1 0.8604166656732559 0.6094003319740295 0.005833327770233154 0.011345267295837402
0 0.4791666865348816 0.604538083076477 0.006666660308837891 0.006482958793640137
1 0.5641666650772095 0.6033225059509277 0.008333325386047363 0.004051804542541504
1 0.44208335876464844 0.6122366189956665 0.022500038146972656 0.023500800132751465
1 0.7345833480358124 0.6029173135757446 0.007499992847442627 0.004862189292907715
0 0.5083333253860474 0.6049432754516602 0.009999990463256836 0.010534882545471191
0 0.7145833373069763 0.6029173135757446 0.0091666579246521 0.00972449779510498
0 0.4858333468437195 0.6008914113044739 0.006666660308837891 0.007293343544006348
0 0.6716666519641876 0.6004862189292908 0.008333325386047363 0.006482958793640137
1 0.9054166674613953 0.5992706418037415 0.007499992847442627 0.005672574043273926
0 0.7024999856948853 0.5992706418037415 0.009999990463256836 0.007293343544006348
1 0.7941666692495346 0.6065640449523926 0.021666675806045532 0.021880030632019043
0 0.8458333313465118 0.5976499319076538 0.009999990463256836 0.00891411304473877
1 0.25708335638046265 0.5935980677604675 0.007500052452087402 0.005672574043273926
0 0.10624998807907104 0.5944084525108337 0.009166717529296875 0.00891411304473877
0 0.26916664838790894 0.5935980677604675 0.008333325386047363 0.007293343544006348
1 0.8354166597127914 0.5935980677604675 0.004166662693023682 0.007293343544006348
0 0.15208333730697632 0.5923824906349182 0.007500052452087402 0.00972449779510498
0 0.46583330631256104 0.5903565883636475 0.008333325386047363 0.005672574043273926
1 0.3308333158493042 0.5903565883636475 0.006666660308837891 0.007293343544006348
1 0.1758333444595337 0.5879254341125488 0.008333325386047363 0.004051804542541504
0 0.31458336114883423 0.5899513959884644 0.00583338737487793 0.008103728294372559
0 0.36000001430511475 0.5899513959884644 0.006666660308837891 0.008103728294372559
0 0.3450000286102295 0.5899513959884644 0.008333325386047363 0.00972449779510498
0 0.535833328962326 0.5883306264877319 0.008333325386047363 0.006482958793640137
1 0.4779166579246521 0.5879254341125488 0.007500052452087402 0.007293343544006348
0 0.4958333373069763 0.588735818862915 0.009999990463256836 0.00891411304473877
0 0.5074999928474426 0.5871150493621826 0.008333325386047363 0.00891411304473877
0 0.5237500071525574 0.5867098569869995 0.0091666579246521 0.00972449779510498
0 0.612500011920929 0.5863047242164612 0.009999990463256836 0.010534882545471191
0 0.625 0.5858995318412781 0.009999990463256836 0.00972449779510498
0 0.8145833313465118 0.5838735699653625 0.007499992847442627 0.007293343544006348
0 0.7983333319425583 0.5834683775901794 0.009999990463256836 0.00972449779510498
0 0.8275000005960464 0.5830631852149963 0.009999990463256836 0.00891411304473877
1 0.08291667699813843 0.5871150493621826 0.022500038146972656 0.023500800132751465
0 0.17958331108093262 0.5794165134429932 0.009166717529296875 0.008103728294372559
0 0.2724999785423279 0.5798217058181763 0.006666660308837891 0.00891411304473877
0 0.31708335876464844 0.5765802264213562 0.007500052452087402 0.005672574043273926
0 0.2591666579246521 0.5761750340461731 0.008333325386047363 0.006482958793640137
0 0.3462499976158142 0.5769854187965393 0.009166717529296875 0.008103728294372559
0 0.35958331823349 0.5769854187965393 0.010833382606506348 0.00972449779510498
1 0.5633333325386047 0.5761750340461731 0.008333325386047363 0.008103728294372559
1 0.4416666626930237 0.5818476676940918 0.021666646003723145 0.022690415382385254
0 0.4633333086967468 0.57576984167099 0.008333325386047363 0.010534882545471191
0 0.47874999046325684 0.5749594569206238 0.007500052452087402 0.00891411304473877
0 0.5066666603088379 0.572933554649353 0.008333325386047363 0.006482958793640137
0 0.5245833396911621 0.572933554649353 0.0091666579246521 0.008103728294372559
0 0.6237500011920929 0.5721231698989868 0.0091666579246521 0.008103728294372559
1 0.7050000131130219 0.5782009959220886 0.021666646003723145 0.021880030632019043
1 0.9129166677594185 0.5721231698989868 0.005833327770233154 0.00972449779510498
0 0.8129166662693024 0.5705024600028992 0.005833327770233154 0.008103728294372559
0 0.8275000005960464 0.5705024600028992 0.006666660308837891 0.008103728294372559
0 0.785833328962326 0.5700972676277161 0.011666655540466309 0.010534882545471191
0 0.17041665315628052 0.5652350187301636 0.010833382606506348 0.00891411304473877
0 0.30000001192092896 0.5628038644790649 0.006666660308837891 0.005672574043273926
0 0.18291664123535156 0.5628038644790649 0.007500052452087402 0.00891411304473877
1 0.27291667461395264 0.5615883469581604 0.00583338737487793 0.006482958793640137
1 0.35958331823349 0.5615883469581604 0.007500052452087402 0.006482958793640137
0 0.44749999046325684 0.559967577457428 0.008333325386047363 0.006482958793640137
0 0.6212500035762787 0.5591571927070618 0.010833323001861572 0.006482958793640137
0 0.4358333349227905 0.5595623850822449 0.008333325386047363 0.00891411304473877
0 0.4945833086967468 0.5587520003318787 0.009166717529296875 0.00891411304473877
0 0.5254166722297668 0.5583468675613403 0.012499988079071045 0.00972449779510498
0 0.5366666615009308 0.5575364828109741 0.008333325386047363 0.008103728294372559
1 0.6812500059604645 0.5567260980606079 0.007499992847442627 0.006482958793640137
0 0.17291665077209473 0.5563209056854248 0.00583338737487793 0.010534882545471191
1 0.839166671037674 0.5530794262886047 0.006666660308837891 0.007293343544006348
0 0.10791665315628052 0.5518638491630554 0.007500052452087402 0.008103728294372559
0 0.27416664361953735 0.5510534644126892 0.006666660308837891 0.00972449779510498
0 0.7974999994039536 0.5522690415382385 0.008333325386047363 0.013776302337646484
0 0.3016666769981384 0.5490275621414185 0.008333325386047363 0.00891411304473877
0 0.2879166603088379 0.5482171773910522 0.009166717529296875 0.00891411304473877
1 0.32458335161209106 0.5547001361846924 0.022500038146972656 0.021880030632019043
1 0.5525000095367432 0.5486223697662354 0.004999995231628418 0.00972449779510498
1 0.35958331823349 0.5457860827445984 0.007500052452087402 0.005672574043273926
1 0.09958332777023315 0.5437601208686829 0.007500052452087402 0.004862189292907715
0 0.44958335161209106 0.5461912751197815 0.009166717529296875 0.00972449779510498
0 0.5208333432674408 0.5457860827445984 0.006666660308837891 0.00891411304473877
1 0.7304166555404663 0.5457860827445984 0.005833327770233154 0.00891411304473877
1 0.4712499976158142 0.5514586567878723 0.022500038146972656 0.021880030632019043
1 0.7033333480358124 0.5490275621414185 0.021666646003723145 0.021880030632019043
0 0.6708333194255829 0.5405186414718628 0.011666655540466309 0.006482958793640137
0 0.7833333313465118 0.5405186414718628 0.008333325386047363 0.006482958793640137
0 0.8387500047683716 0.5421394109725952 0.0091666579246521 0.00972449779510498
1 0.8749999962747097 0.5470016002655029 0.021666668355464935 0.021069645881652832
0 0.07333332300186157 0.5320097208023071 0.006666660308837891 0.00891411304473877
0 0.11833333969116211 0.5222852230072021 0.008333325386047363 0.004051804542541504
1 0.28333336114883423 0.5198541283607483 0.006666660308837891 0.004051804542541504
1 0.4516666531562805 0.5166126489639282 0.008333325386047363 0.004051804542541504
1 0.33541667461395264 0.5194489359855652 0.00583338737487793 0.011345267295837402
1 0.1979166865348816 0.5170178413391113 0.004166722297668457 0.008103728294372559
0 0.7024999856948853 0.5141814947128296 0.008333325386047363 0.004051804542541504
1 0.7841666638851166 0.5133711695671082 0.006666660308837891 0.004051804542541504
1 0.4920833110809326 0.5137763619422913 0.00583338737487793 0.006482958793640137
1 0.507916659116745 0.5133711695671082 0.004166662693023682 0.007293343544006348
1 0.3166666626930237 0.5117504000663757 0.004999995231628418 0.005672574043273926
1 0.19083333015441895 0.5117504000663757 0.004999995231628418 0.007293343544006348
1 0.20666664838790894 0.5125607848167419 0.004999995231628418 0.00891411304473877
1 0.375 0.5137763619422913 0.006666660308837891 0.011345267295837402
0 0.5520833432674408 0.5105348229408264 0.0091666579246521 0.006482958793640137
1 0.5320833325386047 0.5113452076911926 0.005833327770233154 0.00972449779510498
1 0.33666664361953735 0.5093193054199219 0.004999995231628418 0.007293343544006348
0 0.3891666531562805 0.5105348229408264 0.004999995231628418 0.00972449779510498
1 0.4049999713897705 0.5089141130447388 0.004999995231628418 0.008103728294372559
0 0.44875001907348633 0.5093193054199219 0.00583338737487793 0.00891411304473877
1 0.5162500143051147 0.5109400153160095 0.007499992847442627 0.012155532836914062
1 0.45749998092651367 0.5085089206695557 0.004999995231628418 0.00891411304473877
0 0.15541666746139526 0.5064829587936401 0.007500052452087402 0.006482958793640137
0 0.08291667699813843 0.506077766418457 0.00583338737487793 0.007293343544006348
0 0.17333334684371948 0.506077766418457 0.008333325386047363 0.007293343544006348
0 0.14499998092651367 0.5064829587936401 0.011666655540466309 0.00972449779510498
0 0.3008333444595337 0.5044570565223694 0.013333320617675781 0.00891411304473877
0 0.48500001430511475 0.5036466717720032 0.006666660308837891 0.00891411304473877
0 0.6116666793823242 0.5016207545995712 0.008333325386047363 0.0048622190952301025
0 0.4649999737739563 0.5016207695007324 0.008333325386047363 0.006482958793640137
0 0.3616666793823242 0.5020259022712708 0.009999990463256836 0.00891411304473877
0 0.4766666889190674 0.5012155771255493 0.008333325386047363 0.007293343544006348
1 0.5604166686534882 0.4991896003484726 0.007499992847442627 0.0048622190952301025
0 0.3487499952316284 0.5012155920267105 0.010833382606506348 0.010534852743148804
0 0.5770833194255829 0.4991896152496338 0.007499992847442627 0.006482958793640137
0 0.8741666711866856 0.49837926030158997 0.00833333283662796 0.00486224889755249
1 0.26916664838790894 0.49797406792640686 0.008333325386047363 0.005672633647918701
0 0.4937499761581421 0.4995948076248169 0.009166717529296875 0.00891411304473877
0 0.44999998807907104 0.4987844377756119 0.006666660308837891 0.008914083242416382
0 0.8075000047683716 0.49837924540042877 0.009999990463256836 0.008103698492050171
1 0.2149999737739563 0.49756886065006256 0.004999995231628418 0.008103698492050171
0 0.6779166758060455 0.49797405302524567 0.007499992847442627 0.008914083242416382
0 0.43416666984558105 0.49837926030158997 0.008333325386047363 0.011345207691192627
0 0.7070833444595337 0.49716366827487946 0.007499992847442627 0.008914083242416382
0 0.7916666716337204 0.49716366827487946 0.006666660308837891 0.008914083242416382
1 0.9954166668467224 0.49797406792640686 0.005833333358168602 0.010534822940826416
0 0.8624999970197678 0.4963533282279968 0.008333325386047363 0.00891411304473877
0 0.6041666567325592 0.4943273961544037 0.004999995231628418 0.008103728294372559
1 0.3774999976158142 0.49635331332683563 0.009999990463256836 0.013776332139968872
1 0.1212499737739563 0.4995947927236557 0.02416670322418213 0.02188006043434143
0 0.3879166841506958 0.4959481358528137 0.009166717529296875 0.014586687088012695
0 0.08625000715255737 0.49149107933044434 0.009166717529296875 0.007293343544006348
0 0.30541664361953735 0.49108588695526123 0.00583338737487793 0.008103728294372559
1 0.3641666769981384 0.4902755320072174 0.006666660308837891 0.008103728294372559
0 0.41333335638046265 0.48824959993362427 0.008333325386047363 0.004051864147186279
1 0.32625001668930054 0.49635331332683563 0.022500038146972656 0.02188006043434143
0 0.34958332777023315 0.48824959993362427 0.007500052452087402 0.005672633647918701
1 0.4920833110809326 0.48743921518325806 0.00583338737487793 0.007293343544006348
0 0.4649999737739563 0.48703402280807495 0.008333325386047363 0.008103728294372559
0 0.43708330392837524 0.485818475484848 0.009166717529296875 0.007293343544006348
1 0.5287500023841858 0.49270664155483246 0.02249997854232788 0.02106967568397522
1 0.8766666650772095 0.485818475484848 0.004999995231628418 0.007293343544006348
1 0.6420833468437195 0.49189625680446625 0.020833313465118408 0.02106967568397522
0 0.6633333265781403 0.4854132831096649 0.008333325386047363 0.008103728294372559
0 0.8195833265781403 0.4854132831096649 0.007499992847442627 0.008103728294372559
0 0.6958333253860474 0.4837925434112549 0.013333320617675781 0.006482958793640137
0 0.8058333396911621 0.4837925434112549 0.008333325386047363 0.006482958793640137
1 0.840416669845581 0.4906807243824005 0.020833343267440796 0.020259320735931396
0 0.8608333319425583 0.4846029281616211 0.008333325386047363 0.008103728294372559
1 0.08708333969116211 0.4797406792640686 0.007500052452087402 0.00486224889755249
1 0.6433333456516266 0.4736628830432892 0.008333325386047363 0.004051864147186279
0 0.29124999046325684 0.4748784303665161 0.009166717529296875 0.008103728294372559
0 0.41333335638046265 0.47244733572006226 0.009999990463256836 0.006482958793640137
0 0.5212500095367432 0.47204214334487915 0.007499992847442627 0.005672633647918701
0 0.24041664600372314 0.47163695096969604 0.007500052452087402 0.008103728294372559
1 0.35583335161209106 0.4704214036464691 0.006666660308837891 0.005672633647918701
0 0.5329166650772095 0.47204214334487915 0.0091666579246521 0.00891411304473877
0 0.7033333480358124 0.47082656621932983 0.008333325386047363 0.006482958793640137
1 0.3766666650772095 0.470016211271286 0.006666660308837891 0.008103728294372559
0 0.7754166722297668 0.470016211271286 0.0091666579246521 0.008103728294372559
1 0.24916666746139526 0.4688006341457367 0.006666660308837891 0.007293343544006348
1 0.3858333230018616 0.470016211271286 0.004999995231628418 0.00972449779510498
0 0.6899999976158142 0.4692058265209198 0.006666660308837891 0.008103728294372559
0 0.9091666638851166 0.46717989444732666 0.008333340287208557 0.004051864147186279
0 0.7337499856948853 0.46758508682250977 0.0091666579246521 0.00972449779510498
0 0.1158333420753479 0.4651539623737335 0.006666660308837891 0.006482958793640137
0 0.13041669130325317 0.4647487699985504 0.007500052452087402 0.00891411304473877
1 0.15208333730697632 0.47082656621932983 0.022500038146972656 0.021069705486297607
0 0.18833333253860474 0.4635332226753235 0.006666660308837891 0.006482958793640137
0 0.29083335399627686 0.4635332226753235 0.006666660308837891 0.008103728294372559
1 0.4037500023841858 0.4631280303001404 0.004166722297668457 0.007293343544006348
1 0.7254166603088379 0.4635332226753235 0.004166662693023682 0.008103728294372559
0 0.2749999761581421 0.4602917432785034 0.008333325386047363 0.00486224889755249
1 0.7333333194255829 0.4598865509033203 0.008333325386047363 0.004051864147186279
1 0.8908333331346512 0.46069690585136414 0.004999995231628418 0.00891411304473877
0 0.43666666746139526 0.458670973777771 0.008333325386047363 0.006482958793640137
0 0.4483333230018616 0.458670973777771 0.008333325386047363 0.006482958793640137
0 0.5212500095367432 0.4590761661529541 0.0091666579246521 0.00891411304473877
1 0.22666668891906738 0.45583468675613403 0.008333325386047363 0.004051864147186279
0 0.6175000071525574 0.45664507150650024 0.008333325386047363 0.005672633647918701
0 0.6904166638851166 0.45745542645454407 0.007499992847442627 0.007293343544006348
0 0.7862499952316284 0.45623987913131714 0.0091666579246521 0.006482958793640137
1 0.8095833361148834 0.4631280303001404 0.020833343267440796 0.020259320735931396
0 0.6358333230018616 0.45664507150650024 0.011666655540466309 0.00891411304473877
0 0.7750000059604645 0.45583468675613403 0.008333325386047363 0.007293343544006348
0 0.8333333283662796 0.45664507150650024 0.013333320617675781 0.00891411304473877
0 0.13041669130325317 0.4505672752857208 0.009166717529296875 0.006482958793640137
0 0.2762500047683716 0.4481361508369446 0.009166717529296875 0.006482958793640137
1 0.0033333301544189453 0.4485413432121277 0.006666660308837891 0.00891411304473877
0 0.07375001907348633 0.44651541113853455 0.009166717529296875 0.00486224889755249
1 0.43708330392837524 0.44611021876335144 0.007500052452087402 0.005672633647918701
0 0.6412500143051147 0.44570502638816833 0.0091666579246521 0.00486224889755249
0 0.4741666913032532 0.44570502638816833 0.011666655540466309 0.008103728294372559
0 0.5208333432674408 0.4440842866897583 0.009999990463256836 0.008103728294372559
1 0.7016666531562805 0.4432739019393921 0.006666660308837891 0.006482958793640137
1 0.38999998569488525 0.4432739019393921 0.009999990463256836 0.00972449779510498
0 0.8387500047683716 0.442868709564209 0.012499988079071045 0.00891411304473877
0 0.6029166579246521 0.44165316224098206 0.007499992847442627 0.008103728294372559
1 0.20541667938232422 0.4436790943145752 0.009166717529296875 0.01377636194229126
0 0.10500001907348633 0.4380064904689789 0.006666660308837891 0.007293343544006348
0 0.16374999284744263 0.4396272301673889 0.00583338737487793 0.010534822940826416
1 0.37833333015441895 0.4404376149177551 0.009999990463256836 0.01377636194229126
0 0.8266666680574417 0.4392220377922058 0.008333325386047363 0.011345207691192627
1 0.5479166805744171 0.4392220377922058 0.0091666579246521 0.012965977191925049
1 0.18333333730697632 0.44246354699134827 0.021666646003723145 0.021069705486297607
1 0.559166669845581 0.43719610571861267 0.008333325386047363 0.010534822940826416
1 0.3570833206176758 0.4396272301673889 0.022500038146972656 0.020259320735931396
1 0.6020833253860474 0.43233388662338257 0.005833327770233154 0.007293343544006348
1 0.8858333304524422 0.43598055839538574 0.01000000536441803 0.014586687088012695
1 0.4987499564886093 0.4380064904689789 0.020833343267440796 0.020259320735931396
0 0.4479166865348816 0.43152350187301636 0.010833382606506348 0.00891411304473877
0 0.6166666746139526 0.43030795454978943 0.006666660308837891 0.006482958793640137
0 0.7849999964237213 0.4294975697994232 0.008333325386047363 0.006482958793640137
1 0.8066666722297668 0.43638575077056885 0.021666675806045532 0.020259320735931396
1 0.5529166758060455 0.4274716377258301 0.007499992847442627 0.004051864147186279
0 0.6887499988079071 0.43030795454978943 0.0091666579246521 0.00972449779510498
0 0.8400000035762787 0.43030795454978943 0.009999990463256836 0.00972449779510498
0 0.8554166704416275 0.4299027621746063 0.0091666579246521 0.00891411304473877
1 0.5449999868869781 0.427066445350647 0.006666660308837891 0.00486224889755249
1 0.5787500143051147 0.42666125297546387 0.007499992847442627 0.004051864147186279
0 0.8287499994039536 0.428687185049057 0.0091666579246521 0.008103728294372559
1 0.7170833349227905 0.42625609040260315 0.005833327770233154 0.00486224889755249
1 0.42624998092651367 0.42625609040260315 0.00583338737487793 0.006482958793640137
1 0.20249998569488525 0.42504051327705383 0.006666660308837891 0.005672633647918701
0 0.24541664123535156 0.4238249659538269 0.00583338737487793 0.00972449779510498
0 0.10541665554046631 0.42179903388023376 0.009166717529296875 0.00891411304473877
0 0.30666667222976685 0.42017829418182373 0.008333325386047363 0.007293343544006348
1 0.4270833134651184 0.4193679094314575 0.00583338737487793 0.005672633647918701
0 0.4545833468437195 0.42139384150505066 0.00583338737487793 0.00972449779510498
0 0.13499999046325684 0.42098864912986755 0.009999990463256836 0.010534822940826416
0 0.43708330392837524 0.4181523621082306 0.007500052452087402 0.006482958793640137
0 0.2991666793823242 0.41653159260749817 0.006666660308837891 0.006482958793640137
0 0.49166667461395264 0.4173419773578644 0.008333325386047363 0.008103728294372559
0 0.7983333319425583 0.41572123765945435 0.008333325386047363 0.006482958793640137
1 0.617083340883255 0.41531604528427124 0.005833327770233154 0.007293343544006348
0 0.7004166543483734 0.41531604528427124 0.005833327770233154 0.007293343544006348
0 0.8104166686534882 0.41531604528427124 0.007499992847442627 0.007293343544006348
0 0.20666664838790894 0.41572123765945435 0.008333325386047363 0.014586687088012695
0 0.8679166734218597 0.4132901132106781 0.007499992847442627 0.00972449779510498
0 0.8520833402872086 0.412884920835495 0.0091666579246521 0.010534822940826416
0 0.3791666626930237 0.412884920835495 0.008333325386047363 0.01377636194229126
1 0.28083330392837524 0.4080227017402649 0.004999995231628418 0.007293343544006348
1 0.007499992847442627 0.40599676966667175 0.008333325386047363 0.008103728294372559
0 0.43708330392837524 0.4039708375930786 0.007500052452087402 0.005672633647918701
1 0.5262500047683716 0.41126418113708496 0.020833313465118408 0.020259320735931396
0 0.8820833340287209 0.4080227017402649 0.009166672825813293 0.01377636194229126
0 0.4925000071525574 0.4039708375930786 0.008333325386047363 0.007293343544006348
1 0.6645833253860474 0.41004863381385803 0.020833313465118408 0.019448935985565186
0 0.6154166758060455 0.40437600016593933 0.0091666579246521 0.00972449779510498
0 0.6991666555404663 0.40437600016593933 0.008333325386047363 0.00972449779510498
1 0.8320833295583725 0.4092382490634918 0.020833343267440796 0.019448935985565186
0 0.7704166620969772 0.40153971314430237 0.007499992847442627 0.005672633647918701
0 0.8095833361148834 0.4035656452178955 0.0091666579246521 0.00972449779510498
0 0.1941666603088379 0.39465153217315674 0.008333325386047363 0.006482958793640137
1 0.004166662693023682 0.3926256000995636 0.008333325386047363 0.004051864147186279
0 0.12250000238418579 0.39424633979797363 0.006666660308837891 0.007293343544006348
0 0.6674999892711639 0.3918152451515198 0.008333325386047363 0.005672633647918701
0 0.44875001907348633 0.39141005277633667 0.009166717529296875 0.006482958793640137
0 0.30916666984558105 0.39141005277633667 0.006666660308837891 0.008103728294372559
0 0.6412500143051147 0.39059966802597046 0.0091666579246521 0.006482958793640137
0 0.833749994635582 0.39059966802597046 0.0091666579246521 0.006482958793640137
0 0.13916665315628052 0.39141005277633667 0.006666660308837891 0.00972449779510498
0 0.3645833134651184 0.39100486040115356 0.009166717529296875 0.00891411304473877
0 0.6012499928474426 0.39019447565078735 0.007499992847442627 0.007293343544006348
0 0.6291666626930237 0.38938412070274353 0.008333325386047363 0.00891411304473877
1 0.37791669368743896 0.3881685435771942 0.004166722297668457 0.008103728294372559
1 0.3929166793823242 0.3881685435771942 0.004166722297668457 0.008103728294372559
0 0.8220833390951157 0.3877633810043335 0.007499992847442627 0.00891411304473877
0 0.09333330392837524 0.38452187180519104 0.006666660308837891 0.00891411304473877
0 0.10916668176651001 0.382901132106781 0.006666660308837891 0.007293343544006348
0 0.19625002145767212 0.3837115168571472 0.007500052452087402 0.010534822940826416
0 0.857083335518837 0.38087520003318787 0.0091666579246521 0.00486224889755249
1 0.5462499856948853 0.3820907473564148 0.0091666579246521 0.00891411304473877
1 0.7150000035762787 0.3816855847835541 0.006666660308837891 0.008103728294372559
0 0.2679166793823242 0.37925446033477783 0.007500052452087402 0.006482958793640137
1 0.3304166793823242 0.3861426115036011 0.020833373069763184 0.020259320735931396
1 0.4979166239500046 0.38492706418037415 0.020833343267440796 0.019448935985565186
0 0.6004166603088379 0.37925446033477783 0.005833327770233154 0.008103728294372559
1 0.6704166531562805 0.3784440755844116 0.005833327770233154 0.006482958793640137
0 0.8362500071525574 0.3784440755844116 0.005833327770233154 0.008103728294372559
1 0.6904166638851166 0.3833063244819641 0.020833313465118408 0.019448935985565186
1 0.7737500071525574 0.3833063244819641 0.020833343267440796 0.019448935985565186
1 0.21958333253860474 0.37560778856277466 0.00583338737487793 0.007293343544006348
0 0.8229166716337204 0.37560778856277466 0.0091666579246521 0.007293343544006348
1 0.3958333134651184 0.37520259618759155 0.004999995231628418 0.00972449779510498
1 0.18166667222976685 0.3731766641139984 0.006666660308837891 0.007293343544006348
1 0.43458330631256104 0.36912479996681213 0.007500052452087402 0.005672633647918701
1 0.1966666579246521 0.3679092526435852 0.013333320617675781 0.006482958793640137
1 0.3412500023841858 0.367098867893219 0.004166722297668457 0.008103728294372559
0 0.008333325386047363 0.36021068692207336 0.006666660308837891 0.00891411304473877
1 0.013333320617675781 0.3508914113044739 0.008333325386047363 0.00486224889755249
0 0.2212499976158142 0.35048621892929077 0.00583338737487793 0.010534822940826416
0 0.8058333396911621 0.3472447395324707 0.008333325386047363 0.004051864147186279
1 0.42500001192092896 0.34846028685569763 0.006666660308837891 0.008103728294372559
0 0.32499998807907104 0.33995136618614197 0.006666660308837891 0.007293343544006348
0 0.3516666889190674 0.33873581886291504 0.006666660308837891 0.006482958793640137
0 0.44999998807907104 0.33873581886291504 0.006666660308837891 0.006482958793640137
1 0.21083331108093262 0.33833062648773193 0.004999995231628418 0.007293343544006348
1 0.2254166603088379 0.33873581886291504 0.004166722297668457 0.008103728294372559
0 0.53125 0.33833062648773193 0.005833327770233154 0.007293343544006348
0 0.6654166579246521 0.33873581886291504 0.0091666579246521 0.008103728294372559
0 0.6808333396911621 0.33833062648773193 0.008333325386047363 0.007293343544006348
0 0.8016666620969772 0.3375202715396881 0.008333325386047363 0.007293343544006348
1 0.38875001668930054 0.3363046944141388 0.004166722297668457 0.008103728294372559
1 0.9916666659992188 0.33468395471572876 0.005000000353902578 0.008103728294372559
1 0.1629166603088379 0.3318476378917694 0.007500052452087402 0.004051864147186279
0 0.23541665077209473 0.3310372829437256 0.00583338737487793 0.007293343544006348
1 0.5554166734218597 0.3326580226421356 0.0091666579246521 0.010534822940826416
1 0.13458335399627686 0.3358995020389557 0.020833373069763184 0.020259320735931396
0 0.24458330869674683 0.32901135087013245 0.009166717529296875 0.008103728294372559
1 0.2762500047683716 0.33427876234054565 0.020833373069763184 0.018638551235198975
1 0.9958333331160247 0.3269854187965393 0.008333333767950535 0.004051864147186279
0 0.19583332538604736 0.3273906111717224 0.009999990463256836 0.006482958793640137
0 0.3675000071525574 0.32982170581817627 0.008333325386047363 0.011345207691192627
1 0.4700000286102295 0.33346840739250183 0.021666646003723145 0.018638551235198975
0 0.5170833468437195 0.32779577374458313 0.005833327770233154 0.007293343544006348
1 0.632916659116745 0.3326580226421356 0.02249997854232788 0.018638551235198975
1 0.1837499737739563 0.32374390959739685 0.007500052452087402 0.004051864147186279
0 0.7629166692495346 0.32455429434776306 0.007499992847442627 0.005672633647918701
1 0.8233333379030228 0.3310372829437256 0.02000001072883606 0.018638551235198975
1 0.20458334684371948 0.32455429434776306 0.004166722297668457 0.007293343544006348
0 0.32208335399627686 0.3221231698989868 0.00583338737487793 0.00891411304473877
1 0.00875002145767212 0.3200972378253937 0.00583338737487793 0.006482958793640137
0 0.13041669130325317 0.3164505660533905 0.007500052452087402 0.005672633647918701
0 0.4483333230018616 0.31482982635498047 0.008333325386047363 0.005672633647918701
1 0.11624997854232788 0.31442463397979736 0.00583338737487793 0.006482958793640137
0 0.3541666865348816 0.31442463397979736 0.008333325386047363 0.006482958793640137
0 0.10124999284744263 0.3152350187301636 0.009166717529296875 0.00972449779510498
0 0.5979166626930237 0.31361424922943115 0.007499992847442627 0.006482958793640137
0 0.8525000065565109 0.31320908665657043 0.008333325386047363 0.005672633647918701
0 0.34041666984558105 0.31320908665657043 0.00583338737487793 0.007293343544006348
0 0.43666666746139526 0.31401944160461426 0.008333325386047363 0.00891411304473877
0 0.6083333194255829 0.31401944160461426 0.011666655540466309 0.00891411304473877
0 0.6254166662693024 0.31320908665657043 0.0091666579246521 0.007293343544006348
0 0.6370833218097687 0.31361424922943115 0.007499992847442627 0.008103728294372559
1 0.550000011920929 0.311588317155838 0.008333325386047363 0.005672633647918701
1 0.7737500071525574 0.311588317155838 0.005833327770233154 0.007293343544006348
1 0.870416671037674 0.30915722250938416 0.004166662693023682 0.007293343544006348
0 0.7583333402872086 0.3095623850822449 0.006666660308837891 0.00972449779510498
1 0.39416664838790894 0.307131290435791 0.004999995231628418 0.006482958793640137
1 0.543749988079071 0.3051053583621979 0.005833327770233154 0.005672633647918701
1 0.554583340883255 0.307131290435791 0.0091666579246521 0.00972449779510498
1 0.10083335638046265 0.30429497361183167 0.006666660308837891 0.005672633647918701
0 0.15666669607162476 0.3059157133102417 0.006666660308837891 0.00891411304473877
1 0.19333332777023315 0.3095623850822449 0.021666646003723145 0.019448935985565186
0 0.34041666984558105 0.30348458886146545 0.00583338737487793 0.007293343544006348
1 0.8733333386480808 0.30470016598701477 0.009999997913837433 0.00972449779510498
0 0.43708330392837524 0.3018638491630554 0.007500052452087402 0.005672633647918701
1 0.49666666984558105 0.30834683775901794 0.019999980926513672 0.018638551235198975
1 0.71875 0.30388978123664856 0.007499992847442627 0.00972449779510498
0 0.3675000071525574 0.30267423391342163 0.008333325386047363 0.00891411304473877
0 0.4024999737739563 0.3002431094646454 0.008333325386047363 0.004051864147186279
0 0.4633333086967468 0.3022690415382385 0.008333325386047363 0.008103728294372559
0 0.6366666555404663 0.3018638491630554 0.008333325386047363 0.007293343544006348
1 0.4154166579246521 0.2998379170894623 0.009166717529296875 0.00486224889755249
0 0.5987499952316284 0.3010534942150116 0.0091666579246521 0.007293343544006348
1 0.030833303928375244 0.3006483018398285 0.006666660308837891 0.008103728294372559
0 0.7604166716337204 0.2998379170894623 0.0091666579246521 0.006482958793640137
1 0.7937500029802322 0.3059157133102417 0.020833343267440796 0.018638551235198975
0 0.8270833343267441 0.3006483018398285 0.007499992847442627 0.008103728294372559
0 0.853750005364418 0.3006483018398285 0.0091666579246521 0.00972449779510498
0 0.8166666626930237 0.29821717739105225 0.009999990463256836 0.006482958793640137
1 0.022916674613952637 0.291329026222229 0.00583338737487793 0.005672633647918701
0 0.10500001907348633 0.2917341887950897 0.008333325386047363 0.006482958793640137
1 0.1445833444595337 0.2905186414718628 0.007500052452087402 0.005672633647918701
0 0.36541664600372314 0.2909238338470459 0.009166717529296875 0.006482958793640137
0 0.4912499785423279 0.2905186414718628 0.009166717529296875 0.007293343544006348
1 0.11833333969116211 0.28889790177345276 0.006666660308837891 0.007293343544006348
1 0.543749988079071 0.28768232464790344 0.0091666579246521 0.00486224889755249
1 0.26208335161209106 0.28849270939826965 0.004166722297668457 0.008103728294372559
1 0.2862499952316284 0.28808751702308655 0.00583338737487793 0.007293343544006348
0 0.664166659116745 0.28768232464790344 0.006666660308837891 0.006482958793640137
0 0.2554166913032532 0.28808751702308655 0.00583338737487793 0.00891411304473877
0 0.6500000059604645 0.28768232464790344 0.008333325386047363 0.008103728294372559
1 0.022916674613952637 0.2848460376262665 0.00583338737487793 0.005672633647918701
1 0.8533333390951157 0.2852512300014496 0.004999995231628418 0.006482958793640137
1 0.9879166670143604 0.2844408452510834 0.007500000298023224 0.00486224889755249
1 0.3945833444595337 0.2852512300014496 0.004166722297668457 0.008103728294372559
0 0.839166671037674 0.2860615849494934 0.009999990463256836 0.00972449779510498
0 0.7995833307504654 0.2844408452510834 0.005833327770233154 0.00972449779510498
1 0.22624999284744263 0.28403565287590027 0.009166717529296875 0.012155592441558838
1 0.3816666603088379 0.28363046050071716 0.006666660308837891 0.012965977191925049
1 0.5537500083446503 0.28200972080230713 0.0091666579246521 0.00972449779510498
1 0.5433333218097687 0.27876824140548706 0.008333325386047363 0.00486224889755249
0 0.11874997615814209 0.27876824140548706 0.00583338737487793 0.006482958793640137
0 0.13291668891906738 0.27836304903030396 0.007500052452087402 0.005672633647918701
0 0.17416667938232422 0.27876824140548706 0.006666660308837891 0.008103728294372559
1 0.33375000953674316 0.28403565287590027 0.020833373069763184 0.018638551235198975
1 0.46958333253860474 0.28363046050071716 0.020833373069763184 0.01782822608947754
0 0.6108333468437195 0.27836304903030396 0.006666660308837891 0.007293343544006348
1 0.6637499928474426 0.27836304903030396 0.005833327770233154 0.007293343544006348
1 0.6833333373069763 0.28241491317749023 0.019999980926513672 0.018638551235198975
0 0.6008333265781403 0.2747163772583008 0.008333325386047363 0.00486224889755249
0 0.6508333384990692 0.2759319245815277 0.008333325386047363 0.007293343544006348
1 0.7641666680574417 0.281604528427124 0.02000001072883606 0.018638551235198975
0 0.8520833402872086 0.2755267322063446 0.005833327770233154 0.006482958793640137
0 0.8387500047683716 0.2747163772583008 0.0091666579246521 0.008103728294372559
0 0.02499997615814209 0.2698541283607483 0.006666660308837891 0.006482958793640137
0 0.11000001430511475 0.26742300391197205 0.008333325386047363 0.00486224889755249
0 0.11874997615814209 0.2653970718383789 0.007500052452087402 0.005672633647918701
0 0.19291669130325317 0.2662074565887451 0.01250004768371582 0.007293343544006348
1 0.20416665077209473 0.2645867168903351 0.006666660308837891 0.005672633647918701
0 0.4637500047683716 0.2649919092655182 0.007500052452087402 0.006482958793640137
0 0.3675000071525574 0.2645867168903351 0.008333325386047363 0.007293343544006348
0 0.4766666889190674 0.2645867168903351 0.006666660308837891 0.007293343544006348
1 0.6095833480358124 0.26337113976478577 0.005833327770233154 0.006482958793640137
0 0.8395833373069763 0.26296597719192505 0.012499988079071045 0.007293343544006348
0 0.7683333307504654 0.26256078481674194 0.008333325386047363 0.008103728294372559
0 0.1770833134651184 0.2613452076911926 0.00583338737487793 0.010534822940826416
0 0.2616666555404663 0.25769853591918945 0.008333325386047363 0.008103728294372559
0 0.3824999928474426 0.2560777962207794 0.008333325386047363 0.008103728294372559
0 0.12166666984558105 0.2556726038455963 0.006666660308837891 0.010534822940826416
0 0.3687499761581421 0.2540518641471863 0.00583338737487793 0.007293343544006348
1 0.4958333373069763 0.2593192756175995 0.019999980926513672 0.01782822608947754
1 0.3345833420753479 0.2589141055941582 0.020833373069763184 0.01863856613636017
0 0.5291666686534882 0.2536466717720032 0.008333325386047363 0.008103728294372559
0 0.5958333313465118 0.25243113189935684 0.006666660308837891 0.005672618746757507
1 0.24500000476837158 0.2540518566966057 0.008333325386047363 0.01053483784198761
1 0.6816666722297668 0.25810372084379196 0.019999980926513672 0.01863856613636017
0 0.606249988079071 0.25121553987264633 0.0091666579246521 0.006482973694801331
0 0.7541666626930237 0.25202593207359314 0.006666660308837891 0.008103728294372559
0 0.767916664481163 0.25162073969841003 0.007499992847442627 0.007293343544006348
1 0.815833330154419 0.2568881884217262 0.02000001072883606 0.017828211188316345
1 0.8487499952316284 0.25121553987264633 0.005833327770233154 0.006482973694801331
1 0.019999980926513672 0.24675850570201874 0.008333325386047363 0.0056726038455963135
1 0.0274999737739563 0.24797407537698746 0.008333325386047363 0.009724482893943787
0 0.4633333086967468 0.24108590185642242 0.008333325386047363 0.007293343544006348
0 0.2737500071525574 0.2398703396320343 0.007500052452087402 0.006482988595962524
0 0.8187499940395355 0.23905996978282928 0.007499992847442627 0.00486224889755249
1 0.02916663885116577 0.23784440755844116 0.006666660308837891 0.004051864147186279
0 0.11000001430511475 0.2402755320072174 0.011666655540466309 0.00891411304473877
0 0.12166666984558105 0.2398703396320343 0.008333325386047363 0.008103728294372559
0 0.43666666746139526 0.2402755320072174 0.008333325386047363 0.00891411304473877
0 0.6333333253860474 0.2394651472568512 0.008333325386047363 0.007293343544006348
0 0.31458336114883423 0.2394651472568512 0.009166717529296875 0.00891411304473877
0 0.36916667222976685 0.23905996978282928 0.006666660308837891 0.008103728294372559
0 0.7645833343267441 0.23905996978282928 0.010833323001861572 0.008103728294372559
0 0.5300000011920929 0.23824959993362427 0.006666660308837891 0.008103728294372559
1 0.6725000143051147 0.23784440755844116 0.004999995231628418 0.007293343544006348
1 0.7795833349227905 0.23743921518325806 0.005833327770233154 0.006482988595962524
1 0.7012499868869781 0.23541328310966492 0.004166662693023682 0.0056726038455963135
1 0.9900000004563481 0.23379254341125488 0.004999999422580004 0.007293343544006348
0 0.08625000715255737 0.23217180371284485 0.00583338737487793 0.007293343544006348
1 0.005416691303253174 0.2297406792640686 0.010833382606506348 0.0056726038455963135
1 0.029999971389770508 0.23055104911327362 0.006666660308837891 0.007293343544006348
0 0.2737500071525574 0.2293354868888855 0.007500052452087402 0.006482988595962524
1 0.49541662633419037 0.235008105635643 0.019166678190231323 0.01782819628715515
1 0.17083334922790527 0.235008105635643 0.021666646003723145 0.019448935985565186
0 0.20499998331069946 0.22852511703968048 0.006666660308837891 0.006482988595962524
1 0.3345833420753479 0.2346029132604599 0.020833373069763184 0.018638581037521362
1 0.6541666686534882 0.234197735786438 0.019999980926513672 0.01782819628715515
0 0.6875 0.23055104911327362 0.008333325386047363 0.010534852743148804
1 0.11083334684371948 0.22730956971645355 0.008333325386047363 0.0056726038455963135
0 0.1379166841506958 0.22730956971645355 0.009166717529296875 0.007293343544006348
0 0.2854166626930237 0.22690437734127045 0.009166717529296875 0.006482988595962524
0 0.31208330392837524 0.22811993956565857 0.01250004768371582 0.00891411304473877
1 0.4024999737739563 0.22568881511688232 0.008333325386047363 0.004051864147186279
1 0.4283333420753479 0.22568881511688232 0.006666660308837891 0.004051864147186279
0 0.6745833456516266 0.22811993956565857 0.0091666579246521 0.00891411304473877
0 0.7541666626930237 0.22730956971645355 0.008333325386047363 0.007293343544006348
1 0.5091666579246521 0.2248784452676773 0.006666660308837891 0.004051864147186279
1 0.5845833420753479 0.2248784452676773 0.007499992847442627 0.004051864147186279
1 0.8400000035762787 0.23176661133766174 0.02000001072883606 0.01782819628715515
1 0.9670833349227905 0.22325770556926727 0.007500000298023224 0.004051864147186279
1 0.21958333253860474 0.21677471697330475 0.004166722297668457 0.007293343544006348
1 0.6812500059604645 0.2139384150505066 0.005833327770233154 0.006482988595962524
1 0.17166668176651 0.2139384150505066 0.009999990463256836 0.008103728294372559
1 0.3583333492279053 0.2139384150505066 0.004999995231628418 0.008103728294372559
1 0.6741666793823242 0.21312804520130157 0.004999995231628418 0.008103728294372559
1 0.007916688919067383 0.2098865509033203 0.007500052452087402 0.00486224889755249
1 0.8400000035762787 0.21150729060173035 0.004999995231628418 0.008103728294372559
1 0.021666646003723145 0.20826579630374908 0.006666660308837891 0.00486224889755249
1 0.49791663885116577 0.2098865509033203 0.004166722297668457 0.008103728294372559
0 0.5191666781902313 0.21191248297691345 0.008333325386047363 0.012155592441558838
1 0.11541664600372314 0.21110211312770844 0.007500052452087402 0.012155592441558838
1 0.2854166626930237 0.2090761810541153 0.00583338737487793 0.008103728294372559
0 0.36374998092651367 0.21150729060173035 0.007500052452087402 0.012965977191925049
1 0.651666671037674 0.21150729060173035 0.009999990463256836 0.012965977191925049
0 0.14375001192092896 0.20786061882972717 0.010833382606506348 0.007293343544006348
0 0.8345833271741867 0.2094813585281372 0.007499992847442627 0.013776332139968872
1 0.24916666746139526 0.1989465206861496 0.008333325386047363 0.004051864147186279
1 0.18916666507720947 0.19651539623737335 0.004999995231628418 0.0056726038455963135
1 0.011666655540466309 0.1932739019393921 0.008333325386047363 0.004051864147186279
1 0.32875001430511475 0.1944894641637802 0.004166722297668457 0.008103728294372559
1 0.3958333134651184 0.19084279239177704 0.008333325386047363 0.004051864147186279
0 0.09624999761581421 0.19246353209018707 0.00583338737487793 0.00891411304473877
1 0.9866666663438082 0.1892220377922058 0.0066666677594184875 0.004051864147186279
0 0.4491666555404663 0.1892220377922058 0.008333325386047363 0.0056726038455963135
1 0.2591666579246521 0.18557536602020264 0.004999995231628418 0.009724467992782593
1 0.25291669368743896 0.1831442415714264 0.004166722297668457 0.008103728294372559
1 0.96875 0.18233387172222137 0.007500000298023224 0.006482988595962524
1 0.20458334684371948 0.18233387172222137 0.00583338737487793 0.009724467992782593
1 0.18583333492279053 0.17706644535064697 0.004999995231628418 0.00891411304473877
0 0.7054166793823242 0.17625607550144196 0.007499992847442627 0.007293343544006348
1 0.7874999940395355 0.17706644535064697 0.004999995231628418 0.00891411304473877
0 0.17166668176651 0.17706644535064697 0.006666660308837891 0.010534852743148804
1 0.3516666889190674 0.1738249659538269 0.008333325386047363 0.007293343544006348
1 0.5066666603088379 0.1730145812034607 0.004999995231628418 0.0056726038455963135
1 0.621666669845581 0.17625607550144196 0.006666660308837891 0.012155592441558838
1 0.6766666769981384 0.17585089802742004 0.006666660308837891 0.011345207691192627
1 0.9883333335164934 0.17220421135425568 0.008333333302289248 0.004051864147186279
1 0.14208334684371948 0.17179903388023376 0.00583338737487793 0.00486224889755249
0 0.19583332538604736 0.17544570565223694 0.008333325386047363 0.012155592441558838
1 0.6349999904632568 0.17544570565223694 0.009999990463256836 0.012155592441558838
0 0.6591666638851166 0.17544570565223694 0.008333325386047363 0.012155592441558838
1 0.7650000005960464 0.17544570565223694 0.009999990463256836 0.012155592441558838
1 0.9541666656732559 0.17139384150505066 0.0066666677594184875 0.004051864147186279
1 0.817083328962326 0.17220421135425568 0.004166662693023682 0.007293343544006348
1 0.994583333376795 0.16450567543506622 0.010833333246409893 0.006482988595962524
1 0.026666641235351562 0.16085898876190186 0.008333325386047363 0.004051864147186279
1 0.49041664600372314 0.15721231698989868 0.007500052452087402 0.00486224889755249
0 0.5104166567325592 0.15721231698989868 0.007499992847442627 0.00486224889755249
1 0.9670833358541131 0.1576175093650818 0.010833332315087318 0.0056726038455963135
0 0.45625001192092896 0.15680712461471558 0.00583338737487793 0.00891411304473877
1 0.9824999994598329 0.15437601506710052 0.010000000707805157 0.0056726038455963135
1 0.004166662693023682 0.14586709439754486 0.008333325386047363 0.00486224889755249
1 0.8183333277702332 0.1381685584783554 0.008333325386047363 0.004051864147186279
1 0.8662499934434891 0.13654781877994537 0.005833327770233154 0.004051864147186279
1 0.9958333331160247 0.13411669433116913 0.008333333767950535 0.004051864147186279
1 0.016250014305114746 0.13128039240837097 0.00583338737487793 0.006482988595962524
1 0.5979166626930237 0.13006483018398285 0.005833327770233154 0.004051864147186279
0 0.637499988079071 0.12965963780879974 0.008333325386047363 0.00486224889755249
1 0.6845833361148834 0.13047002255916595 0.004166662693023682 0.006482988595962524
1 0.699999988079071 0.12925446033477783 0.008333325386047363 0.004051864147186279
1 0.25083333253860474 0.12965963780879974 0.006666660308837891 0.006482988595962524
1 0.1587499976158142 0.1280388981103897 0.009166717529296875 0.00486224889755249
1 0.29124999046325684 0.12601296603679657 0.00583338737487793 0.0056726038455963135
1 0.3295833468437195 0.12641815841197968 0.00583338737487793 0.006482988595962524
1 0.807916671037674 0.1268233321607113 0.007499992847442627 0.007293350994586945
1 0.8008333295583725 0.12641815841197968 0.004999995231628418 0.008103728294372559
1 0.12291663885116577 0.12398703768849373 0.007500052452087402 0.004862241446971893
1 0.18958336114883423 0.12560777738690376 0.01250004768371582 0.012965969741344452
1 0.9812499992549419 0.12155591696500778 0.007500000298023224 0.004862233996391296
1 0.45916664600372314 0.11466774344444275 0.008333325386047363 0.004051864147186279
1 0.996666666585952 0.11345218867063522 0.006666666828095913 0.003241494297981262
1 0.9874999998137355 0.1126418188214302 0.00833333469927311 0.004862233996391296
1 0.3016666769981384 0.10899513959884644 0.009999990463256836 0.0056726038455963135
1 0.3579166531562805 0.10858995467424393 0.007500052452087402 0.006482988595962524
1 0.20999997854232788 0.1069692075252533 0.006666660308837891 0.004862233996391296
1 0.28416669368743896 0.10818476229906082 0.009999990463256836 0.0072933584451675415
1 0.18958336114883423 0.10615883022546768 0.009166717529296875 0.004862233996391296
1 0.19708335399627686 0.1069692075252533 0.004166722297668457 0.008103728294372559
1 0.5525000095367432 0.10008103400468826 0.006666660308837891 0.0056726038455963135
1 0.6129166781902313 0.09967584908008575 0.005833327770233154 0.006482988595962524
1 0.5441666543483734 0.10048622637987137 0.006666660308837891 0.009724467992782593
1 0.601666659116745 0.09967584908008575 0.006666660308837891 0.008103728294372559
1 0.7737500071525574 0.09927066415548325 0.007499992847442627 0.0072933584451675415
1 0.7433333396911621 0.09886547923088074 0.006666660308837891 0.008103728294372559
1 0.014166653156280518 0.09643436223268509 0.006666660308837891 0.006482988595962524
1 0.45749998092651367 0.09521880000829697 0.006666660308837891 0.004051864147186279
1 0.5566666722297668 0.09562398493289948 0.008333325386047363 0.004862233996391296
1 0.7929166704416275 0.09764991700649261 0.007499992847442627 0.008914098143577576
1 0.59375 0.09602916985750198 0.005833327770233154 0.0072933584451675415
1 0.65625 0.09440843015909195 0.007499992847442627 0.004051864147186279
0 0.2629166841506958 0.09440843015909195 0.010833382606506348 0.0056726038455963135
0 0.28125 0.09440843015909195 0.00583338737487793 0.0072933584451675415
0 0.29666668176651 0.09359805285930634 0.006666660308837891 0.0072933584451675415
1 0.31708335876464844 0.09278768301010132 0.00583338737487793 0.0056726038455963135
1 0.15583330392837524 0.09238249808549881 0.006666660308837891 0.006482988595962524
1 0.23666667938232422 0.09319286793470383 0.006666660308837891 0.008103728294372559
1 0.14791667461395264 0.0919773131608963 0.007500052452087402 0.0072933584451675415
1 0.25291669368743896 0.08995138108730316 0.007500052452087402 0.004862233996391296
1 0.6820833384990692 0.09076175093650818 0.004166662693023682 0.008103728294372559
1 0.8341666609048843 0.08711507171392441 0.008333325386047363 0.004051864147186279
1 0.8862499967217445 0.08752025663852692 0.009166672825813293 0.008103728294372559
1 0.33791667222976685 0.08103727549314499 0.00583338737487793 0.006482988595962524
0 0.2512500286102295 0.08063209056854248 0.00583338737487793 0.0072933584451675415
0 0.2866666913032532 0.08103727549314499 0.008333325386047363 0.008103728294372559
1 0.9833333324640989 0.08022690564393997 0.004999998956918716 0.006482988595962524
0 0.21125000715255737 0.08022690564393997 0.004166722297668457 0.008103728294372559
1 0.4137499928474426 0.08063209056854248 0.007500052452087402 0.008914098143577576
1 0.5625 0.0765802264213562 0.008333325386047363 0.004051864147186279
1 0.47208333015441895 0.07333873212337494 0.00583338737487793 0.0072933584451675415
1 0.30000001192092896 0.0717179924249649 0.006666660308837891 0.0056726038455963135
1 0.8408333361148834 0.0713128075003624 0.008333325386047363 0.008103728294372559
1 0.8637499958276749 0.07009724527597427 0.005833327770233154 0.010534852743148804
1 0.2537500262260437 0.06766612827777863 0.00583338737487793 0.0072933584451675415
1 0.3812500238418579 0.066045381128788 0.007500052452087402 0.004051864147186279
1 0.5845833420753479 0.06847649812698364 0.005833327770233154 0.008914098143577576
1 0.8516666740179062 0.06969206035137177 0.009999990463256836 0.01134522259235382
0 0.5220833420753479 0.059967584908008575 0.007499992847442627 0.004862233996391296
1 0.5895833373069763 0.05956239998340607 0.007499992847442627 0.004051864147186279
1 0.9904166664928198 0.059967584908008575 0.007500000298023224 0.004862233996391296
1 0.3125 0.055915720760822296 0.006666660308837891 0.0064829811453819275
1 0.18958336114883423 0.05510534718632698 0.00583338737487793 0.0064829811453819275
1 0.32875001430511475 0.055915720760822296 0.007500052452087402 0.008103728294372559
1 0.4141666889190674 0.05551053583621979 0.006666660308837891 0.0072933584451675415
0 0.25041669607162476 0.05510534718632698 0.00583338737487793 0.008103728294372559
0 0.5387499928474426 0.05267423018813133 0.007499992847442627 0.0064829811453819275
1 0.9916666659992188 0.04902755096554756 0.008333334233611822 0.004051864147186279
1 0.7162500023841858 0.04902755096554756 0.005833327770233154 0.00567261129617691
1 0.8412500023841858 0.036466773599386215 0.007499992847442627 0.004862233996391296
1 0.7512499988079071 0.0356564037501812 0.007499992847442627 0.00972447544336319
1 0.742083340883255 0.03525121510028839 0.010833323001861572 0.010534845292568207
1 0.8583333343267441 0.0344408405944705 0.006666660308837891 0.008914100006222725
1 0.6225000023841858 0.034440841525793076 0.006666660308837891 0.010534845292568207
1 0.3824999928474426 0.03079416509717703 0.006666660308837891 0.004862235859036446
0 0.6941666603088379 0.031199350953102112 0.006666660308837891 0.00567261129617691
0 0.34958332777023315 0.03160453960299492 0.007500052452087402 0.008103728294372559
1 0.39125001430511475 0.030388979241251945 0.009166717529296875 0.005672607570886612
0 0.2162500023841858 0.030794166028499603 0.009166717529296875 0.008103728294372559
1 0.26999998092651367 0.03160453960299492 0.006666660308837891 0.00972447544336319
1 0.3229166865348816 0.030794166028499603 0.004166722297668457 0.008103728294372559
1 0.6574999988079071 0.03282009903341532 0.008333325386047363 0.01377633772790432
1 0.5916666686534882 0.028363047167658806 0.008333325386047363 0.011345218867063522
1 0.19041669368743896 0.018638573586940765 0.00583338737487793 0.0064829811453819275
1 0.3412500023841858 0.019043760374188423 0.00583338737487793 0.007293354719877243
1 0.23333334922790527 0.0178282018750906 0.006666660308837891 0.0064829811453819275
0 0.1808333396911621 0.018233386799693108 0.008333325386047363 0.008914101868867874
0 0.24250000715255737 0.0178282018750906 0.006666660308837891 0.008103728294372559
1 0.31208330392837524 0.0178282018750906 0.007500052452087402 0.008103728294372559
1 0.39791667461395264 0.018233386799693108 0.00583338737487793 0.008914101868867874
0 0.28416669368743896 0.017828201409429312 0.006666660308837891 0.009724472649395466
1 0.012083351612091064 0.012155591510236263 0.009166717529296875 0.004862235859036446
1 0.02249997854232788 0.007698541507124901 0.006666660308837891 0.004051864147186279
1 0.31833332777023315 0.00243111839517951 0.008333325386047363 0.00486223679035902
1 0.34666669368743896 0.00243111839517951 0.006666660308837891 0.00486223679035902
1 0.3545833230018616 0.00243111839517951 0.007500052452087402 0.00486223679035902
1 0.3829166889190674 0.003241491038352251 0.004166722297668457 0.006482982076704502
