1 0.40942449337206854 0.9895513160520646 0.010082272106445245 0.007293026952676418
1 0.9630663018472045 0.99734269893091 0.015929686292569967 0.005314602138180136
1 0.006180038971399721 0.9356430291521787 0.011426325746994 0.011808011303938604
1 0.590843922032096 0.9622037824280227 0.011291985201108301 0.009585147521481097
1 0.05047602999061916 0.9262273721787224 0.012367528531530857 0.009654533839432933
1 0.22534429097609088 0.9358350020976373 0.011224907755092911 0.008473780875778658
1 0.4158071717699977 0.9464486846950071 0.022584096567232925 0.019170421696223294
1 0.906231759540054 0.9780873508610984 0.027423208463256632 0.0283392762556407
1 0.8745047556940774 0.9760405528249367 0.028498647688211642 0.028408655857456666
1 0.8428112644203587 0.9734380062203976 0.02749035258544985 0.029450765716812155
1 0.8116555486542866 0.9708702127433966 0.027423208463256632 0.02833927625564081
1 0.6868984117202901 0.9628217798023819 0.027423208463256632 0.02833927625564081
1 0.534245627222699 0.9518579589726044 0.027423208463256743 0.0283392762556407
1 0.4434000897741126 0.9454394076241162 0.026280572814609104 0.02715852233253857
1 0.26547320448004863 0.9328450836391365 0.022919795616181127 0.024727512069049107
1 0.4740851967118115 0.9468610794089801 0.025272211035669512 0.028200509376425043
1 0.35416777424546697 0.9391248700273049 0.026347709749463155 0.02826989281603287
1 0.29501567217543023 0.9353088019567255 0.026347709749463044 0.02826989281603287
1 0.1767450662472032 0.9271209824927151 0.02628054307018976 0.02715852041364275
1 0.14716901521218484 0.9252129484574254 0.025205044356396172 0.02708913697403459
1 0.08855467737125461 0.9214315730660977 0.026280543070189788 0.02715852041364264
1 0.01417659044434485 0.9015705447242994 0.0059145808653980995 0.009238236080129414
1 0.22819897137349593 0.906451697562463 0.011426325746993982 0.011808011303938715
1 0.42239252919825343 0.9178639074402075 0.010753670204341703 0.018407207698328043
1 0.22826548317964157 0.8964141955805016 0.010082272106445328 0.00729302695267664
1 0.6028396830299495 0.9244841632009915 0.011896246364150542 0.019587957783638532
1 0.8125271703818364 0.9385696018992815 0.027423208463256632 0.0283392762556407
1 0.26735312849769943 0.9017252228803316 0.022919795616181182 0.024727512069048885
1 0.09100590805907202 0.8897907180657637 0.022852651245222316 0.02361614110583088
1 0.688374893588841 0.929444428786842 0.026347650260624467 0.028269888978240787
1 0.6270718238356363 0.9254895957559425 0.026347650260624467 0.028269888978240898
1 0.5361926881752037 0.9196267277303054 0.025272211035669345 0.02820050937642493
1 0.5055411830430208 0.9176493131337515 0.02634765026062441 0.02826988897824101
1 0.4754608952233635 0.9151508388102803 0.026280543070189677 0.02715852041364275
1 0.44534715432028704 0.9132081168929783 0.026280572814609104 0.02715852233253857
1 0.32704295018021357 0.9055759807518192 0.026280572814608993 0.02715852233253857
1 0.2969291646605081 0.9036332559561735 0.02628057281460905 0.02715852233253857
1 0.1496202570541595 0.8935720941766774 0.02419671232187584 0.028131125936816992
1 0.09661711564601985 0.8683955148864908 0.011224907755092897 0.00847378087577877
1 0.2312215310397944 0.8742898497597718 0.00927532831940675 0.011669244424722947
1 0.24150584986051876 0.8738375586259222 0.01048510809024747 0.013961487808996642
1 0.24200940202761062 0.8655018635778449 0.010149409041299268 0.00840439743617083
1 0.7776382960334907 0.8994989355334497 0.010350827033200338 0.011738627864330886
1 0.9075043049335225 0.9123400017240435 0.026347650260624578 0.028269888978240787
1 0.29941397496990974 0.8714367164336783 0.02291979561618107 0.024727512069049107
1 0.18110980057425569 0.8638045822114151 0.0229197956161811 0.024727512069049107
1 0.8758108731486425 0.9097374589572961 0.02749035258544985 0.029450765716812155
0 0.8446551573825702 0.9071696654802953 0.02957420589084403 0.02847804313485658
1 0.6892464558275522 0.8971438141049348 0.026347650260624356 0.02826988897824101
1 0.6591326703078466 0.8952010893092892 0.026347650260624467 0.02826988897824112
1 0.5376020295152311 0.8873608066870982 0.026347650260624356 0.02826988897824101
1 0.5074882439955256 0.8854180818914524 0.026347650260624522 0.02826988897824112
1 0.47740795617586834 0.882919607567981 0.026280543070189788 0.02715852041364264
1 0.3585660770399465 0.8752527845042579 0.02520507410081546 0.02708913889293052
1 0.2693001894502043 0.8694939916380325 0.02520507410081546 0.02708913889293063
1 0.12195771337642863 0.8599885151002835 0.02520504435639613 0.0270891369740347
1 0.42638736009921363 0.8517343297415293 0.010686533269487819 0.017295837214833742
1 0.7788125878316818 0.8711229858111964 0.011896246364150653 0.019587957783638532
1 0.6062967348295936 0.8583198918636132 0.010753670204341814 0.018407207698328154
1 0.2717178592310824 0.8384088820878703 0.02184429690238754 0.024658128629441167
1 0.15395141932011544 0.8308114386259631 0.022919795616181127 0.024727512069049107
1 0.6298568785594254 0.8615134350734834 0.026280513325770527 0.02715851849474682
1 0.539515522000309 0.8556852606865462 0.026280513325770305 0.02715851849474682
1 0.5094017364806034 0.8537425358909005 0.026280513325770527 0.02715851849474682
1 0.4491741356967731 0.849857084380713 0.026280572814609104 0.02715852233253857
1 0.33086993155669975 0.8422249482395539 0.026280572814609104 0.02715852233253857
1 0.3007561460369942 0.8402822234439081 0.026280572814609104 0.02715852233253857
1 0.18352747035513378 0.8327194726612528 0.02628054307018976 0.02715852041364264
1 0.12491311764199389 0.8289380963104772 0.02520504435639616 0.0270891369740347
1 0.9079052916819493 0.878893207780057 0.027423208463256632 0.0283392762556407
1 0.8767160074484501 0.8768810995448032 0.02742320846325652 0.0283392762556407
1 0.8143374389814519 0.872856883074296 0.027423208463256632 0.0283392762556407
1 0.7213073058934321 0.8668552481694429 0.026347650260624356 0.02826988897824101
1 0.6600042361402275 0.8629004151385435 0.026347650260624356 0.02826988897824101
1 0.36047956952502436 0.8435772385037059 0.025272211035669456 0.02820050937642471
1 0.5956070912863051 0.829736417223004 0.007124390380658152 0.01153048138329904
1 0.42826728411686454 0.8206144689827244 0.010686533269487708 0.017295837214833854
1 0.607638939234767 0.8271653413039004 0.011829109429296714 0.01847658730014423
1 0.5962113524493475 0.8197336069608467 0.011157711331400422 0.0073624065544927175
1 0.30320738787896884 0.80864136916316 0.022852658681327187 0.023616141585554806
1 0.1558649118051933 0.7991358926254111 0.02285265868132716 0.023616141585554806
1 0.09778831588505502 0.7953892084741634 0.02513792229375185 0.025977767449988476
1 0.5403870842390202 0.8233846460046392 0.026280513325770527 0.027158518494746597
1 0.5108110183317922 0.8214766110099014 0.025205074100815517 0.02708913889293063
1 0.48069723281208665 0.8195338862142557 0.02520507410081546 0.02708913889293063
1 0.45112119664927797 0.8176258531384137 0.026280572814609104 0.02715852233253846
1 0.3629308077733294 0.8119364437117964 0.026280572814609104 0.02715852233253846
1 0.3328169925092046 0.8099937169972549 0.026280572814609104 0.02715852233253846
1 0.274202669540484 0.8062123425653751 0.025205074100815517 0.02708913889293063
1 0.18547453130763858 0.8004882414189536 0.02628054307018976 0.02715852041364253
1 0.12686017859449872 0.7967068650681781 0.025205044356396145 0.027089136974034478
1 0.9087768539206604 0.8465925930981498 0.027423208463256743 0.0283392762556407
1 0.8775875696871615 0.8445804848628963 0.027423208463256854 0.0283392762556407
1 0.7227166472334594 0.8345893271262358 0.027423208463256743 0.028339276255640478
1 0.6920650826124379 0.8326119086918902 0.026347650260624467 0.02826988897824101
1 0.16016250201005267 0.7369309818052825 0.021777159967533516 0.023546758145946978
1 0.781460846608912 0.7736653970348896 0.011829109429296825 0.01847658730014423
1 0.27742476462521937 0.7439379888168001 0.021844296902387594 0.024658128629441056
1 0.36561515350116786 0.7496273982434174 0.02628057281460916 0.02715852233253857
1 0.307000800788028 0.7458460218926417 0.025205074100815517 0.027089138892930742
1 0.1897721102339579 0.7382832701505386 0.025205044356396145 0.02708913697403481
1 0.13115777239302767 0.7345018947592109 0.02628054307018976 0.02715852041364264
1 0.028414035612596245 0.7195054871356699 0.005914580865398096 0.009238236080129414
1 0.6635937125742042 0.7677350697465103 0.026280513325770416 0.027158518494746486
1 0.6334799270544986 0.7657923449508646 0.026280513325770416 0.027158518494746486
1 0.5442140692091758 0.7600335540035351 0.026280513325770416 0.02715851849474671
1 0.48449064572114575 0.7567385389437375 0.025272211035669456 0.02820050937642493
1 0.45437686020144025 0.7547958141480917 0.025272211035669456 0.02820050937642493
1 0.815843058516365 0.776441340830714 0.027356071528402803 0.02722790577214651
1 0.7249639228559324 0.7705784728050769 0.026280513325770416 0.02715851849474671
1 0.6937410665613366 0.7691221093004089 0.026347650260624356 0.028269888978240898
1 0.9099822587856056 0.7819566739334278 0.026347650260624356 0.028269888978240787
1 0.07701137045629775 0.7014412904718449 0.010619389147294586 0.016184347753662287
1 0.2513082987452361 0.7115699129532551 0.0106193891472946 0.016184347753662398
1 0.4331336808502055 0.7221842171133006 0.010619389147294545 0.016184347753662398
1 0.10450357202835724 0.70209912813531 0.02285265868132713 0.023616141585554806
1 0.337952609823437 0.7160438191670235 0.022852658681327076 0.023616141585554806
1 0.1916184621905122 0.7077191541223194 0.025137907421542177 0.02597776649054051
1 0.16254660332350374 0.7064015574968674 0.025205044356396172 0.0270891369740347
1 0.3669908966293489 0.7179171605230614 0.02513793716596141 0.02597776840943633
1 0.30888072121200927 0.7147262206226757 0.025205074100815517 0.027089138892930742
1 0.27984243440609735 0.7128528792666378 0.02520507410081546 0.027089138892930853
1 0.545556210531841 0.728879059094869 0.025205074100815517 0.02708913889293052
1 0.5159802041134516 0.7269710279379231 0.026280513325770416 0.027158518494746597
1 0.485295071025003 0.7255492947453247 0.025272211035669456 0.02820050937642482
1 0.45571903486219434 0.723641261669483 0.026347709749463044 0.02826989281603287
1 0.72576834456612 0.7393892880955028 0.026280513325770527 0.02715851849474671
1 0.6951168394339371 0.737411873498949 0.025205074100815517 0.02708913889293063
1 0.6655072050592821 0.7360595237459583 0.026347650260624467 0.028269888978240898
1 0.8790596171609779 0.7487206873499002 0.027423208463256743 0.02833927625564081
1 0.8484416840898915 0.7461875280227606 0.026280513325770416 0.02715851849474671
1 0.8172188277952959 0.7447311645180927 0.026347650260624467 0.02826988897824101
1 0.9103160419230005 0.7496213656128209 0.027423208463256632 0.0283392762556407
1 0.03177229048540765 0.6817864889915903 0.00604886192244521 0.011461096024795281
1 0.10634992398491151 0.6715350121070909 0.022919795616181127 0.024727512069049107
1 0.7825319740104794 0.7112522783259946 0.012904667631928879 0.018545974577544033
1 0.31079421369708715 0.6830506746221234 0.022852658681327187 0.023616141585554806
1 0.19346481414706646 0.6771550380941003 0.025205044356396172 0.02708913697403481
1 0.13488404477356322 0.6728179774610255 0.02621340613533578 0.02604714993014834
1 0.33979896177999136 0.6854797031388046 0.02520507410081546 0.02708913889293063
1 0.16449366786967812 0.6741702667657297 0.025205044356396172 0.02708913697403481
1 0.5468984113433448 0.6977245680239947 0.026280513325770527 0.027158518494746597
1 0.48720855991641127 0.6938738082336113 0.025205074100815517 0.02708913889293063
1 0.6964589807566022 0.7062573785902828 0.026280513325770305 0.02715851849474671
1 0.8492461058000791 0.7149983433131865 0.026280513325770527 0.02715851849474671
1 0.81805682156658 0.7129862350779328 0.026280513325770527 0.027158518494746597
1 0.7266063978262429 0.7076443624931348 0.026347650260624578 0.02826988897824101
1 0.9100785369804911 0.7178070527330531 0.027356071528402803 0.0272279057721464
1 0.8799311829933587 0.7164200131791545 0.027423208463256854 0.0283392762556407
0 0.09670280607227869 0.6525027357274076 0.009275343191616395 0.011669245384170912
1 0.08416616697784829 0.645557304145941 0.011090626698045794 0.006250920931112791
1 0.08473685607979417 0.6361102386143694 0.011426325746994023 0.011808011303938715
1 0.1087340215803102 0.6410055875588136 0.02177716740363836 0.023546758625670905
1 0.3416788822039726 0.6543599018688382 0.022919795616181127 0.024727512069049107
1 0.28303095742973616 0.6511342702486485 0.02621343587975511 0.026047151849044492
1 0.19534473457104773 0.646035236824134 0.025205044356396172 0.02708913697403481
1 0.16630644776513587 0.6441618954680963 0.025205044356396172 0.02708913697403481
1 0.13726814608701432 0.6422885531526104 0.02520504435639613 0.02708913697403481
1 0.4589411263532601 0.6613669674097464 0.02513793716596152 0.02597776840943644
1 0.37071716900988444 0.6562332432248761 0.025205074100815406 0.02708913889293041
1 0.3126405656536414 0.6524865585939045 0.025205074100815406 0.02708913889293063
1 0.5487783353609956 0.6666047072651899 0.026280513325770527 0.02715851849474671
1 0.5186645498412901 0.6646619824695441 0.026280513325770527 0.027158518494746597
1 0.7273772510690035 0.6770108630253077 0.026280513325770416 0.02715851849474671
1 0.6978011851617756 0.67510282803057 0.025205074100815406 0.02708913889293063
1 0.66768739964207 0.6731601032349241 0.025205074100815406 0.02708913889293063
1 0.6375736141223646 0.6712173784392784 0.025205074100815406 0.02708913889293063
1 0.8188612432767677 0.6817970503683586 0.026280513325770416 0.02715851849474682
1 0.24592457384765765 0.621962338985562 0.012501824460787625 0.011877394743546654
0 0.41111341692759984 0.630945462776683 0.015929745781408655 0.015419894468207573
1 0.086650348564872 0.6044346926138175 0.0069229426443377234 0.008196249036242942
1 0.11054680147576793 0.6109972162611803 0.02177716740363836 0.023546758625670905
1 0.3435252341605269 0.6237957858406191 0.02285265868132713 0.023616141585554806
1 0.19715751446650548 0.6160268655265007 0.025205044356396172 0.02708913697403481
1 0.16811922766059362 0.6141535241704628 0.025205044356396172 0.02708913697403481
1 0.13908092598247207 0.612280181854977 0.025205044356396117 0.02708913697403481
1 0.3144869176101957 0.6219224425656853 0.025137937165961466 0.02597776840943644
1 0.2848773093862904 0.6205701542204294 0.026280572814609104 0.02715852233253868
1 0.5194354030840508 0.6340284830017171 0.026213376390916476 0.026047148011252408
1 0.49036351447262305 0.6327108844573691 0.026280572814608993 0.02715852233253857
1 0.46024972895291755 0.6307681596617233 0.02628057281460905 0.02715852233253857
1 0.37259708943386577 0.6251134419549098 0.025205074100815517 0.02708913889293063
1 0.5495827570711833 0.6354155225556157 0.026280513325770527 0.027158518494746597
1 0.6986056068719632 0.6439136433209958 0.025205074100815628 0.02708913889293063
1 0.6700714712111018 0.642630677007613 0.028498647688211753 0.028408655857456777
1 0.850854952814124 0.6526199144051996 0.026280513325770527 0.02715851849474682
1 0.8202033881931023 0.6506424959708539 0.027356071528402692 0.02722790577214651
1 0.9122251630958521 0.655463317463766 0.026280513325770416 0.02715851849474671
1 0.8815736579636693 0.6534859028672122 0.02735607152840258 0.02722790577214651
1 0.606310898542893 0.5810560395689123 0.007057253445804212 0.010419110899804851
1 0.4412899383255138 0.5692943130214356 0.010686533269487652 0.017295837214834076
1 0.26164912570922805 0.5582630310100202 0.010753670204341703 0.018407207698328154
1 0.11531500410267012 0.54993836764435 0.021777167403638317 0.023546758625671016
1 0.6129317403501288 0.5786937950201467 0.022584096567233036 0.019170421696223294
1 0.34668018871673867 0.562632862064377 0.021777159967533488 0.023546758145946978
1 0.17288741541528613 0.5530946745941846 0.025205044356396172 0.0270891369740347
1 0.14327781078505045 0.5517423267600898 0.026347680005043783 0.02826989089713694
1 0.7926732358116153 0.5880579004097477 0.022584096567232814 0.019170421696223294
1 0.31817962152330426 0.560794210509247 0.025137937165961466 0.02597776840943644
1 0.28910776265629584 0.559476613883795 0.025205074100815517 0.027089138892930742
1 0.4634382519765563 0.569049550643734 0.025137937165961466 0.02597776840943644
1 0.3757520439900775 0.5639505181786677 0.02628057281460905 0.02715852233253846
1 0.5527713098392413 0.5736969154565223 0.02728893459354864 0.02611653528865232
1 0.5226238963632702 0.5723098720648319 0.025205074100815406 0.027089138892930742
1 0.4935520374962618 0.5709922754393798 0.025272211035669456 0.02820050937642482
1 0.7012563805387051 0.5821603425832025 0.025137937165961577 0.02597776840943644
1 0.6716468056528888 0.5808079966680038 0.026280513325770527 0.02715851849474671
1 0.7308660185070297 0.5835126328473546 0.026280513325770416 0.027158518494746597
1 0.8212745120010003 0.5882294367507975 0.026280513325770527 0.027158518494746486
1 0.912758507802434 0.5930155646050099 0.026280513325770416 0.027158518494746597
1 0.8826447222827284 0.5910728398093641 0.026280513325770416 0.02715851849474671
1 0.43113804413912205 0.5407455301006303 0.012300406468886471 0.008543164315386709
1 0.44330413980654215 0.5359516518068037 0.010552252212440605 0.015072977270168209
1 0.1462332150506157 0.5206919079702836 0.02177715996753346 0.023546758145946867
1 0.11659003092317863 0.5198953043870507 0.025137922293751835 0.025977767449988476
1 0.37810257324243207 0.5339768386008383 0.022785514559134024 0.02250465212438335
1 0.20323431969306516 0.5243692091616474 0.026213406135335765 0.02604714993014834
1 0.17473376737184043 0.5225305585659654 0.025137907421542177 0.0259777664905404
1 0.3490307179690932 0.5326591824865475 0.025137937165961577 0.02597776840943644
1 0.3194546520618652 0.5307511474918098 0.02621343587975511 0.02604715184904427
1 0.29095411461285015 0.5289124978555759 0.02513793716596152 0.02597776840943633
1 0.553508594614575 0.5436191012304425 0.025137937165961466 0.02597776840943633
1 0.5239325287073471 0.5417110662357048 0.026213376390916476 0.026047148011252408
1 0.4943229056112321 0.5403587769310008 0.025205044356396145 0.0270891369740347
1 0.46528460393311055 0.5384854346155149 0.02520507410081546 0.02708913889293063
1 0.7020272337814658 0.5515268431153755 0.025205074100815406 0.02708913889293063
1 0.8220453652437609 0.5575959372829705 0.026213376390916365 0.02604714801125252
1 0.8532682215383565 0.5590523007876385 0.026280513325770527 0.027158518494746486
1 0.9135629925951297 0.5618263242443889 0.026280513325770416 0.02715851849474671
1 0.8389163286819161 0.5464110148324742 0.006048832178025876 0.011461094105899239
1 0.2553602701055115 0.5015117569659814 0.010283690098346399 0.010627257380836641
1 0.26631661574651017 0.4988713570961085 0.010686533269487763 0.01729583721483391
1 0.2553932098505606 0.4920299997146058 0.009006773392651712 0.007223643513068589
1 0.17651297879987116 0.49307787251007923 0.022785514559133968 0.02250465212438335
1 0.11894056376920273 0.48992156532038267 0.024062423579958192 0.02590838401038048
1 0.2922291451514111 0.4988694348381386 0.021777159967533544 0.023546758145946978
1 0.1474746771217496 0.4912045301945934 0.025205044356396145 0.027089136974034755
1 0.35084349786455094 0.5026508111889142 0.025137937165961466 0.02597776840943644
1 0.32180518131421976 0.5007774679139804 0.02513793716596141 0.025977768409436386
1 0.49613568910035943 0.5103503461445287 0.02520504435639609 0.02708913697403481
1 0.466559638065341 0.508442312109239 0.02628057281460916 0.027158522332538626
1 0.5553549465711294 0.5130549852022235 0.025205074100815517 0.027089138892930742
1 0.5257788806639013 0.5111469502074856 0.026280513325770416 0.02715851849474671
1 0.6436124426375126 0.5176330222264507 0.025205074100815406 0.027089138892930742
1 0.7334832201126751 0.522315076840147 0.026280513325770527 0.02715851849474671
1 0.8540055027200206 0.5289745460503972 0.026280513325770527 0.02715851849474671
1 0.9143002737767938 0.5317485695071478 0.026280513325770416 0.02715851849474671
1 0.22766476821685236 0.47740999367035364 0.007864160301084222 0.006042772531185181
1 0.8842871981514563 0.5281387146252123 0.026481933114506306 0.030492778667326026
1 0.5950126225243358 0.4999928730419574 0.0092082508733915 0.010557877779020564
1 0.7887019697152042 0.510814704039255 0.009141110344867864 0.009446447806687797
1 0.6069101876189158 0.49964468681193897 0.009208250873391388 0.010557877779020564
1 0.6281172538687925 0.4971076791310676 0.006048835771695571 0.011461153594737872
1 0.09766381799614146 0.4578657432403206 0.011762028389611781 0.017365161165603216
1 0.2692720366811199 0.4678209095213308 0.010686529675818124 0.01729577772599533
1 0.17832576049216367 0.46306947146802657 0.022785518152803552 0.022504711613221928
1 0.12075334366466045 0.45991319402274927 0.026213417413875895 0.02604709140075767
1 0.3811903890669551 0.4739253150525096 0.02171001943900991 0.022435328173614044
1 0.20739763243454698 0.4643870987973459 0.02513790382787262 0.025977707001701766
1 0.14982520817093894 0.4612308208723447 0.024129575387021873 0.02701975545332269
1 0.3526562813536782 0.4726423804024422 0.025137933572291937 0.025977708920597753
1 0.32308021544645016 0.4707343454077044 0.024062434858498294 0.025908325480989813
1 0.2934706090193797 0.4693820273180291 0.025205074100815572 0.02708913889293063
1 0.9636025509562867 0.5020144754324707 0.005914554714648523 0.009238293650072171
1 0.8009346366776086 0.49598332760125896 0.010753670204341814 0.01840720769832821
1 0.5270203706826198 0.48165960409511066 0.025137933572291882 0.025977708920597753
1 0.4979820392600789 0.4797862598607289 0.025137903827872676 0.025977707001701766
1 0.46837241796079876 0.4784339408116056 0.02628057281460916 0.027158522332538515
1 0.5560922277527933 0.4829772304649821 0.02735607152840258 0.027227905772146455
1 0.6744635129325517 0.4894979327960164 0.025205074100815406 0.027089138892930575
1 0.645391655862378 0.48818030642614507 0.02527221462933904 0.028200568865263564
1 0.7046108687165189 0.49088494260549576 0.02527221462933904 0.02820056886526351
1 0.8235535609538591 0.4968846571712748 0.026280513325770416 0.027158518494746597
1 0.8844195623985328 0.49913765160497503 0.02728893099987917 0.026116475799813577
1 0.8542722066145656 0.49775064179549566 0.025205074100815517 0.02708913889293063
1 0.10102269979449603 0.4290728468502887 0.012837512231195725 0.017434543645763134
1 0.12360804637037998 0.430529890926747 0.021710015845340394 0.02243526868477541
1 0.18010497192019442 0.4336167854121403 0.025137903827872593 0.025977707001701822
1 0.15160441959896964 0.43177813481645844 0.02406243485849832 0.025908325480989813
1 0.32489299713874276 0.4407259443656518 0.02177715637386396 0.02354669865710829
1 0.2091768438625777 0.4349344127414597 0.025205044356396145 0.027089136974034644
1 0.29639245968972766 0.4388872947294179 0.025137933572291993 0.025977708920597753
1 0.38246542140235074 0.443882222290653 0.025205074100815517 0.02708913889293063
1 0.3539648839533357 0.4420435726544192 0.02628057281460916 0.027158522332538515
1 0.5282953732735962 0.45161650941435816 0.026213372797246892 0.026047088522413775
1 0.49871932223857784 0.4497084753790684 0.025137903827872565 0.025977707001701766
1 0.4696474502961945 0.448390848049749 0.025205074100815517 0.02708913889293063
1 0.6757721452766284 0.4588991269668894 0.026213372797246892 0.02604708852241372
1 0.7349577878665077 0.46215947813240654 0.026280513325770638 0.027158518494746653
1 0.7053817814481183 0.46025144697546067 0.02520507410081574 0.02708913889293063
1 0.6462296496336623 0.45643537698598513 0.025205074100815628 0.02708913889293063
1 0.8243244141966197 0.4662511577034478 0.026213372797246892 0.026047088522413775
1 0.8846191257645543 0.46902517732240645 0.026213372797246892 0.026047088522413775
1 0.9158419802623152 0.47048157057149365 0.026280513325770416 0.027158518494746597
1 0.1551964127192929 0.37231704771851953 0.02171001584534038 0.02243526868477541
1 0.2631149454481038 0.373142517238532 0.010350830626869922 0.011738687353169464
1 0.126662286415754 0.37103411186914215 0.025137911263977422 0.02597770748142575
1 0.3569855574525003 0.3831035088228427 0.022785514559134024 0.022504652124383295
1 0.21276883698290094 0.37547332564352076 0.02513790382787262 0.025977707001701766
1 0.18373053530477942 0.373599983328035 0.02513790382787262 0.025977707001701822
1 0.2988753838319955 0.37991253917803747 0.025137933572291993 0.025977708920597753
1 0.3865951638795708 0.38445582691251806 0.02621343228608547 0.026047092360205637
1 0.32851856052332773 0.3807091422815464 0.02621343228608547 0.026047092360205693
1 0.5313832170457037 0.3915650175293448 0.025137933572291882 0.025977708920597753
1 0.5023448856231628 0.389691673294963 0.025137903827872565 0.025977707001701877
1 0.5604886443801391 0.39232692891304977 0.025137933572291993 0.025977708920597697
1 0.6487125737759302 0.39746062143460476 0.025205074100815406 0.02708913889293063
1 0.7370037013922486 0.40148291756603816 0.02728893099987917 0.02611647579981352
1 0.8844804733952809 0.4087655351185694 0.029439928427466566 0.0262552426790294
1 0.8565176258143241 0.40696157336434746 0.025137933572291993 0.025977708920597753
1 0.8268744788674112 0.4061649721797346 0.026347653854294273 0.028269948467079475
1 0.911837742879601 0.40272015927789984 0.01357726727941222 0.011946833834201365
1 0.8434090811961514 0.3916111256623782 0.00685583186023353 0.007084820982806106
1 0.2648276450699889 0.353727333164607 0.01109062669804578 0.006250920931113013
1 0.15694205388306187 0.34342007664879975 0.021710019439009964 0.022435328173614044
1 0.45246690084124075 0.35746431727247097 0.011694887861088243 0.016253731193270393
1 0.18547617646854836 0.3447030122583152 0.025137903827872593 0.025977707001701877
1 0.12901282118299573 0.34106040278675537 0.026213402541666223 0.026047090441309817
1 0.3302977719513585 0.3512564562256602 0.021710019439009964 0.022435328173614044
1 0.21458161867519343 0.3454649246014681 0.025137903827872593 0.025977707001701877
1 0.30065459526002625 0.35045985312215133 0.025205074100815517 0.027089138892930686
1 0.38787019441813175 0.35441276389508075 0.025137933572291937 0.02597770892059781
1 0.35883190761221984 0.3525394225390429 0.025137933572291937 0.02597770892059781
1 0.5030150280731381 0.3607253187856353 0.02513790382787251 0.025977707001701877
1 0.4739767561394359 0.35885197838904537 0.025137933572291937 0.02597770892059781
1 0.53265821963668 0.3615219228485922 0.026213372797246892 0.026047088522413775
1 0.6790594911290839 0.36873518670593486 0.026213372797247003 0.02604708852241383
1 0.7087026975648356 0.3695317917283397 0.025137933572291993 0.025977708920597864
1 0.8270739827445939 0.376052494059374 0.02513793357229177 0.02597770892059781
1 0.8868309747000509 0.37879182387742466 0.026213372797246892 0.026047088522413775
1 0.8577591176298773 0.3774741975075533 0.026280513325770416 0.027158518494746764
1 0.7835824338226589 0.3542789377781469 0.00793127108518854 0.0071542005846221834
1 0.10430818358496699 0.31213066225520153 0.011359188812140028 0.010696640820444525
1 0.27702545457895633 0.3215995257746247 0.010350830626869922 0.011738687353169519
1 0.1307248920825029 0.312719146703202 0.02171001584534038 0.022435268684775356
1 0.1053494833121209 0.3038296886713475 0.010082268512775744 0.007292967463837896
1 0.4424492561706421 0.3266927022325232 0.011560606804041085 0.014030871248604526
1 0.15925901466798942 0.3140020823127175 0.02513790382787262 0.025977707001701766
1 0.3309679144013338 0.32229010171633243 0.02171001584534038 0.022435268684775356
1 0.21632725983896242 0.31656795353174827 0.02513790382787262 0.025977707001701822
1 0.1872889581608409 0.3146946112162625 0.02513790382787262 0.025977707001701822
1 0.30189605733116015 0.3209724753464611 0.026213432286085525 0.026047092360205693
1 0.36003980121592677 0.3236077300050998 0.026213432286085525 0.026047092360205693
1 0.38911165648926566 0.3249253861193906 0.024129575387021873 0.027019755453322747
1 0.5048278097654306 0.3307169177435826 0.02513790382787251 0.025977707001701822
1 0.5629715685224069 0.33335217336166933 0.025137933572291882 0.025977708920597753
1 0.533933281716495 0.3314788320056315 0.025137933572291993 0.02597770892059781
1 0.7093728400148109 0.340565437219012 0.025137933572291993 0.025977708920597753
1 0.6803009829446373 0.3392478108491406 0.025205074100815628 0.02708913889293063
1 0.7390160464505625 0.34136204224141686 0.026213372797246892 0.026047088522413775
1 0.8283490448244089 0.3460094032164133 0.026213372797246892 0.026047088522413775
1 0.8881060349830312 0.34874876277888334 0.025137933572291993 0.025977708920597753
1 0.8584964006083762 0.34739641302589264 0.026280513325770527 0.027158518494746653
1 0.9177156116656824 0.3501010789496627 0.026280513325770527 0.027158518494746653
1 0.10796981725111587 0.2872624322639954 0.011157767226569332 0.007362350903445836
1 0.4551518752914572 0.30408134381372043 0.01008226851277566 0.007292967463837952
1 0.4434892984530402 0.30053958462941244 0.012300406468886471 0.008543164315386653
1 0.10854050814989652 0.27781533698800454 0.009208206256762427 0.010557874900676667
1 0.18906816958887163 0.2852419251603763 0.02278551815280358 0.022504711613221928
1 0.16050047673912332 0.2845147045370273 0.02399529432997477 0.02479689550865688
1 0.13196635223241918 0.2832317389432305 0.025137911263977394 0.02597770748142575
1 0.28031657635934903 0.2849919580826019 0.010350830626869867 0.011738687353169519
1 0.4557225643934031 0.29463427828214883 0.010283690098346343 0.010627257380836641
1 0.3908572994498694 0.29602838530525144 0.021710019439009964 0.02243532817361399
1 0.30424658838034946 0.2909987660242124 0.025137933572291937 0.025977708920597753
1 0.36131483175448764 0.2935646669876625 0.025137933572291937 0.025977708920597753
1 0.4775351789954974 0.299946606277273 0.025137933572291882 0.025977708920597753
1 0.5351411437789478 0.30254716729721187 0.026213372797246892 0.02604708852241383
1 0.5066405914577232 0.30070851670153 0.02513790382787262 0.025977707001701822
1 0.5647843502146994 0.30334377231961673 0.025137933572291993 0.025977708920597753
1 0.784688388933244 0.3091622481023424 0.00705725344580399 0.010419110899804795
1 0.7111856217071035 0.3105570361769593 0.02513793357229177 0.025977708920597753
1 0.7402574787772771 0.3118746625468307 0.025205074100815406 0.02708913889293063
1 0.8290863278029079 0.3159316187347528 0.026213372797247003 0.026047088522413775
1 0.8893810375740077 0.3187056680981307 0.026213372797247003 0.026047088522413775
1 0.10937913628282875 0.2549965097816163 0.008468406591917013 0.016045581833894568
1 0.1623132584314158 0.25450630349497466 0.021710015845340352 0.02243526868477541
1 0.13377913212787693 0.2532233676455972 0.02513791126397745 0.025977707481425832
1 0.30548805045148336 0.26151138824852216 0.02171001584534038 0.02243526868477541
1 0.21988568269502387 0.2576625814199759 0.025137903827872565 0.025977707001701794
1 0.19084738101690235 0.25578923910449003 0.025137903827872593 0.025977707001701822
1 0.3630940449793532 0.264111951187357 0.025070793043768358 0.024866278948264875
1 0.33402218790917954 0.2627943248174856 0.025137933572291993 0.02597770892059781
1 0.39216590025269205 0.2654296073016477 0.025137933572291937 0.025977708920597697
1 0.6307231979604736 0.27524083078834083 0.00846839171970748 0.01604558087444663
1 0.6204724791484305 0.27513740885492 0.011761968900773079 0.017365157327811354
1 0.4782724619739963 0.26986882179561233 0.025137933572291882 0.025977708920597753
1 0.5369539254712403 0.27253876625515916 0.026213372797247003 0.02604708852241372
1 0.5073778744362221 0.27063073221986933 0.025137903827872565 0.025977707001701822
1 0.8072382567694179 0.2843967896969099 0.008468391719707258 0.01604558087444652
1 0.7959456095078429 0.2836682693377147 0.011694828372249555 0.01625372735547842
1 0.5655216331931984 0.2732659878379561 0.025137933572291882 0.025977708920597753
1 0.7119229046856024 0.28047925169529875 0.025137933572291993 0.025977708920597753
1 0.6823132685141124 0.2791269316867274 0.026280513325770527 0.02715851849474671
1 0.8599373963011121 0.28779655904873797 0.02621337279724678 0.026047088522413775
1 0.8303613898827229 0.2858885278917921 0.027288930999879057 0.026116475799813577
1 0.9196943864597344 0.29053591861120787 0.025137933572291882 0.025977708920597753
1 0.8895806009400289 0.28859319381556214 0.02513793357229177 0.025977708920597753
1 0.13310523593389606 0.22863329129646442 0.006990083172861289 0.009307679008575959
1 0.47702722711938605 0.245799774949637 0.00598169434475454 0.010349708750195363
1 0.7944318427327663 0.264044936863862 0.007998411613712064 0.008265630556955006
1 0.16452950887276674 0.22675544668128683 0.011762029288029191 0.017365176037812846
1 0.1381799391069196 0.2250555620053728 0.010686530574235575 0.017295792598204962
1 0.6515255673117466 0.2525941442148486 0.005981695243172047 0.010349723622404938
1 0.3938444026847723 0.2376440364598415 0.01384588528867553 0.01639249807248616
1 0.48321099971967363 0.24173570667588196 0.011762029288029219 0.01736517603781282
1 0.8733791827707251 0.261885661921579 0.006048833974860668 0.0114611238503185
1 0.6576086309160838 0.25019719115517364 0.011694828372249666 0.016253727355478392
1 0.6839917700477753 0.25134137571713083 0.012837527103405355 0.017434544605211072
1 0.7421355436769612 0.2539766322946656 0.01498852453099253 0.017573311484426923
1 0.8605403982225639 0.2599416345117431 0.012770386574881942 0.01632311463287822
1 0.9208687386451815 0.2621599578545369 0.01498852453099253 0.017573311484426868
1 0.6758572209543017 0.23408029162983549 0.011090569006041995 0.006250946837740412
1 0.8705878994135781 0.23660112121775562 0.007998411613711953 0.008265630556955061
1 0.5776168457422466 0.2160271093775879 0.009275389605080231 0.011669278006934153
1 0.6767636118004479 0.21907609110880913 0.011157707737730838 0.0073623470656539736
1 0.5495526883905457 0.20696422249113294 0.012300406468886638 0.008543164315386681
1 0.38009548290378165 0.19714780917657676 0.009208191384552866 0.01055787394122873
1 0.6420786721303499 0.2123754526089115 0.005914554714648412 0.009238293650072116
1 0.20048823875492297 0.18556084192341418 0.0182149909279542 0.0177814598843547
1 0.16126632904886246 0.18247264578327868 0.008468421464126713 0.016045582793342505
1 0.32917744186566933 0.19107355492553801 0.0106193891472946 0.01618434775366237
1 0.38574150704558985 0.19304903431080817 0.00961103096202448 0.017226394286387364
1 0.6909457978112824 0.20771772301260671 0.008468391719707258 0.016045580874446602
1 0.6979700790723661 0.2076130133372054 0.009611090450863058 0.017226398124179226
1 0.7346039379145182 0.20886060496037384 0.011761968900772968 0.01736515732781127
1 0.11387376188882288 0.12697480593653832 0.012233251068153317 0.007431733383605782
1 0.12738456108030102 0.12673067903427407 0.013308749781946919 0.007501116823213694
1 0.16573240019582602 0.1264152171697367 0.018887650064276063 0.011182322978803921
1 0.14960001244023208 0.12537447157216786 0.012434680089828787 0.010766023780328454
1 0.6976635762802013 0.15013193119199086 0.014518544424997226 0.009793361166935383
1 0.7386329993433722 0.15110135645963413 0.01673668238110826 0.011043558018484056
1 0.6740698640829423 0.14749407322386776 0.014652823685209704 0.012016191367181794
1 0.6943021415133933 0.14322055201709888 0.011291988794777996 0.009585207010319757
1 0.67712785111003 0.14155471339084208 0.015929684046526504 0.01541985344989169
1 0.6988726966858273 0.1390523956306183 0.013442986222365061 0.009723973889535553
1 0.8525338404917102 0.15119701128207452 0.013845826249045512 0.01639250167079906
1 0.8309904144800446 0.15036507258777143 0.01619824436378592 0.019865543594803886
1 0.788474912945313 0.14818015526143657 0.01734094174731582 0.021046338536222092
1 0.7498236792658235 0.1356448628858622 0.009006830186238268 0.007223602734231588
1 0.6665730860295169 0.11967447492266635 0.00907396981634434 0.008335017834354835
1 0.7112395847672314 0.12199816284626946 0.014518544424997337 0.009793361166935369
1 0.7801382855963063 0.12532725741819617 0.008065552142235477 0.009377060529287926
1 0.7478735026490135 0.12324576574333462 0.014518544424997337 0.009793361166935369
1 0.7279768656770894 0.12196217786727614 0.017744981077539412 0.0100015076479672
1 0.45809540504842916 0.10343561369094817 0.0068557732698122376 0.007084832017223916
1 0.3935322688895818 0.09982834532739146 0.009073910327505763 0.008335013996562946
1 0.7392695724275031 0.12269070206426322 0.01035082972845247 0.011738672480959875
1 0.8351227027142174 0.12664294857678393 0.014518544424997226 0.009793361166935396
1 0.19779261839486711 0.08720063127735006 0.013644465499939612 0.013058237899906802
1 0.167913823377368 0.0813679238868537 0.011157768124986756 0.007362365775655522
1 0.4287878994584605 0.0970818885512982 0.012501827156039813 0.011877439360175684
1 0.6477507493662604 0.10060813774085572 0.01458568405510341 0.010904776267058602
1 0.7242113920292665 0.10386720116439244 0.012367546997410162 0.009654594287719545
1 0.6553798907683452 0.09942668789402953 0.01035082972845247 0.011738672480959847
1 0.6053023281974008 0.09731179775855336 0.009409670662127056 0.01389213795159995
1 0.7727093065382016 0.10532230307318624 0.014719964213733228 0.0131276213395147
1 0.8437925151210781 0.1082344531364753 0.014652824583627266 0.012016206239391508
1 0.8309872999387613 0.10573472561268263 0.016870961641320403 0.013266388218730538
1 0.6934243488444893 0.0862604950571428 0.011291988794777663 0.009585207010319757
1 0.6557820723282284 0.08383208618424168 0.011426268953407703 0.011808052082775869
1 0.7790938413588453 0.0889978858261179 0.008132691772341882 0.010488475629411131
1 0.08005725526854734 0.04334320110214446 0.01250181971993497 0.011877438880451667
1 0.7886713022812124 0.07343733016598729 0.010216549569822875 0.009515827408503735
1 0.6078543090043496 0.06400382646456883 0.010485109437873619 0.013961510117311123
1 0.7488780878262029 0.07087015825166224 0.01680382156200555 0.012154965682502461
1 0.8786427894261385 0.07645225841144643 0.013375846143050207 0.008612551353307518
1 0.8393201545042916 0.07503119883425746 0.01458568405510341 0.010904776267058588
1 0.8248010111013357 0.07409452815623851 0.011359128424883735 0.010696622110442977
1 0.6722819071106025 0.05198180331742969 0.010283689649137728 0.010627249944731805
1 0.6804151983101117 0.0513907508215731 0.013510126301679914 0.010835396425763616
1 0.6109452078289019 0.04858267771685239 0.01478710429304797 0.014239043875742763
1 0.7918965405286287 0.05579334390165905 0.006048834424069338 0.011461131286423364
1 0.8392853861156594 0.05773477642749829 0.012501826819133255 0.011877433783097052
1 0.8478893162810186 0.05828984103608278 0.010619389596503326 0.016184355189767227
1 0.7190645755668867 0.037147829087158225 0.007057252771991207 0.010419099745647545
1 0.7309285719694354 0.0373553318169393 0.017879261011565006 0.012224349002370898
1 0.7083432179574466 0.03589828726075699 0.011426268728803146 0.011808048364723444
1 0.7459854349848688 0.03832669229586622 0.015862543742607427 0.014308427195611175
1 0.6960421525725542 0.03398895708793394 0.010485109662477954 0.013961513835363544
1 0.2194304946877994 0.0017128642395386321 0.007191503186201514 0.0034257284790772643
1 0.7012169681640286 0.019818002755344646 0.014518544284619517 0.009793358843152605
1 0.9063333033167732 0.029145495448802516 0.01122484854700967 0.008473781685552382
1 0.8493321689299045 0.025468192338542823 0.013375845974596956 0.008612548564768202
1 0.8337039567734975 0.02501784948903001 0.012367546828956799 0.009654591499180236
1 0.7379179665941735 0.01995417997552468 0.012501826931435533 0.011877435642123242
1 0.6710696126187035 0.018430988995434633 0.010686529788120347 0.017295779585021497
1 0.6100015330588742 0.010586178482006662 0.010216549401369401 0.009515824619964417
1 0.35047210025496134 0.004868498293549654 0.01088794991376274 0.009736996587099308
