1 0.6716666666666666 0.9979491386382281 0.008333333333333333 0.004101722723543888
1 0.91 0.9975389663658737 0.008333333333333333 0.004922067268252666
1 0.88125 0.9975389663658737 0.0075 0.004922067268252666
1 0.77625 0.9975389663658737 0.009166666666666667 0.004922067268252666
1 0.44875 0.9975389663658737 0.009166666666666667 0.004922067268252666
0 0.46875 0.994667760459393 0.005833333333333334 0.007383100902378999
1 0.8175 0.992616899097621 0.01 0.004922067268252666
1 0.7733333333333333 0.9917965545529123 0.008333333333333333 0.004922067268252666
0 0.48041666666666666 0.9930270713699754 0.005833333333333334 0.007383100902378999
1 0.36083333333333334 0.992616899097621 0.011666666666666667 0.006562756357670222
1 0.9033333333333333 0.9909762100082035 0.01 0.004922067268252666
1 0.5179166666666667 0.9909762100082035 0.009166666666666667 0.004922067268252666
1 0.38333333333333336 0.9901558654634947 0.008333333333333333 0.004922067268252666
1 0.31833333333333336 0.9913863822805579 0.006666666666666667 0.007383100902378999
1 0.4275 0.9893355209187858 0.008333333333333333 0.004922067268252666
1 0.38875 0.9917965545529123 0.005833333333333334 0.009844134536505332
1 0.8345833333333333 0.9897456931911403 0.0125 0.007383100902378999
1 0.325 0.9897456931911403 0.005 0.007383100902378999
0 0.6175 0.9889253486464314 0.006666666666666667 0.007383100902378999
1 0.9416666666666667 0.9868744872846595 0.01 0.004922067268252666
1 0.7691666666666667 0.9876948318293683 0.01 0.006562756357670222
1 0.63 0.9876948318293683 0.008333333333333333 0.006562756357670222
1 0.445 0.9856439704675964 0.008333333333333333 0.004101722723543888
1 0.02125 0.9864643150123051 0.010833333333333334 0.005742411812961444
1 0.43583333333333335 0.9844134536505332 0.005 0.006562756357670222
1 0.47333333333333333 0.9823625922887613 0.006666666666666667 0.007383100902378999
1 0.7375 0.9811320754716981 0.006666666666666667 0.006562756357670222
1 0.8708333333333333 0.9782608695652174 0.011666666666666667 0.005742411812961444
1 0.5020833333333333 0.9770303527481542 0.0075 0.004922067268252666
1 0.5279166666666667 0.9766201804757998 0.009166666666666667 0.005742411812961444
0 0.67875 0.977850697292863 0.005833333333333334 0.011484823625922888
1 0.058333333333333334 0.9745693191140279 0.006666666666666667 0.006562756357670222
1 0.99625 0.972518457752256 0.0075 0.004101722723543888
0 0.6358333333333334 0.9753896636587367 0.008333333333333333 0.009844134536505332
1 0.9516666666666667 0.9721082854799016 0.006666666666666667 0.004922067268252666
1 0.042916666666666665 0.9741591468416735 0.0125 0.01066447908121411
1 0.95875 0.9708777686628384 0.005833333333333334 0.005742411812961444
1 0.96625 0.9700574241181296 0.0075 0.005742411812961444
1 0.44333333333333336 0.9692370795734209 0.005 0.005742411812961444
1 0.6079166666666667 0.9688269073010665 0.0075 0.006562756357670222
1 0.8875 0.9675963904840033 0.006666666666666667 0.005742411812961444
1 0.46 0.9667760459392944 0.01 0.005742411812961444
1 0.7158333333333333 0.9639048400328137 0.006666666666666667 0.004922067268252666
1 0.12625 0.9680065627563577 0.010833333333333334 0.013125512715340444
1 0.8595833333333334 0.9626743232157506 0.009166666666666667 0.005742411812961444
1 0.5241666666666667 0.963084495488105 0.008333333333333333 0.006562756357670222
1 0.59875 0.9618539786710418 0.005833333333333334 0.005742411812961444
1 0.8216666666666667 0.9606234618539786 0.006666666666666667 0.004922067268252666
1 0.6729166666666667 0.9606234618539786 0.009166666666666667 0.004922067268252666
1 0.9320833333333334 0.9602132895816243 0.0075 0.005742411812961444
1 0.6183333333333333 0.9598031173092699 0.008333333333333333 0.006562756357670222
1 0.49833333333333335 0.9589827727645611 0.01 0.004922067268252666
1 0.5141666666666667 0.9569319114027892 0.006666666666666667 0.004101722723543888
1 0.9675 0.9577522559474979 0.008333333333333333 0.007383100902378999
1 0.785 0.9561115668580804 0.011666666666666667 0.005742411812961444
1 0.585 0.9552912223133716 0.008333333333333333 0.004101722723543888
1 0.9375 0.9540607054963085 0.008333333333333333 0.004922067268252666
1 0.7979166666666667 0.9540607054963085 0.009166666666666667 0.004922067268252666
1 0.97875 0.9544708777686628 0.009166666666666667 0.007383100902378999
1 0.9266666666666666 0.9532403609515997 0.01 0.004922067268252666
1 0.04875 0.9544708777686628 0.009166666666666667 0.007383100902378999
1 0.6095833333333334 0.9524200164068909 0.0075 0.004922067268252666
1 0.5341666666666667 0.9536505332239541 0.01 0.009023789991796555
1 0.5470833333333334 0.9499589827727646 0.009166666666666667 0.004922067268252666
1 0.7291666666666666 0.9487284659557014 0.008333333333333333 0.004101722723543888
1 0.7195833333333334 0.9491386382280558 0.0075 0.004922067268252666
1 0.62875 0.948318293683347 0.009166666666666667 0.008203445447087777
1 0.5570833333333334 0.9474979491386383 0.009166666666666667 0.006562756357670222
1 0.8720833333333333 0.9462674323215751 0.009166666666666667 0.007383100902378999
1 0.5725 0.9446267432321575 0.008333333333333333 0.004101722723543888
1 0.7833333333333333 0.94298605414274 0.008333333333333333 0.004101722723543888
1 0.9566666666666667 0.9425758818703855 0.005 0.006562756357670222
0 0.95375 0.9360131255127153 0.009166666666666667 0.004922067268252666
1 0.6870833333333334 0.9327317473338802 0.009166666666666667 0.006562756357670222
1 0.6966666666666667 0.9319114027891715 0.008333333333333333 0.006562756357670222
1 0.77875 0.9298605414273995 0.005833333333333334 0.005742411812961444
1 0.18791666666666668 0.9343724364232978 0.010833333333333334 0.016406890894175553
1 0.9904166666666666 0.9269893355209188 0.0075 0.004922067268252666
1 0.8995833333333333 0.9269893355209188 0.005833333333333334 0.006562756357670222
0 0.25583333333333336 0.9286300246103364 0.013333333333333334 0.013125512715340444
1 0.30541666666666667 0.9220672682526662 0.0075 0.006562756357670222
0 0.9679166666666666 0.918785890073831 0.0075 0.004922067268252666
1 0.21833333333333332 0.9269893355209188 0.025 0.02461033634126333
0 0.3179166666666667 0.9191960623461854 0.010833333333333334 0.01066447908121411
0 0.2579166666666667 0.9142739950779327 0.009166666666666667 0.009023789991796555
1 0.04958333333333333 0.9134536505332239 0.0075 0.007383100902378999
1 0.00375 0.9118129614438064 0.0075 0.005742411812961444
1 0.8654166666666666 0.9093519278096801 0.0075 0.004101722723543888
1 0.9316666666666666 0.9085315832649713 0.008333333333333333 0.004101722723543888
0 0.61 0.9093519278096801 0.01 0.005742411812961444
1 0.9575 0.906070549630845 0.008333333333333333 0.004101722723543888
1 0.8229166666666666 0.9064807219031994 0.0075 0.004922067268252666
0 0.28833333333333333 0.9085315832649713 0.008333333333333333 0.009023789991796555
1 0.9029166666666667 0.904019688269073 0.005833333333333334 0.004922067268252666
0 0.3416666666666667 0.9036095159967186 0.008333333333333333 0.004101722723543888
1 0.06125 0.906070549630845 0.005833333333333334 0.009023789991796555
1 0.9241666666666667 0.9027891714520099 0.006666666666666667 0.004101722723543888
0 0.21041666666666667 0.9027891714520099 0.0075 0.007383100902378999
1 0.8725 0.8990976210008204 0.006666666666666667 0.004922067268252666
0 0.43583333333333335 0.9011484823625923 0.008333333333333333 0.009023789991796555
0 0.24541666666666667 0.8999179655455292 0.010833333333333334 0.006562756357670222
1 0.9333333333333333 0.8974569319114027 0.006666666666666667 0.004922067268252666
0 0.45166666666666666 0.8978671041837571 0.01 0.009023789991796555
0 0.22583333333333333 0.8999179655455292 0.011666666666666667 0.013125512715340444
1 0.8570833333333333 0.8954060705496308 0.005833333333333334 0.005742411812961444
1 0.18916666666666668 0.9003281378178835 0.011666666666666667 0.017227235438884332
0 0.49 0.8941755537325676 0.008333333333333333 0.008203445447087777
0 0.2575 0.8954060705496308 0.011666666666666667 0.012305168170631665
1 0.9825 0.8921246923707957 0.006666666666666667 0.007383100902378999
1 0.975 0.8904840032813782 0.008333333333333333 0.004101722723543888
1 0.40166666666666667 0.898687448728466 0.021666666666666667 0.02378999179655455
1 0.89875 0.8880229696472518 0.004166666666666667 0.007383100902378999
1 0.5354166666666667 0.8867924528301887 0.009166666666666667 0.004922067268252666
0 0.22666666666666666 0.8863822805578343 0.01 0.01066447908121411
1 0.56875 0.8826907301066448 0.0075 0.006562756357670222
1 0.030833333333333334 0.881870385561936 0.008333333333333333 0.004922067268252666
0 0.4525 0.883921246923708 0.01 0.01066447908121411
0 0.46291666666666664 0.8814602132895816 0.0075 0.007383100902378999
0 0.275 0.8798195242001641 0.011666666666666667 0.012305168170631665
0 0.2891666666666667 0.8773584905660378 0.01 0.009023789991796555
0 0.39458333333333334 0.8757178014766202 0.0075 0.007383100902378999
1 0.9954166666666666 0.8720262510254306 0.009166666666666667 0.004922067268252666
1 0.3125 0.8810500410172273 0.023333333333333334 0.02461033634126333
0 0.6441666666666667 0.8703855619360131 0.006666666666666667 0.006562756357670222
0 0.21166666666666667 0.8691550451189499 0.008333333333333333 0.009023789991796555
1 0.004166666666666667 0.8650533223954061 0.008333333333333333 0.005742411812961444
1 0.06458333333333334 0.8638228055783429 0.005833333333333334 0.006562756357670222
0 0.5841666666666666 0.8650533223954061 0.01 0.01066447908121411
1 0.056666666666666664 0.8630024610336341 0.006666666666666667 0.006562756357670222
1 0.5341666666666667 0.8601312551271534 0.008333333333333333 0.005742411812961444
1 0.18958333333333333 0.8654634946677605 0.010833333333333334 0.016406890894175553
1 0.6145833333333334 0.8666940114848236 0.019166666666666665 0.022149302707136997
0 0.40791666666666665 0.8601312551271534 0.0075 0.009023789991796555
1 0.98375 0.8580803937653815 0.010833333333333334 0.006562756357670222
0 0.7279166666666667 0.8560295324036095 0.005833333333333334 0.007383100902378999
1 0.42833333333333334 0.8638228055783429 0.023333333333333334 0.022969647251845776
1 0.3516666666666667 0.854388843314192 0.008333333333333333 0.004101722723543888
0 0.30541666666666667 0.8564397046759639 0.009166666666666667 0.008203445447087777
1 0.6633333333333333 0.8539786710418376 0.006666666666666667 0.004922067268252666
1 0.5454166666666667 0.8556193601312552 0.0075 0.009844134536505332
0 0.45125 0.8535684987694832 0.0075 0.009023789991796555
1 0.36333333333333334 0.8515176374077112 0.008333333333333333 0.004922067268252666
0 0.21291666666666667 0.8547990155865464 0.0125 0.013125512715340444
0 0.6720833333333334 0.8490566037735849 0.005833333333333334 0.008203445447087777
1 0.6545833333333333 0.8482362592288761 0.005833333333333334 0.006562756357670222
1 0.54375 0.8474159146841673 0.0075 0.004922067268252666
1 0.25125 0.8568498769483183 0.024166666666666666 0.02378999179655455
0 0.6645833333333333 0.8461853978671042 0.0075 0.005742411812961444
0 0.52125 0.8461853978671042 0.005833333333333334 0.007383100902378999
0 0.5941666666666666 0.8465955701394585 0.008333333333333333 0.009844134536505332
1 0.37375 0.8470057424118129 0.009166666666666667 0.01066447908121411
0 0.28958333333333336 0.8457752255947498 0.009166666666666667 0.009844134536505332
0 0.2775 0.844954881050041 0.01 0.008203445447087777
1 0.6945833333333333 0.8433141919606235 0.004166666666666667 0.006562756357670222
0 0.6183333333333333 0.8445447087776866 0.008333333333333333 0.009023789991796555
0 0.42333333333333334 0.8416735028712059 0.008333333333333333 0.008203445447087777
0 0.32166666666666666 0.8429040196882691 0.008333333333333333 0.01066447908121411
0 0.30625 0.8433141919606235 0.010833333333333334 0.011484823625922888
0 0.8445833333333334 0.8392124692370796 0.0075 0.006562756357670222
1 0.37416666666666665 0.8383921246923708 0.008333333333333333 0.004922067268252666
0 0.7016666666666667 0.8383921246923708 0.005 0.008203445447087777
0 0.4504166666666667 0.837571780147662 0.0075 0.006562756357670222
1 0.94375 0.8363412633305989 0.0075 0.009023789991796555
1 0.81 0.8355209187858901 0.005 0.007383100902378999
0 0.4625 0.8367514356029533 0.01 0.009844134536505332
0 0.595 0.8355209187858901 0.006666666666666667 0.009023789991796555
1 0.056666666666666664 0.8338802296964725 0.01 0.005742411812961444
1 0.49041666666666667 0.8326497128794094 0.005833333333333334 0.006562756357670222
0 0.47833333333333333 0.8338802296964725 0.008333333333333333 0.009023789991796555
1 0.24291666666666667 0.832239540607055 0.005833333333333334 0.007383100902378999
1 0.53375 0.8293683347005743 0.0075 0.004922067268252666
0 0.25833333333333336 0.8318293683347006 0.01 0.009844134536505332
1 0.16791666666666666 0.8289581624282198 0.0075 0.004101722723543888
0 0.6183333333333333 0.8297785069729287 0.008333333333333333 0.007383100902378999
1 0.4008333333333333 0.8367514356029533 0.021666666666666667 0.022969647251845776
1 0.6379166666666667 0.8351107465135357 0.0175 0.02132895816242822
0 0.9775 0.8264971287940935 0.008333333333333333 0.005742411812961444
0 0.8470833333333333 0.828137817883511 0.005833333333333334 0.009023789991796555
1 0.3070833333333333 0.8264971287940935 0.0075 0.005742411812961444
0 0.4354166666666667 0.8256767842493847 0.0075 0.007383100902378999
0 0.42375 0.8256767842493847 0.0075 0.007383100902378999
0 0.28833333333333333 0.8277276456111566 0.011666666666666667 0.011484823625922888
1 0.6904166666666667 0.8256767842493847 0.0075 0.009023789991796555
0 0.91625 0.8248564397046759 0.0075 0.01066447908121411
0 0.5570833333333334 0.8232157506152584 0.0075 0.007383100902378999
0 0.5675 0.822805578342904 0.008333333333333333 0.008203445447087777
0 0.4633333333333333 0.8219852337981952 0.008333333333333333 0.006562756357670222
0 0.31916666666666665 0.8236259228876128 0.011666666666666667 0.011484823625922888
1 0.8820833333333333 0.8269073010664479 0.015833333333333335 0.019688269073010665
1 0.22 0.8289581624282198 0.023333333333333334 0.02378999179655455
0 0.59375 0.8191140278917145 0.005833333333333334 0.007383100902378999
1 0.13791666666666666 0.8195242001640689 0.004166666666666667 0.008203445447087777
0 0.25958333333333333 0.8166529942575882 0.0075 0.007383100902378999
0 0.24666666666666667 0.8162428219852338 0.008333333333333333 0.006562756357670222
0 0.7366666666666667 0.8141919606234619 0.008333333333333333 0.007383100902378999
1 0.81625 0.8137817883511075 0.005833333333333334 0.008203445447087777
0 0.7508333333333334 0.8117309269893355 0.006666666666666667 0.005742411812961444
0 0.5691666666666667 0.8092698933552092 0.005 0.007383100902378999
0 0.4345833333333333 0.810090237899918 0.009166666666666667 0.009023789991796555
1 0.027916666666666666 0.8084495488105005 0.010833333333333334 0.005742411812961444
0 0.5583333333333333 0.8084495488105005 0.008333333333333333 0.007383100902378999
1 0.31958333333333333 0.8080393765381461 0.0075 0.006562756357670222
0 0.46208333333333335 0.8076292042657917 0.009166666666666667 0.007383100902378999
0 0.45 0.8072190319934373 0.006666666666666667 0.008203445447087777
1 0.8241666666666667 0.8043478260869565 0.006666666666666667 0.004101722723543888
0 0.42125 0.8080393765381461 0.0075 0.011484823625922888
0 0.90625 0.8043478260869565 0.005833333333333334 0.007383100902378999
1 0.66625 0.8039376538146021 0.005833333333333334 0.009844134536505332
1 0.53375 0.8014766201804758 0.0075 0.004922067268252666
0 0.49041666666666667 0.8035274815422477 0.009166666666666667 0.009023789991796555
0 0.6183333333333333 0.8022969647251845 0.006666666666666667 0.008203445447087777
1 0.016666666666666666 0.7998359310910582 0.01 0.004922067268252666
1 0.8395833333333333 0.8063986874487284 0.015833333333333335 0.019688269073010665
0 0.75 0.7994257588187038 0.006666666666666667 0.005742411812961444
0 0.24458333333333335 0.800656275635767 0.0075 0.008203445447087777
1 0.6370833333333333 0.8063986874487284 0.0175 0.02132895816242822
1 0.27708333333333335 0.7990155865463495 0.0075 0.006562756357670222
0 0.28833333333333333 0.7981952420016407 0.008333333333333333 0.006562756357670222
0 0.865 0.7969647251845775 0.005 0.007383100902378999
0 0.855 0.7973748974569319 0.006666666666666667 0.008203445447087777
0 0.43666666666666665 0.7969647251845775 0.008333333333333333 0.009023789991796555
0 0.4241666666666667 0.7961443806398687 0.008333333333333333 0.007383100902378999
1 0.40166666666666667 0.8051681706316653 0.021666666666666667 0.02543068088597211
1 0.13875 0.7945036915504512 0.004166666666666667 0.005742411812961444
0 0.31833333333333336 0.7949138638228056 0.01 0.008203445447087777
1 0.555 0.7936833470057424 0.005 0.007383100902378999
0 0.7558333333333334 0.7928630024610336 0.005 0.009023789991796555
0 0.7020833333333333 0.7928630024610336 0.005833333333333334 0.009023789991796555
0 0.6170833333333333 0.7895816242821985 0.0075 0.007383100902378999
0 0.79375 0.7883511074651354 0.0075 0.008203445447087777
0 0.7370833333333333 0.7904019688269073 0.0075 0.012305168170631665
1 0.22083333333333333 0.7965545529122231 0.023333333333333334 0.02461033634126333
1 0.4675 0.7846595570139459 0.005 0.007383100902378999
0 0.26 0.7854799015586547 0.008333333333333333 0.009023789991796555
0 0.44208333333333333 0.7842493847415914 0.0075 0.008203445447087777
0 0.24625 0.7863002461033635 0.0125 0.012305168170631665
0 0.8625 0.7834290401968826 0.008333333333333333 0.009844134536505332
0 0.75875 0.782608695652174 0.004166666666666667 0.008203445447087777
0 0.29 0.7805578342904019 0.008333333333333333 0.007383100902378999
0 0.27875 0.7805578342904019 0.009166666666666667 0.007383100902378999
0 0.5666666666666667 0.7797374897456932 0.01 0.007383100902378999
0 0.435 0.7805578342904019 0.01 0.009023789991796555
1 0.3745833333333333 0.7801476620180475 0.009166666666666667 0.009844134536505332
0 0.3075 0.77850697292863 0.006666666666666667 0.006562756357670222
1 0.04708333333333333 0.7793273174733388 0.005833333333333334 0.008203445447087777
1 0.5875 0.7850697292863003 0.018333333333333333 0.02132895816242822
0 0.48833333333333334 0.7768662838392125 0.008333333333333333 0.006562756357670222
0 0.4225 0.7789171452009844 0.01 0.012305168170631665
0 0.47791666666666666 0.7752255947497949 0.0075 0.008203445447087777
1 0.6879166666666666 0.7748154224774405 0.005833333333333334 0.009023789991796555
0 0.2125 0.7719442165709598 0.008333333333333333 0.004922067268252666
1 0.13958333333333334 0.7719442165709598 0.004166666666666667 0.006562756357670222
1 0.24583333333333332 0.7686628383921247 0.008333333333333333 0.004922067268252666
1 0.8791666666666667 0.7748154224774405 0.015 0.018867924528301886
0 0.7695833333333333 0.7690730106644791 0.005833333333333334 0.007383100902378999
1 0.40125 0.7768662838392125 0.020833333333333332 0.022969647251845776
1 0.5433333333333333 0.7690730106644791 0.008333333333333333 0.009023789991796555
0 0.43625 0.7674323215750615 0.009166666666666667 0.009023789991796555
0 0.4241666666666667 0.7674323215750615 0.01 0.009023789991796555
1 0.29583333333333334 0.7633305988515177 0.008333333333333333 0.004101722723543888
0 0.46416666666666667 0.7637407711238721 0.006666666666666667 0.006562756357670222
1 0.6516666666666666 0.7641509433962265 0.005 0.009023789991796555
0 0.58 0.7629204265791633 0.006666666666666667 0.008203445447087777
1 0.5433333333333333 0.7633305988515177 0.008333333333333333 0.009023789991796555
1 0.4554166666666667 0.7612797374897456 0.0075 0.004922067268252666
0 0.49041666666666667 0.7612797374897456 0.0075 0.008203445447087777
0 0.6308333333333334 0.7592288761279737 0.006666666666666667 0.005742411812961444
1 0.35791666666666666 0.7575881870385562 0.0075 0.004101722723543888
0 0.8616666666666667 0.7584085315832649 0.008333333333333333 0.007383100902378999
0 0.8425 0.7600492206726825 0.008333333333333333 0.01066447908121411
0 0.6404166666666666 0.7588187038556193 0.0075 0.008203445447087777
0 0.7583333333333333 0.7567678424938474 0.006666666666666667 0.009023789991796555
1 0.82125 0.7538966365873667 0.005833333333333334 0.006562756357670222
1 0.25416666666666665 0.7526661197703035 0.008333333333333333 0.004101722723543888
1 0.04791666666666667 0.7547169811320755 0.005833333333333334 0.008203445447087777
1 0.7420833333333333 0.7522559474979491 0.009166666666666667 0.004922067268252666
0 0.5558333333333333 0.7551271534044298 0.008333333333333333 0.01066447908121411
0 0.5675 0.7530762920426579 0.008333333333333333 0.008203445447087777
0 0.79375 0.7518457752255947 0.005833333333333334 0.007383100902378999
1 0.6879166666666666 0.7506152584085316 0.0075 0.004922067268252666
0 0.5804166666666667 0.7522559474979491 0.005833333333333334 0.009844134536505332
1 0.06208333333333333 0.7506152584085316 0.0075 0.006562756357670222
0 0.4475 0.7481542247744053 0.008333333333333333 0.004922067268252666
0 0.8420833333333333 0.7485643970467596 0.005833333333333334 0.007383100902378999
0 0.7333333333333333 0.7485643970467596 0.006666666666666667 0.007383100902378999
1 0.6791666666666667 0.748974569319114 0.005 0.008203445447087777
1 0.14041666666666666 0.748974569319114 0.004166666666666667 0.008203445447087777
1 0.9970833333333333 0.7477440525020509 0.005833333333333334 0.007383100902378999
1 0.6116666666666667 0.7543068088597211 0.018333333333333333 0.020508613617719443
1 0.6883333333333334 0.7444626743232158 0.008333333333333333 0.004101722723543888
1 0.505 0.7440525020508614 0.01 0.004922067268252666
0 0.32625 0.7440525020508614 0.0075 0.004922067268252666
0 0.7783333333333333 0.7432321575061526 0.008333333333333333 0.008203445447087777
1 0.042083333333333334 0.7415914684167351 0.0075 0.006562756357670222
1 0.8975 0.7473338802296965 0.015 0.019688269073010665
1 0.18208333333333335 0.7407711238720263 0.004166666666666667 0.006562756357670222
0 0.21583333333333332 0.7407711238720263 0.01 0.009844134536505332
1 0.7966666666666666 0.7391304347826086 0.005 0.008203445447087777
0 0.8395833333333333 0.7362592288761279 0.0075 0.005742411812961444
0 0.57375 0.7358490566037735 0.0075 0.004922067268252666
1 0.19291666666666665 0.7387202625102544 0.009166666666666667 0.01066447908121411
1 0.5833333333333334 0.7346185397867104 0.008333333333333333 0.004101722723543888
1 0.22458333333333333 0.7358490566037735 0.0075 0.006562756357670222
1 0.5958333333333333 0.7337981952420016 0.008333333333333333 0.004101722723543888
1 0.9720833333333333 0.7337981952420016 0.005833333333333334 0.005742411812961444
0 0.30833333333333335 0.734208367514356 0.008333333333333333 0.006562756357670222
1 0.60625 0.7321575061525841 0.0075 0.004101722723543888
0 0.7533333333333333 0.7313371616078753 0.011666666666666667 0.005742411812961444
1 0.6320833333333333 0.7301066447908121 0.009166666666666667 0.004922067268252666
1 0.8120833333333334 0.7309269893355209 0.0075 0.008203445447087777
1 0.19416666666666665 0.728876127973749 0.008333333333333333 0.004101722723543888
0 0.3204166666666667 0.7313371616078753 0.0125 0.01066447908121411
0 0.9379166666666666 0.7255947497949139 0.009166666666666667 0.005742411812961444
1 0.37416666666666665 0.7251845775225595 0.008333333333333333 0.004922067268252666
0 0.02375 0.7260049220672683 0.0075 0.006562756357670222
0 0.405 0.7255947497949139 0.013333333333333334 0.009023789991796555
0 0.23 0.7255947497949139 0.008333333333333333 0.009023789991796555
0 0.21666666666666667 0.726825266611977 0.011666666666666667 0.011484823625922888
0 0.4320833333333333 0.7235438884331419 0.0125 0.008203445447087777
1 0.2604166666666667 0.7210828547990156 0.0075 0.004922067268252666
0 0.24791666666666667 0.7227235438884332 0.009166666666666667 0.008203445447087777
1 0.28458333333333335 0.7284659557013946 0.024166666666666666 0.02461033634126333
1 0.9820833333333333 0.717391304347826 0.0075 0.004101722723543888
1 0.87625 0.7247744052502051 0.014166666666666666 0.018867924528301886
0 0.3070833333333333 0.7186218211648893 0.0075 0.008203445447087777
1 0.365 0.7182116488925349 0.006666666666666667 0.009023789991796555
1 0.23833333333333334 0.716160787530763 0.008333333333333333 0.004922067268252666
1 0.3745833333333333 0.7169811320754716 0.0075 0.009844134536505332
0 0.5658333333333333 0.7112387202625102 0.008333333333333333 0.006562756357670222
0 0.39375 0.7128794093519278 0.0075 0.009844134536505332
0 0.76875 0.7128794093519278 0.005833333333333334 0.011484823625922888
1 0.3375 0.7083675143560295 0.008333333333333333 0.004101722723543888
1 0.7908333333333334 0.7083675143560295 0.006666666666666667 0.005742411812961444
0 0.4225 0.7100082034454471 0.006666666666666667 0.009023789991796555
0 0.5554166666666667 0.7095980311730927 0.009166666666666667 0.011484823625922888
0 0.43583333333333335 0.7083675143560295 0.008333333333333333 0.009023789991796555
1 0.7575 0.7063166529942576 0.006666666666666667 0.006562756357670222
1 0.8725 0.70467596390484 0.008333333333333333 0.004922067268252666
0 0.59125 0.7071369975389664 0.009166666666666667 0.009844134536505332
1 0.45708333333333334 0.7128794093519278 0.020833333333333332 0.02132895816242822
0 0.47791666666666666 0.70467596390484 0.005833333333333334 0.006562756357670222
0 0.63875 0.70467596390484 0.010833333333333334 0.008203445447087777
0 0.49 0.7038556193601313 0.008333333333333333 0.008203445447087777
0 0.31958333333333333 0.7034454470877769 0.009166666666666667 0.007383100902378999
1 0.975 0.7013945857260049 0.006666666666666667 0.004922067268252666
0 0.2629166666666667 0.7038556193601313 0.0075 0.009844134536505332
0 0.30583333333333335 0.7005742411812962 0.006666666666666667 0.008203445447087777
0 0.70875 0.6977030352748155 0.0075 0.005742411812961444
1 0.058333333333333334 0.6972928630024611 0.01 0.004922067268252666
1 0.008333333333333333 0.6948318293683347 0.01 0.004922067268252666
0 0.5579166666666666 0.6964725184577523 0.010833333333333334 0.009844134536505332
0 0.745 0.6936013125512716 0.006666666666666667 0.005742411812961444
1 0.6783333333333333 0.6944216570959804 0.005 0.007383100902378999
0 0.5920833333333333 0.694011484823626 0.0075 0.006562756357670222
1 0.3770833333333333 0.6948318293683347 0.004166666666666667 0.008203445447087777
1 0.07125 0.6944216570959804 0.0075 0.007383100902378999
1 0.9883333333333333 0.6923707957342083 0.01 0.004922067268252666
1 0.22333333333333333 0.7013945857260049 0.023333333333333334 0.022969647251845776
0 0.7545833333333334 0.6931911402789172 0.0075 0.008203445447087777
1 0.6108333333333333 0.699343724364233 0.018333333333333333 0.020508613617719443
0 0.43666666666666665 0.6923707957342083 0.006666666666666667 0.006562756357670222
1 0.6879166666666666 0.6931911402789172 0.0075 0.009844134536505332
0 0.46208333333333335 0.6915504511894995 0.009166666666666667 0.008203445447087777
0 0.6295833333333334 0.6915504511894995 0.009166666666666667 0.009844134536505332
0 0.2608333333333333 0.6907301066447908 0.01 0.008203445447087777
1 0.9641666666666666 0.6870385561936013 0.008333333333333333 0.005742411812961444
0 0.28125 0.6886792452830188 0.014166666666666666 0.009023789991796555
1 0.37583333333333335 0.6866283839212469 0.006666666666666667 0.006562756357670222
0 0.31 0.6862182116488925 0.008333333333333333 0.005742411812961444
1 0.32083333333333336 0.6853978671041837 0.006666666666666667 0.005742411812961444
1 0.5325 0.6841673502871206 0.008333333333333333 0.004922067268252666
0 0.7079166666666666 0.682526661197703 0.009166666666666667 0.006562756357670222
0 0.59 0.6812961443806399 0.008333333333333333 0.005742411812961444
1 0.5425 0.6804757998359311 0.008333333333333333 0.004101722723543888
1 0.8191666666666667 0.6800656275635767 0.006666666666666667 0.006562756357670222
1 0.40208333333333335 0.6882690730106645 0.020833333333333332 0.022969647251845776
0 0.7658333333333334 0.6788351107465135 0.006666666666666667 0.007383100902378999
0 0.7525 0.6788351107465135 0.01 0.007383100902378999
1 0.5791666666666667 0.6788351107465135 0.005 0.007383100902378999
1 0.7191666666666666 0.6763740771123872 0.008333333333333333 0.004101722723543888
0 0.7754166666666666 0.6767842493847416 0.0075 0.006562756357670222
0 0.26 0.677194421657096 0.01 0.007383100902378999
0 0.4633333333333333 0.6763740771123872 0.008333333333333333 0.007383100902378999
1 0.5333333333333333 0.6759639048400328 0.006666666666666667 0.009844134536505332
0 0.2916666666666667 0.6739130434782609 0.006666666666666667 0.005742411812961444
0 0.24791666666666667 0.6759639048400328 0.009166666666666667 0.009844134536505332
0 0.27708333333333335 0.6735028712059065 0.009166666666666667 0.009844134536505332
1 0.04875 0.6702214930270713 0.0075 0.004922067268252666
1 0.8541666666666666 0.6763740771123872 0.015 0.018867924528301886
0 0.7375 0.6714520098441346 0.006666666666666667 0.009023789991796555
1 0.6866666666666666 0.6689909762100082 0.008333333333333333 0.004101722723543888
0 0.72875 0.6694011484823625 0.010833333333333334 0.006562756357670222
0 0.70875 0.6706316652994257 0.009166666666666667 0.009023789991796555
1 0.23458333333333334 0.6698113207547169 0.004166666666666667 0.007383100902378999
0 0.8695833333333334 0.6702214930270713 0.0075 0.009844134536505332
1 0.5616666666666666 0.6755537325676785 0.018333333333333333 0.020508613617719443
0 0.6779166666666666 0.6694011484823625 0.005833333333333334 0.009844134536505332
0 0.8433333333333334 0.6648892534864643 0.008333333333333333 0.004101722723543888
0 0.7654166666666666 0.6652994257588187 0.0075 0.006562756357670222
1 0.435 0.6648892534864643 0.008333333333333333 0.005742411812961444
0 0.4241666666666667 0.6648892534864643 0.008333333333333333 0.007383100902378999
0 0.21625 0.6644790812141099 0.0075 0.008203445447087777
0 0.6283333333333333 0.6652994257588187 0.008333333333333333 0.011484823625922888
0 0.23041666666666666 0.6616078753076292 0.0075 0.005742411812961444
0 0.26208333333333333 0.6607875307629204 0.0075 0.007383100902378999
0 0.24833333333333332 0.6607875307629204 0.008333333333333333 0.007383100902378999
1 0.8170833333333334 0.6591468416735029 0.0075 0.005742411812961444
1 0.365 0.6566858080393765 0.008333333333333333 0.005742411812961444
1 0.97125 0.655045118949959 0.0075 0.004101722723543888
0 0.80875 0.6583264971287941 0.0075 0.01066447908121411
1 0.3745833333333333 0.655045118949959 0.0075 0.004101722723543888
1 0.3154166666666667 0.6644790812141099 0.0225 0.022969647251845776
0 0.56625 0.6546349466776046 0.0075 0.006562756357670222
0 0.5554166666666667 0.6546349466776046 0.0075 0.006562756357670222
0 0.59 0.6529942575881871 0.008333333333333333 0.006562756357670222
1 0.40208333333333335 0.6591468416735029 0.020833333333333332 0.02378999179655455
0 0.42291666666666666 0.6505332239540607 0.0075 0.008203445447087777
0 0.43583333333333335 0.6488925348646432 0.008333333333333333 0.006562756357670222
1 0.9904166666666666 0.6472518457752255 0.009166666666666667 0.004922067268252666
0 0.46291666666666664 0.6468416735028713 0.0075 0.005742411812961444
0 0.45208333333333334 0.6484823625922888 0.009166666666666667 0.009023789991796555
1 0.8533333333333334 0.6517637407711239 0.015 0.018867924528301886
1 0.04833333333333333 0.645611156685808 0.013333333333333334 0.006562756357670222
0 0.23041666666666666 0.6468416735028713 0.010833333333333334 0.01066447908121411
0 0.88875 0.6427399507793273 0.0075 0.007383100902378999
1 0.9954166666666666 0.6398687448728466 0.009166666666666667 0.004922067268252666
1 0.7529166666666667 0.640278917145201 0.005833333333333334 0.007383100902378999
0 0.3229166666666667 0.6406890894175554 0.0075 0.008203445447087777
0 0.30833333333333335 0.6410992616899097 0.01 0.009023789991796555
0 0.5654166666666667 0.6394585726004922 0.009166666666666667 0.007383100902378999
1 0.61 0.6443806398687448 0.018333333333333333 0.020508613617719443
0 0.8554166666666667 0.6333059885151764 0.0075 0.006562756357670222
0 0.4891666666666667 0.6316652994257588 0.008333333333333333 0.006562756357670222
0 0.23208333333333334 0.6320754716981132 0.0075 0.007383100902378999
1 0.81625 0.6320754716981132 0.0075 0.009023789991796555
0 0.7079166666666666 0.6312551271534045 0.0075 0.007383100902378999
0 0.47833333333333333 0.6308449548810501 0.008333333333333333 0.008203445447087777
0 0.2629166666666667 0.6312551271534045 0.0075 0.009023789991796555
0 0.87625 0.6304347826086957 0.0075 0.009023789991796555
1 0.28541666666666665 0.6361771944216571 0.0225 0.022149302707136997
1 0.9629166666666666 0.6263330598851518 0.0075 0.004101722723543888
1 0.32375 0.627563576702215 0.005833333333333334 0.006562756357670222
0 0.3070833333333333 0.6292042657916325 0.0075 0.009844134536505332
1 0.97875 0.625512715340443 0.005833333333333334 0.009023789991796555
0 0.6283333333333333 0.6222313371616078 0.008333333333333333 0.007383100902378999
0 0.6033333333333334 0.6226415094339622 0.006666666666666667 0.008203445447087777
1 0.40208333333333335 0.6296144380639869 0.020833333333333332 0.022149302707136997
0 0.8470833333333333 0.6214109926168991 0.005833333333333334 0.007383100902378999
1 0.4245833333333333 0.6197703035274815 0.0075 0.005742411812961444
0 0.43583333333333335 0.6201804757998359 0.008333333333333333 0.008203445447087777
1 0.14458333333333334 0.6189499589827727 0.004166666666666667 0.005742411812961444
1 0.8908333333333334 0.6246923707957343 0.015 0.018867924528301886
1 0.5408333333333334 0.6193601312551271 0.008333333333333333 0.009844134536505332
0 0.4795833333333333 0.6168990976210008 0.0075 0.006562756357670222
1 0.35583333333333333 0.6123872026251025 0.008333333333333333 0.004101722723543888
1 0.5608333333333333 0.6197703035274815 0.018333333333333333 0.020508613617719443
0 0.29125 0.6136177194421657 0.010833333333333334 0.009844134536505332
0 0.30875 0.6115668580803938 0.0075 0.009023789991796555
0 0.8470833333333333 0.6091058244462675 0.0075 0.005742411812961444
0 0.6770833333333334 0.6132075471698113 0.0075 0.01394585726004922
0 0.6270833333333333 0.6103363412633306 0.005833333333333334 0.008203445447087777
0 0.8333333333333334 0.6095159967186218 0.01 0.008203445447087777
0 0.32166666666666666 0.6111566858080394 0.011666666666666667 0.011484823625922888
0 0.2783333333333333 0.6111566858080394 0.01 0.011484823625922888
0 0.39666666666666667 0.6074651353568499 0.008333333333333333 0.007383100902378999
1 0.9508333333333333 0.6070549630844955 0.008333333333333333 0.008203445447087777
1 0.19916666666666666 0.6050041017227236 0.006666666666666667 0.004101722723543888
1 0.5 0.6041837571780148 0.008333333333333333 0.004101722723543888
0 0.46125 0.605414273995078 0.010833333333333334 0.008203445447087777
1 0.9733333333333334 0.601312551271534 0.008333333333333333 0.004922067268252666
0 0.88375 0.6037735849056604 0.005833333333333334 0.009844134536505332
1 0.05333333333333334 0.601312551271534 0.01 0.004922067268252666
1 0.8145833333333333 0.6025430680885973 0.005833333333333334 0.009023789991796555
0 0.24708333333333332 0.6029532403609515 0.0075 0.009844134536505332
1 0.225 0.6091058244462675 0.023333333333333334 0.022149302707136997
1 0.26208333333333333 0.5992616899097621 0.0075 0.005742411812961444
1 0.060833333333333336 0.6000820344544708 0.005 0.007383100902378999
1 0.9945833333333334 0.5992616899097621 0.004166666666666667 0.007383100902378999
0 0.28125 0.5984413453650533 0.010833333333333334 0.009023789991796555
0 0.3933333333333333 0.5976210008203445 0.005 0.009023789991796555
1 0.8704166666666666 0.601312551271534 0.014166666666666666 0.01804757998359311
0 0.6616666666666666 0.5951599671862182 0.008333333333333333 0.005742411812961444
1 0.43041666666666667 0.5988515176374077 0.020833333333333332 0.02132895816242822
0 0.5329166666666667 0.5910582444626743 0.0075 0.009023789991796555
0 0.46291666666666664 0.5894175553732568 0.0075 0.005742411812961444
1 0.9625 0.5902378999179655 0.005 0.009023789991796555
0 0.4870833333333333 0.5873666940114848 0.010833333333333334 0.006562756357670222
1 0.06333333333333334 0.5861361771944217 0.008333333333333333 0.004101722723543888
1 0.6841666666666667 0.5840853158326497 0.005 0.008203445447087777
0 0.6766666666666666 0.5865463494667761 0.006666666666666667 0.013125512715340444
1 0.04625 0.5824446267432322 0.009166666666666667 0.004922067268252666
1 0.03666666666666667 0.5824446267432322 0.006666666666666667 0.004922067268252666
1 0.027083333333333334 0.5828547990155866 0.009166666666666667 0.005742411812961444
1 0.8075 0.5824446267432322 0.005 0.008203445447087777
0 0.62625 0.583264971287941 0.0075 0.009844134536505332
0 0.8541666666666666 0.5824446267432322 0.008333333333333333 0.009844134536505332
1 0.015416666666666667 0.5816242821985234 0.010833333333333334 0.008203445447087777
0 0.8645833333333334 0.5816242821985234 0.0075 0.009844134536505332
1 0.07708333333333334 0.579163248564397 0.005833333333333334 0.006562756357670222
0 0.8933333333333333 0.5799835931091059 0.008333333333333333 0.011484823625922888
1 0.8295833333333333 0.579163248564397 0.015833333333333335 0.019688269073010665
0 0.84625 0.5713699753896636 0.009166666666666667 0.007383100902378999
1 0.31083333333333335 0.5689089417555373 0.008333333333333333 0.004101722723543888
1 0.059166666666666666 0.5705496308449549 0.008333333333333333 0.007383100902378999
0 0.88375 0.5705496308449549 0.0075 0.009023789991796555
1 0.14625 0.5656275635767022 0.004166666666666667 0.005742411812961444
1 0.26875 0.5623461853978671 0.005833333333333334 0.005742411812961444
1 0.008333333333333333 0.55701394585726 0.011666666666666667 0.008203445447087777
1 0.9520833333333333 0.5533223954060705 0.004166666666666667 0.005742411812961444
0 0.23333333333333334 0.5545529122231337 0.008333333333333333 0.008203445447087777
1 0.21791666666666668 0.5541427399507793 0.005833333333333334 0.007383100902378999
0 0.31083333333333335 0.5525020508613617 0.008333333333333333 0.007383100902378999
1 0.02375 0.551681706316653 0.0075 0.005742411812961444
0 0.7783333333333333 0.5504511894995898 0.011666666666666667 0.006562756357670222
1 0.39791666666666664 0.5500410172272354 0.0075 0.005742411812961444
1 0.855 0.5484003281378179 0.008333333333333333 0.004101722723543888
1 0.825 0.5484003281378179 0.011666666666666667 0.005742411812961444
1 0.76625 0.5484003281378179 0.009166666666666667 0.009023789991796555
0 0.43666666666666665 0.5479901558654635 0.008333333333333333 0.008203445447087777
1 0.07833333333333334 0.5463494667760459 0.008333333333333333 0.004922067268252666
1 0.20375 0.5508613617719442 0.010833333333333334 0.015586546349466776
1 0.0575 0.5455291222313372 0.006666666666666667 0.004922067268252666
0 0.3258333333333333 0.5484003281378179 0.006666666666666667 0.012305168170631665
1 0.8075 0.5447087776866284 0.01 0.006562756357670222
1 0.7758333333333334 0.5434782608695652 0.005 0.005742411812961444
1 0.7545833333333334 0.544298605414274 0.004166666666666667 0.007383100902378999
1 0.06833333333333333 0.5418375717801477 0.006666666666666667 0.005742411812961444
0 0.62625 0.5414273995077933 0.010833333333333334 0.009844134536505332
1 0.5320833333333334 0.5414273995077933 0.0075 0.009844134536505332
0 0.23416666666666666 0.5414273995077933 0.008333333333333333 0.009844134536505332
0 0.22083333333333333 0.5418375717801477 0.013333333333333334 0.012305168170631665
0 0.7279166666666667 0.538966365873667 0.0075 0.008203445447087777
0 0.7704166666666666 0.5373256767842494 0.005833333333333334 0.006562756357670222
1 0.8045833333333333 0.5344544708777687 0.005833333333333334 0.007383100902378999
0 0.42541666666666667 0.5352748154224775 0.009166666666666667 0.009023789991796555
1 0.4579166666666667 0.5410172272354389 0.020833333333333332 0.022149302707136997
1 0.68375 0.5344544708777687 0.0075 0.01066447908121411
0 0.8925 0.5319934372436423 0.005 0.009023789991796555
0 0.6016666666666667 0.5299425758818704 0.006666666666666667 0.008203445447087777
1 0.5833333333333334 0.5360951599671863 0.018333333333333333 0.020508613617719443
0 0.63625 0.529532403609516 0.009166666666666667 0.009023789991796555
1 0.08 0.5266611977030353 0.008333333333333333 0.004922067268252666
0 0.2841666666666667 0.5254306808859721 0.011666666666666667 0.007383100902378999
1 0.8270833333333333 0.5299425758818704 0.015833333333333335 0.01804757998359311
0 0.25083333333333335 0.5246103363412633 0.006666666666666667 0.007383100902378999
0 0.8508333333333333 0.5233798195242002 0.008333333333333333 0.008203445447087777
0 0.34208333333333335 0.5217391304347826 0.0075 0.004922067268252666
1 0.3883333333333333 0.5205086136177195 0.006666666666666667 0.004101722723543888
1 0.07125 0.5213289581624282 0.009166666666666667 0.005742411812961444
0 0.9520833333333333 0.5188679245283019 0.009166666666666667 0.007383100902378999
0 0.41083333333333333 0.5196882690730107 0.008333333333333333 0.009023789991796555
1 0.37875 0.5188679245283019 0.009166666666666667 0.009023789991796555
0 0.6116666666666667 0.5164068908941756 0.006666666666666667 0.005742411812961444
0 0.60125 0.5159967186218212 0.0075 0.006562756357670222
0 0.46458333333333335 0.5172272354388844 0.009166666666666667 0.01066447908121411
0 0.5420833333333334 0.5143560295324036 0.005833333333333334 0.008203445447087777
1 0.97 0.5114848236259228 0.008333333333333333 0.004101722723543888
1 0.06625 0.5110746513535686 0.005833333333333334 0.004922067268252666
1 0.034166666666666665 0.5106644790812142 0.011666666666666667 0.005742411812961444
1 0.22791666666666666 0.5180475799835931 0.024166666666666666 0.022149302707136997
0 0.8704166666666666 0.5102543068088597 0.0075 0.008203445447087777
1 0.8125 0.5098441345365053 0.005 0.007383100902378999
0 0.25125 0.5118949958982772 0.010833333333333334 0.011484823625922888
0 0.8308333333333333 0.5102543068088597 0.008333333333333333 0.009844134536505332
0 0.89125 0.5086136177194421 0.005833333333333334 0.008203445447087777
1 0.5416666666666666 0.5065627563576702 0.006666666666666667 0.005742411812961444
0 0.41041666666666665 0.507383100902379 0.0075 0.009023789991796555
0 0.3983333333333333 0.5069729286300246 0.01 0.008203445447087777
0 0.51125 0.5057424118129614 0.005833333333333334 0.007383100902378999
1 0.43083333333333335 0.5127153404429861 0.02 0.02132895816242822
1 0.8033333333333333 0.505332239540607 0.006666666666666667 0.008203445447087777
0 0.5658333333333333 0.5061525840853158 0.006666666666666667 0.009844134536505332
0 0.4895833333333333 0.5045118949958983 0.0075 0.006562756357670222
0 0.45416666666666666 0.5045118949958983 0.011666666666666667 0.008203445447087777
0 0.6008333333333333 0.5036915504511895 0.006666666666666667 0.008203445447087777
1 0.5833333333333334 0.5094339622641509 0.018333333333333333 0.019688269073010665
0 0.5558333333333333 0.5020508613617719 0.01 0.006562756357670222
1 0.005833333333333334 0.5020508613617719 0.011666666666666667 0.006562756357670222
0 0.62625 0.5012305168170632 0.0075 0.006562756357670222
1 0.84625 0.5057424118129614 0.015833333333333335 0.017227235438884332
1 0.8304166666666667 0.5 0.005833333333333334 0.007383100902378999
1 0.7833333333333333 0.49917965545529125 0.005 0.007383100902378999
0 0.7908333333333334 0.49794913863822804 0.008333333333333333 0.008203445447087777
1 0.6879166666666666 0.4971287940935193 0.005833333333333334 0.008203445447087777
0 0.2658333333333333 0.4950779327317473 0.008333333333333333 0.007383100902378999
0 0.25083333333333335 0.4946677604593929 0.006666666666666667 0.006562756357670222
0 0.4091666666666667 0.49302707136997537 0.01 0.008203445447087777
0 0.3983333333333333 0.49302707136997537 0.008333333333333333 0.008203445447087777
0 0.4891666666666667 0.4913863822805578 0.008333333333333333 0.006562756357670222
0 0.625 0.48974569319114025 0.006666666666666667 0.006562756357670222
1 0.9783333333333334 0.48769483182936835 0.008333333333333333 0.004101722723543888
1 0.9641666666666666 0.48687448728465954 0.008333333333333333 0.004101722723543888
0 0.6354166666666666 0.4889253486464315 0.005833333333333334 0.008203445447087777
0 0.5516666666666666 0.4889253486464315 0.005 0.008203445447087777
1 0.955 0.48687448728465954 0.005 0.005742411812961444
1 0.5204166666666666 0.4860541427399508 0.010833333333333334 0.005742411812961444
0 0.7420833333333333 0.4835931091058244 0.0075 0.005742411812961444
0 0.24958333333333332 0.48400328137817883 0.005833333333333334 0.008203445447087777
1 0.98 0.4811320754716981 0.008333333333333333 0.004101722723543888
1 0.8904166666666666 0.48195242001640687 0.004166666666666667 0.007383100902378999
1 0.9679166666666666 0.4803117309269893 0.009166666666666667 0.005742411812961444
1 0.81 0.48195242001640687 0.006666666666666667 0.009023789991796555
1 0.6720833333333334 0.4815422477440525 0.0075 0.008203445447087777
1 0.22833333333333333 0.4885151763740771 0.023333333333333334 0.022149302707136997
1 0.9579166666666666 0.47908121410992616 0.009166666666666667 0.004922067268252666
0 0.28291666666666665 0.4811320754716981 0.009166666666666667 0.009023789991796555
1 0.24375 0.477850697292863 0.0075 0.004101722723543888
0 0.40958333333333335 0.47867104183757175 0.009166666666666667 0.007383100902378999
1 0.30416666666666664 0.47703035274815425 0.008333333333333333 0.004101722723543888
0 0.8504166666666667 0.477850697292863 0.005833333333333334 0.007383100902378999
0 0.6120833333333333 0.4782608695652174 0.005833333333333334 0.008203445447087777
1 0.825 0.48236259228876127 0.015 0.01804757998359311
0 0.7375 0.47621000820344545 0.006666666666666667 0.005742411812961444
0 0.7025 0.47621000820344545 0.006666666666666667 0.005742411812961444
1 0.5820833333333333 0.4831829368334701 0.0175 0.019688269073010665
1 0.8425 0.4749794913863823 0.008333333333333333 0.004922067268252666
1 0.5433333333333333 0.47333880229696473 0.006666666666666667 0.004922067268252666
1 0.08041666666666666 0.4721082854799016 0.009166666666666667 0.005742411812961444
1 0.5683333333333334 0.4712879409351928 0.005 0.009023789991796555
1 0.0033333333333333335 0.46882690730106646 0.006666666666666667 0.004101722723543888
1 0.7466666666666667 0.46554552912223135 0.008333333333333333 0.004101722723543888
1 0.6608333333333334 0.46513535684987695 0.006666666666666667 0.006562756357670222
1 0.6720833333333334 0.463084495488105 0.0075 0.004101722723543888
0 0.46291666666666664 0.4643150123051682 0.0075 0.006562756357670222
0 0.8858333333333334 0.4643150123051682 0.008333333333333333 0.008203445447087777
1 0.8475 0.4639048400328138 0.006666666666666667 0.007383100902378999
0 0.7241666666666666 0.4643150123051682 0.006666666666666667 0.008203445447087777
0 0.31333333333333335 0.46513535684987695 0.01 0.009844134536505332
1 0.027083333333333334 0.46226415094339623 0.0075 0.004101722723543888
0 0.8954166666666666 0.463084495488105 0.005833333333333334 0.007383100902378999
0 0.8383333333333334 0.4634946677604594 0.006666666666666667 0.008203445447087777
1 0.9633333333333334 0.46185397867104183 0.01 0.006562756357670222
1 0.8016666666666666 0.46144380639868743 0.006666666666666667 0.007383100902378999
1 0.005 0.4602132895816243 0.01 0.004922067268252666
1 0.9470833333333334 0.4602132895816243 0.005833333333333334 0.006562756357670222
0 0.56375 0.46185397867104183 0.009166666666666667 0.011484823625922888
1 0.4579166666666667 0.4585726004922067 0.005833333333333334 0.008203445447087777
1 0.7191666666666666 0.45775225594749797 0.005 0.008203445447087777
0 0.8091666666666667 0.4589827727645611 0.006666666666666667 0.012305168170631665
0 0.3383333333333333 0.455701394585726 0.01 0.005742411812961444
0 0.6808333333333333 0.4585726004922067 0.006666666666666667 0.013125512715340444
1 0.53 0.45693191140278916 0.008333333333333333 0.009844134536505332
1 0.67125 0.4552912223133716 0.0075 0.008203445447087777
0 0.5404166666666667 0.4581624282198523 0.0075 0.01394585726004922
1 0.38166666666666665 0.4585726004922067 0.008333333333333333 0.014766201804757998
1 0.82375 0.4581624282198523 0.015833333333333335 0.017227235438884332
0 0.8575 0.4532403609515997 0.006666666666666667 0.009023789991796555
0 0.23708333333333334 0.4524200164068909 0.005833333333333334 0.007383100902378999
1 0.62875 0.45734208367514356 0.0175 0.018867924528301886
0 0.32666666666666666 0.4528301886792453 0.008333333333333333 0.009844134536505332
1 0.28958333333333336 0.4585726004922067 0.0225 0.02132895816242822
0 0.22166666666666668 0.45365053322395404 0.01 0.011484823625922888
0 0.48875 0.4499589827727646 0.0075 0.005742411812961444
0 0.43666666666666665 0.45036915504511893 0.008333333333333333 0.006562756357670222
0 0.55375 0.45077932731747333 0.010833333333333334 0.009023789991796555
1 0.40458333333333335 0.45734208367514356 0.020833333333333332 0.022149302707136997
0 0.69125 0.4384741591468417 0.0075 0.007383100902378999
1 0.28458333333333335 0.4376538146021329 0.0075 0.005742411812961444
0 0.26666666666666666 0.4376538146021329 0.006666666666666667 0.005742411812961444
1 0.005416666666666667 0.4372436423297785 0.009166666666666667 0.004922067268252666
1 0.9675 0.4376538146021329 0.005 0.007383100902378999
0 0.35375 0.4368334700574241 0.0075 0.005742411812961444
1 0.49041666666666667 0.4360131255127153 0.005833333333333334 0.007383100902378999
1 0.47708333333333336 0.4360131255127153 0.005833333333333334 0.007383100902378999
0 0.4633333333333333 0.4364232977850697 0.008333333333333333 0.008203445447087777
0 0.3983333333333333 0.4360131255127153 0.01 0.009023789991796555
1 0.5416666666666666 0.4339622641509434 0.005 0.008203445447087777
1 0.02875 0.43232157506152585 0.0075 0.004922067268252666
1 0.6958333333333333 0.43150123051681705 0.006666666666666667 0.004922067268252666
0 0.6108333333333333 0.43519278096800657 0.006666666666666667 0.012305168170631665
1 0.38208333333333333 0.433552091878589 0.009166666666666667 0.009023789991796555
0 0.875 0.43273174733388026 0.005 0.009023789991796555
1 0.8420833333333333 0.43478260869565216 0.014166666666666666 0.01804757998359311
1 0.53 0.4306808859721083 0.008333333333333333 0.009844134536505332
0 0.7583333333333333 0.4269893355209188 0.01 0.007383100902378999
1 0.38208333333333333 0.4278096800656276 0.009166666666666667 0.009023789991796555
1 0.37166666666666665 0.42863002461033634 0.008333333333333333 0.01066447908121411
0 0.6329166666666667 0.4265791632485644 0.009166666666666667 0.008203445447087777
1 0.043333333333333335 0.42452830188679247 0.006666666666666667 0.004101722723543888
0 0.6008333333333333 0.4257588187038556 0.011666666666666667 0.008203445447087777
0 0.5525 0.42452830188679247 0.006666666666666667 0.005742411812961444
1 0.9958333333333333 0.42370795734208366 0.008333333333333333 0.005742411812961444
1 0.58125 0.4310910582444627 0.0175 0.020508613617719443
1 0.79 0.4220672682526661 0.006666666666666667 0.004101722723543888
0 0.29875 0.4249384741591468 0.0075 0.009844134536505332
0 0.2529166666666667 0.4249384741591468 0.009166666666666667 0.009844134536505332
1 0.78 0.42452830188679247 0.008333333333333333 0.01066447908121411
1 0.43166666666666664 0.4298605414273995 0.02 0.02132895816242822
1 0.3204166666666667 0.4298605414273995 0.0225 0.02132895816242822
0 0.26666666666666666 0.4220672682526661 0.008333333333333333 0.005742411812961444
0 0.23791666666666667 0.42370795734208366 0.0075 0.009023789991796555
1 0.72625 0.42042657916324855 0.0075 0.005742411812961444
0 0.22791666666666666 0.4200164068908942 0.009166666666666667 0.004922067268252666
0 0.7079166666666666 0.42083675143560295 0.0075 0.008203445447087777
0 0.06625 0.41345365053322397 0.009166666666666667 0.006562756357670222
1 0.028333333333333332 0.40935192780968005 0.008333333333333333 0.004922067268252666
0 0.9241666666666667 0.40607054963084493 0.006666666666666667 0.006562756357670222
0 0.85 0.40155865463494667 0.008333333333333333 0.004101722723543888
0 0.021666666666666667 0.40196882690730107 0.008333333333333333 0.006562756357670222
1 0.7025 0.39827727645611155 0.008333333333333333 0.004101722723543888
1 0.9095833333333333 0.3941755537325677 0.004166666666666667 0.005742411812961444
0 0.28583333333333333 0.3921246923707957 0.008333333333333333 0.004922067268252666
0 0.6991666666666667 0.3896636587366694 0.006666666666666667 0.006562756357670222
0 0.8045833333333333 0.39007383100902376 0.005833333333333334 0.009023789991796555
1 0.6425 0.3867924528301887 0.006666666666666667 0.004101722723543888
0 0.91875 0.38761279737489746 0.005833333333333334 0.007383100902378999
1 0.6775 0.3867924528301887 0.006666666666666667 0.007383100902378999
0 0.5854166666666667 0.3863822805578343 0.0075 0.008203445447087777
1 0.73625 0.38433141919606234 0.004166666666666667 0.007383100902378999
0 0.46291666666666664 0.38433141919606234 0.0075 0.007383100902378999
0 0.8545833333333334 0.3831009023789992 0.005833333333333334 0.006562756357670222
1 0.8204166666666667 0.38802296964725186 0.014166666666666666 0.01804757998359311
0 0.39916666666666667 0.3822805578342904 0.006666666666666667 0.006562756357670222
1 0.9958333333333333 0.3806398687448728 0.008333333333333333 0.004922067268252666
1 0.6770833333333334 0.3806398687448728 0.005833333333333334 0.006562756357670222
0 0.53875 0.3822805578342904 0.0075 0.009844134536505332
1 0.9825 0.37940935192780967 0.011666666666666667 0.005742411812961444
0 0.71 0.37981952420016407 0.005 0.008203445447087777
1 0.5291666666666667 0.37899917965545526 0.008333333333333333 0.009844134536505332
0 0.6329166666666667 0.3785890073831009 0.0075 0.01066447908121411
1 0.60375 0.38146021328958163 0.0175 0.01804757998359311
0 0.5620833333333334 0.374487284659557 0.005833333333333334 0.007383100902378999
1 0.9970833333333333 0.3716160787530763 0.005833333333333334 0.006562756357670222
0 0.8441666666666666 0.37038556193601313 0.005 0.007383100902378999
1 0.43166666666666664 0.37694831829368336 0.02 0.020508613617719443
1 0.37041666666666667 0.3687448728465956 0.0075 0.004101722723543888
0 0.8833333333333333 0.37079573420836753 0.006666666666666667 0.009844134536505332
0 0.41041666666666665 0.3695652173913043 0.009166666666666667 0.007383100902378999
1 0.013333333333333334 0.36792452830188677 0.008333333333333333 0.004101722723543888
1 0.80375 0.367104183757178 0.0075 0.005742411812961444
0 0.31416666666666665 0.36792452830188677 0.008333333333333333 0.009023789991796555
1 0.2916666666666667 0.37325676784249384 0.021666666666666667 0.02132895816242822
1 0.23208333333333334 0.3716160787530763 0.0225 0.02132895816242822
0 0.5754166666666667 0.36218211648892534 0.0075 0.005742411812961444
1 0.8191666666666667 0.3646431501230517 0.015 0.017227235438884332
0 0.4525 0.3580803937653815 0.008333333333333333 0.007383100902378999
0 0.16291666666666665 0.3564397046759639 0.005833333333333334 0.007383100902378999
0 0.0325 0.35438884331419196 0.006666666666666667 0.008203445447087777
1 0.0175 0.35151763740771125 0.006666666666666667 0.004101722723543888
0 0.3145833333333333 0.35233798195242 0.0075 0.009023789991796555
1 0.7879166666666667 0.3494667760459393 0.005833333333333334 0.006562756357670222
0 0.255 0.3502871205906481 0.006666666666666667 0.008203445447087777
1 0.55625 0.35479901558654636 0.0175 0.018867924528301886
0 0.24 0.3494667760459393 0.008333333333333333 0.008203445447087777
0 0.8141666666666667 0.347005742411813 0.006666666666666667 0.008203445447087777
1 0.6758333333333333 0.347005742411813 0.005 0.008203445447087777
0 0.7616666666666667 0.3453650533223954 0.006666666666666667 0.006562756357670222
1 0.3804166666666667 0.3465955701394586 0.009166666666666667 0.01066447908121411
0 0.4266666666666667 0.34331419196062346 0.006666666666666667 0.005742411812961444
0 0.9666666666666667 0.3424938474159147 0.008333333333333333 0.005742411812961444
0 0.7408333333333333 0.34331419196062346 0.006666666666666667 0.007383100902378999
1 0.405 0.3494667760459393 0.02 0.019688269073010665
0 0.7079166666666666 0.3424938474159147 0.009166666666666667 0.007383100902378999
1 0.060833333333333336 0.3412633305988515 0.006666666666666667 0.006562756357670222
0 0.3908333333333333 0.33962264150943394 0.008333333333333333 0.004922067268252666
0 0.32916666666666666 0.34085315832649715 0.008333333333333333 0.009023789991796555
1 0.8570833333333333 0.34331419196062346 0.014166666666666666 0.017227235438884332
1 0.29291666666666666 0.3453650533223954 0.0225 0.02132895816242822
0 0.8425 0.33962264150943394 0.006666666666666667 0.011484823625922888
1 0.8033333333333333 0.34003281378178835 0.006666666666666667 0.012305168170631665
0 0.22416666666666665 0.33962264150943394 0.008333333333333333 0.011484823625922888
0 0.8329166666666666 0.33757178014766204 0.0075 0.009023789991796555
0 0.26875 0.33757178014766204 0.010833333333333334 0.009023789991796555
0 0.23958333333333334 0.33675143560295323 0.0075 0.007383100902378999
0 0.5958333333333333 0.3363412633305988 0.005 0.008203445447087777
1 0.20166666666666666 0.3334700574241181 0.008333333333333333 0.004101722723543888
1 0.66625 0.33470057424118127 0.005833333333333334 0.011484823625922888
0 0.6758333333333333 0.3342904019688269 0.008333333333333333 0.012305168170631665
0 0.6979166666666666 0.3310090237899918 0.005833333333333334 0.007383100902378999
0 0.4375 0.3305988515176374 0.008333333333333333 0.006562756357670222
0 0.7104166666666667 0.330188679245283 0.009166666666666667 0.007383100902378999
1 0.5395833333333333 0.330188679245283 0.005833333333333334 0.009023789991796555
1 0.9666666666666667 0.32895816242821985 0.005 0.008203445447087777
1 0.9533333333333334 0.3269073010664479 0.008333333333333333 0.004101722723543888
1 0.6254166666666666 0.33305988515176377 0.0175 0.01804757998359311
1 0.5283333333333333 0.3273174733388023 0.008333333333333333 0.009844134536505332
1 0.9425 0.324856439704676 0.006666666666666667 0.006562756357670222
0 0.7541666666666667 0.322805578342904 0.008333333333333333 0.005742411812961444
1 0.07625 0.3223954060705496 0.0075 0.004922067268252666
0 0.8125 0.3232157506152584 0.008333333333333333 0.008203445447087777
1 0.9608333333333333 0.3195242001640689 0.008333333333333333 0.004101722723543888
0 0.7404166666666666 0.3199343724364233 0.0075 0.008203445447087777
1 0.05875 0.3170631665299426 0.0075 0.004101722723543888
1 0.8704166666666666 0.3162428219852338 0.005833333333333334 0.007383100902378999
1 0.405 0.322805578342904 0.02 0.020508613617719443
0 0.8604166666666667 0.3158326497128794 0.005833333333333334 0.008203445447087777
1 0.8366666666666667 0.3195242001640689 0.015 0.017227235438884332
1 0.77 0.3158326497128794 0.005 0.009844134536505332
0 0.6070833333333333 0.3129614438063987 0.0075 0.007383100902378999
1 0.3225 0.3195242001640689 0.021666666666666667 0.020508613617719443
1 0.6670833333333334 0.3125512715340443 0.0075 0.008203445447087777
0 0.30041666666666667 0.3125512715340443 0.009166666666666667 0.009844134536505332
0 0.2875 0.31050041017227237 0.008333333333333333 0.005742411812961444
0 0.255 0.3113207547169811 0.006666666666666667 0.007383100902378999
1 0.6429166666666667 0.31091058244462677 0.004166666666666667 0.008203445447087777
1 0.041666666666666664 0.31050041017227237 0.005 0.007383100902378999
1 0.9491666666666667 0.3084495488105004 0.008333333333333333 0.004922067268252666
0 0.55 0.31009023789991796 0.008333333333333333 0.008203445447087777
0 0.7591666666666667 0.308039376538146 0.008333333333333333 0.005742411812961444
1 0.5166666666666667 0.30639868744872845 0.008333333333333333 0.004101722723543888
0 0.2275 0.3084495488105004 0.01 0.008203445447087777
0 0.60125 0.30680885972108285 0.0075 0.008203445447087777
0 0.8591666666666666 0.30352748154224773 0.006666666666666667 0.006562756357670222
0 0.88 0.30393765381460214 0.006666666666666667 0.009023789991796555
0 0.5945833333333334 0.30311730926989333 0.005833333333333334 0.009023789991796555
1 0.57875 0.3059885151763741 0.0175 0.01804757998359311
1 0.5283333333333333 0.3018867924528302 0.008333333333333333 0.009844134536505332
1 0.8483333333333334 0.29983593109105827 0.005 0.007383100902378999
0 0.82125 0.300656275635767 0.005833333333333334 0.009023789991796555
1 0.5370833333333334 0.30311730926989333 0.0075 0.01394585726004922
1 0.32875 0.29860541427399506 0.009166666666666667 0.008203445447087777
0 0.7383333333333333 0.2973748974569319 0.008333333333333333 0.007383100902378999
1 0.6095833333333334 0.29655455291222316 0.005833333333333334 0.007383100902378999
0 0.3 0.2969647251845775 0.008333333333333333 0.008203445447087777
0 0.4875 0.2945036915504512 0.008333333333333333 0.006562756357670222
0 0.4766666666666667 0.2945036915504512 0.008333333333333333 0.008203445447087777
0 0.8779166666666667 0.2936833470057424 0.009166666666666667 0.008203445447087777
0 0.46208333333333335 0.29245283018867924 0.0075 0.005742411812961444
1 0.8354166666666667 0.2969647251845775 0.014166666666666666 0.016406890894175553
0 0.24125 0.29327317473338804 0.009166666666666667 0.009023789991796555
1 0.38333333333333336 0.2945036915504512 0.008333333333333333 0.013125512715340444
1 0.034166666666666665 0.2904019688269073 0.006666666666666667 0.006562756357670222
1 0.9904166666666666 0.2895816242821985 0.0075 0.006562756357670222
1 0.405 0.29655455291222316 0.02 0.020508613617719443
0 0.5966666666666667 0.2887612797374898 0.008333333333333333 0.006562756357670222
0 0.7504166666666666 0.285890073831009 0.0075 0.005742411812961444
1 0.7770833333333333 0.28178835110746514 0.005833333333333334 0.007383100902378999
0 0.6854166666666667 0.2826086956521739 0.0075 0.009023789991796555
1 0.26458333333333334 0.2887612797374898 0.0225 0.02132895816242822
1 0.24041666666666667 0.2801476620180476 0.0075 0.005742411812961444
0 0.46125 0.2801476620180476 0.010833333333333334 0.009023789991796555
1 0.8154166666666667 0.2780968006562756 0.009166666666666667 0.006562756357670222
1 0.6508333333333334 0.27686628383921247 0.008333333333333333 0.004101722723543888
1 0.6245833333333334 0.28424938474159145 0.0175 0.018867924528301886
1 0.5279166666666667 0.2756357670221493 0.0075 0.009844134536505332
1 0.94875 0.2694831829368335 0.009166666666666667 0.005742411812961444
1 0.7570833333333333 0.27030352748154224 0.005833333333333334 0.01066447908121411
0 0.25875 0.2686628383921247 0.009166666666666667 0.007383100902378999
1 0.04541666666666667 0.2674323215750615 0.005833333333333334 0.004922067268252666
0 0.3025 0.2682526661197703 0.005 0.008203445447087777
1 0.97875 0.2649712879409352 0.0075 0.006562756357670222
1 0.9683333333333334 0.26210008203445445 0.008333333333333333 0.004101722723543888
1 0.9608333333333333 0.26333059885151766 0.011666666666666667 0.006562756357670222
1 0.4058333333333333 0.26989335520918784 0.02 0.019688269073010665
1 0.37416666666666665 0.2670221493027071 0.008333333333333333 0.01394585726004922
1 0.20875 0.26251025430680885 0.004166666666666667 0.008203445447087777
1 0.05 0.25963904840032814 0.008333333333333333 0.004101722723543888
1 0.62625 0.258408531583265 0.005833333333333334 0.004922067268252666
1 0.3433333333333333 0.25635767022149303 0.008333333333333333 0.004101722723543888
0 0.3175 0.2571780147662018 0.008333333333333333 0.005742411812961444
0 0.3283333333333333 0.2579983593109106 0.01 0.009023789991796555
0 0.19958333333333333 0.25635767022149303 0.0075 0.005742411812961444
0 0.3 0.25676784249384743 0.01 0.008203445447087777
1 0.8166666666666667 0.2538966365873667 0.006666666666666667 0.004101722723543888
1 0.30875 0.2538966365873667 0.0075 0.004101722723543888
0 0.25625 0.25676784249384743 0.0075 0.009844134536505332
1 0.034583333333333334 0.25471698113207547 0.009166666666666667 0.005742411812961444
0 0.2708333333333333 0.25430680885972107 0.006666666666666667 0.006562756357670222
1 0.235 0.25922887612797374 0.023333333333333334 0.02132895816242822
1 0.05291666666666667 0.25143560295324036 0.005833333333333334 0.007383100902378999
1 0.48583333333333334 0.25143560295324036 0.006666666666666667 0.012305168170631665
0 0.7954166666666667 0.24815422477440524 0.005833333333333334 0.009023789991796555
1 0.695 0.2461033634126333 0.008333333333333333 0.004922067268252666
1 0.4033333333333333 0.24774405250205087 0.005 0.008203445447087777
1 0.9770833333333333 0.2456931911402789 0.004166666666666667 0.005742411812961444
1 0.9691666666666666 0.24487284659557013 0.006666666666666667 0.004101722723543888
1 0.68125 0.24487284659557013 0.0075 0.004101722723543888
1 0.78125 0.24528301886792453 0.005833333333333334 0.006562756357670222
1 0.8195833333333333 0.2432321575061526 0.0075 0.004101722723543888
0 0.6708333333333333 0.24405250205086138 0.008333333333333333 0.005742411812961444
1 0.9829166666666667 0.24159146841673504 0.0075 0.004101722723543888
0 0.64875 0.24200164068908941 0.0075 0.004922067268252666
0 0.40875 0.2456931911402789 0.009166666666666667 0.01394585726004922
1 0.6070833333333333 0.2391304347826087 0.0075 0.004101722723543888
1 0.5983333333333334 0.2387202625102543 0.008333333333333333 0.004922067268252666
1 0.945 0.23625922887612796 0.006666666666666667 0.004922067268252666
1 0.7075 0.22846595570139458 0.008333333333333333 0.005742411812961444
1 0.6979166666666666 0.2276456111566858 0.0075 0.004101722723543888
1 0.58 0.22846595570139458 0.005 0.007383100902378999
1 0.07291666666666667 0.22313371616078753 0.009166666666666667 0.004922067268252666
1 0.8983333333333333 0.2210828547990156 0.008333333333333333 0.004101722723543888
1 0.365 0.21862182116488926 0.008333333333333333 0.004101722723543888
1 0.34125 0.2169811320754717 0.0075 0.004101722723543888
1 0.9383333333333334 0.2165709598031173 0.008333333333333333 0.004922067268252666
1 0.0275 0.21534044298605415 0.006666666666666667 0.004101722723543888
1 0.49666666666666665 0.21739130434782608 0.006666666666666667 0.009844134536505332
0 0.31333333333333335 0.21493027071369974 0.01 0.004922067268252666
1 0.06541666666666666 0.21493027071369974 0.009166666666666667 0.004922067268252666
1 0.8820833333333333 0.2128794093519278 0.005833333333333334 0.004101722723543888
0 0.29333333333333333 0.2124692370795734 0.008333333333333333 0.004922067268252666
1 0.44166666666666665 0.2128794093519278 0.006666666666666667 0.007383100902378999
1 0.44916666666666666 0.2128794093519278 0.006666666666666667 0.009023789991796555
1 0.6145833333333334 0.20795734208367514 0.0075 0.004101722723543888
0 0.23333333333333334 0.20836751435602954 0.008333333333333333 0.004922067268252666
1 0.21833333333333332 0.20754716981132076 0.008333333333333333 0.004922067268252666
1 0.01125 0.20631665299425758 0.0075 0.004101722723543888
1 0.43666666666666665 0.2054963084495488 0.005 0.005742411812961444
1 0.04375 0.2059064807219032 0.005833333333333334 0.006562756357670222
1 0.08958333333333333 0.20303527481542247 0.0075 0.004101722723543888
1 0.07583333333333334 0.2026251025430681 0.01 0.004922067268252666
0 0.03625 0.19975389663658738 0.009166666666666667 0.005742411812961444
1 0.795 0.19606234618539786 0.01 0.004922067268252666
1 0.8995833333333333 0.19524200164068908 0.004166666666666667 0.006562756357670222
1 0.6579166666666667 0.19237079573420837 0.005833333333333334 0.004101722723543888
1 0.2875 0.19360131255127153 0.006666666666666667 0.008203445447087777
1 0.6404166666666666 0.19073010664479081 0.005833333333333334 0.004101722723543888
1 0.82375 0.1944216570959803 0.009166666666666667 0.013125512715340444
1 0.8091666666666667 0.18908941755537326 0.01 0.005742411812961444
1 0.25416666666666665 0.19073010664479081 0.005 0.009023789991796555
0 0.15416666666666667 0.1903199343724364 0.005 0.008203445447087777
1 0.99625 0.18867924528301888 0.0075 0.006562756357670222
1 0.79125 0.18826907301066448 0.005833333333333334 0.007383100902378999
1 0.007083333333333333 0.1833470057424118 0.0075 0.004101722723543888
0 0.6708333333333333 0.18293683347005743 0.008333333333333333 0.004922067268252666
1 0.7270833333333333 0.18580803937653814 0.0075 0.01394585726004922
0 0.7345833333333334 0.18416735028712058 0.0075 0.012305168170631665
1 0.7145833333333333 0.18211648892534865 0.0075 0.009844134536505332
1 0.89875 0.1792452830188679 0.004166666666666667 0.005742411812961444
1 0.83 0.17801476620180476 0.01 0.006562756357670222
1 0.80875 0.17555373256767842 0.005833333333333334 0.006562756357670222
1 0.5645833333333333 0.1726825266611977 0.0075 0.004101722723543888
1 0.04541666666666667 0.17104183757178015 0.0075 0.004101722723543888
0 0.7341666666666666 0.16694011484823626 0.008333333333333333 0.007383100902378999
1 0.7229166666666667 0.16652994257588188 0.005833333333333334 0.006562756357670222
1 0.70625 0.1652994257588187 0.0075 0.005742411812961444
1 0.8533333333333334 0.1652994257588187 0.005 0.007383100902378999
1 0.8458333333333333 0.1657095980311731 0.006666666666666667 0.008203445447087777
0 0.6233333333333333 0.16365873666940114 0.01 0.005742411812961444
0 0.6979166666666666 0.16324856439704677 0.005833333333333334 0.006562756357670222
1 0.02666666666666667 0.15627563576702214 0.008333333333333333 0.004101722723543888
1 0.08 0.1546349466776046 0.008333333333333333 0.004101722723543888
1 0.95 0.1542247744052502 0.01 0.004922067268252666
1 0.7441666666666666 0.15381460213289583 0.006666666666666667 0.005742411812961444
1 0.8970833333333333 0.15176374077112387 0.004166666666666667 0.008203445447087777
0 0.8208333333333333 0.1505332239540607 0.008333333333333333 0.009023789991796555
1 0.9683333333333334 0.1472518457752256 0.008333333333333333 0.004101722723543888
0 0.8054166666666667 0.14848236259228875 0.005833333333333334 0.008203445447087777
1 0.06958333333333333 0.14766201804757997 0.005833333333333334 0.006562756357670222
0 0.6754166666666667 0.1472518457752256 0.005833333333333334 0.007383100902378999
0 0.31416666666666665 0.14602132895816242 0.01 0.004922067268252666
1 0.9575 0.14479081214109926 0.008333333333333333 0.004101722723543888
1 0.09583333333333334 0.1435602953240361 0.01 0.004922067268252666
1 0.64625 0.14273995077932733 0.005833333333333334 0.011484823625922888
1 0.89625 0.13822805578342903 0.004166666666666667 0.005742411812961444
0 0.71125 0.13781788351107466 0.009166666666666667 0.008203445447087777
1 0.03166666666666667 0.13740771123872025 0.005 0.007383100902378999
1 0.8104166666666667 0.13658736669401148 0.0075 0.007383100902378999
1 0.0225 0.13658736669401148 0.008333333333333333 0.007383100902378999
0 0.19083333333333333 0.1333059885151764 0.008333333333333333 0.004101722723543888
1 0.7920833333333334 0.1333059885151764 0.009166666666666667 0.005742411812961444
1 0.8420833333333333 0.1287940935192781 0.0075 0.006562756357670222
1 0.2654166666666667 0.12961443806398687 0.0075 0.008203445447087777
1 0.8333333333333334 0.12756357670221494 0.006666666666666667 0.007383100902378999
1 0.4583333333333333 0.12715340442986053 0.006666666666666667 0.008203445447087777
0 0.7145833333333333 0.12592288761279738 0.009166666666666667 0.007383100902378999
1 0.3458333333333333 0.12469237079573421 0.01 0.004922067268252666
0 0.07833333333333334 0.12551271534044298 0.008333333333333333 0.006562756357670222
1 0.8954166666666666 0.12428219852337982 0.004166666666666667 0.005742411812961444
0 0.81125 0.1251025430680886 0.010833333333333334 0.007383100902378999
1 0.8029166666666666 0.12428219852337982 0.004166666666666667 0.007383100902378999
1 0.9895833333333334 0.12305168170631665 0.005833333333333334 0.006562756357670222
1 0.7875 0.1214109926168991 0.006666666666666667 0.004922067268252666
1 0.005416666666666667 0.11936013125512715 0.010833333333333334 0.005742411812961444
1 0.0975 0.11648892534864644 0.006666666666666667 0.004922067268252666
1 0.335 0.11525840853158327 0.008333333333333333 0.004101722723543888
1 0.36666666666666664 0.11115668580803938 0.008333333333333333 0.005742411812961444
1 0.050416666666666665 0.11156685808039377 0.0075 0.006562756357670222
1 0.6604166666666667 0.10746513535684987 0.0075 0.004922067268252666
1 0.6770833333333334 0.10787530762920426 0.005833333333333334 0.007383100902378999
1 0.8570833333333333 0.10746513535684987 0.005833333333333334 0.008203445447087777
1 0.0375 0.10705496308449548 0.005 0.007383100902378999
0 0.6225 0.10500410172272355 0.01 0.004922067268252666
1 0.99 0.10500410172272355 0.008333333333333333 0.006562756357670222
0 0.8408333333333333 0.10459392945036916 0.006666666666666667 0.007383100902378999
1 0.8291666666666667 0.10336341263330599 0.006666666666666667 0.006562756357670222
1 0.9779166666666667 0.10254306808859721 0.009166666666666667 0.006562756357670222
1 0.6454166666666666 0.1029532403609516 0.005833333333333334 0.007383100902378999
0 0.07583333333333334 0.1029532403609516 0.011666666666666667 0.007383100902378999
1 0.72625 0.10213289581624282 0.004166666666666667 0.007383100902378999
1 0.89375 0.09885151763740771 0.004166666666666667 0.005742411812961444
1 0.03125 0.09885151763740771 0.004166666666666667 0.005742411812961444
1 0.012083333333333333 0.09392945036915505 0.004166666666666667 0.007383100902378999
1 0.9545833333333333 0.08982772764561116 0.0075 0.004101722723543888
1 0.7466666666666667 0.0918785890073831 0.005 0.008203445447087777
1 0.5025 0.08900738310090238 0.008333333333333333 0.004101722723543888
0 0.7329166666666667 0.08900738310090238 0.0075 0.005742411812961444
0 0.09333333333333334 0.08941755537325677 0.011666666666666667 0.006562756357670222
1 0.024583333333333332 0.08736669401148482 0.0075 0.004101722723543888
0 0.80375 0.08736669401148482 0.005833333333333334 0.007383100902378999
1 0.67 0.08326497128794094 0.008333333333333333 0.005742411812961444
0 0.7779166666666667 0.08367514356029532 0.0075 0.009844134536505332
1 0.76875 0.08203445447087777 0.009166666666666667 0.006562756357670222
1 0.7575 0.08203445447087777 0.006666666666666667 0.006562756357670222
1 0.7195833333333334 0.07629204265791632 0.010833333333333334 0.008203445447087777
1 0.31958333333333333 0.07629204265791632 0.005833333333333334 0.009844134536505332
1 0.9695833333333334 0.07424118129614438 0.005833333333333334 0.007383100902378999
1 0.8416666666666667 0.07506152584085315 0.005 0.009023789991796555
1 0.8370833333333333 0.07465135356849877 0.004166666666666667 0.008203445447087777
0 0.08 0.07219031993437244 0.008333333333333333 0.006562756357670222
1 0.8208333333333333 0.07219031993437244 0.005 0.008203445447087777
1 0.6325 0.06890894175553733 0.008333333333333333 0.004922067268252666
0 0.6795833333333333 0.0701394585726005 0.005833333333333334 0.009023789991796555
1 0.5325 0.06808859721082855 0.008333333333333333 0.004922067268252666
1 0.62125 0.06726825266611977 0.0075 0.004922067268252666
1 0.28875 0.06767842493847416 0.005833333333333334 0.005742411812961444
1 0.0625 0.06767842493847416 0.005 0.005742411812961444
1 0.9883333333333333 0.06726825266611977 0.01 0.006562756357670222
1 0.9370833333333334 0.06644790812141099 0.0075 0.004922067268252666
1 0.7966666666666666 0.06808859721082855 0.005 0.008203445447087777
1 0.97875 0.06439704675963905 0.0075 0.004101722723543888
1 0.5495833333333333 0.06480721903199343 0.005833333333333334 0.006562756357670222
1 0.7666666666666667 0.061936013125512716 0.005 0.007383100902378999
1 0.7466666666666667 0.06070549630844955 0.005 0.008203445447087777
1 0.5404166666666667 0.06029532403609516 0.0075 0.007383100902378999
1 0.51625 0.05988515176374077 0.0075 0.006562756357670222
1 0.18083333333333335 0.06152584085315833 0.005 0.009844134536505332
1 0.9770833333333333 0.05783429040196883 0.005833333333333334 0.004101722723543888
0 0.205 0.06316652994257588 0.011666666666666667 0.014766201804757998
1 0.7379166666666667 0.05906480721903199 0.005833333333333334 0.009844134536505332
1 0.73125 0.0586546349466776 0.005833333333333334 0.009023789991796555
1 0.9675 0.05660377358490566 0.01 0.006562756357670222
1 0.48 0.05701394585726005 0.008333333333333333 0.009023789991796555
1 0.4345833333333333 0.054963084495488104 0.009166666666666667 0.004922067268252666
1 0.8904166666666666 0.05332239540607055 0.004166666666666667 0.006562756357670222
1 0.05 0.052502050861361775 0.006666666666666667 0.004922067268252666
1 0.6945833333333333 0.053732567678424936 0.005833333333333334 0.009023789991796555
1 0.6166666666666667 0.05045118949958983 0.008333333333333333 0.004101722723543888
1 0.6883333333333334 0.052091878589007386 0.005 0.009023789991796555
1 0.07458333333333333 0.05086136177194422 0.015833333333333335 0.008203445447087777
1 0.6770833333333334 0.05004101722723544 0.005833333333333334 0.008203445447087777
1 0.4583333333333333 0.04963084495488105 0.006666666666666667 0.007383100902378999
0 0.9 0.04799015586546349 0.011666666666666667 0.005742411812961444
1 0.037083333333333336 0.04552912223133716 0.0075 0.005742411812961444
1 0.06291666666666666 0.04265791632485644 0.005833333333333334 0.006562756357670222
1 0.8895833333333333 0.03896636587366694 0.004166666666666667 0.005742411812961444
1 0.09375 0.03814602132895816 0.0075 0.004101722723543888
1 0.31083333333333335 0.03691550451189499 0.01 0.006562756357670222
0 0.7441666666666666 0.03568498769483183 0.008333333333333333 0.009023789991796555
0 0.4583333333333333 0.03281378178835111 0.008333333333333333 0.004922067268252666
1 0.09083333333333334 0.03199343724364233 0.01 0.004922067268252666
1 0.3983333333333333 0.031173092698933553 0.005 0.008203445447087777
0 0.7033333333333334 0.029942575881870385 0.006666666666666667 0.007383100902378999
0 0.0125 0.029942575881870385 0.006666666666666667 0.007383100902378999
0 0.8829166666666667 0.02912223133716161 0.005833333333333334 0.01066447908121411
1 0.03833333333333333 0.025840853158326498 0.006666666666666667 0.005742411812961444
1 0.29791666666666666 0.02091878589007383 0.0075 0.004101722723543888
1 0.009583333333333333 0.021739130434782608 0.009166666666666667 0.005742411812961444
1 0.28625 0.019688269073010665 0.009166666666666667 0.004922067268252666
1 0.6029166666666667 0.018457752255947497 0.0075 0.004101722723543888
1 0.94625 0.018457752255947497 0.005833333333333334 0.005742411812961444
1 0.61375 0.019688269073010665 0.004166666666666667 0.008203445447087777
0 0.55875 0.01804757998359311 0.009166666666666667 0.004922067268252666
1 0.21333333333333335 0.020508613617719443 0.008333333333333333 0.009844134536505332
1 0.056666666666666664 0.017227235438884332 0.006666666666666667 0.003281378178835111
1 0.47125 0.017227235438884332 0.009166666666666667 0.004922067268252666
1 0.9666666666666667 0.015996718621821164 0.008333333333333333 0.004101722723543888
1 0.9291666666666667 0.014766201804757998 0.01 0.004922067268252666
0 0.2425 0.01394585726004922 0.008333333333333333 0.004922067268252666
1 0.16875 0.014766201804757998 0.005833333333333334 0.008203445447087777
1 0.07666666666666666 0.011894995898277276 0.008333333333333333 0.004101722723543888
0 0.8029166666666666 0.012715340442986054 0.005833333333333334 0.007383100902378999
1 0.6004166666666667 0.011484823625922888 0.0075 0.004922067268252666
1 0.8325 0.009844134536505332 0.006666666666666667 0.006562756357670222
1 0.17375 0.008613617719442166 0.005833333333333334 0.005742411812961444
1 0.4166666666666667 0.008203445447087777 0.01 0.006562756357670222
1 0.010416666666666666 0.00697292863002461 0.0075 0.004101722723543888
1 0.75875 0.007383100902378999 0.004166666666666667 0.006562756357670222
0 0.5033333333333333 0.006562756357670222 0.01 0.008203445447087777
1 0.7870833333333334 0.004922067268252666 0.004166666666666667 0.006562756357670222
1 0.7195833333333334 0.002461033634126333 0.0075 0.004922067268252666
1 0.40291666666666665 0.0061525840853158325 0.009166666666666667 0.012305168170631665
1 0.35833333333333334 0.0036915504511894994 0.006666666666666667 0.007383100902378999