0 0.3161788638457654 0.9365955968790589 0.011087795148935098 0.007071389532584793
0 0.2755607233841575 0.9289826885378218 0.009505030686364269 0.00764929074552223
0 0.22568444393185572 0.9221744989370593 0.010357577830978043 0.00776566475472773
0 0.2879844207998943 0.9302648005379074 0.01047996665743739 0.008576322039640871
0 0.472569285080632 0.9554609211638674 0.014987674847799726 0.010779648815793297
0 0.12099994355758145 0.9066437965254792 0.012429944914254629 0.010430514707829519
0 0.09115942175069139 0.9025705189579075 0.0126747403821406 0.012051947277260666
0 0.46051280145914164 0.9517467233362202 0.01084720995158489 0.01100841994754953
0 0.21320163664573982 0.9184020470514423 0.012674769882041775 0.01205195130404313
0 0.1036443283296084 0.9034473043289275 0.01352731702665566 0.012168325313248407
0 0.6935135784635533 0.9818969039213385 0.010847209951585057 0.011008419947549641
0 0.30497703250415686 0.9301021675592139 0.01206694139054415 0.013556883811099096
0 0.6779243404377411 0.9785278431810884 0.008167061691679356 0.009848624527890815
1 0.7718311720649789 0.9905188477656361 0.009872155980907071 0.010081372546301592
0 0.8196371895692722 0.9955923733524871 0.00999454480736639 0.00881525329502586
0 0.8673208182471062 0.99832925439606 0.013772153679376453 0.0033414912078799652
1 0.18275749077542114 0.906799800835274 0.0053644772904459515 0.007878049796931408
1 0.3826256416082402 0.9373916884403517 0.011703908366932414 0.01668324888758621
1 0.4068040341274039 0.9386236074769675 0.026446864561616046 0.025841591187117707
0 0.3211844977907181 0.9207309403177167 0.011822163737625568 0.011935569241272814
1 0.2520596769036058 0.9175007624051879 0.025594258417199783 0.025725209124347503
1 0.21631849565458863 0.9035206753185141 0.008407646889029452 0.005911594112925744
0 0.09257113637799388 0.8874563321532012 0.008652424541947992 0.007532908682751915
1 0.06796226217096646 0.891957497624635 0.025471859150748337 0.024914434846525335
0 0.4765387797337982 0.9406959355204917 0.01169975709619897 0.01112479395675492
1 0.4440201616449351 0.9341886245613128 0.01023524800432124 0.006955015523379293
0 0.28982240009202 0.9152088597376062 0.011699757096198915 0.01112479395675503
0 0.2781921900428366 0.9115528489145617 0.009382641859905061 0.006838633460609311
0 0.22782841310509702 0.9050917969248706 0.009505030686364158 0.007649290745522008
0 0.13580822177879392 0.8950131089865299 0.012797129208599878 0.012862604562173696
1 0.6248845576033457 0.9667371502849956 0.027299411706229848 0.025957965196323318
0 0.5085107136520746 0.9450601541512507 0.01279709970869869 0.012862600535391455
0 0.494504290181152 0.9427345738212565 0.011822163737625568 0.011935569241273036
0 0.4633236499944573 0.9388920497885948 0.014502311997531103 0.013095364660931752
0 0.4322042927206958 0.9346442091938236 0.013649705853114924 0.012978982598161548
0 0.6958369590133324 0.9693893720115669 0.011822163737625457 0.011935569241273036
0 0.6814042029703005 0.9670055966234052 0.01169975709619886 0.01112479395675492
0 0.6009572375504871 0.9551970371477587 0.010602432298666642 0.009387105377723137
0 0.5888373953806967 0.9547837654104069 0.012674710882239482 0.012051943250478425
1 0.8435137818854388 0.9905595926207658 0.02729941170622996 0.018880814758468478
0 0.8692179163170948 0.9909876728458678 0.013649764852917134 0.012978990651726363
0 0.7760433481432796 0.9770280940540352 0.01437992317107184 0.012284707376018722
1 0.8903531570526424 0.9893219858574058 0.0064618494028471085 0.009615860402350074
1 0.6861608990841173 0.958553532688063 0.01096540632247578 0.006260732247671652
1 0.7044323404127844 0.9585654017233755 0.007555099744415705 0.0057952201037203555
0 0.24890871583341662 0.8951446140210904 0.010235189004518808 0.006955007469814367
1 0.3861138567745853 0.9142870708232927 0.01084715095178268 0.011008411893984826
0 0.29214787686958343 0.8998057813262336 0.011454979443280333 0.00950347938692886
0 0.27978538277456 0.8981182816838892 0.010602373298864154 0.009387097324158544
0 0.46534525093365686 0.922620068087904 0.011454979443280278 0.00950347938692886
1 0.32515603857934994 0.9030703411193729 0.007069660079377205 0.008110809895689464
0 0.5903715283343597 0.9388589253475699 0.01060243229866642 0.00938710537772336
0 0.3101745906376506 0.9014390319847393 0.011699757096198804 0.01112479395675492
0 0.26200346447437883 0.8948635984559523 0.01255236324061515 0.011241176019525345
0 0.09489661315555728 0.8720532537418284 0.012552333740713892 0.011241171992742993
0 0.0646298030264097 0.8679217871562628 0.011699757096198839 0.01112479395675503
0 0.6654602934621461 0.9486949766219495 0.010724821125125739 0.0101977626626365
0 0.5097409028600876 0.9282664617453331 0.01182216373762568 0.011935569241272925
0 0.44756333263347564 0.9193653848599671 0.011944552564084887 0.012746226526185955
0 0.43398313848500814 0.9170979854944021 0.011822134237724324 0.011935565214490573
0 0.49622195628218524 0.9255936807776826 0.013772153679376675 0.013789647936639615
0 0.6820265815017831 0.9484740895852863 0.00901960883629327 0.009964998537095981
0 0.48105899182867995 0.9222828070420352 0.010239340275252307 0.01251346240064577
0 0.839451116485388 0.9691354195336812 0.011577368269739763 0.010314136671842
1 0.687874413914417 0.9472038587008605 0.006094665108501651 0.00718377054800623
1 0.3862404352791631 0.9076851395089882 0.010847150951782625 0.011008411893984715
0 0.871788188562544 0.9739631618650642 0.015354859142144961 0.013211738670137474
0 0.7909760849838511 0.9616910786887937 0.01182216373762568 0.011935569241273036
0 0.6970080589433837 0.9501054027467025 0.012189330217003302 0.014367541096012237
1 0.01049684513270714 0.8518448757709172 0.006461849402846963 0.009615860402350074
0 0.16335453993064464 0.8710554011764029 0.00816703219177825 0.00984862050110824
0 0.5619976355045658 0.9279530138770212 0.010851302222516068 0.016566866824816007
0 0.11122648201852839 0.8618713712288093 0.00889722000983402 0.00915434125218284
0 0.09411356296564022 0.8599491129774236 0.009019608836293283 0.009964998537095981
0 0.45116564299229667 0.9070324890709355 0.00792226622379344 0.008227191958459557
1 0.22498135737317296 0.8836045558568737 0.02547185177577299 0.02491443383982983
1 0.1324757589467495 0.8709773980148099 0.026324457920189295 0.025030815902600034
1 0.4105412255322698 0.9081063422608884 0.026324457920189226 0.025030815902599923
0 0.2937411080086918 0.8863711591225407 0.012674769882041803 0.012051951304042907
0 0.035042421946216123 0.8506447049531889 0.011699757096198849 0.01112479395675503
1 0.7251517152527602 0.9423634841161646 0.007799877397334232 0.0074165346735465265
0 0.467548338884761 0.9080276469614443 0.011454979443280278 0.00950347938692886
0 0.28217206287283675 0.8823098156302575 0.010479966657437334 0.00857632203964065
0 0.2635354922927738 0.8818343638945185 0.013649705853114869 0.01297898259816177
0 0.25147897917138223 0.878120162040089 0.010479966657437306 0.00857632203964065
0 0.0787079023370501 0.8553640052966102 0.011577368269739582 0.010314136671842
0 0.06585790553659285 0.8540237027684875 0.011699749721223535 0.011124792950059526
0 0.04874499017119233 0.8521014450204496 0.011822163737625582 0.011935569241273036
1 0.6286217195083105 0.9362198810421343 0.027177005064803028 0.025147189911805756
0 0.6045720017215087 0.9254904841896128 0.010480025657239711 0.008576330093205575
0 0.5920258859794114 0.9250190254476582 0.01169975709619886 0.011124793956755141
0 0.48009445462685824 0.9084991057033989 0.012185119946467426 0.008809078111616575
0 0.6676633814132504 0.93410255549549 0.010724821125125739 0.010197762662636278
0 0.6852637537017243 0.9356776700956309 0.011577368269739652 0.010314136671842
0 0.6545095050869414 0.9318933491747012 0.01169975709619897 0.01112479395675503
0 0.8720413366642159 0.9607593582362574 0.011699757096198748 0.01112479395675492
1 0.8157052834444339 0.9592748669706755 0.02717700506480325 0.025147189911805423
0 0.698174948602899 0.9366126444846448 0.01157736826973954 0.010314136671841778
0 0.23291401068128403 0.8627613380477475 0.01035757783097807 0.00776566475472773
0 0.29484889948276166 0.8703881830013386 0.011454979443280333 0.00950347938692886
0 0.43826693140322404 0.8887238615395896 0.0132825215587698 0.010546892743817704
0 0.08066829411306939 0.8394973502249847 0.012552333740713892 0.01124117199274266
0 0.6073849553920925 0.9097402051405841 0.009749767154447753 0.009270715261388451
0 0.4691436072518512 0.8916974702025859 0.013404969385031273 0.011357558082295549
0 0.4530056979197892 0.8890809387424485 0.009872155980907127 0.010081372546301592
0 0.3115376147562428 0.8693565837067422 0.008044613865417771 0.009037959189412748
0 0.5157931427733643 0.8968240987054428 0.00901960883629327 0.009964998537095981
1 0.7321073480469477 0.925110218110734 0.008044672865220148 0.009037967242977563
0 0.6556784998817248 0.9155049854112401 0.010847209951585057 0.011008419947549308
0 0.482907408297442 0.8927488266543702 0.013649764852917468 0.012978990651726585
0 0.22110228412029476 0.8574257626236895 0.012066941390544123 0.013556883811099096
0 0.6872853546409239 0.91940568839494 0.012674710882239482 0.012051943250478536
0 0.5926483146032129 0.9064875854629064 0.010969616593011766 0.011819195232067536
0 0.4996552334413023 0.8942075672453054 0.01279709970869869 0.012862600535391455
0 0.8891055504584433 0.9457133530009614 0.01169975709619886 0.011124793956755252
0 0.8256491005151082 0.9366377070482226 0.010724821125125628 0.010197762662636278
1 0.7115249209808998 0.9202322157625142 0.005364506790347168 0.007878053823713649
1 0.7001353551288687 0.9207459914264104 0.01279709970869869 0.012862600535391233
0 0.8572559552743074 0.9405384100319222 0.012552304240812662 0.011241167965960752
1 0.19997122415538193 0.8533002345825624 0.012434125684889413 0.01598897366544305
0 0.8751602713084317 0.9429823769751434 0.014502311997531492 0.013095364660931974
1 0.11672586401245356 0.8369726914854272 0.00548688393187266 0.00868882508144897
1 0.017703476643446625 0.8242834055979098 0.013286702329404437 0.016105351701431014
0 0.32908515417275686 0.8597545968901614 0.010479966657437334 0.008576322039640871
0 0.31483388514162947 0.8590503820762311 0.011699757096198804 0.01112479395675492
0 0.09919081375050831 0.8292010861728698 0.008167032191778237 0.00984862050110824
1 0.7634756726517462 0.9219454701062875 0.013286672829503132 0.01610534767464833
1 0.41421718411652114 0.877994460660286 0.026324457920189337 0.025030815902600034
1 0.2598379355517015 0.8573351352623482 0.026446864561616046 0.02584159118711782
0 0.2233644997567455 0.8453235633831566 0.010724762125323362 0.010197754609071796
1 0.13706552699613045 0.8405765108347187 0.026446864561616018 0.02584159118711804
0 0.05272487775114312 0.8228584137495366 0.012674740382140615 0.012051947277260666
0 0.03981577323528596 0.819027831845728 0.007799833147482366 0.007416528633373165
0 0.502039808404311 0.8812947066930771 0.009504971686561725 0.007649282691957859
0 0.4845006305290665 0.8793142634504798 0.010480025657239711 0.008576330093205353
0 0.44010494019525087 0.8736679247660708 0.010602373298864043 0.009387097324158655
0 0.28529935905832193 0.8529504043099654 0.011577368269739596 0.010314136671842
0 0.08214117949616717 0.8239778917642331 0.01035760733087926 0.007765668781510304
0 0.5953979687252988 0.8940382405577376 0.00889722000983395 0.009154341252183062
0 0.45277131903612194 0.8762242686979309 0.01279709970869869 0.012862600535391677
0 0.5141595915742989 0.8817079703768644 0.011332572801853624 0.008692704102411075
1 0.6324201348263072 0.9052972912103809 0.027421800532689167 0.02676862248123657
0 0.82882507830182 0.9242466162010233 0.00999454480736639 0.010892029831214955
0 0.6880871740488457 0.9054493554860206 0.011822163737625568 0.011935569241272925
0 0.6586729405642131 0.9014342669364428 0.01267471088223937 0.012051943250478425
0 0.860005659488712 0.9280891321801202 0.010969616593011877 0.011819195232067203
1 0.7878967760959454 0.9244516251014604 0.027299411706229848 0.02595796519632354
0 0.876753493540056 0.9295478137712531 0.013527376026458038 0.012168333366813222
0 0.8447815006219773 0.9251835870869294 0.01267471088223937 0.012051943250478536
0 0.813600919435085 0.9213410711078325 0.013649764852917246 0.012978990651726585
0 0.22952451054921041 0.8333397976753062 0.008407646889029396 0.005911594112925744
0 0.28969303105601085 0.8411391521727933 0.011087795148935042 0.007071389532584682
1 0.08489087786810506 0.8115285528992378 0.008530035715488729 0.006722251397838996
0 0.30029124417665765 0.8401036738572353 0.009627419512823476 0.00845994803043526
0 0.23890504727384743 0.8317243626501163 0.009627419512823449 0.00845994803043515
0 0.5041817019421856 0.8671076142090741 0.0096273605130211 0.008459939976870778
0 0.3287916771036443 0.8444077089864994 0.014257516529645187 0.011473932091500716
0 0.07143307992107208 0.808450497255455 0.010602388048814693 0.009387099337549776
0 0.4881661903440665 0.8636803664642211 0.007799877397334176 0.0074165346735464155
1 0.05712270686203249 0.8052560035691867 0.007069630579475988 0.008110805868907112
1 0.3827493822665179 0.8501182322197522 0.01084715095178257 0.011008411893984826
1 0.19304899911888768 0.8242238353243004 0.008289421018237542 0.01065927778602127
0 0.13251537886059248 0.8159609021531692 0.009994574307267579 0.010892033857996974
0 0.4732459073156956 0.8616437246603487 0.012552304240812662 0.011241167965960752
0 0.4255622786378615 0.8547211535204902 0.01096955759320939 0.011819187178502832
0 0.8923552443778715 0.9155432253959537 0.010602432298666531 0.009387105377723137
0 0.8603832514597924 0.9111789987116301 0.01169975709619886 0.011124793956755141
0 0.798205672325697 0.9022779808260666 0.011577368269739652 0.010314136671842
0 0.8787750944792556 0.9132758320705622 0.01267471088223937 0.012051943250478425
0 0.8468642959744064 0.9085062767437819 0.011699757096198748 0.01112479395675503
0 0.7838341196033783 0.8994888177956459 0.01182216373762568 0.011935569241272925
0 0.20419588354578436 0.8224358277286297 0.009876366251443058 0.015639835530697144
0 0.1929940611116596 0.8159423394089822 0.010112800178059544 0.006144350184901559
0 0.022780734803290008 0.7935353798000515 0.010973738363844129 0.01737764613611603
1 0.7533900032329608 0.8878865756062599 0.0064618494028468865 0.009615860402350296
0 0.3331874453291175 0.8297009103477264 0.009627419512823476 0.00845994803043515
1 0.2634526997227232 0.8276285823042022 0.026324457920189337 0.025030815902600034
1 0.13593615211519017 0.8019483787365391 0.008530035715488743 0.006722251397838996
1 0.11041351053790574 0.8067384953177895 0.02547185177577306 0.02491443383982972
1 0.08727754905889812 0.7957201458454084 0.008652424541947992 0.007532908682752137
0 0.056158154910260175 0.7914723002171593 0.009505001186463045 0.007649286718739878
0 0.04312457118262636 0.7913479831130585 0.011699757096198853 0.01112479395675503
0 0.4135753214709692 0.8390191929644262 0.00938264185990495 0.006838633460609089
0 0.5981601857517068 0.8642153135903863 0.007069601079574772 0.008110801842124649
0 0.5055322427486759 0.852398819073409 0.009872155980907071 0.010081372546301592
0 0.48963695584194566 0.8510565114914816 0.010969616593011766 0.011819195232067203
1 0.44950006536725773 0.8517832310971456 0.026446864561616046 0.02584159118711793
0 0.07576762792090207 0.7941490237357041 0.013404917760204221 0.01135755103542635
0 0.7193498240022402 0.879930463647933 0.008774813368407242 0.008343565967665056
0 0.6907270022487941 0.8764370858035821 0.00804467286522026 0.009037967242977452
0 0.5201485820313967 0.8535666085342011 0.009872155980907293 0.010081372546301592
1 0.6365223669828655 0.8752435966143812 0.026324457920189226 0.025030815902600145
0 0.6742851491710822 0.8729517020003641 0.012429915414353454 0.0104305106810475
0 0.8940096610227257 0.9017033335496067 0.011699757096199082 0.01112479395675503
0 0.8804294521243075 0.8994359321706507 0.011577368269739652 0.010314136671842
1 0.8231184629334524 0.8986457241807765 0.027299411706229737 0.025957965196323318
0 0.7989462884129053 0.888727035559406 0.012552304240812773 0.01124116796596053
0 0.7856088288469075 0.8877338151659869 0.013649764852917246 0.012978990651726363
0 0.8484574592062286 0.8950717054863269 0.01267471088223937 0.012051943250478536
1 0.7530923158933123 0.8783308987054046 0.006094665108501651 0.007183770548006008
1 0.7448091718734939 0.8784413422237363 0.007559192015346827 0.011353666980986499
1 0.7601598797449052 0.8747449519758401 0.005364506790347168 0.007878053823713649
1 0.687932749888929 0.8661269421255244 0.008289450518138564 0.010659281812803512
1 0.13789445350589202 0.788977331179708 0.008530035715488715 0.006722251397838885
0 0.14946556536963007 0.7901431241436081 0.009505001186463025 0.007649286718739656
1 0.4889172052005263 0.8356514365832168 0.00950497168656178 0.007649282691957415
0 0.30250476930439807 0.8110332131434118 0.012307585587696568 0.009619861449698952
0 0.6109593905956734 0.8514829606499694 0.01462049055345449 0.00834755896144912
0 0.3341728479767281 0.8145285915114374 0.012307585587696568 0.009619861449698952
0 0.10616726189816603 0.782991732939147 0.009627390012922316 0.00845994400365302
1 0.7177162728031747 0.8648143353193546 0.008167061691679467 0.009848624527890593
0 0.5087714610840828 0.8367067860287853 0.01169975709619886 0.01112479395675503
0 0.4768606714867173 0.8319371717022026 0.010724821125125628 0.01019776266263639
0 0.42777579485811834 0.8256507518064691 0.011699757096198804 0.01112479395675503
0 0.6762455556970519 0.8570850489421298 0.011454979443280222 0.009503479386929081
0 0.5212563824129504 0.8375835734131964 0.01279709970869869 0.012862600535391455
0 0.12005342227031487 0.7832324280792358 0.013772094679574173 0.013789639883074911
0 0.8956049293898158 0.8853731567907486 0.01169975709619897 0.01112479395675503
0 0.6627877445325767 0.8540069312784582 0.011822163737625568 0.011935569241272925
0 0.8812945710807268 0.8821786651178714 0.011822163737625457 0.011935569241273036
0 0.7277066752472914 0.8620410423715954 0.010361729101711625 0.013324119685558689
1 0.7595583755666953 0.8643203798392313 0.00999454480736639 0.010892029831214511
1 0.7475018329454025 0.8606061739580194 0.006824823426656357 0.0064894872722982555
1 0.5869096728088719 0.8407535637974481 0.007436785373920118 0.010542891696468826
1 0.572841995924917 0.8388333040563457 0.008289450518138564 0.010659281812803512
1 0.15373891526874278 0.7762469787629658 0.007069630579475988 0.00811080586890689
0 0.04576438463262434 0.7623357114172289 0.008167017441827643 0.009848618487717009
0 0.33789750597717344 0.8013849123843231 0.009019608836293158 0.009964998537096093
1 0.7599888004097357 0.8585873477874626 0.010847209951585057 0.01100841994754942
0 0.30677811920351084 0.7971370677627696 0.011822163737625624 0.011935569241272925
1 0.23686188658521184 0.7933851791450139 0.025471851775773102 0.02491443383982983
0 0.1223768234125115 0.7707249591960488 0.008897220009834034 0.00915434125218284
0 0.1086742404375847 0.7692682171153968 0.012429944914254629 0.010430514707829741
1 0.08382270108788206 0.7724950926619492 0.026324450545213984 0.025030814895904308
0 0.06050313639923884 0.7626927866066967 0.011577368269739582 0.010314136671842
1 0.7707685005422871 0.8592314300461359 0.009994544807366501 0.010892029831214622
0 0.2622621451785039 0.7894057808618703 0.010724762125323306 0.010197754609071685
0 0.13955093103616245 0.7722418277917844 0.010602402798765287 0.009387101350941007
0 0.5240060365350364 0.8251342285080275 0.010969616593011766 0.011819195232067203
0 0.5095732804920046 0.8227504531198658 0.010847209951585057 0.011008419947549752
0 0.4779052224120919 0.8192551377784251 0.012797099708698745 0.012862600535391566
1 0.45317602395150913 0.8216713494965431 0.02644686456161599 0.02584159118711804
0 0.32492722179803724 0.7979596611363622 0.015232529315488186 0.012401089438789037
0 0.29588016370026626 0.7915125417322428 0.010235189004518863 0.0069550074698147
0 0.6165749492599082 0.8344604542196226 0.008530035715488826 0.006722251397838885
0 0.49215649144321927 0.8199593525923554 0.011822163737625457 0.011935569241272814
1 0.6657210408941543 0.8403416084994842 0.007677488570874913 0.0066058773886334965
1 0.6401371990611733 0.8455369927099976 0.026446864561616046 0.02584159118711804
0 0.603724957679447 0.8331200921883496 0.00889722000983395 0.009154341252183062
0 0.7095680304218187 0.8467404724372236 0.010602432298666642 0.009387105377723248
0 0.6962917062692482 0.8453419153477832 0.011577368269739652 0.010314136671842
0 0.8977468229276904 0.8711860643067455 0.011577368269739652 0.010314136671842
0 0.8665662417407981 0.8673435483276486 0.010847209951585057 0.011008419947549641
0 0.8520722912845364 0.8653651015819434 0.012552304240812773 0.011241167965960752
1 0.826855624838417 0.8681284549379151 0.02717700506480325 0.025147189911805645
0 0.8841054786158449 0.8693239996238105 0.01182216373762579 0.011935569241273036
1 0.029700153025893836 0.7419401981723032 0.009137816892117793 0.005217196864395701
1 0.15643157634065147 0.758411810497249 0.008285240247602715 0.00510081882840796
1 0.057957889777795646 0.7449699993564012 0.009137816892117769 0.005217196864395812
1 0.24047249948549998 0.7694698452432396 0.007555040744613273 0.0057952120501556514
1 0.447408214169912 0.7964757861187528 0.008285240247602688 0.005100818828408182
1 0.9160266758899456 0.8596155703362469 0.007677488570874913 0.0066058773886333855
1 0.6777900373276476 0.8266821572115819 0.010112859177861866 0.006144358238466263
1 0.7406387266867711 0.8340200555854864 0.007677488570874802 0.0066058773886333855
1 0.7523322362844522 0.8343751322646711 0.008407646889029508 0.005911594112925744
1 0.7955714062281027 0.8390362405700118 0.009137787392216712 0.005217192837613238
1 0.7053196766468111 0.8258893155599845 0.008411857159565495 0.011470057097321518
1 0.7617739763298025 0.8323543095972221 0.006584238229306205 0.010426517687263104
1 0.731751923261156 0.8266014654152456 0.010357636830780503 0.007765672808292323
1 0.6809006694303962 0.8204876140632107 0.006339460576387568 0.008805203117436933
1 0.752154900543281 0.8269043526340683 0.007555099744415705 0.005795220103720244
0 0.7832109877684461 0.8344531313994816 0.008779023638943229 0.013902028952060719
1 0.6830404578330027 0.809196127080611 0.005242117963887849 0.007067396538800619
1 0.7423563927878043 0.8168791625419127 0.006217053934960859 0.007994427832919149
1 0.7775572052720386 0.8200293407959565 0.0059722762820424435 0.006373113263092978
1 0.34274248885610925 0.7548846710470419 0.0076774295710725915 0.0066058693350687925
0 0.2684451059596082 0.7455703264511064 0.009627419512823532 0.00845994803043526
0 0.2809299888810909 0.7464471688085377 0.010724762125323362 0.010197754609071796
1 0.21430798788768834 0.7352846931219346 0.009260238283495065 0.006027974162304939
0 0.14415112735469598 0.7273629600241318 0.009749796654349024 0.009270719288170803
1 0.1292920771469396 0.7249209346047825 0.007069630579475961 0.008110805868907
0 0.5152708400154553 0.7763665898185725 0.009504971686561947 0.007649282691957526
0 0.45339717512710853 0.7683344202493072 0.01047996665743739 0.008576322039640871
1 0.684266495770282 0.7981936537310648 0.007677488570874802 0.0066058773886333855
0 0.527145836625041 0.7784012270719882 0.014987674847799837 0.010779648815793297
0 0.48500405938620894 0.7722351272597892 0.010602432298666586 0.00938710537772336
0 0.6402971174161582 0.7926054470782383 0.010602432298666531 0.009387105377723248
1 0.3941445102209033 0.7573504466173632 0.010112800178059489 0.006144350184901448
0 0.4667958675137208 0.7689222570272497 0.011699757096198915 0.01112479395675492
0 0.8086849535869709 0.8126947553583317 0.008530035715488826 0.006722251397838996
1 0.035266976931566454 0.7079494242284922 0.007314426047362009 0.009732238438338037
1 0.40559533839345 0.7564312913647728 0.01084715095178268 0.011008411893984826
0 0.903993053757391 0.8240496717253394 0.01182216373762568 0.011935569241272814
0 0.8895602977143591 0.8216658963371777 0.011699757096198748 0.01112479395675503
0 0.8729348613969581 0.8193964984613293 0.010847209951585057 0.01100841994754942
1 0.034114668344445764 0.7011729228401191 0.009627390012922302 0.008459944003652908
0 0.10079997626132126 0.7090344653895579 0.008044643365318987 0.0090379632161951
1 0.06157684209442741 0.7094722323753619 0.025349477699264364 0.02410377856830792
1 0.3963455225366406 0.7456536350190892 0.009137846392018978 0.005217200891178275
1 0.33093909433648827 0.7379666615370234 0.006947271252917997 0.007300152610776323
0 0.14769429834323664 0.7125397203227861 0.008530035715488715 0.006722251397838885
0 0.12930249066614158 0.7104429520038299 0.009505001186463025 0.007649286718739878
1 0.24457894191259416 0.7336249396444332 0.026446864561616018 0.02584159118711782
0 0.15908180330985144 0.714921556200467 0.011577368269739569 0.010314136671842
0 0.08648959429479793 0.7058400307030919 0.011822163737625568 0.011935569241272925
1 0.5323330165817007 0.7642161391384421 0.007069601079574994 0.00811080184212487
1 0.43020000448492063 0.7577213974059914 0.025471851775773047 0.02491443383982994
0 0.2827679976731178 0.7313912320350189 0.011699757096198804 0.01112479395675503
0 0.6576631698207676 0.7813238996874261 0.00901960883629327 0.009964998537096093
0 0.5004834213975649 0.7590411961694029 0.009627360513021155 0.008459939976870778
0 0.4557226608121556 0.7529312828381322 0.010479966657437334 0.008576322039640871
0 0.6402463217721799 0.7785327911063511 0.009994544807366279 0.010892029831214733
1 0.6167348676148929 0.7815289085878632 0.026324457920189226 0.025030815902599923
0 0.46802395158646576 0.7550241701227354 0.01169975709619886 0.01112479395675503
1 0.7677670590578315 0.7984217206446228 0.012678921152775358 0.017610406234874088
0 0.7181376418012986 0.7870965479460459 0.009627360513021155 0.008459939976870667
0 0.6869570606144064 0.783254031966949 0.008897220009834061 0.00915434125218284
0 0.48860842478797917 0.7570065589159871 0.013404969385031273 0.011357558082295438
1 0.05348769636600824 0.6938886473588732 0.009137816892117782 0.005217196864395812
0 0.9283022350516685 0.8128884484448438 0.01462049055345438 0.00834755896144912
0 0.9058901607348633 0.811483952810965 0.01169975709619886 0.01112479395675492
0 0.8901785249751082 0.8089256083554304 0.00901960883629338 0.009964998537096093
1 0.8346338745790292 0.8079628867948777 0.026324457920189226 0.025030815902599812
1 0.3529901906726312 0.7331163554141045 0.009137846392018978 0.005217200891178053
0 0.8100354353936587 0.797985952169102 0.012674710882239482 0.012051943250478314
1 0.5348970324211486 0.7558784527154132 0.00926019403364331 0.006027968122131355
1 0.7476805205183921 0.7816141546529358 0.007555099744415705 0.0057952201037204665
0 0.34367713426712654 0.7256396412658455 0.011210183975394306 0.007882046817497934
0 0.16164999991993406 0.7007926547478491 0.010602373298864043 0.009387097324158655
0 0.49105419416421764 0.7436883697213024 0.013890332235299896 0.009041842237156872
0 0.5023214301895917 0.743985259395884 0.008652424541947923 0.007532908682752026
0 0.1491059893131048 0.697425590504491 0.010847150951782625 0.011008411893984826
0 0.2727921541764699 0.7138952623122605 0.012674769882041748 0.01205195130404313
1 0.22139431358231063 0.7056382717123502 0.006339460576387679 0.008805203117437155
0 0.42692875081605647 0.733280359805206 0.01157736826973954 0.010314136671842
0 0.33350936658193775 0.7209421505562198 0.01084715095178257 0.011008411893984826
1 0.412253283847989 0.7296223484584872 0.005364447790544735 0.007878045770148945
0 0.6867247779585235 0.7675018154208304 0.012552304240812773 0.011241167965960641
0 0.6744847110973442 0.7650036035205529 0.011454979443280333 0.00950347938692886
0 0.24015120626094982 0.7081986166915593 0.012189330217003386 0.014367541096012126
1 0.8294738253816435 0.7845050709959216 0.0069472122531155645 0.007300144557211508
1 0.7602940870797206 0.7729934601946592 0.0059722762820423325 0.006373113263092867
0 0.8742958098801836 0.790209659711518 0.013527376026457927 0.012168333366813222
0 0.7988419655933199 0.7799100927900791 0.010969616593011766 0.011819195232067314
1 0.751403123475888 0.771366148080592 0.006947212253115453 0.007300144557211619
0 0.8612643312878177 0.7871897371060137 0.010847209951584946 0.01100841994754942
0 0.8455526955280626 0.7846313926504791 0.012066941390544206 0.013556883811098985
1 0.20964794161276834 0.6941060895896618 0.010112800178059517 0.00614435018490167
1 0.4096384812720466 0.7238873199098264 0.011091946419668597 0.012629844463415862
1 0.6208392138142029 0.7485795494906577 0.008407646889029396 0.005911594112925855
1 0.8074943901352678 0.7744720129158023 0.005364506790347168 0.00787805382371376
1 0.7162676566756169 0.7620194221277203 0.007069601079574772 0.00811080184212476
1 0.5957470413298109 0.7476366400603132 0.011092005419470863 0.012629852516980455
0 0.35166472558246575 0.7130779193720376 0.008411798159763006 0.011470049043756814
0 0.16427937619329575 0.6862584226393834 0.009749796654349052 0.009270719288170914
0 0.15112548511703633 0.6840492143052035 0.00877481336840727 0.008343565967665056
0 0.08864191763433348 0.6771748976250295 0.010969572343159956 0.011819189191893953
1 0.06604421240986533 0.6798820614799862 0.027177034564704314 0.025147193938587886
0 0.7336253564464404 0.7623202457962839 0.010357636830780503 0.007765672808292434
1 0.42675556634561895 0.7200183611182318 0.007069660079377094 0.008110809895689464
1 0.3105549068647854 0.7116033636714612 0.026324457920189226 0.025030815902600145
0 0.12463621011014592 0.6779511760494187 0.012792948437965093 0.007304145604560386
0 0.33686893651582206 0.7073350147818487 0.011454979443280333 0.00950347938692897
0 0.2756051373469548 0.698144987290014 0.009505030686364213 0.007649290745522119
0 0.4724301274886741 0.7258393278698163 0.011699757096198804 0.011124793956755141
0 0.4598861168818448 0.7224722636264582 0.00950503068636438 0.007649290745522119
1 0.5274177450372337 0.7391370087696597 0.026446864561615935 0.02584159118711793
0 0.4403990452926335 0.7189848243265458 0.009505030686364158 0.007649290745522119
1 0.6515914162935204 0.7552594839665554 0.027299411706229737 0.02595796519632343
0 0.7079295746485703 0.7538483697307337 0.008652424541948145 0.007532908682751915
0 0.6891726524700299 0.7512880207247423 0.010357636830780503 0.007765672808292323
0 0.6151179804985644 0.7432479120873638 0.011822163737625457 0.011935569241272814
0 0.6775403461930622 0.7505275564032988 0.011699757096198748 0.01112479395675492
0 0.8014101327035013 0.7657811873106786 0.011454979443280222 0.009503479386928748
1 0.9006710133520324 0.7855359191528644 0.026324457920189448 0.025030815902600034
0 0.8640139765024202 0.7747404512006473 0.012674710882239482 0.012051943250478314
0 0.8135911102867188 0.7657891223520094 0.011210183975394417 0.007882046817497823
0 0.876317410819383 0.7739376780108271 0.010480025657239822 0.008576330093205575
1 0.44174745146395467 0.7071716306655017 0.008530035715488715 0.006722251397838885
1 0.24559147531947903 0.6808097170756418 0.008652424541948034 0.007532908682752137
0 0.30910912858352746 0.6894799753861216 0.01316013273231037 0.009736235458904563
1 0.6176861387012621 0.729119065607766 0.008407646889029508 0.005911594112925744
0 0.35064314523814794 0.6939083276194866 0.010479966657437334 0.00857632203964076
0 0.3199500320367923 0.6897186700025358 0.008774813368407297 0.008343565967665167
0 0.07458675202987344 0.6578810487748755 0.011822163737625582 0.011935569241273036
0 0.6483792519026177 0.7333087232247166 0.010357636830780392 0.007765672808292323
0 0.5243279783802741 0.7163755317431055 0.011454979443280222 0.009503479386928748
0 0.4309086236460567 0.7040373265209017 0.010724762125323362 0.010197754609071574
0 0.26039140674937256 0.6807614616092617 0.009019608836293325 0.009964998537095981
0 0.6293184538857135 0.729879470929407 0.011454979443280333 0.009503479386928748
0 0.84660759513037 0.7574713070589908 0.010480025657239711 0.008576330093205353
0 0.5368740941223715 0.7168469904850603 0.010969616593011655 0.011819195232067314
0 0.3373077524000333 0.6900195566976841 0.012797158708501122 0.012862608588956048
1 0.22452369277813788 0.673383251870568 0.009872200230758882 0.010081378586474954
1 0.2134400710248623 0.6718703202889009 0.008167032191778223 0.00984862050110813
0 0.6606214328065487 0.7329112706237886 0.01267471088223937 0.012051943250478314
0 0.8344287226824203 0.7545677665162567 0.011454979443280222 0.00950347938692897
0 0.816950680220603 0.7521819865776382 0.010602432298666531 0.00938710537772336
0 0.6922895409787799 0.7364066530185963 0.010969616593011766 0.011819195232067425
1 0.9118325068187164 0.7634787159400429 0.006947212253115342 0.00730014455721173
0 0.6768838951001404 0.7318215473511742 0.010361729101711625 0.0133241196855588
1 0.04317180670926464 0.6411818647646521 0.009137816892117769 0.005217196864395812
1 0.2136890236059487 0.6644577296762921 0.011087795148935015 0.007071389532584793
1 0.22452994180916414 0.6646964263060976 0.00840764688902948 0.005911594112925744
0 0.8960005873677701 0.7588354232680181 0.013041877361617327 0.014483915105217626
0 0.09359677806023387 0.6472375881118868 0.00987218548080833 0.010081376573083944
1 0.16094690445376758 0.6622227706674657 0.02547185177577299 0.02491443383982983
0 0.0770325524385215 0.6445628036004751 0.010847165701733233 0.011008413907376169
0 0.10711785343083856 0.6470147065917227 0.010602373298864098 0.009387097324158655
1 0.6007672932220347 0.7115027288820179 0.0091377873922166 0.005217192837613571
1 0.28396409372727405 0.6773599605122729 0.02547185177577299 0.02491443383982972
1 0.24846562340329234 0.6646541093841563 0.009505030686364269 0.007649290745522119
1 0.3526035133567329 0.6780417295342722 0.009505030686364269 0.007649290745522008
0 0.26094843068940826 0.6684265612697733 0.013772094679574187 0.0137896398830748
0 0.34139751015197334 0.6773394562442139 0.013404910385228952 0.011357550028730734
1 0.6951004485138981 0.7235519875245355 0.007069601079574883 0.008110801842124649
1 0.4999743257553061 0.7047772235477014 0.027299411706229737 0.02595796519632343
0 0.46490218800343375 0.6921295674777521 0.01047996665743739 0.00857632203964076
0 0.6481469781542186 0.7175564476787958 0.010847209951585057 0.011008419947549308
1 0.6194650582153273 0.7115728519753003 0.008530035715488715 0.006722251397838885
0 0.5389547932470162 0.7030652266435138 0.010969616593011655 0.011819195232067203
0 0.5245220372039843 0.7006814512553521 0.010847209951584946 0.01100841994754953
1 0.47525560872121153 0.692715401718629 0.010479996157338578 0.008576326066423001
1 0.7168371934276557 0.7323108726726824 0.02888221735363561 0.02537995403734583
0 0.6807288367917771 0.7207628164405502 0.01072482112512585 0.01019776266263639
0 0.6312176659984537 0.7144181465136292 0.012552304240812662 0.011241167965960419
1 0.8731052464284804 0.7519869172689886 0.027177005064803028 0.025147189911805534
0 0.8502119605321403 0.7422427387151886 0.011577368269739652 0.01031413667184189
0 0.8989929819147927 0.7476603183481885 0.011454979443280555 0.00950347938692897
0 0.8365706162202948 0.7403806740322536 0.01182216373762568 0.011935569241272925
1 0.3235036312944855 0.6604174497136288 0.008530035715488826 0.006722251397838885
0 0.17076833269798258 0.6403962680299256 0.008774813368407297 0.008343565967664945
0 0.15718815329946562 0.6381288706777517 0.008897220009833978 0.009154341252182951
0 0.09616705030568329 0.6302130771310831 0.011822163737625582 0.011935569241272814
0 0.11218468178902091 0.6307447213879238 0.009019608836293255 0.009964998537095981
0 0.6833582573149906 0.706228590372258 0.009382582860102517 0.006838625407044274
0 0.31059454152857896 0.6565868698232116 0.01169975709619886 0.01112479395675503
0 0.8497960946365685 0.7277065080964398 0.009504971686561836 0.007649282691957415
0 0.6332392669376532 0.6981461648129383 0.011699757096198748 0.01112479395675503
0 0.5266659768773245 0.683598745216381 0.009994544807366279 0.010892029831214622
0 0.22740827803858754 0.6427496045917187 0.009994589057218173 0.010892035871388095
0 0.9004658525479399 0.7321408578740456 0.009504971686562058 0.007649282691957526
0 0.6960267028837447 0.705889383775735 0.010847209951585057 0.01100841994754953
0 0.9132546497151715 0.7338865485477752 0.013404969385031218 0.011357558082295438
1 0.40724482096422 0.6648154211137322 0.010847150951782625 0.011008411893984826
0 0.8839628139644818 0.729060743713482 0.010847209951584835 0.011008419947549641
0 0.8677637102191904 0.726849540895801 0.010847209951584946 0.01100841994754953
1 0.048061299326275925 0.6174410999302505 0.011581534290423759 0.01587259361606419
1 0.2286934052538285 0.6342374081011193 0.009137831642068328 0.005217198877786822
0 0.157928769386674 0.6245779254110913 0.006217053934960942 0.007994427832919038
1 0.07412636902125087 0.6205853406465514 0.02547186652572364 0.02491443585322095
0 0.17327531123740125 0.6266727522061755 0.009872185480808288 0.010081376573083833
0 0.142947306695024 0.6229466142630664 0.009141997662752532 0.010775655822009234
0 0.11134043718587422 0.6190459092659755 0.012674740382140615 0.012051947277260777
0 0.09861283443187233 0.6168948899497895 0.012552333740713892 0.011241171992742882
0 0.5928067942585848 0.6864216020163435 0.011703967366734847 0.016683256941150804
0 0.34245454438944994 0.6472837691781045 0.00621705393496097 0.007994427832919149
1 0.25725088285581965 0.6439272736378003 0.02656925338807531 0.02665224847203096
0 0.3140765091964063 0.6421690177641248 0.01035757783097807 0.007765664754727619
0 0.32625541114425705 0.6450725623336413 0.011822163737625568 0.011935569241272814
0 0.4979311561591868 0.6664380990424017 0.00974976715444792 0.009270715261388562
1 0.47253091231584543 0.6704174993389367 0.026446835061714802 0.025841587160335577
0 0.3553657392906245 0.6482187435671185 0.01523252931548813 0.012401089438789037
1 0.6585783222102318 0.6945721541720534 0.026324457920189115 0.025030815902600034
0 0.6356238329931783 0.6852333632605124 0.010847209951584946 0.01100841994754953
0 0.7147328383257906 0.6943770178100368 0.009749767154447753 0.009270715261388562
0 0.6973160492770052 0.6915859172825264 0.010480025657239822 0.008576330093205353
1 0.8139937690666403 0.7141318167055895 0.026324457920189226 0.025030815902600034
0 0.8524275523877638 0.710276727472982 0.009382582860102628 0.006838625407044385
0 0.8714271648989221 0.7141112494109458 0.012552304240812662 0.011241167965960641
0 0.37102660890630257 0.6367044360775482 0.009260253033445742 0.006027976175696059
0 0.26652360138639986 0.622853355253393 0.010235189004518808 0.006955007469814478
1 0.25452621595035485 0.6216293752848903 0.008652424541947978 0.007532908682752026
1 0.7422075307302423 0.6853027392429236 0.0091377873922166 0.00521719283761346
1 0.5853316581454034 0.6638889390142186 0.007432693102988885 0.004984444819202349
1 0.22127743370087025 0.6141949720183991 0.009137816892117734 0.005217196864395701
0 0.10112190335660837 0.6002757666112448 0.01072477687527397 0.010197756622462917
0 0.4383217736351739 0.6434081797042202 0.008897220009834061 0.009154341252182951
1 0.053805466348094924 0.590921106623738 0.005486869181922059 0.00868882306805796
1 0.6995803316413391 0.6765881675136103 0.010602432298666531 0.00938710537772336
0 0.8717435535492892 0.6976065035847145 0.009994544807366279 0.010892029831214622
0 0.5293079013050572 0.6516909290323417 0.011092005419471085 0.012629852516980344
0 0.9174793386054751 0.7030221457206247 0.010847209951585057 0.01100841994754953
0 0.904203073452707 0.701623596684749 0.013527376026458038 0.012168333366813222
1 0.7595693728643156 0.6798124028549182 0.006094665108501651 0.00718377054800623
1 0.7258310322439769 0.6756207487410754 0.005364506790347168 0.00787805382371376
1 0.04370099790016833 0.5829226215120804 0.007192040908390374 0.008921581656772815
0 0.7434314724397373 0.6771958123949784 0.009872155980907071 0.010081372546301592
0 0.11751297554029286 0.5896884964559667 0.0108471804516838 0.011008415920767067
0 0.1025927220118231 0.5876518586788764 0.009994574307267592 0.010892033857996974
1 0.27085814569874217 0.6085518812302942 0.007922207223991062 0.008227183904894853
1 0.13924974995395167 0.5984473856308958 0.025594258417199756 0.025725209124347725
0 0.08572458951933719 0.5841082268578621 0.009872185480808315 0.010081376573083833
0 0.1774999853777543 0.5958083473656338 0.010724762125323334 0.010197754609071685
1 0.7791218580447761 0.6771032435097649 0.0064618494028468865 0.009615860402350185
1 0.299786986833205 0.6100185018895401 0.008530035715488715 0.006722251397838996
0 0.25551161859796556 0.6064570564486012 0.010117010448595531 0.011702813169297221
0 0.3614158651611495 0.6196720450284339 0.01169975709619886 0.01112479395675503
0 0.3474093915979082 0.6173463976450726 0.009019608836293325 0.009964998537096093
1 0.3233492366344701 0.6210950403799151 0.026446864561616046 0.02584159118711793
0 0.5152485269625697 0.6381882311784964 0.009749767154447864 0.009270715261388451
1 0.47663322712964046 0.6403637558100903 0.025594258417199867 0.025725209124347725
1 0.6622542897019669 0.6644602135716486 0.026324457920189337 0.025030815902599923
0 0.7313811862244459 0.6647947819559918 0.009382582860102517 0.006838625407044385
0 0.7193838007884011 0.6635708019874891 0.009504971686561836 0.007649282691957637
0 0.7012958926071042 0.6623428799714397 0.01157736826973943 0.01031413667184189
0 0.5044709230578025 0.6346486024182223 0.013037785090685983 0.008925468227951372
1 0.8176697365583754 0.6840198761051847 0.026324457920189337 0.025030815902600034
0 0.8885609346476487 0.6870774854740149 0.010969616593011544 0.011819195232067314
0 0.8733367757809138 0.6841719403808242 0.010724821125125628 0.01019776266263639
0 0.9184626450253016 0.6907453733859366 0.0127970997086988 0.012862600535391455
0 0.9053699631122224 0.6881308384226913 0.011699757096198748 0.01112479395675492
0 0.8565889417295698 0.6827132587896914 0.013772153679376675 0.013789647936639504
1 0.26046646580642374 0.5765196849155694 0.008285240247602743 0.005100818828407849
1 0.35918496105460773 0.5883401255068753 0.007432634103186508 0.004984436765637756
1 0.32337632898635943 0.5834521916204327 0.009137846392018978 0.005217200891178164
0 0.3984650941141458 0.5932882428948126 0.009260253033445687 0.006027976175696059
1 0.9136698213070962 0.6648555937858058 0.007314396547460911 0.009732234411555685
1 0.5111900718330549 0.6074342718696776 0.00913778739221649 0.00521719283761346
0 0.4633840543287616 0.6013223580147323 0.009260253033445798 0.006027976175696059
0 0.48707494936248763 0.6029014146624196 0.00865242454194809 0.007532908682752026
1 0.6237947274533877 0.6194954076010724 0.008774813368407353 0.008343565967665056
1 0.6875571672778384 0.6265442923419237 0.008656634812484021 0.013091371667147689
1 0.7067424091641514 0.6262672147975498 0.006339460576387679 0.008805203117437044
1 0.698277787039912 0.6246980387418477 0.00621705393496097 0.007994427832919149
1 0.7633781958590474 0.6344117694090188 0.007559192015346605 0.01135366698098661
1 0.7835363954882539 0.6363359711976677 0.008411857159565495 0.011470057097321407
0 0.09379632523654544 0.5392894876186842 0.010602388048814679 0.009387099337549887
0 0.08106872985751881 0.5371384693091938 0.010724776875273942 0.010197756622462917
1 0.4584013319650634 0.5853353808461813 0.008530035715488715 0.006722251397838885
1 0.24239317557239803 0.5550225082825673 0.011087795148935015 0.007071389532584793
1 0.8279994982339158 0.6328902116548655 0.008407646889029396 0.005911594112925744
0 0.3246065181943723 0.5666584992145152 0.01084715095178268 0.011008411893984826
1 0.43026808333242195 0.5785992558625731 0.011210183975394306 0.007882046817497823
0 0.337821618433812 0.5684623809196296 0.013649705853114869 0.01297898259816177
0 0.8166119785173505 0.6305083737637935 0.009504971686561725 0.007649282691957526
0 0.7074809880233778 0.615611824086055 0.007799877397334232 0.0074165346735464155
0 0.630564612872816 0.6063537249708502 0.01157736826973954 0.01031413667184189
0 0.4462836244304422 0.5820265076342084 0.011822163737625513 0.011935569241272925
1 0.23198063607675753 0.5519463931559612 0.00901960883629327 0.009964998537096093
0 0.9234911905515089 0.643029083094701 0.007677488570874802 0.0066058773886332744
0 0.6443284050109229 0.6074051404224368 0.011822163737625457 0.011935569241273036
0 0.7225236008784057 0.6168378005514499 0.010847209951584946 0.01100841994754942
0 0.6926218994082365 0.6131698536397258 0.012674710882239482 0.012051943250478425
0 0.5463443078513308 0.590720524149225 0.010235248004321185 0.006955015523379182
1 0.0660914390290199 0.5297160021313824 0.014139293723870058 0.016221731750809987
0 0.8919455302055392 0.6387230514685448 0.01157736826973943 0.010314136671841778
1 0.24380070052158204 0.5456995955072522 0.011210183975394278 0.007882046817497823
0 0.08162575379755455 0.5248035689697054 0.008167017441827643 0.00984861848771712
1 0.431492025041917 0.5704923290146278 0.011210183975394306 0.007882046817497934
1 0.14909828530000657 0.5389780362472645 0.025471851775773074 0.02491443383982983
0 0.12699640222736924 0.5297556273984937 0.011699757096198832 0.011124793956755141
0 0.1868610232383714 0.5366861355930739 0.01182216373762554 0.011935569241272925
0 0.2944092640197239 0.5505392739273147 0.010117010448595476 0.011702813169297221
0 0.2658476366795075 0.5466405674405073 0.012674769882041803 0.01205195130404313
1 0.01457952874356291 0.5106872329687073 0.005364466227982973 0.007878048286887984
1 0.3627343795416662 0.5648301202475574 0.025471851775773047 0.02491443383982983
0 0.3402061933968208 0.5555495203674015 0.010847150951782625 0.011008411893984826
1 0.5151657638924203 0.5839824536149625 0.026324457920189226 0.025030815902599923
0 0.4615182204738134 0.5704540131400353 0.010847150951782625 0.011008411893984937
1 0.8957293275762649 0.6280697162537443 0.007192007721001481 0.008921577126642544
0 0.540200943326635 0.5795395396847592 0.01060243229866642 0.009387105377723248
1 0.4494617162599056 0.5667397522858034 0.009627419512823476 0.00845994803043526
1 0.7059698256507718 0.5996850384725634 0.008407646889029396 0.005911594112925744
1 0.6948249873593406 0.5985774325132662 0.008530035715488715 0.006722251397838774
1 0.6688148630465691 0.6037146887189793 0.026446864561616046 0.02584159118711793
0 0.5527470000689299 0.5800109903731493 0.009627360513021044 0.008459939976870556
1 0.8540708169599172 0.6273476268066959 0.026446864561616157 0.02584159118711793
1 0.9311769816638507 0.6267028483833892 0.007432693102988885 0.004984444819202349
1 0.2681119279513251 0.5316427586717887 0.008407646889029452 0.005911594112925855
1 0.17633650843547366 0.5199426951504283 0.009505001186463052 0.007649286718739878
0 0.190587777466601 0.5206469099643587 0.009019608836293241 0.009964998537096204
0 0.14613090746950627 0.5154059019357973 0.012674740382140615 0.012051947277260888
0 0.34216659992279064 0.5396828673091671 0.009627419512823532 0.008459948030435371
0 0.16123475314514862 0.5162264947857156 0.009994574307267606 0.010892033857997085
1 0.5108583119319672 0.5606410788785787 0.008652424541948034 0.007532908682751915
0 0.3298041058277672 0.5379953676668227 0.014379923171071896 0.012284707376018833
0 0.4502635267603436 0.5527834783766864 0.01072476212532325 0.010197754609071685
0 0.298745883967433 0.5333421903760303 0.013649705853114869 0.01297898259816177
0 0.1307252468409162 0.5108207942549841 0.012311736858430122 0.015178316380530021
0 0.6782099587186747 0.5818299910232718 0.00889722000983395 0.009154341252182951
0 0.4953302772268685 0.5568666304960697 0.008044672865220204 0.009037967242977452
0 0.7247982909194746 0.5873620071683876 0.008044672865220148 0.00903796724297734
0 0.6480655669158877 0.5768878711795754 0.008044672865220148 0.009037967242977452
0 0.633145342887319 0.5748512374292674 0.010847209951585057 0.01100841994754942
0 0.8490943510022204 0.60267382508037 0.010602432298666531 0.009387105377723137
0 0.46756209884582056 0.5505940801593232 0.00633946057638779 0.008805203117436933
0 0.8943426090730675 0.6084366008005694 0.00901960883629327 0.009964998537095981
0 0.864075828443821 0.6043051382417861 0.008167061691679467 0.009848624527890593
1 0.24942038095664903 0.5228858659937516 0.00975397742498374 0.014829178245784114
1 0.2374250622484872 0.5187663354968657 0.009872185480808288 0.010081376573083944
0 0.9106641695521045 0.6098370953870995 0.010724821125125628 0.0101977626626365
0 0.8776580834777047 0.6036769260657743 0.009264404304179408 0.011586431106527018
1 0.0937010346044423 0.5024573571573085 0.02547186652572364 0.024914435853221062
1 0.7746808562776791 0.5854833762381577 0.009137787392216712 0.005217192837613571
0 0.4224383347367009 0.5411250416528074 0.011091946419668597 0.012629844463415862
0 0.16294826797544826 0.504876820798513 0.009994574307267579 0.010892033857997085
1 0.13201247334895827 0.4994129312497876 0.008774813368407242 0.008343565967665112
0 0.11818750370255139 0.49876690696389453 0.012552341115689203 0.011241172999438498
0 0.19248488444407322 0.5080811910499843 0.010847180451683813 0.011008415920767178
1 0.17957577992821605 0.5042506091461758 0.009382612360003761 0.006838629433826848
1 0.7301628066173054 0.5806476988654439 0.006584238229306205 0.010426517687263215
1 0.6719442643673222 0.5714596718972837 0.005364506790347168 0.007878053823713649
0 0.2698887128302211 0.5169921465139441 0.009749826154250296 0.009270723314953155
1 0.8024490257512433 0.5917559855747065 0.01255651451134876 0.016799630950356303
1 0.3672017498571042 0.5352399493521816 0.025349462949313784 0.02410377655491669
0 0.3444899804725698 0.5271753353993954 0.012797158708501066 0.01286260858895627
0 0.33206838819210094 0.5229976178979066 0.01035757783097807 0.007765664754727619
0 0.2831037835697595 0.5187960241922763 0.014502311997531214 0.013095364660931974
0 0.4651941879655485 0.5403420725396304 0.010602373298863932 0.009387097324158655
0 0.7432596308936344 0.5774710737721203 0.00889722000983384 0.00915434125218284
1 0.5491085710132041 0.5580019836269056 0.025471910775575424 0.024914441893394423
1 0.7023313375952437 0.5776760236727551 0.026202069093729907 0.024220158617686893
0 0.6486225908559233 0.5645529708400869 0.012552304240812662 0.01124116796596053
0 0.635529917850328 0.5619383768770392 0.009749767154447864 0.009270715261388451
0 0.5261540817961506 0.5486631927153646 0.013649764852917246 0.012978990651726363
1 0.8257136472126623 0.5932768552177909 0.025471910775575424 0.024914441893394312
0 0.8945345627615096 0.5956381258142194 0.012552304240812773 0.011241167965960419
0 0.8814418897559142 0.5930235318511716 0.011454979443280444 0.009503479386928748
0 0.9126224709428064 0.5968660478302684 0.012429915414353454 0.010430510681047611
1 0.7857728026973476 0.5754138727271686 0.00621705393496097 0.007994427832919149
0 0.10376515902374218 0.4819050884649344 0.011454979443280305 0.00950347938692886
1 0.7656779026166387 0.5701887367946599 0.0059722762820425546 0.006373113263093089
1 0.6915029380464982 0.5600637389405936 0.007677488570874802 0.0066058773886333855
0 0.12100047581057335 0.48301663043160464 0.009872185480808301 0.010081376573083833
1 0.09000347048839469 0.47795812751844247 0.007069630579475988 0.008110805868907056
0 0.34608527833956115 0.5108451626673194 0.010602373298864098 0.009387097324158544
0 0.2739805668099454 0.5014164995588729 0.01523252931548813 0.012401089438788981
0 0.13677539636887553 0.4822740387298882 0.010239369775153578 0.01251346642742801
0 0.333114994160425 0.5074199114193585 0.011699757096198915 0.01112479395675503
0 0.6675735128583715 0.5514192313047601 0.011454979443280222 0.00950347938692886
1 0.4293368948884911 0.5184858812066797 0.005364447790544791 0.007878045770148945
0 0.5161782972993052 0.5311672310461708 0.01437992317107184 0.012284707376018722
0 0.4532093064340229 0.5217445024553806 0.00901960883629338 0.009964998537095981
0 0.5287855484548296 0.5312333530921043 0.01182216373762568 0.011935569241272925
0 0.8337686687548153 0.571622917097167 0.010847209951585057 0.011008419947549641
0 0.8206759868417359 0.5690083821339217 0.01169975709619886 0.011124793956755141
0 0.6504014513701862 0.5470067491540564 0.012919488535158008 0.013673257820304596
0 0.9113560951306026 0.5793178886471484 0.009872155980907071 0.010081372546301592
0 0.8818194728195108 0.5761134573824838 0.012674710882239482 0.012051943250478536
1 0.4267221218124499 0.5127508566848014 0.011091946419668597 0.012629844463415862
0 0.09354455109161797 0.46603049533189145 0.012429944914254629 0.010430514707829797
1 0.1587632137489382 0.4807247297774141 0.025471851775773047 0.024914433839829886
1 0.6079599495637238 0.5341805269961678 0.00889722000983395 0.009154341252183062
0 0.19628325551221815 0.4771585951780575 0.010357577830978043 0.00776566475472773
1 0.7935197882229195 0.5586823093734002 0.01169975709619886 0.01112479395675492
1 0.310951916674558 0.4986028312130443 0.025349462949313784 0.024103776554916634
0 0.28836256561638407 0.48972756400212736 0.012552363240615094 0.011241176019525179
0 0.27508626205623105 0.4883290699392717 0.01352731702665566 0.012168325313248685
0 0.36534007618037323 0.4985803264213108 0.008897220009834061 0.00915434125218284
0 0.34822716296995193 0.4966581291831188 0.010724762125323306 0.01019775460907174
0 0.3369620320798459 0.4934656340071336 0.009382641859905061 0.006838633460609034
0 0.2342866287402517 0.4790365400106097 0.008407646889029452 0.005911594112925855
1 0.5147262242046607 0.5177307222916262 0.007069601079574772 0.00811080184212476
0 0.45449651819211434 0.5103366374367931 0.00816700269187709 0.009848616474325889
0 0.48579952661285086 0.5133684411579569 0.008897220009834006 0.00915434125218284
0 0.37715597460451356 0.49812474581558225 0.011332572801853624 0.008692704102410853
0 0.7455955832552191 0.5475899008003637 0.00792226622379344 0.008227191958459446
1 0.5527233351842258 0.5282954306687597 0.025349521949116105 0.024103784608481393
0 0.49779691204889576 0.5145924211264596 0.014379923171071896 0.012284707376018722
0 0.7298838884956615 0.5450315482912643 0.012552304240812662 0.01124116796596053
1 0.7050935546216515 0.5478530967054036 0.026324457920189226 0.025030815902600034
0 0.9121558094032564 0.5682571612396323 0.00804467286522037 0.00903796724297734
1 0.8587426537758003 0.5675853318094205 0.026202069093730018 0.024220158617686893
0 0.8365795673824495 0.5587683106029087 0.010847209951585057 0.01100841994754942
0 0.8221468202469013 0.5563844762149446 0.010724821125125739 0.01019776266263639
0 0.8962626866315964 0.5640192562098663 0.00938258286010274 0.006838625407044385
0 0.8823764967595464 0.5637785570429952 0.009872155980907071 0.010081372546301592
0 0.9272596845787998 0.5690777581163329 0.012429915414353232 0.010430510681047611
0 0.1309463685166144 0.4574838609809657 0.010965406322475751 0.0062607322476717076
1 0.7764764309669973 0.5447723534335733 0.01096540632247578 0.006260732247671652
1 0.5676540258893319 0.5158540288584861 0.0064618494028468865 0.009615860402350185
1 0.5123583133243886 0.5074787146719335 0.00792226622379344 0.008227191958459668
1 0.18679284861559187 0.4622110993858045 0.007677459070973697 0.006605873361851089
1 0.6361669054215979 0.5231376742217699 0.00804467286522026 0.009037967242977452
1 0.3384940598982408 0.4804363994456998 0.00853003571548877 0.00672225139783883
0 0.32010224637867885 0.47833957011355005 0.009505030686364213 0.007649290745522119
0 0.9335379418344741 0.5620744951801384 0.007192007721001481 0.008921577126642544
1 0.498476318972924 0.5014468024888645 0.009382612360003817 0.006838629433826737
1 0.15470054834888738 0.45576198147140184 0.00804464336531896 0.0090379632161951
1 0.7821447701840025 0.5389268961165317 0.008407642435287688 0.005911564613024556
1 0.587997857120564 0.5136666164148467 0.00621705838870279 0.007994457332820337
1 0.5390353464991358 0.506569490957566 0.006947212253115453 0.007300144557211508
1 0.4887939878877567 0.49929778570974415 0.010235189004518808 0.006955007469814589
0 0.37954058129429447 0.48521187454018566 0.01047997111117921 0.008576351539541949
1 0.6912219737893888 0.527343201921382 0.006339460576387679 0.008805203117436933
1 0.30591427912292013 0.47433440640580915 0.007922211677732938 0.008227213404796152
0 0.5316680536261706 0.503495344841342 0.008774822275891103 0.008343624967467433
0 0.36784914287823833 0.4819612178327167 0.012674765428299983 0.01205192180414183
0 0.5487810236095234 0.5054175648830495 0.012552308694554593 0.011241197465861774
0 0.7314792158625542 0.5287013795859706 0.012307526587894246 0.00961985339613447
0 0.6524926127176267 0.5187469792518298 0.01169976600368261 0.011124852956557407
0 0.8970645060395182 0.5500629233009469 0.010724821125125739 0.01019776266263639
0 0.08028494848907812 0.4414671381305928 0.012434125684889386 0.015988973665443162
0 0.8844592987925886 0.5471012024499959 0.012797095254957092 0.012862571035490267
1 0.7824549636550413 0.5311089681516892 0.007069609987058523 0.008110860841927137
0 0.15659557523725098 0.44609190158511436 0.007192037220902697 0.00892158115342484
1 0.10458365573184276 0.44478394940398325 0.026202054343779424 0.024220156604295773
1 0.43076318905567973 0.48310249475804057 0.011822154830141818 0.011935510241470437
1 0.5539027922018047 0.49742906084461824 0.0062170628424446095 0.007994486832721526
0 0.44294209100353055 0.4860060393275569 0.011581519540473206 0.01587259160267296
0 0.20336750403896522 0.45040784330315686 0.008167032191778223 0.00984862050110824
0 0.18936102602198204 0.44808222541969667 0.010602373298864098 0.00938709732415871
0 0.17127520822600262 0.4439586958888529 0.00950500118646308 0.007649286718739878
1 0.2853951877858838 0.4661554296906601 0.02534946294931384 0.02410377655491669
1 0.3534859199704172 0.4675896354662862 0.008774822275890992 0.008343624967467489
0 0.3402096503639072 0.4661911159303117 0.00974982615425024 0.0092707233149531
0 0.3227928362689626 0.4633999818761178 0.010724762125323306 0.010197754609071796
1 0.4656580138856694 0.4882794194740212 0.02534946740305577 0.02410380605481799
0 0.4810720279861912 0.4812820508324135 0.008407637981545757 0.005911535113123312
0 0.6560948685303871 0.5064140459093323 0.009872155980907071 0.010081372546301481
0 0.5504353790277043 0.4915776797330885 0.011454979443280222 0.009503479386928748
0 0.5339914887220103 0.4909878504850362 0.011944552564084776 0.012746226526185955
0 0.519254797840812 0.48773516375399156 0.010724821125125739 0.010197762662636278
1 0.6774665365119386 0.5147094006604691 0.025349526402857925 0.02410381410838247
0 0.6413582366489914 0.5031613672318522 0.010602432298666531 0.009387105377723193
1 0.8610173393631273 0.5381095679262594 0.025349521949116216 0.024103784608481282
0 0.89871886368457 0.5362230234010353 0.011577368269739652 0.010314136671842
0 0.885442598531802 0.5348244743651598 0.012552313148296301 0.011241226965763018
0 0.824605097981401 0.5256926674046114 0.009749767154447864 0.009270715261388451
0 0.9515813107777944 0.5405429366665255 0.010357636830780614 0.007765672808292323
1 0.38461573946697425 0.457359470000377 0.008407637981545757 0.005911535113123478
0 0.13151799120022878 0.42487973351103436 0.009872185480808288 0.010081376573084
0 0.19211279557554484 0.43273730652641673 0.011699766003682582 0.011124852956557463
0 0.565000990573733 0.4786727622757556 0.008652424541948034 0.007532908682751915
0 0.5048936586376953 0.4704680181226184 0.007799847897432932 0.007416530646764119
0 0.34259633046218396 0.45038264987668014 0.011822154830141873 0.011935510241470437
1 0.7335703137564504 0.5004416311300804 0.007677488570874802 0.006605877388633441
0 0.5355867570891005 0.47465767372617784 0.009749767154447753 0.009270715261388507
0 0.7476991895073766 0.5019565327288251 0.008652424541948145 0.007532908682752026
1 0.6148181512481721 0.482990670990789 0.010112850270378115 0.006144299238663775
1 0.1983910528312192 0.42573404359022216 0.009137825799601484 0.005217255864198189
0 0.9289961109903541 0.5258764503992371 0.009504971686561836 0.007649282691957637
0 0.8864280011794126 0.5196521555288707 0.009382582860102406 0.006838625407044385
0 0.8387443769553204 0.5127295548891111 0.009749767154447864 0.009270715261388451
0 0.8989129180545383 0.520528972413183 0.012674701974755842 0.01205188425067616
0 0.656717242608128 0.4878825683711146 0.01279709970869869 0.012862600535391455
1 0.11020751248380273 0.41617903436079473 0.025227088872805115 0.023293121283394835
1 0.9635912090258424 0.5243932675194788 0.005119729137428752 0.006256739253887478
1 0.6022171520449073 0.47423775388698197 0.00828524915508655 0.005100877828210282
0 0.17744567094505448 0.41749689260702977 0.008652424541948006 0.007532908682752026
0 0.16270691917844 0.417139817417562 0.009142006570236255 0.0107757148218115
1 0.7405196355985757 0.4918751521289589 0.010112850270378115 0.006144299238663664
1 0.4468628701018271 0.45427275868420713 0.01084715985926632 0.011008470893787259
1 0.8332088364683806 0.503286296557143 0.009137796299700351 0.005217251837415948
1 0.28967897040789103 0.4377812742225552 0.025349462949313784 0.0241037765549168
1 0.6142757363479237 0.475056375713127 0.00901960883629327 0.009964998537095981
0 0.37256755838695105 0.4420628340599871 0.00816700269187709 0.009848616474325778
1 0.35703951477436857 0.43828844467728045 0.008530035715488715 0.00672225139783883
0 0.5226248344512339 0.4596499924190389 0.010602432298666531 0.009387105377723248
1 0.46921161537023354 0.45897818443516364 0.02534946294931384 0.0241037765549168
0 0.5535626752131895 0.4622182684127964 0.008652424541948145 0.007532908682752026
0 0.748988472447093 0.4876530876819531 0.008774822275891103 0.008343624967467433
0 0.717807886806459 0.4838106012027573 0.011454979443280222 0.009503479386928804
1 0.6805326360573231 0.48575533273258414 0.026324466827672977 0.02503087490240241
0 0.7051414873731703 0.48125419424431237 0.009749767154447753 0.009270715261388396
1 0.8632308305372247 0.5090391326855548 0.026324466827673088 0.025030874902402356
0 0.8397889323344371 0.5000474914654323 0.013527367118974398 0.012168274367010956
0 0.9328432123633191 0.5119221515406756 0.01182215483014204 0.011935510241470548
0 0.8271225284474066 0.49749111400688856 0.011822154830141818 0.011935510241470548
1 0.7931456532189255 0.48623403840480073 0.007677488570874802 0.0066058773886332744
1 0.7265257249396563 0.472175922683415 0.007677488570874802 0.0066058773886332744
0 0.9141662538160129 0.48289600021890344 0.007069609987058745 0.008110860841927081
0 0.4999339010125872 0.42262935426454507 0.010965397414992029 0.006260673247869275
0 0.11292311171563367 0.36649220588537024 0.010357592580928665 0.007765666768118851
1 0.07346145108182676 0.35986452238637584 0.0074326577606208255 0.004984497778831365
0 0.17272653385966436 0.3738280722223082 0.010357577830978043 0.007765664754727675
0 0.21419935164731335 0.37866178259803096 0.009505001186463052 0.007649286718739934
1 0.09282822346364189 0.3612670414596558 0.010112806020526416 0.006144293198490303
0 0.18569890842411796 0.3743577159554745 0.008774822275890992 0.008343624967467489
0 0.12546919795782974 0.36696366060054264 0.011577368269739555 0.01031413667184189
0 0.20195923608254046 0.37616359415748113 0.010602402798765287 0.009387101350941007
0 0.9393870715328659 0.47434142780656025 0.009260185126159781 0.006027909122328978
0 0.3808820050291948 0.3985183307793664 0.011332581709337264 0.008692763102213341
0 0.3339285892155759 0.3925228284870925 0.009749826154250185 0.0092707233149531
0 0.29087298191919675 0.38664567122779747 0.008897220009834006 0.009154341252182896
0 0.4816095633584158 0.4114404052588474 0.009627428420307171 0.008460007030237693
0 0.32156606562065126 0.3908353248179658 0.010847159859266264 0.011008470893787259
1 0.9770253553056134 0.4757558254787608 0.00511972913742853 0.006256739253887478
0 0.6479271125350606 0.4308334042664401 0.008530035715488715 0.006722251397838885
1 0.4453155344862558 0.40400403298197424 0.006217062842444776 0.007994486832721526
1 0.09459876376525354 0.35530322536638026 0.01023520375446943 0.006955009483205765
0 0.5701581902398849 0.42145893114202987 0.012552313148296412 0.011241226965762907
1 0.9337882314974286 0.46819910361845196 0.008530035715488604 0.00672225139783883
1 0.4557301643672137 0.4041845405937858 0.00633946057638779 0.008805203117437044
0 0.6924452167414948 0.43566911919261964 0.008897220009834061 0.009154341252183007
1 0.6639447292684476 0.4313650465098896 0.007922275131277079 0.008227250958261989
1 0.7540149762915764 0.44283238144578435 0.007069609987058523 0.008110860841927026
0 0.6767335264356792 0.43311073718361914 0.008167061691679356 0.009848624527890537
0 0.8734993977995357 0.45831479687769217 0.01072482112512585 0.01019776266263639
1 0.6240567721711537 0.4246792029894547 0.006584247136790067 0.010426576687065536
0 0.8587627659181396 0.45506211820021225 0.008044672865220148 0.009037967242977452
0 0.17151718059753918 0.3616657404265182 0.008167032191778195 0.00984862050110813
0 0.9214278130377718 0.46361599444792195 0.012552313148296412 0.011241226965763018
1 0.8038321325122737 0.44715031966071894 0.00901960883629327 0.009964998537095926
1 0.14989446742271312 0.3636785985527353 0.024374497478339474 0.023176741234015863
0 0.12815769300905425 0.35491970937780615 0.011577368269739596 0.010314136671841945
0 0.18723091703882042 0.36132850888055074 0.009627398920406038 0.008460003003455285
1 0.4545778587013265 0.3974080697120095 0.008897220009834006 0.009154341252182951
1 0.29216019367728824 0.37523780620920993 0.008044613865417771 0.009037959189412748
1 0.35841504725122203 0.388832376783635 0.02437446797843823 0.02317673720723351
1 0.7660165719981575 0.4382651504114803 0.007436794281403869 0.010542950696271258
1 0.6334415191663267 0.41727255696145793 0.008285249155086327 0.005100877828210337
0 0.3950213135030154 0.3855552222906484 0.00938264185990495 0.006838633460609089
1 0.8023147226411498 0.4399102996051999 0.010112850270378226 0.006144299238663775
1 0.7897053663503573 0.44273978306066974 0.009753968517499989 0.014829119245981737
0 0.38357259491947854 0.3835787425419342 0.008652424541948034 0.007532908682752026
1 0.5062796090874928 0.4065339381281192 0.02437446797843823 0.02317673720723351
0 0.7386767767784264 0.42915515207803206 0.007069609987058412 0.008110860841927137
0 0.6937935934129148 0.42385592150479323 0.009872155980907182 0.010081372546301592
1 0.6803970401152135 0.42037245375232846 0.007677488570874913 0.00660587738863333
0 0.6631616790785306 0.41926090574548475 0.011454979443280333 0.00950347938692886
0 0.649824215058791 0.4182677148519668 0.010847218859068808 0.011008478947351852
0 0.7545108058183827 0.4309028097487524 0.009749767154447753 0.009270715261388507
1 0.7160178697657533 0.4322676435687497 0.025349521949116216 0.024103784608481338
0 0.8749090323377293 0.4460962491010727 0.011577368269739652 0.010314136671841945
0 0.861267688025884 0.4442341844181377 0.01157736826973954 0.010314136671842
0 0.9378168198822983 0.45592436533412184 0.010484126835654695 0.014134835970274151
1 0.8979859103812422 0.45462438272770056 0.025349521949116105 0.024103784608481393
1 0.801955899888074 0.4307599594003658 0.0069472122531155645 0.007300144557211674
0 0.14710859580780994 0.3417859973289894 0.007069639486959711 0.008110864868709433
0 0.2961296588305533 0.36047281653905183 0.00938264185990495 0.006838633460608923
0 0.12019094209334466 0.3385253775700052 0.015110102081643928 0.011590369127291167
1 0.10076505308864589 0.3346326381208419 0.006217062842444693 0.007994486832721581
1 0.1912615663091064 0.3461581590546437 0.007922245631376001 0.008227246931479582
0 0.13237193442651285 0.338533314624727 0.008044628615368338 0.009037961202804035
0 0.5738321071424124 0.3942426335964942 0.009382582860102517 0.006838625407044496
0 0.31141709665336825 0.36007736446179806 0.009019608836293214 0.009964998537095981
1 0.2791412234431836 0.35484426398805735 0.005364456698028486 0.007878104769951377
1 0.7227919610019755 0.4133347794356221 0.008407637981545757 0.005911535113123367
0 0.5607394296830751 0.3916280691333477 0.008774822275890992 0.008343624967467489
0 0.37042912181616294 0.3668915221069004 0.009142006570236283 0.0107757148218115
1 0.09863775537311657 0.3285504729678052 0.010969563435676205 0.011819130192091576
0 0.7096401308111323 0.4082299595598653 0.008897220009834061 0.009154341252183007
0 0.9054310617501737 0.43412833202954715 0.013404978292515302 0.01135761708209787
0 0.8773569068492358 0.42988245440498457 0.009872155980907182 0.010081372546301592
0 0.7420384563013205 0.4126523813023563 0.01279709970869869 0.012862600535391566
1 0.2770751127659087 0.34835676918586855 0.009994612714652518 0.010892096884581703
0 0.9366728418040375 0.4375654898662863 0.010847218859068697 0.01100847894735174
0 0.9234577710644991 0.4357616121879541 0.013404978292514858 0.011357617082097704
0 0.8923383842908366 0.4315137675664006 0.010847218859068808 0.01100847894735174
0 0.1500418818731786 0.3281206430367231 0.008530035715488715 0.006722251397838885
0 0.1331716663703506 0.327472619737199 0.009872185480808288 0.010081376573083889
0 0.11861650229716689 0.3258995291204604 0.009994583214751288 0.010892092857799407
1 0.44692334516525034 0.3703002111343487 0.010117001541111836 0.011702754169494733
0 0.19279148899223336 0.33602452999461335 0.01194455256408486 0.012746226526185955
1 0.4572767761792367 0.370886076888518 0.01011700154111167 0.011702754169494733
1 0.21434676609777886 0.3431038270820188 0.025349462949313756 0.024103776554916745
0 0.8622551368089603 0.42616625202688063 0.013772153679376675 0.013789647936639504
1 0.24303704312419783 0.3375050222262373 0.009137825799601512 0.005217255864198189
0 0.3708637569297395 0.355367279052325 0.009505030686364269 0.007649290745522175
0 0.35667368676558364 0.3542577060960369 0.008897220009834006 0.009154341252183007
1 0.333101004241424 0.3576591776931245 0.025349462949313728 0.02410377655491669
0 0.29717418916351046 0.3477907195886895 0.011944552564084832 0.012746226526186066
0 0.577434362955173 0.3819097002539966 0.00804467286522026 0.009037967242977452
1 0.5100146953570907 0.37891227841344355 0.025227074122854576 0.023293119270003715
1 0.8152446778528453 0.4147848593206919 0.01011694254130946 0.01170274611593014
1 0.7877804432174474 0.4093811613270259 0.005364515697830807 0.007878112823516026
0 0.5472287811928981 0.3773728795528556 0.00901960883629327 0.009964998537095981
0 0.6661053831168431 0.3911175393523647 0.008774822275890992 0.008343624967467489
1 0.6886335987615897 0.4003981432593029 0.025349521949116105 0.024103784608481393
0 0.8793742975178993 0.4194016837071004 0.009019608836293158 0.009964998537096148
1 0.839420999190384 0.41891235838559215 0.0260796802672707 0.023409501332773808
0 0.7050225466063138 0.39270650609193825 0.008407637981545757 0.005911535113123423
0 0.907754437846211 0.4216208296196766 0.010724821125125739 0.01019776266263639
0 0.8643337853443978 0.41528013124020335 0.010602432298666531 0.009387105377723304
0 0.9383272629026336 0.4237255685200383 0.007799877397334454 0.007416534673546471
0 0.18226699339302807 0.3192810620654577 0.009382612360003761 0.006838629433826737
0 0.3592418789219244 0.3401288341433202 0.009382641859905005 0.006838633460609089
0 0.3720306760891559 0.3418745248170496 0.009627428420307282 0.008460007030237693
0 0.19676303423460706 0.3183639012963683 0.007192037220902725 0.008921581153424896
0 0.3000483372473238 0.3316351118972041 0.00889722000983395 0.009154341252182951
1 0.7682404708489899 0.3947166715566296 0.005486913431773877 0.008688829108231488
0 0.5058275654952138 0.3576557969205301 0.008530035715488715 0.006722251397838885
0 0.3150297851890232 0.3332664210318379 0.008167002691876979 0.009848616474325833
1 0.7738455628366872 0.3921722006868643 0.007192007721001481 0.008921577126642544
1 0.6373114775744857 0.37146658681953737 0.00913779629970024 0.005217251837415893
1 0.28318229068641343 0.32519590206129656 0.009749826154250296 0.009270723314953155
0 0.7250054521760729 0.3842643441949175 0.013282580558572232 0.010546900797382353
0 0.7443722400740929 0.38566683527833967 0.010602432298666531 0.009387105377723304
0 0.8775592593069292 0.4026059948042906 0.010480034564723462 0.008576389093007786
0 0.9084359646554578 0.4055796074940693 0.01060243229866642 0.009387105377723415
1 0.630492910553831 0.3676399489766665 0.005486913431773877 0.008688829108231488
1 0.6245247855425222 0.3668252906444045 0.0054869134317737656 0.008688829108231488
0 0.8952208939159194 0.4037757298157371 0.011699766003682499 0.011124852956557407
1 0.28337006360422085 0.31818864210453546 0.009382641859905005 0.006838633460609089
0 0.2110205552179941 0.31038132105242516 0.009142006570236283 0.0107757148218115
1 0.15992241414530586 0.308784419271521 0.024374497478339474 0.023176741234015752
0 0.13775935140938947 0.2999673410785979 0.010724776875273956 0.010197756622462861
0 0.12545804435262037 0.2978745117871014 0.011454979443280278 0.00950347938692886
1 0.7822553104072427 0.3854598593809117 0.0059722762820423325 0.006373113263092978
1 0.4627170452377659 0.3434971772726003 0.00901960883629327 0.009964998537096037
0 0.3162558275800444 0.3222639181823904 0.010602373298864043 0.009387097324158655
0 0.1847739763861886 0.3055575167418063 0.012674731474656892 0.012051888277458345
1 0.33720119471625853 0.33050106715219163 0.025227074122854465 0.02329311927000366
0 0.30310192620757626 0.3200546783349181 0.01157736826973954 0.010314136671841945
0 0.3893355045806345 0.3309983020419117 0.008167002691877034 0.009848616474325889
0 0.3744764499191362 0.32855630612246367 0.008897220009834006 0.009154341252182896
0 0.5213660418306907 0.3469521762157742 0.010602373298864154 0.009387097324158655
1 0.6914549095197011 0.37306546365099713 0.02607968026727081 0.023409501332773808
0 0.6700831803114766 0.36477011559624617 0.010847218859068808 0.011008478947351852
0 0.7435279910172043 0.3739680526562925 0.009142006570236227 0.010775714821811555
0 0.7298866467053591 0.3721059879733576 0.010847218859068808 0.011008478947351852
0 0.8807964404143545 0.3898095163148325 0.007922275131276968 0.008227250958261989
1 0.8423035043617251 0.3911743501348299 0.026932227411884613 0.023525875341979363
0 0.9407222410886356 0.39633469385356507 0.009627369420504905 0.008459998976672933
1 0.5026765999712827 0.3352996780363338 0.007555031837129522 0.0057951530503532744
0 0.9313459146345346 0.3921589178759483 0.010112850270378115 0.006144299238663775
0 0.3374584940886639 0.3115060444670136 0.012792948437965135 0.007304145604560497
0 0.12693094156443532 0.2823550248331441 0.00804462861536838 0.009037961202803924
0 0.21614858244314794 0.2937059777062686 0.01060240279876526 0.009387101350941007
0 0.17004773297783538 0.2878268219366903 0.010724762125323362 0.01019775460907174
0 0.14282617239259654 0.2836973548681035 0.008897220009833978 0.009154341252183062
0 0.22985115512186605 0.2951626882736282 0.009019608836293241 0.009964998537096093
0 0.3182773990193427 0.3059919324549172 0.009749826154250185 0.0092707233149531
0 0.30378344856308104 0.304013485709212 0.008044613865417827 0.009037959189412748
0 0.4813049297628605 0.3270043380351474 0.011577368269739652 0.010314136671841945
0 0.5084673892414205 0.32864355673799306 0.0069472712529179415 0.007300152610776267
0 0.5823384735194554 0.3378996808026422 0.00804467286522026 0.009037967242977396
1 0.45670441048838156 0.3199230424374587 0.005242058964085472 0.007067388485235915
0 0.287282481161248 0.2980377915203637 0.00987221498070956 0.010081380599866241
1 0.0612268701188686 0.2651123503613104 0.005242075557779884 0.007067390750300939
1 0.8491387900111769 0.37183615735924563 0.008652424541948034 0.007532908682751915
0 0.9283089853032771 0.38057451276621457 0.009382582860102517 0.006838625407044441
0 0.7157702837664359 0.35321743725906335 0.008167061691679578 0.009848624527890482
1 0.7938451870352435 0.3605652081713885 0.009137796299700351 0.005217251837415893
1 0.1443560950757235 0.2735637258080731 0.007069639486959711 0.008110864868709489
1 0.8346469446901834 0.3669621051121371 0.00792227513127719 0.008227250958261989
0 0.6868435182673399 0.3488552070716318 0.013649764852917246 0.012978990651726363
1 0.28838402513680006 0.29074158095713387 0.009137855299502728 0.005217259890980486
0 0.9118059422660771 0.377494428105552 0.00901960883629338 0.009964998537096037
1 0.6334366145921435 0.3394965825835464 0.0064618494028468865 0.00961586040235013
0 0.15860736041936319 0.2742679401186557 0.00804463599034369 0.009037962209499484
0 0.12949704041422527 0.2711217298886251 0.00999458321475133 0.010892092857799351
0 0.21743579420123943 0.2822981126876811 0.011699766003682582 0.011124852956557407
1 0.1940467038242525 0.2844835393575966 0.024374497478339446 0.023176741234015807
0 0.3797331223767509 0.3023834809336193 0.0062170628424447205 0.007994486832721526
0 0.3059844313789173 0.2923166700841558 0.008774822275890937 0.008343624967467433
0 0.8962778986534947 0.3737200387228453 0.012066941390543984 0.01355688381109904
0 0.4962947097459282 0.3170532130838207 0.007192066720803969 0.008921585180207248
1 0.4003134148076296 0.31015708475646 0.02522707412285452 0.02329311927000366
0 0.3183469254739406 0.2940041697265002 0.013527308119171966 0.012168266313446252
1 0.5460465202826621 0.3275676989975833 0.0260796802672707 0.023409501332773863
0 0.511643371481874 0.31625243639089273 0.009627428420307171 0.008460007030237693
1 0.7709518966851614 0.3508210591174898 0.00792227513127719 0.008227250958261934
1 0.8101687891960043 0.35907011870285177 0.011581578540275417 0.015872599656237607
1 0.664435713220873 0.3416595084885108 0.02510473538871394 0.0224824110388529
0 0.5819816969018452 0.3258537270428401 0.012674701974755731 0.012051884250675993
1 0.9364147935819245 0.37299328961728023 0.006584247136789734 0.010426576687065592
0 0.6876432870860542 0.33779451721758164 0.007922275131277079 0.008227250958261934
1 0.8362380662402819 0.3564231179097489 0.007922275131277301 0.008227250958261878
1 0.7627320566675825 0.34763053899206026 0.00999455371485003 0.01089208883101711
1 0.8747226407516417 0.36664071414892985 0.025227133122656897 0.023293127323568308
0 0.9126669099517629 0.36602838010914407 0.012674701974755287 0.012051884250676048
0 0.8992702932005174 0.3625449338030159 0.01048003456472324 0.008576389093007841
0 0.8506728639650376 0.35591130924284387 0.010480034564723462 0.008576389093007841
0 0.9291719946706865 0.3662128807147398 0.012552313148296634 0.011241226965763018
1 0.780275444813363 0.3438197712318508 0.007069609987058634 0.008110860841927081
1 0.2044759279950471 0.2643948493388665 0.007677459070973697 0.006605873361850978
0 0.1625768218851406 0.25950294994514983 0.00962739892040601 0.008460003003455285
0 0.21903109206823085 0.2659679399556051 0.007799847897432988 0.007416530646764119
0 0.48528272695749386 0.30065691427902885 0.009505030686364269 0.007649290745522175
0 0.37992715170055985 0.28668939641908336 0.010479975564921085 0.008576381039443137
0 0.3675646576055364 0.28500189677673904 0.009627428420307282 0.008460007030237693
0 0.19211343390002367 0.2627073496965221 0.012674731474656892 0.0120518882774584
0 0.17609787805205285 0.2592800959114957 0.010847189359167536 0.01100847492056961
0 0.5724912752552682 0.310906229237196 0.009504971686561947 0.007649282691957526
0 0.23638878738531255 0.2662687931240698 0.00816703219177825 0.009848620501108185
0 0.5847335107052598 0.31050881418973364 0.009872155980907071 0.010081372546301537
0 0.703914051921113 0.32512235583222443 0.008774822275890992 0.008343624967467544
0 0.8825328668259086 0.34660820859773683 0.010357636830780503 0.007765672808292323
0 0.7494071010061041 0.329263728482894 0.008897220009834061 0.009154341252182896
0 0.7344256235645035 0.3276324153214779 0.009872155980907071 0.010081372546301537
0 0.7190790669638256 0.32553758651300263 0.011822154830141929 0.011935510241470548
1 0.2827385894317116 0.26473535828103933 0.009994583214751385 0.010892092857799407
0 0.21970842335689217 0.25571793084619565 0.008167032191778223 0.00984862050110813
1 0.14047494326624513 0.2502805115964778 0.0251046911388621 0.022482404998679345
0 0.9423975320867626 0.35353872283249055 0.010724821125125517 0.010197762662636445
0 0.17695881178409553 0.24781407338820663 0.01035760733087926 0.007765668781510027
1 0.35478421752583256 0.27167380554373266 0.006217062842444665 0.007994486832721581
0 0.16398643061092089 0.24728439864509577 0.010969570810651502 0.011819131198787053
0 0.8691975079414369 0.34271941220281554 0.01267470197475562 0.012051884250676048
1 0.31641364525350313 0.2722279485521333 0.025227074122854465 0.023293119270003604
0 0.39863327823512196 0.27517708945318764 0.00938264185990495 0.006838633460609034
0 0.4997259157234203 0.288562679579728 0.008897220009834006 0.009154341252182951
0 0.4852319652671587 0.2865842328340228 0.010602373298864098 0.009387097324158655
1 0.3342039295486957 0.2639001722209907 0.007432643010670259 0.004984495765440133
1 0.5202450092873275 0.29674164154492644 0.02437446797843812 0.023176737207233455
0 0.5457676611608206 0.29195155647696835 0.009382582860102628 0.006838625407044441
0 0.5563025791867117 0.294216982805369 0.010724821125125628 0.010197762662636445
0 0.7061150347369491 0.31342554020716823 0.008044672865220148 0.009037967242977452
1 0.6677444964182628 0.31397965774245007 0.025104735388713828 0.02248241103885279
1 0.812808617395953 0.33005784902041346 0.011459180806332459 0.0150618833715222
0 0.7647619601482492 0.3197761191786266 0.012552313148296412 0.011241226965762963
0 0.7522791439546495 0.316003726292812 0.008774822275891103 0.008343624967467433
1 0.8838222132191691 0.3323047421045283 0.008530035715488604 0.006722251397838941
1 0.846363365869119 0.33546554806142836 0.025471919683059174 0.024914500893196856
1 0.7736570705690733 0.3156122417362236 0.00913779629970024 0.005217251837415893
0 0.8717636244624108 0.3314861497782845 0.012674701974755731 0.012051884250675993
0 0.24310585607145624 0.24195010160361208 0.007192037220902753 0.008921581153424923
1 0.7378505436360929 0.30782870234837767 0.00524211796388796 0.007067396538800563
1 0.6824324422446904 0.3002640454467382 0.0069472122531155645 0.007300144557211619
1 0.14134421641463146 0.22723205599392382 0.0063394605763877065 0.008805203117437127
1 0.5507099955572758 0.279387834059486 0.006824823426656357 0.006489487272298533
1 0.35016867945647956 0.2532547385208375 0.012307585587696568 0.00961986144969898
1 0.49060267837118876 0.2711830919197399 0.006217062842444665 0.007994486832721581
1 0.32507858260745426 0.24941621956230714 0.0064618494028469975 0.009615860402350102
1 0.6262229881219035 0.2921776858934367 0.009753968517499989 0.014829119245981737
1 0.4988858474371666 0.2710726819280918 0.0074368532812061905 0.010542958749835796
1 0.14694930102735332 0.22468758411746287 0.010484156335555855 0.014134839997056503
1 0.20218797629226742 0.22767706890329414 0.0076774590709737245 0.006605873361851061
1 0.1738669591955605 0.22794817437654585 0.01316430459546139 0.015294635416715552
0 0.23446177386708528 0.23580577890522053 0.009876366251443086 0.015639835530697227
1 0.4107655697633712 0.2582167335213265 0.008778973546624547 0.013902079898298503
1 0.35096634313992586 0.24508965416819067 0.010965397414992029 0.006260673247869303
1 0.8460149507927783 0.31183716424244806 0.007192007721001592 0.008921577126642544
1 0.6287279102296479 0.28134975211136215 0.006947212253115342 0.007300144557211674
1 0.6503485182692059 0.2822324994865485 0.006824823426656246 0.006489487272298533
1 0.7027825866548554 0.2893898312488393 0.0062170628424446095 0.007994486832721526
1 0.6391445862460714 0.27863464616820566 0.006584247136789956 0.010426576687065647
1 0.9428509275108601 0.3159540651043933 0.008652424541948256 0.007532908682751971
1 0.7697801035648986 0.2865378356266607 0.008652426768819055 0.007532923432702621
1 0.7003555230430774 0.27664756821653635 0.0062170628424448315 0.007994486832721581
1 0.29604825204596413 0.2198042105399302 0.008285249155086438 0.0051008778282103096
1 0.42107449549302395 0.23604309327271494 0.009137855299502728 0.005217259890980486
1 0.3446456517815429 0.22643783107331986 0.011940401293351277 0.007187771595354886
1 0.33362323404334315 0.2245195571059413 0.010112795724317614 0.006144320685000287
1 0.2598745282955589 0.21445274424308663 0.009260219079802623 0.0060279426490124355
1 0.5058477071374543 0.24513258733810422 0.007432643010670259 0.004984495765440161
1 0.4503684091059513 0.2379732738288719 0.010965401868733848 0.006260702747770491
1 0.5417786904629229 0.24920981364960834 0.009137825799601429 0.005217255864198134
1 0.5162011108784105 0.24571843431554058 0.009137855299502728 0.005217259890980458
1 0.6611428363490285 0.26260732712826884 0.008407642435287688 0.005911564613024611
1 0.6057859315977265 0.25463732683422224 0.010235248004321185 0.006955015523379293
1 0.8091909903324719 0.27909284354558095 0.00828524915508655 0.005100877828210337
1 0.8233198638565271 0.2806077598942762 0.009260189579901379 0.006027938622230111
1 0.7286216271787156 0.26809500035464995 0.009382582860102517 0.006838625407044441
1 0.6329483910762865 0.2562765455370678 0.008289454971880494 0.010659311312704811
1 0.5730246343106 0.24685576919331792 0.005364515697830918 0.007878112823516026
1 0.7215582145978562 0.265889728027843 0.007192003267259661 0.008921547626741355
1 0.7103522342123849 0.2651875030144188 0.010847214405326766 0.011008449447450719
1 0.7408026069888041 0.26810292064603003 0.0064618494028469975 0.00961586040235013
1 0.6071913558653843 0.2482099900604095 0.007677488570874802 0.006605877388633358
1 0.6428775946534315 0.2539086107316663 0.0064618494028469975 0.009615860402350102
1 0.16616167582791966 0.1867676633504324 0.010112803099292966 0.006144321691695875
1 0.3567146688074537 0.21277844281200226 0.006339456122645859 0.008805173617535883
1 0.17901167554961034 0.18810799638515185 0.009753972971241948 0.014829148745882953
1 0.20989043955668396 0.1881860122833043 0.006217062842444693 0.007994486832721581
0 0.3621973697418207 0.21104464397710054 0.010728972395859293 0.01575621759346743
1 0.8015281764817995 0.26356740833071235 0.006094669562243471 0.007183800047907307
0 0.9149220796982487 0.27904585221517253 0.006339456122645859 0.008805173617535855
1 0.8770473686794975 0.267670412803373 0.005364515697830918 0.007878112823516081
1 0.9210147031250266 0.27615421826121683 0.01145918526007439 0.015061912871423333
0 0.47524288515495944 0.20289472281931342 0.008774822275890881 0.008343624967467489
1 0.3039405446598624 0.17041031192150363 0.007432643010670259 0.004984495765440161
0 0.7108730826825845 0.2185106773361396 0.009137796299700351 0.005217251837415837
1 0.7695200058670135 0.22486127105754855 0.008285249155086438 0.005100877828210365
1 0.8545971273034509 0.2348196429391372 0.007432702010472636 0.004984503819004782
1 0.2211319011083442 0.13966297725480092 0.005242092917728508 0.0070674220119194275
1 0.377887439071527 0.15899186747669397 0.0074326430106702035 0.004984495765440106
0 0.49597269271782973 0.17221479512463977 0.010965401868733904 0.006260702747770491
1 0.27387401357991253 0.14189798051347918 0.012062765073651227 0.007998454353386947
1 0.6952962940152312 0.19776798892667644 0.008652428995689854 0.007532938182653215
0 0.6847022844845077 0.19301230048927961 0.008407642435287577 0.005911564613024556
1 0.8110686337882923 0.20902041292381246 0.015595553431616116 0.009274665362499601
1 0.7984634287682334 0.20605867732291097 0.006702430146455107 0.0056788004874842035
1 0.7344582462919751 0.1977355673466708 0.007069609987058412 0.008110860841927081
1 0.7197828088238087 0.19407756002673426 0.00792227513127719 0.008227250958261961
1 0.6463401032533489 0.18198401746528445 0.005486908978031835 0.008688799608330355
1 0.7012706754325416 0.18989582270116365 0.010116942541309237 0.01170274611593014
1 0.7385438232732804 0.19084668192278964 0.009382582860102517 0.006838625407044413
0 0.15305991893812304 0.11216832529236057 0.0071920327671608775 0.008921551653523721
1 0.8163739989814882 0.19981583445830806 0.007677488570875024 0.0066058773886333855
1 0.8082131914689393 0.19911556838831007 0.008652428995689965 0.007532938182653215
1 0.7805653669132399 0.19492790057186554 0.0059722762820424435 0.006373113263093033
1 0.20823530940449012 0.11845874623544292 0.009872185480808315 0.010081376573083903
1 0.8758081213996969 0.21247936463770106 0.015236671678737879 0.017959485369817646
0 0.7971908032306408 0.19719729844771386 0.010480034564723573 0.008576389093007841
1 0.9957863262989965 0.218927821927545 0.005486908978031946 0.008688799608330328
1 0.16244879285223274 0.09897047193785628 0.009137825799601512 0.0052172558641981615
0 0.7148654365978158 0.1718940056594541 0.008774822275890992 0.008343624967467489
1 0.8569455245697526 0.18756487179806886 0.008652428995689854 0.007532938182653215
1 0.16294045858522554 0.09283210253385402 0.0120627650736512 0.007998454353386933
1 0.4494705716467821 0.13153021110577084 0.00901960883629327 0.009964998537096065
0 0.27804165487397825 0.10564771677231503 0.009137825799601484 0.0052172558641981615
1 0.4568399401551141 0.13170874769380914 0.0064618494028469975 0.009615860402350157
1 0.6044659696101131 0.1423448728000976 0.008407642435287577 0.005911564613024639
1 0.9974435390041033 0.195995739327501 0.005112921991793362 0.007067426038701752
1 0.7992840062598052 0.16604194449042023 0.011940342293548789 0.0071877635417903485
1 0.6921008527068677 0.15265236806648158 0.00804466841147844 0.009037937743076235
1 0.6249301502129516 0.14224237237666137 0.007677488570874913 0.006605877388633358
1 0.889902922362313 0.17675676489615283 0.008530035715488715 0.006722251397838913
0 0.6324810357898071 0.1441004698782257 0.008411849365517199 0.011470005472494382
0 0.8207822210191621 0.16773537865042087 0.005486908978032057 0.008688799608330355
0 0.9154213656354233 0.17775787976853852 0.007922274017841402 0.008227243583286664
0 0.7876558462431115 0.15949029429999426 0.00962736830706934 0.008459991601697692
0 0.8296161347998857 0.16397684460042497 0.0077998818510760515 0.0074165641734476595
0 0.5254265291394837 0.12121340054913624 0.009137853072631819 0.005217245141029878
1 0.6123290942367553 0.1334894324693391 0.009504976140303656 0.007649312191858687
1 0.6235963291486939 0.13378632951889613 0.011087792922063966 0.007071374782634171
1 0.7471009808405596 0.14857641460072607 0.007192003267259661 0.00892154762674141
1 0.8056888102932851 0.1524367609630894 0.006702427919584197 0.005678785737533637
1 0.6700052249267965 0.1347431420349113 0.005486908978032057 0.0086887996083303
1 0.7184211092640047 0.139697190592312 0.00804466841147844 0.009037937743076235
1 0.15169618173126415 0.06068356304462659 0.009260216852931685 0.006027927899061848
0 0.841012017171156 0.15477624505734355 0.008897215556092242 0.009154311752281735
1 0.7963736214794823 0.14785563353950085 0.009504976140303767 0.007649312191858715
1 0.7508826775297591 0.14081865538742788 0.008407640208416778 0.005911549863073989
1 0.9981820816828157 0.1746850383506502 0.0036358366343685056 0.0070674260387017795
1 0.8333408440060851 0.1508332251517025 0.009137794072829442 0.005217237087465271
1 0.2762961453444772 0.07686425039113765 0.009749792200607177 0.009270689788269601
1 0.14000268173542937 0.060328472622187074 0.012919520261930106 0.013673276597037536
1 0.3340313686527865 0.08060821469073079 0.009260246352832902 0.006027931925844193
1 0.274170928412419 0.06788649146656153 0.009382612360003817 0.006838629433826751
1 0.6357898173170438 0.1164206301946279 0.007922275131277079 0.00822725095826192
1 0.998490141075403 0.16484037799523207 0.003019717849193859 0.007067426038701752
0 0.8357233127203905 0.14081597747585292 0.0077998818510760515 0.0074165641734476595
1 0.6713578118687524 0.11713873334427817 0.00913779407282933 0.005217237087465215
0 0.8547862192128691 0.14134960214483333 0.0064618494028469975 0.00961586040235013
0 0.48019910812795996 0.086494593252254 0.009260246352832957 0.006027931925844193
1 0.7220950272799679 0.11248088567180108 0.008285246928215528 0.005100863078259715
1 0.8449898143657895 0.128428821301225 0.008530033488617916 0.006722236647888291
1 0.9334772434937224 0.13885269795178978 0.007677488570875135 0.00660587738863333
1 0.8874988293315917 0.1321628761875212 0.0077998818510759405 0.0074165641734476595
1 0.9561931981026335 0.14112606737508576 0.005364515697830918 0.007878112823516026
1 0.7510238355742231 0.1139475244291905 0.008167061691679467 0.00984862452789051
0 0.3356941184524445 0.05518588138344817 0.01011279349744676 0.006144305935049714
0 0.8561367010195571 0.12664079895560357 0.008167061691679578 0.009848624527890482
0 0.9037000382121516 0.1314784735037987 0.009264397623566567 0.011586386856675207
1 0.16268660142995603 0.022468718768551256 0.007799837601224213 0.007416558133274159
1 0.999414349309784 0.13449571082275272 0.0011713013804318662 0.008688799608330355
1 0.15397923108673167 0.01962535435233675 0.009142004343365345 0.010775700071860938
1 0.6982963513461344 0.09144329806685172 0.006947216706857273 0.007300174057112807
1 0.16293347100070038 0.017951736677432564 0.008530035715488743 0.006722251397838882
1 0.7708906020429117 0.09762923950915996 0.00913779407282922 0.005217237087465271
0 0.30623121282771754 0.034202509405301236 0.011577368826457324 0.010314140359329593
1 0.6592060022727909 0.0765923400152794 0.009137794072829442 0.005217237087465243
1 0.4034892984892162 0.04416880509611032 0.010724763238758761 0.010197761984047059
1 0.3867414978347975 0.042710101719346284 0.008411791479150221 0.011470004793905045
0 0.49849354953758507 0.0546548406380202 0.013890341142783591 0.009041901236959249
1 0.4136000171863728 0.04348044411044161 0.008044609968393623 0.009037933376999222
0 0.2220129508797504 0.015673715309890084 0.009260217966367223 0.006027935274037156
1 0.2649461493109012 0.022361562871839772 0.012552339864608908 0.01124121255510703
0 0.4244409495828211 0.043719146441125886 0.010969550355878821 0.011819139241163276
1 0.5078740857055044 0.05303940930031789 0.008289397085513683 0.01065931063411546
0 0.8500691555359748 0.09478518698187666 0.008407641321852122 0.005911557238049342
1 0.39168175603916816 0.03304199251753728 0.008044609411675951 0.009037929689511587
1 0.3470433892906778 0.026121388713964546 0.007192062267062038 0.008921555680306038
1 0.8900816082651493 0.09776475665353218 0.009260188466465924 0.006027931247254814
1 0.5112315544011448 0.04232785321493655 0.0062170628424448315 0.007994486832721567
1 0.7033102861624012 0.06399621445522963 0.007192003267259661 0.008921547626741397
0 0.8280326799306919 0.07936622005040433 0.007192003267259661 0.008921547626741397
1 0.7969744307973274 0.07471302398287905 0.00792227513127719 0.008227250958261947
0 0.7474020605803148 0.06877371588580349 0.008167062805114922 0.009848631902865834
1 0.9167120588500428 0.07699164752703247 0.009137794072829553 0.005217237087465257
1 0.696871409358713 0.04036388327512483 0.008167062387576585 0.00984862913725007
1 0.8018618808975384 0.053867848734775806 0.010116944211462475 0.011702757178393093
1 0.8254915801262404 0.05585224324363869 0.007436790941097504 0.01054292857134527
1 0.8126415860405494 0.054511897806060194 0.007559184778016315 0.011353619043647213
1 0.7926058431450882 0.051776987786260484 0.010116944211462475 0.011702757178393107
1 0.7840799587003331 0.05061319131925262 0.00841184992223487 0.011470009159982045
1 0.8930294629478881 0.06383017535246432 0.00901960981054939 0.009965004990199422
1 0.9105687023977544 0.06581060959399587 0.008534243759153903 0.012280699632283981
1 0.4710647395738037 0.001490817365224204 0.008407640765134394 0.002981634730448408
1 0.9863938781613011 0.06788689468470704 0.010357640623420039 0.007765697929301971
1 0.4795926696668965 0.0011456435245919632 0.006217062703265219 0.0022912870491839264
1 0.48897113079096155 0.0022492645692987674 0.00816700345736393 0.004498529138597535
