1 0.43911638855934143 0.9944320917129517 0.009698271751403809 0.006681561470031738
1 0.9924569129943848 0.9716035723686218 0.015086174011230469 0.014476656913757324
1 0.03340517356991768 0.9665924310684204 0.010775864124298096 0.01113581657409668
1 0.618534505367279 0.955456554889679 0.01077580451965332 0.008908629417419434
1 0.07704741507768631 0.9543429613113403 0.011853441596031189 0.008908629417419434
1 0.2521551847457886 0.9526726007461548 0.010775864124298096 0.007795095443725586
1 0.44288793206214905 0.9510022401809692 0.02155172824859619 0.017817378044128418
1 0.9342672228813171 0.9510022401809692 0.02586209774017334 0.02672600746154785
1 0.9024784564971924 0.9510022401809692 0.02693963050842285 0.02672600746154785
1 0.8706896305084229 0.9504454135894775 0.02586209774017334 0.02783966064453125
1 0.8394396305084229 0.9498886466026306 0.02586209774017334 0.02672600746154785
1 0.7144396305084229 0.9498886466026306 0.02586209774017334 0.02672600746154785
1 0.5614224076271057 0.948775053024292 0.02586209774017334 0.02672600746154785
1 0.47036638855934143 0.9482182860374451 0.024784505367279053 0.025612473487854004
1 0.2920258641242981 0.9471046924591064 0.02155172824859619 0.023385286331176758
1 0.5010775923728943 0.9476614594459534 0.023706912994384766 0.02672600746154785
1 0.3809267282485962 0.9476614594459534 0.024784505367279053 0.02672600746154785
1 0.32165947556495667 0.9476614594459534 0.024784505367279053 0.02672600746154785
1 0.203125 0.9471046924591064 0.024784475564956665 0.025612473487854004
1 0.17349137365818024 0.9471046924591064 0.023706883192062378 0.025612473487854004
1 0.11476293206214905 0.9471046924591064 0.024784475564956665 0.025612473487854004
1 0.03933189809322357 0.9320712685585022 0.005387932062149048 0.008908629417419434
1 0.2532327473163605 0.923162579536438 0.010775864124298096 0.01113581657409668
1 0.44773706793785095 0.9220489859580994 0.009698271751403809 0.017817378044128418
1 0.25269395112991333 0.9131402969360352 0.009698271751403809 0.006681561470031738
1 0.6282327771186829 0.917037844657898 0.01077580451965332 0.018930912017822266
1 0.8383620977401733 0.9175946712493896 0.02586209774017334 0.02672600746154785
1 0.2920258641242981 0.9159242510795593 0.02155172824859619 0.023385286331176758
1 0.1153017170727253 0.9153674840927124 0.021551720798015594 0.02227175235748291
1 0.7139008641242981 0.916481077671051 0.024784445762634277 0.02672600746154785
1 0.6524784564971924 0.916481077671051 0.024784445762634277 0.02672600746154785
1 0.5614224076271057 0.916481077671051 0.023706912994384766 0.02672600746154785
1 0.5307112336158752 0.916481077671051 0.024784445762634277 0.02672600746154785
1 0.5005387514829636 0.9159242510795593 0.024784475564956665 0.025612473487854004
1 0.47036638855934143 0.9159242510795593 0.024784505367279053 0.025612473487854004
1 0.3518318831920624 0.9159242510795593 0.024784505367279053 0.025612473487854004
1 0.32165947556495667 0.9159242510795593 0.024784505367279053 0.025612473487854004
1 0.17403016984462738 0.9153674840927124 0.02262932062149048 0.02672600746154785
1 0.11961206793785095 0.8936525583267212 0.010775864124298096 0.007795095443725586
1 0.25431033968925476 0.890868604183197 0.008620679378509521 0.01113581657409668
1 0.2645474076271057 0.8897550106048584 0.009698271751403809 0.013363003730773926
1 0.2645474076271057 0.8814030885696411 0.009698271751403809 0.007795095443725586
1 0.8011853694915771 0.8808463215827942 0.009698271751403809 0.01113581657409668
1 0.9315732717514038 0.8853006958961487 0.024784445762634277 0.02672600746154785
1 0.3221982717514038 0.8836302757263184 0.02155172824859619 0.023385286331176758
1 0.20366379618644714 0.8836302757263184 0.02155172824859619 0.023385286331176758
1 0.899784505367279 0.884743869304657 0.02586209774017334 0.02783966064453125
0 0.868534505367279 0.8841871023178101 0.028017282485961914 0.02672600746154785
1 0.7128232717514038 0.8841871023178101 0.024784445762634277 0.02672600746154785
1 0.6826508641242981 0.8841871023178101 0.024784445762634277 0.02672600746154785
1 0.560883641242981 0.8841871023178101 0.024784445762634277 0.02672600746154785
1 0.5307112336158752 0.8841871023178101 0.024784445762634277 0.02672600746154785
1 0.5005387514829636 0.8836302757263184 0.024784475564956665 0.025612473487854004
1 0.38146552443504333 0.8836302757263184 0.023706912994384766 0.025612473487854004
1 0.2920258641242981 0.8836302757263184 0.023706912994384766 0.025612473487854004
1 0.1443965584039688 0.8836302757263184 0.023706883192062378 0.025612473487854004
1 0.44773706793785095 0.8557906746864319 0.009698271751403809 0.01670384407043457
1 0.8006465435028076 0.852449893951416 0.01077580451965332 0.018930912017822266
1 0.6276939511299133 0.8507795333862305 0.009698271751403809 0.017817378044128418
1 0.29256466031074524 0.852449893951416 0.020474135875701904 0.023385286331176758
1 0.17456896603107452 0.852449893951416 0.02155172824859619 0.023385286331176758
1 0.6514008641242981 0.852449893951416 0.024784445762634277 0.025612473487854004
1 0.560883641242981 0.852449893951416 0.024784445762634277 0.025612473487854004
1 0.5307112336158752 0.852449893951416 0.024784445762634277 0.025612473487854004
1 0.47036638855934143 0.852449893951416 0.024784505367279053 0.025612473487854004
1 0.3518318831920624 0.852449893951416 0.024784505367279053 0.025612473487854004
1 0.32165947556495667 0.852449893951416 0.024784505367279053 0.025612473487854004
1 0.2042025923728943 0.852449893951416 0.024784475564956665 0.025612473487854004
1 0.1454741358757019 0.852449893951416 0.023706883192062378 0.025612473487854004
1 0.9299569129943848 0.8518930673599243 0.02586209774017334 0.02672600746154785
1 0.8987069129943848 0.8518930673599243 0.02586209774017334 0.02672600746154785
1 0.8362069129943848 0.8518930673599243 0.02586209774017334 0.02672600746154785
1 0.7429956793785095 0.8518930673599243 0.024784445762634277 0.02672600746154785
1 0.6815732717514038 0.8518930673599243 0.024784445762634277 0.02672600746154785
1 0.38146552443504333 0.8518930673599243 0.023706912994384766 0.02672600746154785
1 0.6153017282485962 0.8229398727416992 0.006465554237365723 0.01113581657409668
1 0.44773706793785095 0.8246102333068848 0.009698271751403809 0.01670384407043457
1 0.6271551847457886 0.8195990920066833 0.01077580451965332 0.017817378044128418
1 0.6153017282485962 0.8129175901412964 0.01077580451965332 0.006681561470031738
1 0.3221982717514038 0.820712685585022 0.02155172824859619 0.02227175235748291
1 0.17456896603107452 0.820712685585022 0.02155172824859619 0.02227175235748291
1 0.11637931317090988 0.820712685585022 0.023706898093223572 0.024498939514160156
1 0.5598060488700867 0.820155918598175 0.024784445762634277 0.025612473487854004
1 0.5301724076271057 0.820155918598175 0.023706912994384766 0.025612473487854004
1 0.5 0.820155918598175 0.023706912994384766 0.025612473487854004
1 0.47036638855934143 0.820155918598175 0.024784505367279053 0.025612473487854004
1 0.3820043206214905 0.820155918598175 0.024784505367279053 0.025612473487854004
1 0.3518318831920624 0.820155918598175 0.024784505367279053 0.025612473487854004
1 0.2931034564971924 0.820155918598175 0.023706912994384766 0.025612473487854004
1 0.2042025923728943 0.820155918598175 0.024784475564956665 0.025612473487854004
1 0.1454741358757019 0.820155918598175 0.023706883192062378 0.025612473487854004
1 0.9288793206214905 0.8195990920066833 0.02586209774017334 0.02672600746154785
1 0.8976293206214905 0.8195990920066833 0.02586209774017334 0.02672600746154785
1 0.7424569129943848 0.8195990920066833 0.02586209774017334 0.02672600746154785
1 0.7117456793785095 0.8195990920066833 0.024784445762634277 0.02672600746154785
1 0.17510776221752167 0.7583519220352173 0.020474135875701904 0.02227175235748291
1 0.7974137663841248 0.7550111413002014 0.01077580451965332 0.017817378044128418
1 0.29256466031074524 0.7577950954437256 0.020474135875701904 0.023385286331176758
1 0.3809267282485962 0.7577950954437256 0.024784505367279053 0.025612473487854004
1 0.3221982717514038 0.7577950954437256 0.023706912994384766 0.025612473487854004
1 0.20474137365818024 0.7577950954437256 0.023706883192062378 0.025612473487854004
1 0.14601293206214905 0.7577950954437256 0.024784475564956665 0.025612473487854004
1 0.04256465658545494 0.7494432330131531 0.005387932062149048 0.008908629417419434
1 0.6794180870056152 0.756681501865387 0.024784445762634277 0.025612473487854004
1 0.6492456793785095 0.756681501865387 0.024784445762634277 0.025612473487854004
1 0.5598060488700867 0.756681501865387 0.024784445762634277 0.025612473487854004
1 0.5 0.7572383284568787 0.023706912994384766 0.02672600746154785
1 0.4698275923728943 0.7572383284568787 0.023706912994384766 0.02672600746154785
1 0.8318965435028076 0.7555679082870483 0.02586209774017334 0.025612473487854004
1 0.740840494632721 0.7555679082870483 0.024784445762634277 0.025612473487854004
1 0.709590494632721 0.75612473487854 0.024784445762634277 0.02672600746154785
1 0.9261853694915771 0.7550111413002014 0.024784445762634277 0.02672600746154785
1 0.08997844904661179 0.7282850742340088 0.009698271751403809 0.015590190887451172
1 0.2645474076271057 0.7271714806556702 0.009698271751403809 0.015590190887451172
1 0.44665947556495667 0.7260578870773315 0.009698271751403809 0.015590190887451172
1 0.11745689809322357 0.7271714806556702 0.02155172824859619 0.02227175235748291
1 0.3512931168079376 0.7260578870773315 0.02155172824859619 0.02227175235748291
1 0.20474137365818024 0.7271714806556702 0.023706883192062378 0.024498939514160156
1 0.1756465584039688 0.7277283072471619 0.023706883192062378 0.025612473487854004
1 0.38038793206214905 0.7260578870773315 0.023706912994384766 0.024498939514160156
1 0.3221982717514038 0.7266147136688232 0.023706912994384766 0.025612473487854004
1 0.2931034564971924 0.7266147136688232 0.023706912994384766 0.025612473487854004
1 0.5592672228813171 0.7255011200904846 0.023706912994384766 0.025612473487854004
1 0.529633641242981 0.7255011200904846 0.024784445762634277 0.025612473487854004
1 0.4989224076271057 0.7260578870773315 0.023706912994384766 0.02672600746154785
1 0.46928879618644714 0.7260578870773315 0.024784505367279053 0.02672600746154785
1 0.7397629022598267 0.724387526512146 0.024784445762634277 0.025612473487854004
1 0.7090517282485962 0.724387526512146 0.023706912994384766 0.025612473487854004
1 0.6794180870056152 0.7249442934989929 0.024784445762634277 0.02672600746154785
1 0.8933189511299133 0.7238307595252991 0.02586209774017334 0.02672600746154785
1 0.8626077771186829 0.7232739329338074 0.024784445762634277 0.025612473487854004
1 0.8313577771186829 0.7238307595252991 0.024784445762634277 0.02672600746154785
1 0.9245689511299133 0.7227171659469604 0.02586209774017334 0.02672600746154785
1 0.04364224150776863 0.711581289768219 0.005387932062149048 0.01113581657409668
1 0.11745689809322357 0.6965478658676147 0.02155172824859619 0.023385286331176758
1 0.7947198152542114 0.692650318145752 0.011853456497192383 0.017817378044128418
1 0.3221982717514038 0.6948775053024292 0.02155172824859619 0.02227175235748291
1 0.20474137365818024 0.6965478658676147 0.023706883192062378 0.025612473487854004
1 0.14601293206214905 0.6959910988807678 0.024784475564956665 0.024498939514160156
1 0.3512931168079376 0.6954342722892761 0.023706912994384766 0.025612473487854004
1 0.1756465584039688 0.6954342722892761 0.023706883192062378 0.025612473487854004
1 0.5587284564971924 0.6943207383155823 0.024784445762634277 0.025612473487854004
1 0.4989224076271057 0.6943207383155823 0.023706912994384766 0.025612473487854004
1 0.7085129022598267 0.6932071447372437 0.024784445762634277 0.025612473487854004
1 0.8615301847457886 0.692093551158905 0.024784445762634277 0.025612473487854004
1 0.8302801847457886 0.692093551158905 0.024784445762634277 0.025612473487854004
1 0.7386853694915771 0.692650318145752 0.024784445762634277 0.02672600746154785
1 0.9224137663841248 0.6909799575805664 0.02586209774017334 0.025612473487854004
1 0.892241358757019 0.6915367245674133 0.02586209774017334 0.02672600746154785
0 0.10668103396892548 0.6781737208366394 0.008620694279670715 0.01113581657409668
1 0.09375 0.6720489859580994 0.010775864124298096 0.00556790828704834
1 0.09375 0.6625835299491882 0.010775864124298096 0.01113581657409668
1 0.11799569055438042 0.6659242510795593 0.0204741433262825 0.02227175235748291
1 0.3512931168079376 0.6642538905143738 0.02155172824859619 0.023385286331176758
1 0.29256466031074524 0.6648107171058655 0.024784505367279053 0.024498939514160156
1 0.20474137365818024 0.6653674840927124 0.023706883192062378 0.025612473487854004
1 0.1756465584039688 0.6653674840927124 0.023706883192062378 0.025612473487854004
1 0.1465517282485962 0.6653674840927124 0.023706883192062378 0.025612473487854004
1 0.46875 0.6636971235275269 0.023706912994384766 0.024498939514160156
1 0.38038793206214905 0.6642538905143738 0.023706912994384766 0.025612473487854004
1 0.3221982717514038 0.6642538905143738 0.023706912994384766 0.025612473487854004
1 0.5587284564971924 0.6631402969360352 0.024784445762634277 0.025612473487854004
1 0.5285560488700867 0.6631402969360352 0.024784445762634277 0.025612473487854004
1 0.7376077771186829 0.6620267033576965 0.024784445762634277 0.025612473487854004
1 0.7079741358757019 0.6620267033576965 0.023706912994384766 0.025612473487854004
1 0.6778017282485962 0.6620267033576965 0.023706912994384766 0.025612473487854004
1 0.6476293206214905 0.6620267033576965 0.023706912994384766 0.025612473487854004
1 0.8292025923728943 0.6609131693840027 0.024784445762634277 0.025612473487854004
1 0.2537715435028076 0.6380846500396729 0.011853456497192383 0.01113581657409668
0 0.41918104887008667 0.6364142298698425 0.015086233615875244 0.014476656913757324
1 0.09375 0.6308463215827942 0.006465524435043335 0.007795095443725586
1 0.11799569055438042 0.6358574628829956 0.0204741433262825 0.02227175235748291
1 0.3512931168079376 0.6336302757263184 0.02155172824859619 0.02227175235748291
1 0.20474137365818024 0.6353006958961487 0.023706883192062378 0.025612473487854004
1 0.1756465584039688 0.6353006958961487 0.023706883192062378 0.025612473487854004
1 0.1465517282485962 0.6353006958961487 0.023706883192062378 0.025612473487854004
1 0.3221982717514038 0.6336302757263184 0.023706912994384766 0.024498939514160156
1 0.29256466031074524 0.6341871023178101 0.024784505367279053 0.025612473487854004
1 0.5274784564971924 0.6325166821479797 0.024784445762634277 0.024498939514160156
1 0.49838361144065857 0.6330735087394714 0.024784505367279053 0.025612473487854004
1 0.46821120381355286 0.6330735087394714 0.024784505367279053 0.025612473487854004
1 0.38038793206214905 0.6330735087394714 0.023706912994384766 0.025612473487854004
1 0.5576508641242981 0.6319599151611328 0.024784445762634277 0.025612473487854004
1 0.7068965435028076 0.6308463215827942 0.023706912994384766 0.025612473487854004
1 0.678340494632721 0.6314030885696411 0.02693963050842285 0.02672600746154785
1 0.859375 0.6297327280044556 0.024784445762634277 0.025612473487854004
1 0.8286637663841248 0.6297327280044556 0.02586209774017334 0.025612473487854004
1 0.9207974076271057 0.6286191344261169 0.024784445762634277 0.025612473487854004
1 0.8900862336158752 0.6286191344261169 0.02586209774017334 0.025612473487854004
1 0.610991358757019 0.5740534663200378 0.006465554237365723 0.010022282600402832
1 0.4455818831920624 0.5729398727416992 0.009698271751403809 0.01670384407043457
1 0.265625 0.5734966397285461 0.009698271751403809 0.017817378044128418
1 0.1190732829272747 0.5746102333068848 0.0204741433262825 0.02227175235748291
1 0.6174569129943848 0.5712695121765137 0.02155172824859619 0.017817378044128418
1 0.3507543206214905 0.5723830461502075 0.020474135875701904 0.02227175235748291
1 0.1767241358757019 0.5740534663200378 0.023706883192062378 0.025612473487854004
1 0.14709052443504333 0.5746102333068848 0.024784475564956665 0.02672600746154785
1 0.7974137663841248 0.5690423250198364 0.02155172824859619 0.017817378044128418
1 0.3221982717514038 0.5723830461502075 0.023706912994384766 0.024498939514160156
1 0.2931034564971924 0.5729398727416992 0.023706912994384766 0.025612473487854004
1 0.4676724076271057 0.5712695121765137 0.023706912994384766 0.024498939514160156
1 0.3798491358757019 0.5718262791633606 0.024784505367279053 0.025612473487854004
1 0.5571120977401733 0.570155918598175 0.02586209774017334 0.024498939514160156
1 0.5269396305084229 0.570712685585022 0.023706912994384766 0.025612473487854004
1 0.4978448152542114 0.5712695121765137 0.023706912994384766 0.02672600746154785
1 0.7058189511299133 0.5690423250198364 0.023706912994384766 0.024498939514160156
1 0.6761853694915771 0.5695990920066833 0.024784445762634277 0.025612473487854004
1 0.7354525923728943 0.5684854984283447 0.024784445762634277 0.025612473487854004
1 0.8259698152542114 0.5673719644546509 0.024784445762634277 0.025612473487854004
1 0.9175646305084229 0.5662583708763123 0.024784445762634277 0.025612473487854004
1 0.8873922228813171 0.5662583708763123 0.024784445762634277 0.025612473487854004
1 0.4337284564971924 0.545100212097168 0.011853456497192383 0.007795095443725586
1 0.4455818831920624 0.5395323038101196 0.009698271751403809 0.014476656913757324
1 0.14816810190677643 0.5434298515319824 0.020474135875701904 0.02227175235748291
1 0.11853448301553726 0.544543445110321 0.023706898093223572 0.024498939514160156
1 0.38038793206214905 0.5417594909667969 0.02155172824859619 0.02115809917449951
1 0.20528016984462738 0.5434298515319824 0.024784475564956665 0.024498939514160156
1 0.1767241358757019 0.5434298515319824 0.023706883192062378 0.024498939514160156
1 0.3512931168079376 0.5423162579536438 0.023706912994384766 0.024498939514160156
1 0.32165947556495667 0.5423162579536438 0.024784505367279053 0.024498939514160156
1 0.2931034564971924 0.5423162579536438 0.023706912994384766 0.024498939514160156
1 0.556034505367279 0.5400890707969666 0.023706912994384766 0.024498939514160156
1 0.5264008641242981 0.5400890707969666 0.024784445762634277 0.024498939514160156
1 0.49676723778247833 0.5406458973884583 0.023706883192062378 0.025612473487854004
1 0.4676724076271057 0.5406458973884583 0.023706912994384766 0.025612473487854004
1 0.704741358757019 0.538418710231781 0.023706912994384766 0.025612473487854004
1 0.8248922228813171 0.5367483496665955 0.024784445762634277 0.024498939514160156
1 0.8561422228813171 0.5361915230751038 0.024784445762634277 0.025612473487854004
1 0.9164870977401733 0.5350779294967651 0.024784445762634277 0.025612473487854004
1 0.8410560488700867 0.5244988799095154 0.00538790225982666 0.01113581657409668
1 0.2559267282485962 0.5172605514526367 0.009698271751403809 0.010022282600402832
1 0.2667025923728943 0.5139198303222656 0.009698271751403809 0.01670384407043457
1 0.25538793206214905 0.5077950954437256 0.008620679378509521 0.006681561470031738
1 0.1767241358757019 0.5139198303222656 0.02155172824859619 0.02115809917449951
1 0.1190732792019844 0.5144765973091125 0.022629305720329285 0.024498939514160156
1 0.29256466031074524 0.5122494697570801 0.020474135875701904 0.02227175235748291
1 0.14762930572032928 0.5139198303222656 0.023706883192062378 0.025612473487854004
1 0.3512931168079376 0.5122494697570801 0.023706912994384766 0.024498939514160156
1 0.3221982717514038 0.5122494697570801 0.023706912994384766 0.024498939514160156
1 0.49676723778247833 0.5105790495872498 0.023706883192062378 0.025612473487854004
1 0.46713361144065857 0.5105790495872498 0.024784505367279053 0.025612473487854004
1 0.556034505367279 0.5094654560089111 0.023706912994384766 0.025612473487854004
1 0.5264008641242981 0.5094654560089111 0.024784445762634277 0.025612473487854004
1 0.6443965435028076 0.5083519220352173 0.023706912994384766 0.025612473487854004
1 0.734375 0.5072383284568787 0.024784445762634277 0.025612473487854004
1 0.8550646305084229 0.50612473487854 0.024784445762634277 0.025612473487854004
1 0.915409505367279 0.5050111413002014 0.024784445762634277 0.025612473487854004
1 0.22683189809322357 0.4949888586997986 0.007543116807937622 0.00556790828704834
1 0.8852370977401733 0.5033407658338547 0.024784445762634277 0.028953224420547485
1 0.5948275923728943 0.49387526512145996 0.008620738983154297 0.010022282600402832
1 0.7887930870056152 0.4922049045562744 0.008620738983154297 0.008908689022064209
1 0.6066810488700867 0.4927617013454437 0.008620738983154297 0.010022282600402832
1 0.6276939511299133 0.48886415362358093 0.00538790225982666 0.011135876178741455
1 0.09590516984462738 0.4838530123233795 0.010775864124298096 0.016703784465789795
1 0.2677801847457886 0.4827394187450409 0.009698271751403809 0.016703784465789795
1 0.1767241358757019 0.4838530123233795 0.02155172824859619 0.021158158779144287
1 0.1190732792019844 0.48440980911254883 0.02478449046611786 0.02449887990951538
1 0.3798491358757019 0.48162582516670227 0.020474135875701904 0.021158158779144287
1 0.20581896603107452 0.4832962155342102 0.023706883192062378 0.02449887990951538
1 0.14816810190677643 0.4838530123233795 0.02262932062149048 0.025612473487854004
1 0.3512931168079376 0.4821826219558716 0.023706912994384766 0.02449887990951538
1 0.32165947556495667 0.4821826219558716 0.02262932062149048 0.02449887990951538
1 0.2920258641242981 0.4827394187450409 0.023706912994384766 0.025612473487854004
1 0.9628232717514038 0.47216036915779114 0.00538790225982666 0.008908689022064209
1 0.8001077771186829 0.47661471366882324 0.009698271751403809 0.017817378044128418
1 0.5258620977401733 0.4799554646015167 0.023706912994384766 0.02449887990951538
1 0.49676723778247833 0.4799554646015167 0.023706883192062378 0.02449887990951538
1 0.46713361144065857 0.48051226139068604 0.024784505367279053 0.025612473487854004
1 0.5549569129943848 0.4793986678123474 0.02586209774017334 0.025612473487854004
1 0.673491358757019 0.4782850742340088 0.023706912994384766 0.025612473487854004
1 0.6443965435028076 0.4788418710231781 0.023706912994384766 0.026726067066192627
1 0.7036637663841248 0.4777282774448395 0.023706912994384766 0.026726067066192627
1 0.8227370977401733 0.47605791687965393 0.024784445762634277 0.025612473487854004
1 0.8836206793785095 0.474387526512146 0.02586209774017334 0.02449887990951538
1 0.8534482717514038 0.4749443233013153 0.023706912994384766 0.025612473487854004
1 0.09752155095338821 0.45489978790283203 0.011853441596031189 0.016703784465789795
1 0.1201508641242981 0.45489978790283203 0.020474135875701904 0.02115809917449951
1 0.1767241358757019 0.4543429911136627 0.023706883192062378 0.02449887990951538
1 0.14816810190677643 0.4543429911136627 0.02262932062149048 0.02449887990951538
1 0.32165947556495667 0.4521158039569855 0.020474135875701904 0.022271692752838135
1 0.20581896603107452 0.4537861943244934 0.023706883192062378 0.025612473487854004
1 0.2931034564971924 0.4521158039569855 0.023706912994384766 0.02449887990951538
1 0.37931033968925476 0.45155900716781616 0.023706912994384766 0.025612473487854004
1 0.3507543206214905 0.45155900716781616 0.024784505367279053 0.025612473487854004
1 0.5253232717514038 0.4498886466026306 0.024784445762634277 0.02449887990951538
1 0.49568964540958405 0.4498886466026306 0.023706883192062378 0.02449887990951538
1 0.4665948152542114 0.4504454433917999 0.023706912994384766 0.025612473487854004
1 0.6729525923728943 0.44766145944595337 0.024784445762634277 0.02449887990951538
1 0.7322198152542114 0.44710466265678406 0.024784445762634277 0.025612473487854004
1 0.7025862336158752 0.44710466265678406 0.023706912994384766 0.025612473487854004
1 0.6433189511299133 0.44710466265678406 0.023706912994384766 0.025612473487854004
1 0.821659505367279 0.4454343020915985 0.024784445762634277 0.02449887990951538
1 0.8820043206214905 0.4443207085132599 0.024784445762634277 0.02449887990951538
1 0.9132543206214905 0.4437639117240906 0.024784445762634277 0.025612473487854004
1 0.14816810190677643 0.3947661519050598 0.020474135875701904 0.02115809917449951
1 0.2559267282485962 0.3886414170265198 0.009698271751403809 0.011135876178741455
1 0.11961206421256065 0.3953229486942291 0.023706890642642975 0.02449887990951538
1 0.35021552443504333 0.39253896474838257 0.02155172824859619 0.02115809917449951
1 0.20581896603107452 0.3942093551158905 0.023706883192062378 0.02449887990951538
1 0.1767241358757019 0.3942093551158905 0.023706883192062378 0.02449887990951538
1 0.2920258641242981 0.3930957615375519 0.023706912994384766 0.02449887990951538
1 0.3798491358757019 0.39198216795921326 0.024784505367279053 0.02449887990951538
1 0.32165947556495667 0.39198216795921326 0.024784505367279053 0.02449887990951538
1 0.524784505367279 0.3897550106048584 0.023706912994384766 0.02449887990951538
1 0.49568964540958405 0.3897550106048584 0.023706883192062378 0.02449887990951538
1 0.5538793206214905 0.3886414170265198 0.023706912994384766 0.02449887990951538
1 0.642241358757019 0.38808462023735046 0.023706912994384766 0.025612473487854004
1 0.7306034564971924 0.3864142596721649 0.02586209774017334 0.02449887990951538
1 0.8782327771186829 0.38418707251548767 0.028017282485961914 0.02449887990951538
1 0.850215494632721 0.38418707251548767 0.023706912994384766 0.02449887990951538
1 0.8205819129943848 0.3853006660938263 0.024784445762634277 0.026726067066192627
1 0.9051724076271057 0.3763919770717621 0.012930989265441895 0.011135876178741455
1 0.8362069129943848 0.3697104752063751 0.006465554237365723 0.006681501865386963
1 0.25646552443504333 0.3691536784172058 0.010775864124298096 0.00556790828704834
1 0.14816810190677643 0.36581292748451233 0.020474135875701904 0.021158158779144287
1 0.44396552443504333 0.3608017861843109 0.010775864124298096 0.015590190887451172
1 0.1767241358757019 0.365256130695343 0.023706883192062378 0.02449887990951538
1 0.1201508641242981 0.365256130695343 0.024784475564956665 0.02449887990951538
1 0.32165947556495667 0.36247214674949646 0.020474135875701904 0.021158158779144287
1 0.20581896603107452 0.3641425371170044 0.023706883192062378 0.02449887990951538
1 0.2920258641242981 0.3635857403278351 0.023706912994384766 0.025612473487854004
1 0.37931033968925476 0.36191537976264954 0.023706912994384766 0.02449887990951538
1 0.35021552443504333 0.36191537976264954 0.023706912994384766 0.02449887990951538
1 0.49461205303668976 0.3608017861843109 0.023706883192062378 0.02449887990951538
1 0.4655172526836395 0.3608017861843109 0.023706912994384766 0.02449887990951538
1 0.5242456793785095 0.3596881926059723 0.024784445762634277 0.02449887990951538
1 0.6707974076271057 0.35746103525161743 0.024784445762634277 0.02449887990951538
1 0.7004310488700867 0.3563474416732788 0.023706912994384766 0.02449887990951538
1 0.818965494632721 0.3552338480949402 0.023706912994384766 0.02449887990951538
1 0.8787715435028076 0.35412025451660156 0.024784445762634277 0.02449887990951538
1 0.8496767282485962 0.3546770513057709 0.024784445762634277 0.025612473487854004
1 0.7742456793785095 0.33630290627479553 0.007543087005615234 0.006681501865386963
1 0.09375 0.3379732668399811 0.010775864124298096 0.010022282600402832
1 0.2667025923728943 0.33630290627479553 0.009698271751403809 0.011135876178741455
1 0.1201508641242981 0.33685970306396484 0.020474135875701904 0.02115809917449951
1 0.09428879618644714 0.3296213746070862 0.009698271751403809 0.006681501865386963
1 0.43211206793785095 0.3307349681854248 0.010775864124298096 0.013363003730773926
1 0.14870689809322357 0.33630290627479553 0.023706883192062378 0.02449887990951538
1 0.3205818831920624 0.333518922328949 0.020474135875701904 0.02115809917449951
1 0.20581896603107452 0.3351893126964569 0.023706883192062378 0.02449887990951538
1 0.1767241358757019 0.3351893126964569 0.023706883192062378 0.02449887990951538
1 0.29148706793785095 0.3340757191181183 0.024784505367279053 0.02449887990951538
1 0.3496767282485962 0.33296212553977966 0.024784505367279053 0.02449887990951538
1 0.3787715435028076 0.33240535855293274 0.02262932062149048 0.025612473487854004
1 0.49461205303668976 0.3307349681854248 0.023706883192062378 0.02449887990951538
1 0.5528017282485962 0.3296213746070862 0.023706912994384766 0.02449887990951538
1 0.5237069129943848 0.3296213746070862 0.023706912994384766 0.02449887990951538
1 0.6993534564971924 0.3273942172527313 0.023706912994384766 0.02449887990951538
1 0.670258641242981 0.32795101404190063 0.023706912994384766 0.025612473487854004
1 0.7289870977401733 0.3262806236743927 0.024784445762634277 0.02449887990951538
1 0.8184267282485962 0.3251670300960541 0.024784445762634277 0.02449887990951538
1 0.8782327771186829 0.32405346632003784 0.023706912994384766 0.02449887990951538
1 0.8485991358757019 0.32461023330688477 0.024784445762634277 0.025612473487854004
1 0.907866358757019 0.32349666953086853 0.024784445762634277 0.025612473487854004
1 0.09590516984462738 0.3129175901412964 0.010775864124298096 0.006681501865386963
1 0.4434267282485962 0.30734965205192566 0.009698271751403809 0.006681501865386963
1 0.4315732717514038 0.3045656979084015 0.011853456497192383 0.007795095443725586
1 0.09590516984462738 0.30345210433006287 0.008620694279670715 0.010022282600402832
1 0.1767241358757019 0.3056792914867401 0.02155172824859619 0.021158158779144287
1 0.14816810190677643 0.30679288506507874 0.02262932062149048 0.023385286331176758
1 0.11961206421256065 0.30734965205192566 0.023706890642642975 0.02449887990951538
1 0.2677801847457886 0.2995545566082001 0.009698271751403809 0.011135876178741455
1 0.4434267282485962 0.2978841960430145 0.009698271751403809 0.010022282600402832
1 0.3787715435028076 0.30345210433006287 0.020474135875701904 0.021158158779144287
1 0.2920258641242981 0.3040089011192322 0.023706912994384766 0.02449887990951538
1 0.34913793206214905 0.30289533734321594 0.023706912994384766 0.02449887990951538
1 0.4655172526836395 0.3017817437648773 0.023706912994384766 0.02449887990951538
1 0.5231680870056152 0.3006681501865387 0.024784445762634277 0.02449887990951538
1 0.49461205303668976 0.3006681501865387 0.023706883192062378 0.02449887990951538
1 0.5528017282485962 0.2995545566082001 0.023706912994384766 0.02449887990951538
1 0.7726293206214905 0.2912026643753052 0.006465554237365723 0.010022282600402832
1 0.6993534564971924 0.2973273992538452 0.023706912994384766 0.02449887990951538
1 0.7284482717514038 0.2967706024646759 0.023706912994384766 0.025612473487854004
1 0.8173491358757019 0.29510021209716797 0.024784445762634277 0.02449887990951538
1 0.8776939511299133 0.29398664832115173 0.024784445762634277 0.02449887990951538
1 0.09536638110876083 0.2806236147880554 0.007543101906776428 0.015590190887451172
1 0.14816810190677643 0.2767260670661926 0.020474135875701904 0.02115809917449951
1 0.11961206421256065 0.27728286385536194 0.023706890642642975 0.02449887990951538
1 0.29148706793785095 0.2744988799095154 0.020474135875701904 0.02115809917449951
1 0.20581896603107452 0.2761692702770233 0.023706883192062378 0.02449887990951538
1 0.1767241358757019 0.2761692702770233 0.023706883192062378 0.02449887990951538
1 0.34913793206214905 0.27338528633117676 0.023706912994384766 0.023385286331176758
1 0.3200431168079376 0.27394208312034607 0.023706912994384766 0.02449887990951538
1 0.3782327473163605 0.27282851934432983 0.023706912994384766 0.02449887990951538
1 0.6169180870056152 0.2672605812549591 0.007543087005615234 0.015590190887451172
1 0.6066810488700867 0.2678173780441284 0.01077580451965332 0.016703784465789795
1 0.46443966031074524 0.2717149257659912 0.023706912994384766 0.02449887990951538
1 0.5231680870056152 0.2706013321876526 0.024784445762634277 0.02449887990951538
1 0.49353446066379547 0.2706013321876526 0.023706883192062378 0.02449887990951538
1 0.7936422228813171 0.26503339409828186 0.007543087005615234 0.015590190887451172
1 0.7823275923728943 0.26503339409828186 0.01077580451965332 0.015590190887451172
1 0.5517241358757019 0.26948773860931396 0.023706912994384766 0.02449887990951538
1 0.6982758641242981 0.2672605812549591 0.023706912994384766 0.02449887990951538
1 0.6686422228813171 0.2678173780441284 0.024784445762634277 0.025612473487854004
1 0.8464439511299133 0.26503339409828186 0.024784445762634277 0.02449887990951538
1 0.8168103694915771 0.26503339409828186 0.02586209774017334 0.02449887990951538
1 0.90625 0.2639198303222656 0.023706912994384766 0.02449887990951538
1 0.8760775923728943 0.2639198303222656 0.023706912994384766 0.02449887990951538
1 0.11745689809322357 0.25278395414352417 0.006465524435043335 0.008908689022064209
1 0.4617456793785095 0.24777282029390335 0.00538790225982666 0.010022267699241638
1 0.779633641242981 0.2455456554889679 0.007543087005615234 0.007795095443725586
1 0.14870689809322357 0.24888642877340317 0.010775864124298096 0.01670379936695099
1 0.12230603396892548 0.24888642877340317 0.009698271751403809 0.01670379936695099
1 0.6363146305084229 0.24331848323345184 0.00538790225982666 0.010022282600402832
1 0.3782327473163605 0.24498885869979858 0.01293104887008667 0.015590190887451172
1 0.4676724076271057 0.24331849068403244 0.010775864124298096 0.01670379936695099
1 0.8582974076271057 0.23830735683441162 0.00538790225982666 0.011135846376419067
1 0.642241358757019 0.24053451418876648 0.01077580451965332 0.015590190887451172
1 0.6686422228813171 0.23997773230075836 0.011853456497192383 0.016703784465789795
1 0.7268319129943848 0.23886413872241974 0.014008641242980957 0.016703784465789795
1 0.845366358757019 0.237193763256073 0.011853456497192383 0.015590190887451172
1 0.9057112336158752 0.23552338778972626 0.014008641242980957 0.016703784465789795
1 0.6594827771186829 0.22327394783496857 0.01077580451965332 0.0055679380893707275
1 0.8539870977401733 0.21325166523456573 0.007543087005615234 0.007795095443725586
1 0.5603448152542114 0.211581289768219 0.008620738983154297 0.011135846376419067
1 0.6594827771186829 0.2082405388355255 0.01077580451965332 0.006681501865386963
1 0.5317887663841248 0.20434299111366272 0.011853456497192383 0.007795095443725586
1 0.36206895112991333 0.20545656979084015 0.008620679378509521 0.010022282600402832
1 0.6244612336158752 0.2037861943244934 0.00538790225982666 0.008908689022064209
1 0.18211206793785095 0.20545656979084015 0.01724138855934143 0.016703784465789795
1 0.14278016984462738 0.20489977300167084 0.007543116807937622 0.015590190887451172
1 0.31088361144065857 0.20267260074615479 0.009698271751403809 0.015590190887451172
1 0.3674568831920624 0.20100222527980804 0.008620679378509521 0.016703784465789795
1 0.6729525923728943 0.19599108397960663 0.007543087005615234 0.015590190887451172
1 0.6799569129943848 0.1954343020915985 0.008620738983154297 0.016703784465789795
1 0.7165948152542114 0.1943207085132599 0.01077580451965332 0.016703784465789795
1 0.09213361889123917 0.1525612473487854 0.011853441596031189 0.006681501865386963
1 0.10560344904661179 0.15144766867160797 0.012931033968925476 0.006681501865386963
1 0.14385776221752167 0.1486636996269226 0.018318980932235718 0.010022282600402832
1 0.12769396975636482 0.1486636996269226 0.011853449046611786 0.010022282600402832
1 0.6761853694915771 0.13808463513851166 0.014008641242980957 0.008908689022064209
1 0.717133641242981 0.13641425967216492 0.01616382598876953 0.010022282600402832
1 0.6524784564971924 0.13697104156017303 0.014008641242980957 0.011135846376419067
1 0.6724137663841248 0.1314031183719635 0.01077580451965332 0.008908689022064209
1 0.6551724076271057 0.1308463253080845 0.015086174011230469 0.01447661966085434
1 0.6767241358757019 0.1269487738609314 0.012930989265441895 0.008908689022064209
1 0.8308189511299133 0.12917594239115715 0.012930989265441895 0.015590198338031769
1 0.8092672228813171 0.12973274663090706 0.015086174011230469 0.018930964171886444
1 0.7667025923728943 0.13028953969478607 0.01616382598876953 0.020044535398483276
1 0.7273706793785095 0.12026725709438324 0.008620738983154297 0.006681516766548157
1 0.6433189511299133 0.10968819260597229 0.008620738983154297 0.007795095443725586
1 0.6880387663841248 0.10913140326738358 0.014008641242980957 0.008908689022064209
1 0.7570043206214905 0.10801781713962555 0.007543087005615234 0.008908689022064209
1 0.7246767282485962 0.10801781713962555 0.014008641242980957 0.008908689022064209
1 0.704741358757019 0.10801781713962555 0.017241358757019043 0.008908689022064209
1 0.4342672526836395 0.10690423101186752 0.006465494632720947 0.006681516766548157
1 0.36961206793785095 0.10746102780103683 0.008620679378509521 0.007795095443725586
1 0.7160560488700867 0.10801781713962555 0.009698271751403809 0.011135861277580261
1 0.8119612336158752 0.1057906448841095 0.014008641242980957 0.008908689022064209
1 0.17349137365818024 0.10746102780103683 0.01293104887008667 0.01224943995475769
1 0.14331896603107452 0.10356347262859344 0.010775864124298096 0.006681516766548157
1 0.40463361144065857 0.10244988650083542 0.011853456497192383 0.011135861277580261
1 0.623383641242981 0.09187082201242447 0.014008641242980957 0.010022267699241638
1 0.6998922228813171 0.09020044654607773 0.011853456497192383 0.008908689022064209
1 0.6309267282485962 0.09020044654607773 0.009698271751403809 0.011135861277580261
1 0.5808189511299133 0.09131403267383575 0.008620738983154297 0.013363033533096313
1 0.748383641242981 0.08853006362915039 0.014008641242980957 0.01224943995475769
1 0.8195043206214905 0.08685968816280365 0.014008641242980957 0.011135861277580261
1 0.8065732717514038 0.08518931269645691 0.01616382598876953 0.01224943995475769
1 0.6681034564971924 0.07461024820804596 0.01077580451965332 0.008908689022064209
1 0.6303879022598267 0.07461024820804596 0.01077580451965332 0.011135861277580261
1 0.7537715435028076 0.0718262791633606 0.007543087005615234 0.010022267699241638
1 0.05334051698446274 0.07126948982477188 0.011853449046611786 0.011135861277580261
1 0.7623922228813171 0.055679287761449814 0.009698271751403809 0.008908689022064209
1 0.5813577771186829 0.057906460016965866 0.009698271751403809 0.013363026082515717
1 0.7225215435028076 0.055679287761449814 0.01616382598876953 0.011135853826999664
1 0.8523706793785095 0.05289532244205475 0.012930989265441895 0.007795102894306183
1 0.8130387663841248 0.054008908569812775 0.014008641242980957 0.010022267699241638
1 0.798491358757019 0.054008908569812775 0.01077580451965332 0.010022267699241638
1 0.6449353694915771 0.041759464889764786 0.009698271751403809 0.010022275149822235
1 0.6530172228813171 0.04064587876200676 0.012930989265441895 0.010022275149822235
1 0.5835129022598267 0.0423162579536438 0.014008641242980957 0.013363026082515717
1 0.7645474076271057 0.03786191716790199 0.00538790225982666 0.011135853826999664
1 0.8119612336158752 0.03674833010882139 0.011853456497192383 0.011135855689644814
1 0.8205819129943848 0.03674833104014397 0.009698271751403809 0.015590198338031769
1 0.6907327771186829 0.023942094296216965 0.006465554237365723 0.010022271424531937
1 0.7025862336158752 0.02338530123233795 0.017241358757019043 0.011135857552289963
1 0.6799569129943848 0.02338530123233795 0.01077580451965332 0.011135857552289963
1 0.7176724076271057 0.02338530123233795 0.015086174011230469 0.013363029807806015
1 0.6675646305084229 0.022271715104579926 0.009698271751403809 0.013363029807806015
1 0.18965516984462738 0.01614699326455593 0.006465524435043335 0.012249443680047989
1 0.671875 0.007795100333169103 0.014008641242980957 0.008908686693757772
1 0.8771551847457886 0.0038975500501692295 0.01077580451965332 0.007795100100338459
1 0.8200430870056152 0.0038975500501692295 0.012930989265441895 0.007795100100338459
1 0.8044180870056152 0.004454343114048243 0.011853456497192383 0.008908686228096485
1 0.7085129022598267 0.005567928776144981 0.011853456497192383 0.011135857552289963
1 0.6417025923728943 0.008351893164217472 0.009698271751403809 0.016703786328434944
1 0.5802801847457886 0.004454343114048243 0.009698271751403809 0.008908686228096485
1 0.3205818831920624 0.010022271424531937 0.009698271751403809 0.020044542849063873
