1 0.9251290857791901 0.9964028596878052 0.005163505673408508 0.0071942806243896484
0 0.16953527927398682 0.9959532618522644 0.013769388198852539 0.008093476295471191
0 0.19363164901733398 0.9959532618522644 0.00860583782196045 0.008093476295471191
1 0.38597244024276733 0.994154691696167 0.007745265960693359 0.004496455192565918
1 0.00860583782196045 0.9937050342559814 0.00860583782196045 0.005395650863647461
1 0.0193631649017334 0.994154691696167 0.011187553405761719 0.006294965744018555
1 0.697504311800003 0.9865108132362366 0.009466409683227539 0.005395650863647461
1 0.8257315009832382 0.9707733988761902 0.006024092435836792 0.004496455192565918
1 0.5008605718612671 0.9685251712799072 0.0068846940994262695 0.0035971403121948242
1 0.43416523933410645 0.9680755138397217 0.007745265960693359 0.004496455192565918
1 0.9931153187062591 0.9676259160041809 0.010327022057026625 0.005395650863647461
1 0.555077463388443 0.9590827226638794 0.00860583782196045 0.004496455192565918
1 0.9328743517398834 0.9446942210197449 0.008605852723121643 0.009892106056213379
1 0.03657490015029907 0.943345308303833 0.009466409683227539 0.010791420936584473
0 0.5163511335849762 0.9348021745681763 0.00860583782196045 0.006294965744018555
0 0.6006884574890137 0.9343525171279907 0.010327041149139404 0.0071942806243896484
0 0.7956110090017319 0.9339028596878052 0.007745265960693359 0.006294965744018555
0 0.08347678184509277 0.9334532618522644 0.00860583782196045 0.0071942806243896484
1 0.5408777892589569 0.9330036044120789 0.009466409683227539 0.006294965744018555
1 0.5516351163387299 0.9325539469718933 0.00860583782196045 0.005395650863647461
1 0.7151463031768799 0.9325539469718933 0.00860583782196045 0.005395650863647461
0 0.8072289228439331 0.9334532618522644 0.00860583782196045 0.0071942806243896484
0 0.14113599061965942 0.9325539469718933 0.00860583782196045 0.0071942806243896484
0 0.4870912432670593 0.9334532618522644 0.01204824447631836 0.008992791175842285
0 0.8515490591526031 0.9334532618522644 0.007745265960693359 0.008992791175842285
0 0.2564544081687927 0.9325539469718933 0.00860583782196045 0.008992791175842285
0 0.3141136169433594 0.9321042895317078 0.00860583782196045 0.009892106056213379
1 0.6252151429653168 0.9312050342559814 0.00602412223815918 0.008093476295471191
1 0.7259036004543304 0.9267086386680603 0.009466409683227539 0.011690616607666016
1 0.9780550766736269 0.9253597259521484 0.007745265960693359 0.008992791175842285
1 0.2633390426635742 0.9222122430801392 0.00860583782196045 0.004496455192565918
1 0.2917383909225464 0.9222122430801392 0.00860583782196045 0.004496455192565918
1 0.5408777892589569 0.9231114983558655 0.009466409683227539 0.006294965744018555
1 0.7147160172462463 0.9231114983558655 0.009466409683227539 0.006294965744018555
1 0.8924268484115601 0.9249100685119629 0.008605852723121643 0.009892106056213379
1 0.5520654022693634 0.9240108132362366 0.009466409683227539 0.009892106056213379
1 0.9931153187062591 0.917715847492218 0.010327022057026625 0.006294965744018555
1 0.11833047866821289 0.9249100685119629 0.0215146541595459 0.02248203754425049
0 0.2969018816947937 0.9168165326118469 0.00860583782196045 0.006294965744018555
1 0.3489673137664795 0.9253597259521484 0.0215146541595459 0.023381352424621582
1 0.46170395612716675 0.9253597259521484 0.023235797882080078 0.023381352424621582
0 0.5262478590011597 0.9172661900520325 0.007745265960693359 0.0071942806243896484
1 0.6884681582450867 0.9249100685119629 0.02237522602081299 0.02248203754425049
1 0.8283132463693619 0.9258093237876892 0.023235797882080078 0.024280548095703125
0 0.49526678025722504 0.9168165326118469 0.012908786535263062 0.008093476295471191
0 0.6381239295005798 0.9163669347763062 0.007745265960693359 0.0071942806243896484
1 0.22203099727630615 0.9046762585639954 0.010326981544494629 0.005395650863647461
0 0.6303786635398865 0.903777003288269 0.012908756732940674 0.0071942806243896484
0 0.8537005186080933 0.9046762585639954 0.010327011346817017 0.008992791175842285
0 0.11273664236068726 0.902877688407898 0.00860583782196045 0.0071942806243896484
0 0.346815824508667 0.9033273458480835 0.01204824447631836 0.008093476295471191
0 0.45783132314682007 0.902877688407898 0.00860583782196045 0.0071942806243896484
0 0.7947504371404648 0.902877688407898 0.007745265960693359 0.0071942806243896484
1 0.5413080751895905 0.9033273458480835 0.00860583782196045 0.009892106056213379
1 0.5516351163387299 0.9033273458480835 0.00860583782196045 0.009892106056213379
0 0.28528398275375366 0.9015287756919861 0.00602412223815918 0.008093476295471191
0 0.08218586444854736 0.9006295204162598 0.007745265960693359 0.009892106056213379
1 0.20869189500808716 0.8983812928199768 0.00602412223815918 0.008992791175842285
0 0.272375226020813 0.8992805480957031 0.007745265960693359 0.010791420936584473
0 0.25473320484161377 0.8983812928199768 0.0068846940994262695 0.01258993148803711
1 0.5421686768531799 0.8965827226638794 0.00860583782196045 0.010791420936584473
0 0.3825300931930542 0.8943345546722412 0.007745265960693359 0.01528775691986084
0 0.8635972440242767 0.8884891867637634 0.007745265960693359 0.0071942806243896484
1 0.7723752111196518 0.8952338099479675 0.02151462435722351 0.02248203754425049
0 0.09767639636993408 0.8893885016441345 0.009466409683227539 0.01258993148803711
0 0.18459552526474 0.8875899314880371 0.007745265960693359 0.008992791175842285
0 0.27065402269363403 0.8875899314880371 0.007745265960693359 0.008992791175842285
1 0.32099825143814087 0.8943345546722412 0.02237522602081299 0.02248203754425049
0 0.35585200786590576 0.8862410187721252 0.007745265960693359 0.006294965744018555
0 0.5271084308624268 0.8871402740478516 0.007745265960693359 0.008093476295471191
0 0.6101548969745636 0.8857913613319397 0.00860583782196045 0.005395650863647461
0 0.6385542154312134 0.8866906762123108 0.00860583782196045 0.0071942806243896484
1 0.6888984441757202 0.8943345546722412 0.0215146541595459 0.02248203754425049
0 0.7960413098335266 0.8866906762123108 0.0068846940994262695 0.0071942806243896484
0 0.4315834641456604 0.8853417038917542 0.011187553405761719 0.008093476295471191
1 0.8438037931919098 0.8763489127159119 0.007745265960693359 0.004496455192565918
1 0.22117042541503906 0.8754496574401855 0.00860583782196045 0.004496455192565918
1 0.9944061962887645 0.8767985701560974 0.011187607422471046 0.0071942806243896484
1 0.6462994813919067 0.875 0.0068846940994262695 0.005395650863647461
1 0.753012053668499 0.875 0.006884679198265076 0.005395650863647461
0 0.6841652393341064 0.8736510872840881 0.00860583782196045 0.006294965744018555
0 0.8614457845687866 0.8745503425598145 0.010327011346817017 0.008093476295471191
0 0.7977624833583832 0.8736510872840881 0.012048184871673584 0.008093476295471191
0 0.8240103274583817 0.8732014298439026 0.007745265960693359 0.0071942806243896484
1 0.11402755975723267 0.8718525171279907 0.007745265960693359 0.006294965744018555
0 0.29733216762542725 0.872751772403717 0.011187553405761719 0.008093476295471191
0 0.4870912432670593 0.8723021745681763 0.00860583782196045 0.0071942806243896484
0 0.6583476662635803 0.872751772403717 0.012048184871673584 0.008093476295471191
0 0.4982788562774658 0.8718525171279907 0.00860583782196045 0.008093476295471191
0 0.2581755518913269 0.8714028596878052 0.010326981544494629 0.008992791175842285
0 0.28614455461502075 0.8714028596878052 0.007745265960693359 0.008992791175842285
0 0.45654046535491943 0.8700539469718933 0.00602412223815918 0.008093476295471191
0 0.14242684841156006 0.8700539469718933 0.009466409683227539 0.009892106056213379
0 0.4298623204231262 0.8700539469718933 0.009466409683227539 0.009892106056213379
1 0.5425989627838135 0.8615108132362366 0.007745265960693359 0.005395650863647461
0 0.38339072465896606 0.8637589812278748 0.007745265960693359 0.01528775691986084
1 0.7732357978820801 0.8646582961082458 0.02151462435722351 0.02248203754425049
0 0.8067986220121384 0.8565647602081299 0.007745265960693359 0.006294965744018555
0 0.8627366572618484 0.8574640154838562 0.007745265960693359 0.008093476295471191
0 0.1131669282913208 0.8561151027679443 0.007745265960693359 0.0071942806243896484
1 0.3511187434196472 0.8637589812278748 0.02237522602081299 0.02248203754425049
1 0.6325301229953766 0.8637589812278748 0.02237522602081299 0.02248203754425049
0 0.7956110090017319 0.8570144176483154 0.009466439485549927 0.008992791175842285
0 0.6660929322242737 0.855215847492218 0.00860583782196045 0.0071942806243896484
0 0.6940619647502899 0.8556654453277588 0.009466409683227539 0.008093476295471191
0 0.0959552526473999 0.855215847492218 0.011187553405761719 0.008992791175842285
0 0.43846815824508667 0.8543165326118469 0.01290881633758545 0.0071942806243896484
0 0.48838210105895996 0.8543165326118469 0.009466409683227539 0.0071942806243896484
0 0.5172117054462433 0.8430755138397217 0.010327041149139404 0.006294965744018555
0 0.2908778190612793 0.8426259160041809 0.01204824447631836 0.0071942806243896484
0 0.8072289228439331 0.8430755138397217 0.00860583782196045 0.008093476295471191
0 0.1837349534034729 0.8421762585639954 0.009466409683227539 0.008093476295471191
0 0.4324440360069275 0.8421762585639954 0.011187553405761719 0.008093476295471191
0 0.6282272040843964 0.8417266011238098 0.00860583782196045 0.0071942806243896484
0 0.6557659208774567 0.8417266011238098 0.00860583782196045 0.0071942806243896484
1 0.9896729772444814 0.8421762585639954 0.008605852257460356 0.009892106056213379
0 0.08691912889480591 0.841277003288269 0.01204824447631836 0.009892106056213379
0 0.11230635643005371 0.8390287756919861 0.00602412223815918 0.008992791175842285
0 0.5421686768531799 0.8381295204162598 0.0068846940994262695 0.014388442039489746
0 0.20051634311676025 0.8340827226638794 0.00860583782196045 0.01528775691986084
0 0.8816695362329483 0.8345323801040649 0.007745265960693359 0.016187071800231934
1 0.9023235812783241 0.8291366696357727 0.007745265960693359 0.005395650863647461
0 0.7426850199699402 0.8268885016441345 0.00860583782196045 0.004496455192565918
1 0.5598106682300568 0.826438844203949 0.009466409683227539 0.005395650863647461
0 0.8072289228439331 0.8273381590843201 0.00860583782196045 0.0071942806243896484
0 0.30163508653640747 0.8268885016441345 0.00602412223815918 0.008093476295471191
1 0.8291738331317902 0.8349820375442505 0.02151462435722351 0.024280548095703125
0 0.09939759969711304 0.826438844203949 0.00602412223815918 0.008992791175842285
1 0.14974182844161987 0.8340827226638794 0.02237522602081299 0.024280548095703125
1 0.2650602459907532 0.8340827226638794 0.02237522602081299 0.024280548095703125
0 0.3571428656578064 0.8246402740478516 0.00860583782196045 0.005395650863647461
1 0.49311529099941254 0.8331834673881531 0.02065405249595642 0.02248203754425049
0 0.6953528523445129 0.8259891867637634 0.00860583782196045 0.008093476295471191
0 0.4582616090774536 0.8259891867637634 0.007745265960693359 0.009892106056213379
0 0.629518061876297 0.8246402740478516 0.009466409683227539 0.0071942806243896484
1 0.9952667811885476 0.818345308303833 0.009466437622904778 0.005395650863647461
0 0.7715146243572235 0.8138489127159119 0.012908786535263062 0.0071942806243896484
0 0.8623063713312149 0.8133992552757263 0.0068846940994262695 0.006294965744018555
1 0.9806368327699602 0.8138489127159119 0.011187608353793621 0.0071942806243896484
0 0.5873493850231171 0.8125 0.009466409683227539 0.008093476295471191
0 0.6583476662635803 0.8125 0.010327041149139404 0.008093476295471191
0 0.5172117054462433 0.8111510872840881 0.00860583782196045 0.0071942806243896484
0 0.8713425099849701 0.8120503425598145 0.006024092435836792 0.008992791175842285
1 0.9913941482082009 0.8107014298439026 0.010327022522687912 0.006294965744018555
0 0.599397599697113 0.8107014298439026 0.007745265960693359 0.008093476295471191
0 0.43115317821502686 0.8093525171279907 0.00860583782196045 0.008992791175842285
1 0.5533562898635864 0.8098021745681763 0.00860583782196045 0.009892106056213379
1 0.7129948437213898 0.8093525171279907 0.004302918910980225 0.008992791175842285
1 0.9793459549546242 0.8053057789802551 0.008605852723121643 0.006294965744018555
0 0.44535285234451294 0.8071042895317078 0.007745265960693359 0.011690616607666016
1 0.3713425397872925 0.8048561215400696 0.004302978515625 0.008992791175842285
1 0.38511186838150024 0.804406464099884 0.00602412223815918 0.009892106056213379
1 0.2030981183052063 0.8012589812278748 0.0068846940994262695 0.008992791175842285
0 0.7809810638427734 0.7981114983558655 0.006024092435836792 0.008093476295471191
1 0.8296041339635849 0.8053057789802551 0.02065405249595642 0.02248203754425049
0 0.8635972440242767 0.798561155796051 0.009466439485549927 0.008992791175842285
0 0.2745266556739807 0.7972122430801392 0.0068846940994262695 0.008093476295471191
1 0.3235800266265869 0.8035072088241577 0.02237522602081299 0.02248203754425049
0 0.05292600393295288 0.7945144176483154 0.007745265960693359 0.006294965744018555
1 0.12091219425201416 0.8026078939437866 0.023235797882080078 0.02248203754425049
1 0.44320136308670044 0.7954136729240417 0.00860583782196045 0.008093476295471191
1 0.46471601724624634 0.8026078939437866 0.02237522602081299 0.02248203754425049
1 0.0021514892578125 0.7945144176483154 0.004302978515625 0.008093476295471191
0 0.1570568084716797 0.7954136729240417 0.009466409683227539 0.009892106056213379
0 0.6092943251132965 0.7940647602081299 0.012048184871673584 0.0071942806243896484
1 0.8308950066566467 0.7886690497398376 0.007745265960693359 0.005395650863647461
1 0.9926850260235369 0.7823740839958191 0.014629947952926159 0.008992791175842285
1 0.19148021936416626 0.778777003288269 0.009466409683227539 0.005395650863647461
1 0.20955246686935425 0.778777003288269 0.009466409683227539 0.005395650863647461
1 0.2224612832069397 0.7783273458480835 0.007745265960693359 0.004496455192565918
1 0.24612736701965332 0.778777003288269 0.0068846940994262695 0.005395650863647461
1 0.466006875038147 0.7783273458480835 0.007745265960693359 0.004496455192565918
1 0.5030120611190796 0.778777003288269 0.007745265960693359 0.005395650863647461
1 0.5722891688346863 0.778777003288269 0.010327041149139404 0.005395650863647461
1 0.9802065398544073 0.7760791182518005 0.008605852723121643 0.008992791175842285
1 0.9922547331079841 0.769784152507782 0.006884681060910225 0.005395650863647461
1 0.8141136020421982 0.7666366696357727 0.0068846940994262695 0.004496455192565918
1 0.9875215142965317 0.7657374143600464 0.007745265960693359 0.004496455192565918
1 0.6566264927387238 0.763938844203949 0.00860583782196045 0.004496455192565918
1 0.9793459549546242 0.7652877569198608 0.006884682923555374 0.010791420936584473
1 0.69621342420578 0.7621402740478516 0.010327041149139404 0.008093476295471191
1 0.9909638557583094 0.7567446231842041 0.009466437622904778 0.006294965744018555
0 0.3498278856277466 0.7513489127159119 0.007745265960693359 0.006294965744018555
0 0.6041308045387268 0.7513489127159119 0.012048184871673584 0.006294965744018555
0 0.11703956127166748 0.7491007447242737 0.00860583782196045 0.0071942806243896484
0 0.08605849742889404 0.7486510872840881 0.0068846940994262695 0.008093476295471191
0 0.2917383909225464 0.7495503425598145 0.010326981544494629 0.009892106056213379
0 0.4315834641456604 0.747751772403717 0.009466409683227539 0.011690616607666016
1 0.4694492220878601 0.7423561215400696 0.004302978515625 0.006294965744018555
1 0.5421686768531799 0.7437050342559814 0.0051634907722473145 0.008992791175842285
1 0.21256452798843384 0.7432553768157959 0.00516355037689209 0.009892106056213379
1 0.20352840423583984 0.7423561215400696 0.009466409683227539 0.009892106056213379
0 0.37521517276763916 0.741906464099884 0.00860583782196045 0.008992791175842285
1 0.555077463388443 0.7428057789802551 0.00860583782196045 0.010791420936584473
0 0.8833907023072243 0.7423561215400696 0.009466439485549927 0.009892106056213379
1 0.2172977328300476 0.7383093237876892 0.004302978515625 0.008992791175842285
1 0.6893287301063538 0.7437050342559814 0.02237522602081299 0.021582722663879395
0 0.8080894947052002 0.7369604110717773 0.00860583782196045 0.008093476295471191
1 0.8296041339635849 0.7446042895317078 0.02065405249595642 0.023381352424621582
0 0.9956970741041005 0.7374100685119629 0.008605851791799068 0.008992791175842285
1 0.4948365092277527 0.7423561215400696 0.024096369743347168 0.02248203754425049
1 0.15232360363006592 0.7414568066596985 0.02237522602081299 0.02248203754425049
0 0.3029260039329529 0.7347122430801392 0.00860583782196045 0.008992791175842285
0 0.6389845013618469 0.7333633303642273 0.009466409683227539 0.006294965744018555
1 0.8760757334530354 0.7306654453277588 0.008605845272541046 0.004496455192565918
1 0.6454389095306396 0.7279676198959351 0.00860583782196045 0.004496455192565918
1 0.5972461402416229 0.7275179624557495 0.0068846940994262695 0.005395650863647461
1 0.5456110239028931 0.7266187071800232 0.00860583782196045 0.005395650863647461
0 0.7844234108924866 0.7279676198959351 0.007745265960693359 0.008093476295471191
0 0.20869189500808716 0.7248201370239258 0.00602412223815918 0.0071942806243896484
0 0.6854560971260071 0.7216726541519165 0.007745265960693359 0.006294965744018555
0 0.632099837064743 0.721222996711731 0.012908756732940674 0.0071942806243896484
0 0.43416523933410645 0.7203237414360046 0.007745265960693359 0.0071942806243896484
0 0.727624773979187 0.7198740839958191 0.009466409683227539 0.006294965744018555
0 0.4896729588508606 0.7198740839958191 0.00860583782196045 0.008093476295471191
0 0.5193631649017334 0.7198740839958191 0.011187613010406494 0.009892106056213379
1 0.8919965550303459 0.7194244861602783 0.004302918910980225 0.008992791175842285
0 0.3192771077156067 0.7185251712799072 0.00860583782196045 0.008992791175842285
1 0.20266783237457275 0.716277003288269 0.004302978515625 0.008093476295471191
1 0.21342509984970093 0.715377688407898 0.00516355037689209 0.008093476295471191
0 0.7366609275341034 0.7140287756919861 0.00860583782196045 0.005395650863647461
1 0.8829604163765907 0.7149280309677124 0.008605852723121643 0.010791420936584473
1 0.18459552526474 0.7099820375442505 0.007745265960693359 0.004496455192565918
1 0.4182444214820862 0.7104316353797913 0.00860583782196045 0.005395650863647461
1 0.21557658910751343 0.7095323801040649 0.009466409683227539 0.008992791175842285
1 0.8296041339635849 0.715377688407898 0.02065405249595642 0.02248203754425049
0 0.7994836419820786 0.7059352397918701 0.012048184871673584 0.0071942806243896484
1 0.6617900133132935 0.7131295204162598 0.02237522602081299 0.023381352424621582
0 0.5292598903179169 0.7041366696357727 0.00860583782196045 0.0071942806243896484
1 0.29733216762542725 0.7113309502601624 0.0215146541595459 0.023381352424621582
1 0.1243545413017273 0.7113309502601624 0.0215146541595459 0.02517986297607422
0 0.360154926776886 0.7027877569198608 0.009466409683227539 0.008093476295471191
0 0.5000000149011612 0.7027877569198608 0.010327011346817017 0.008093476295471191
0 0.20524954795837402 0.6946942210197449 0.00602412223815918 0.008093476295471191
0 0.8253012001514435 0.6942446231842041 0.00860583782196045 0.0071942806243896484
0 0.27409636974334717 0.6901978254318237 0.007745265960693359 0.006294965744018555
0 0.6037005186080933 0.6910971403121948 0.011187613010406494 0.008093476295471191
0 0.6854560971260071 0.6915467381477356 0.009466409683227539 0.008992791175842285
0 0.43459552526474 0.689748227596283 0.00860583782196045 0.0071942806243896484
0 0.11919105052947998 0.6883992552757263 0.007745265960693359 0.006294965744018555
0 0.14802062511444092 0.6879496574401855 0.00860583782196045 0.0071942806243896484
0 0.4918244481086731 0.6892985701560974 0.01290881633758545 0.009892106056213379
0 0.29130810499191284 0.6875 0.00602412223815918 0.008093476295471191
0 0.31970739364624023 0.6875 0.00602412223815918 0.008093476295471191
1 0.5456110239028931 0.6848021745681763 0.00860583782196045 0.009892106056213379
1 0.5563683211803436 0.6848021745681763 0.009466409683227539 0.009892106056213379
1 0.21600687503814697 0.6839028596878052 0.00860583782196045 0.009892106056213379
1 0.09251290559768677 0.6798561215400696 0.004302978515625 0.0071942806243896484
1 0.5456110239028931 0.6758093237876892 0.00860583782196045 0.004496455192565918
1 0.7745266854763031 0.6848021745681763 0.02065405249595642 0.02248203754425049
1 0.21600687503814697 0.6753597259521484 0.00860583782196045 0.005395650863647461
0 0.8339070528745651 0.6771582961082458 0.012048184871673584 0.008992791175842285
1 0.6630809009075165 0.6830036044120789 0.0215146541595459 0.02248203754425049
0 0.4457831382751465 0.6731114983558655 0.00860583782196045 0.006294965744018555
1 0.4677280783653259 0.6812050342559814 0.0215146541595459 0.02248203754425049
0 0.5012908726930618 0.673561155796051 0.007745295763015747 0.0071942806243896484
0 0.6325301229953766 0.6726618409156799 0.00860583782196045 0.005395650863647461
1 0.18330466747283936 0.6803057789802551 0.02065408229827881 0.02248203754425049
0 0.3326161503791809 0.673561155796051 0.009466409683227539 0.008992791175842285
0 0.27495694160461426 0.6713129281997681 0.009466409683227539 0.006294965744018555
1 0.35542166233062744 0.6803057789802551 0.02065408229827881 0.024280548095703125
1 0.8343373537063599 0.6650179624557495 0.007745265960693359 0.006294965744018555
0 0.8524096459150314 0.6645683646202087 0.007745265960693359 0.0071942806243896484
0 0.8235800415277481 0.6627697944641113 0.00860583782196045 0.008992791175842285
0 0.6024096310138702 0.6605215668678284 0.00860583782196045 0.006294965744018555
0 0.4629948139190674 0.6591726541519165 0.00860583782196045 0.0071942806243896484
0 0.7667814046144485 0.6600719690322876 0.0068846940994262695 0.008992791175842285
0 0.29345953464508057 0.658722996711731 0.00860583782196045 0.008093476295471191
0 0.17814111709594727 0.6573740839958191 0.010326981544494629 0.008992791175842285
0 0.4354560971260071 0.6582733988761902 0.010326981544494629 0.010791420936584473
1 0.727624773979187 0.6578237414360046 0.007745265960693359 0.009892106056213379
0 0.07530122995376587 0.653777003288269 0.009466409683227539 0.0071942806243896484
1 0.21643716096878052 0.6542266011238098 0.007745265960693359 0.009892106056213379
0 0.2620481848716736 0.6546762585639954 0.007745265960693359 0.01258993148803711
1 0.8816695362329483 0.6506295204162598 0.007745265960693359 0.004496455192565918
1 0.5154905319213867 0.6506295204162598 0.0068846940994262695 0.006294965744018555
1 0.5456110239028931 0.6492805480957031 0.00860583782196045 0.010791420936584473
1 0.9948364888550714 0.6470323801040649 0.006884681293740869 0.006294965744018555
1 0.21686744689941406 0.6456834673881531 0.00860583782196045 0.005395650863647461
1 0.8020654022693634 0.6546762585639954 0.02065405249595642 0.023381352424621582
1 0.6359724700450897 0.652877688407898 0.020654022693634033 0.021582722663879395
0 0.43459552526474 0.6434352397918701 0.0068846940994262695 0.006294965744018555
0 0.2775387167930603 0.6438848972320557 0.007745265960693359 0.008992791175842285
0 0.29345953464508057 0.6425359845161438 0.0068846940994262695 0.006294965744018555
0 0.47203099727630615 0.6429855823516846 0.01290881633758545 0.0071942806243896484
1 0.3562822937965393 0.6501798629760742 0.02065408229827881 0.023381352424621582
0 0.8993115350604057 0.6371402740478516 0.008605852723121643 0.004496455192565918
1 0.7461273670196533 0.6344424486160278 0.00860583782196045 0.004496455192565918
1 0.7964715957641602 0.633093535900116 0.006024092435836792 0.0071942806243896484
0 0.6316695213317871 0.6317446231842041 0.00860583782196045 0.006294965744018555
1 0.14156627655029297 0.6299460530281067 0.007745265960693359 0.004496455192565918
0 0.19836491346359253 0.630845308303833 0.007745265960693359 0.006294965744018555
0 0.3042168617248535 0.6299460530281067 0.007745265960693359 0.006294965744018555
0 0.52108433842659 0.6303957104682922 0.009466409683227539 0.0071942806243896484
0 0.36273664236068726 0.6290467381477356 0.007745265960693359 0.006294965744018555
0 0.29432016611099243 0.6281474828720093 0.0068846940994262695 0.006294965744018555
0 0.17943203449249268 0.6276978254318237 0.007745265960693359 0.0071942806243896484
0 0.09251290559768677 0.6276978254318237 0.009466409683227539 0.008992791175842285
0 0.12134253978729248 0.6276978254318237 0.010326981544494629 0.008992791175842285
0 0.3511187434196472 0.6281474828720093 0.00860583782196045 0.009892106056213379
0 0.4655765891075134 0.6285971403121948 0.013769388198852539 0.010791420936584473
1 0.727624773979187 0.6281474828720093 0.007745265960693359 0.009892106056213379
1 0.2216007113456726 0.6182553768157959 0.004302978515625 0.008093476295471191
1 0.8300344198942184 0.6254496574401855 0.019793450832366943 0.02248203754425049
0 0.3885542154312134 0.6209532618522644 0.007745265960693359 0.01528775691986084
1 0.6639414727687836 0.6245503425598145 0.0215146541595459 0.02248203754425049
0 0.8932874351739883 0.6160072088241577 0.008605852723121643 0.005395650863647461
1 0.4948365241289139 0.6218525171279907 0.025817543268203735 0.02248203754425049
1 0.6131669580936432 0.6137589812278748 0.007745265960693359 0.006294965744018555
0 0.6376936435699463 0.6133093237876892 0.00860583782196045 0.005395650863647461
1 0.32874351739883423 0.6209532618522644 0.024096369743347168 0.02248203754425049
0 0.36273664236068726 0.6133093237876892 0.007745265960693359 0.0071942806243896484
0 0.5296901762485504 0.6128597259521484 0.009466409683227539 0.006294965744018555
0 0.44449228048324585 0.6133093237876892 0.01290881633758545 0.008992791175842285
0 0.47375214099884033 0.6128597259521484 0.011187553405761719 0.008093476295471191
0 0.27710843086242676 0.6115108132362366 0.00860583782196045 0.0071942806243896484
1 0.7151463031768799 0.5890287756919861 0.0068846940994262695 0.005395650863647461
1 0.0047332048416137695 0.5890287756919861 0.009466409683227539 0.010791420936584473
0 0.3313252925872803 0.5849820375442505 0.00860583782196045 0.004496455192565918
1 0.3911359906196594 0.5849820375442505 0.007745265960693359 0.004496455192565918
1 0.1368330717086792 0.5840827226638794 0.0068846940994262695 0.004496455192565918
1 0.17469877004623413 0.5840827226638794 0.00860583782196045 0.004496455192565918
0 0.23838210105895996 0.5845323801040649 0.00860583782196045 0.005395650863647461
1 0.006454408168792725 0.5809352397918701 0.007745265960693359 0.005395650863647461
0 0.6325301229953766 0.5723921060562134 0.010327041149139404 0.008093476295471191
0 0.6871772706508636 0.5723921060562134 0.011187613010406494 0.009892106056213379
0 0.5206540524959564 0.5701438784599304 0.00860583782196045 0.0071942806243896484
1 0.9956970741041005 0.5692446231842041 0.008605851791799068 0.005395650863647461
1 0.20869189500808716 0.5656474828720093 0.009466409683227539 0.005395650863647461
0 0.2685025930404663 0.5669963955879211 0.01204824447631836 0.009892106056213379
0 0.09294319152832031 0.5656474828720093 0.0068846940994262695 0.008992791175842285
1 0.21815836429595947 0.5642985701560974 0.007745265960693359 0.008093476295471191
0 0.5576592087745667 0.5656474828720093 0.00860583782196045 0.010791420936584473
0 0.39027535915374756 0.5620503425598145 0.007745265960693359 0.014388442039489746
1 0.2091221809387207 0.556654691696167 0.00860583782196045 0.005395650863647461
0 0.697504311800003 0.5575539469718933 0.007745265960693359 0.0071942806243896484
0 0.6424268484115601 0.5562050342559814 0.007745265960693359 0.006294965744018555
1 0.49741822481155396 0.5625 0.02237522602081299 0.02248203754425049
0 0.2805507779121399 0.5535072088241577 0.00860583782196045 0.008093476295471191
1 0.3580034375190735 0.5611510872840881 0.02237522602081299 0.023381352424621582
0 0.10671257972717285 0.5521582961082458 0.0068846940994262695 0.0071942806243896484
1 0.18717730045318604 0.5598021745681763 0.0215146541595459 0.02248203754425049
1 0.00860583782196045 0.5490108132362366 0.00516355037689209 0.008093476295471191
0 0.7693631649017334 0.5445144176483154 0.0068846940994262695 0.006294965744018555
0 0.8244406133890152 0.5454136729240417 0.00860583782196045 0.008093476295471191
0 0.7573149800300598 0.5418165326118469 0.00860583782196045 0.004496455192565918
0 0.8373493999242783 0.5440647602081299 0.0068846940994262695 0.008992791175842285
0 0.78270223736763 0.5431654453277588 0.006024092435836792 0.008992791175842285
0 0.4651463031768799 0.5400179624557495 0.007745265960693359 0.006294965744018555
0 0.23838210105895996 0.5368704795837402 0.00860583782196045 0.005395650863647461
1 0.3885542154312134 0.5350719690322876 0.004302978515625 0.008992791175842285
1 0.8584337383508682 0.5386690497398376 0.02151462435722351 0.021582722663879395
0 0.7809810638427734 0.5292266011238098 0.007745265960693359 0.006294965744018555
1 0.39242684841156006 0.5319244861602783 0.0068846940994262695 0.013489246368408203
1 0.6226333975791931 0.5247302055358887 0.007745265960693359 0.004496455192565918
1 0.4926850199699402 0.5296762585639954 0.007745265960693359 0.016187071800231934
0 0.10843372344970703 0.5224820375442505 0.0068846940994262695 0.008992791175842285
0 0.13597244024276733 0.5211330652236938 0.00860583782196045 0.006294965744018555
0 0.40146297216415405 0.5202338099479675 0.007745265960693359 0.006294965744018555
1 0.9853700520470738 0.5148381590843201 0.008605850860476494 0.006294965744018555
1 0.9952667811885476 0.5143885016441345 0.009466437622904778 0.005395650863647461
1 0.5469018816947937 0.5071942210197449 0.007745265960693359 0.0071942806243896484
0 0.26807230710983276 0.5076438784599304 0.009466409683227539 0.009892106056213379
0 0.09509468078613281 0.505845308303833 0.007745265960693359 0.009892106056213379
0 0.21084338426589966 0.5040467232465744 0.00860583782196045 0.011690646409988403
0 0.83648881316185 0.5013489127159119 0.0068846940994262695 0.006294965744018555
1 0.8029259890317917 0.508093535900116 0.02065405249595642 0.021582722663879395
0 0.8265920877456665 0.5004496425390244 0.009466439485549927 0.008093506097793579
1 0.8722030967473984 0.49865110218524933 0.007745265960693359 0.00449642539024353
1 0.22117042541503906 0.49955035746097565 0.00860583782196045 0.009892076253890991
0 0.4767642021179199 0.4950539469718933 0.00860583782196045 0.006294965744018555
1 0.6243545711040497 0.49460431933403015 0.009466409683227539 0.005395710468292236
0 0.5494836568832397 0.49370503425598145 0.009466409683227539 0.005395710468292236
1 0.3033562898635864 0.5013489127159119 0.0215146541595459 0.02248203754425049
1 0.4135112166404724 0.4923561215400696 0.00602412223815918 0.004496395587921143
0 0.13855421543121338 0.4932554066181183 0.00860583782196045 0.008093535900115967
0 0.37693631649017334 0.49190646409988403 0.00860583782196045 0.005395710468292236
1 0.4307228922843933 0.49190646409988403 0.00602412223815918 0.005395710468292236
1 0.0068846940994262695 0.4923561215400696 0.01204824447631836 0.008093535900115967
0 0.6987951695919037 0.4851618707180023 0.00860583782196045 0.008093535900115967
0 0.6325301229953766 0.4833633005619049 0.00860583782196045 0.009892106056213379
0 0.7676419913768768 0.4833633005619049 0.0068846940994262695 0.009892106056213379
0 0.8816695362329483 0.48381295800209045 0.006024092435836792 0.010791361331939697
0 0.4664371609687805 0.48111510276794434 0.00860583782196045 0.007194221019744873
0 0.52108433842659 0.48111510276794434 0.007745265960693359 0.007194221019744873
1 0.9931153184734285 0.47886690497398376 0.008605851791799068 0.004496395587921143
1 0.5490533709526062 0.4784172773361206 0.0051634907722473145 0.008992791175842285
0 0.27065402269363403 0.4784172773361206 0.011187553405761719 0.010791361331939697
0 0.7267642021179199 0.4793165326118469 0.007745265960693359 0.014388501644134521
1 0.2121342420578003 0.4743705093860626 0.00602412223815918 0.009892106056213379
1 0.5580894947052002 0.47212231159210205 0.00602412223815918 0.005395710468292236
1 0.8300344198942184 0.47976619005203247 0.02151462435722351 0.020683467388153076
0 0.8089500814676285 0.4716726541519165 0.00860583782196045 0.006294965744018555
0 0.3816695213317871 0.4734712243080139 0.007745265960693359 0.01528775691986084
0 0.6161789894104004 0.4685251712799072 0.00860583782196045 0.007194221019744873
1 0.6656626462936401 0.47616907954216003 0.019793450832366943 0.02248203754425049
1 0.011187613010406494 0.4685251712799072 0.00516355037689209 0.008992791175842285
1 0.0038726329803466797 0.46537768840789795 0.007745265960693359 0.006294965744018555
0 0.2835628390312195 0.46537768840789795 0.00602412223815918 0.008093535900115967
0 0.3386402726173401 0.46447840332984924 0.007745265960693359 0.006294965744018555
0 0.8859724625945091 0.4635791480541229 0.007745265960693359 0.006294965744018555
1 0.1613597273826599 0.47032374143600464 0.0215146541595459 0.021582722663879395
1 0.7702237516641617 0.45728418231010437 0.0068846940994262695 0.006294965744018555
1 0.011617898941040039 0.45773380994796753 0.004302978515625 0.008992791175842285
0 0.6054216921329498 0.45458632707595825 0.007745265960693359 0.006294965744018555
1 0.7138554155826569 0.4523381292819977 0.004302918910980225 0.008992791175842285
1 0.39328742027282715 0.4491906464099884 0.00860583782196045 0.004496395587921143
1 0.5572289228439331 0.45053955912590027 0.004302918910980225 0.007194221019744873
0 0.7745266854763031 0.4500899314880371 0.00860583782196045 0.008093535900115967
1 0.5481927692890167 0.4491906464099884 0.00860583782196045 0.009892106056213379
0 0.15533560514450073 0.44694244861602783 0.009466409683227539 0.008992791175842285
1 0.7263339161872864 0.447392076253891 0.00860583782196045 0.009892106056213379
1 0.38123923540115356 0.4464927911758423 0.00516355037689209 0.009892106056213379
1 0.4242684841156006 0.44289568066596985 0.0068846940994262695 0.004496395587921143
1 0.8588640242815018 0.451438844203949 0.02065405249595642 0.021582722663879395
1 0.47375214099884033 0.441546767950058 0.007745265960693359 0.005395710468292236
0 0.5589500963687897 0.4424460530281067 0.007745265960693359 0.007194221019744873
1 0.0073149800300598145 0.44199639558792114 0.014629960060119629 0.008093535900115967
0 0.8046471625566483 0.4406474828720093 0.00860583782196045 0.005395710468292236
1 0.6660929322242737 0.44784173369407654 0.020654022693634033 0.021582722663879395
1 0.38339072465896606 0.4406474828720093 0.007745265960693359 0.008992791175842285
1 0.3937177062034607 0.44109711050987244 0.009466409683227539 0.009892106056213379
0 0.477624773979187 0.43615108728408813 0.00860583782196045 0.007194221019744873
1 0.3334767818450928 0.4424460530281067 0.0215146541595459 0.021582722663879395
0 0.2822719216346741 0.43390288949012756 0.00860583782196045 0.006294965744018555
0 0.3661789894104004 0.43390288949012756 0.009466409683227539 0.006294965744018555
0 0.8562822788953781 0.4343525171279907 0.00860583782196045 0.007194221019744873
1 0.004302918910980225 0.42940646409988403 0.00860583782196045 0.009892106056213379
1 0.9952667811885476 0.42715826630592346 0.009466437622904778 0.005395710468292236
1 0.7358003556728363 0.41052159667015076 0.00860583782196045 0.004496395587921143
0 0.7629087716341019 0.4109712243080139 0.007745265960693359 0.005395710468292236
0 0.7099827826023102 0.4091726541519165 0.010327041149139404 0.005395710468292236
1 0.33218586444854736 0.40197840332984924 0.0068846940994262695 0.005395710468292236
1 0.22289156913757324 0.4006294906139374 0.00860583782196045 0.004496395587921143
1 0.14070570468902588 0.39883092045783997 0.007745265960693359 0.004496395587921143
0 0.6062822639942169 0.39703238010406494 0.007745265960693359 0.006294965744018555
0 0.6609294414520264 0.3974820077419281 0.0068846940994262695 0.007194221019744873
1 0.8816695362329483 0.3956834673881531 0.004302918910980225 0.008992791175842285
1 0.40533560514450073 0.3916366994380951 0.00860583782196045 0.004496395587921143
0 0.3571428656578064 0.39208632707595825 0.00860583782196045 0.007194221019744873
1 0.5499139428138733 0.39208632707595825 0.00860583782196045 0.008992791175842285
1 0.7190189361572266 0.3925359845161438 0.007745265960693359 0.009892106056213379
0 0.18631666898727417 0.388938844203949 0.007745265960693359 0.008093535900115967
1 0.39027535915374756 0.388938844203949 0.007745265960693359 0.009892106056213379
1 0.39716005325317383 0.3884892165660858 0.004302978515625 0.008992791175842285
0 0.8648881167173386 0.3866906464099884 0.00860583782196045 0.007194221019744873
1 0.09724611043930054 0.38534173369407654 0.00516355037689209 0.008093535900115967
1 0.5598106682300568 0.384892076253891 0.00602412223815918 0.007194221019744873
0 0.2142857313156128 0.3857913613319397 0.00860583782196045 0.010791361331939697
1 0.9956970741041005 0.37949639558792114 0.008605851791799068 0.005395710468292236
1 0.0038726329803466797 0.379046767950058 0.007745265960693359 0.006294965744018555
1 0.4457831382751465 0.38624101877212524 0.02237522602081299 0.02248203754425049
0 0.2844234108924866 0.37724819779396057 0.009466409683227539 0.009892106056213379
0 0.1419965624809265 0.3741007149219513 0.00860583782196045 0.008992791175842285
0 0.78270223736763 0.370953232049942 0.007745265960693359 0.006294965744018555
1 0.48752152919769287 0.37050360441207886 0.004302978515625 0.008992791175842285
0 0.77108433842659 0.36960431933403015 0.00860583782196045 0.008992791175842285
1 0.9935456106904894 0.3682554066181183 0.006024096626788378 0.009892106056213379
0 0.6665232479572296 0.3642086386680603 0.007745265960693359 0.007194221019744873
0 0.5753012001514435 0.36285972595214844 0.007745265960693359 0.006294965744018555
1 0.8846815824508667 0.365107923746109 0.008605852723121643 0.010791361331939697
0 0.3339070677757263 0.35701438784599304 0.00860583782196045 0.005395710468292236
1 0.8046471625566483 0.3642086386680603 0.02065405249595642 0.021582722663879395
1 0.8730636835098267 0.3556654751300812 0.006024092435836792 0.004496395587921143
1 0.2233218550682068 0.35701438784599304 0.004302978515625 0.008992791175842285
1 0.9952667811885476 0.35611510276794434 0.009466437622904778 0.007194221019744873
1 0.3967297673225403 0.3565647602081299 0.0068846940994262695 0.013489186763763428
1 0.6118760704994202 0.3606114983558655 0.020654022693634033 0.021582722663879395
1 0.6536144614219666 0.35206833481788635 0.007745265960693359 0.004496395587921143
0 0.6987951695919037 0.35386690497398376 0.010327041149139404 0.008093535900115967
0 0.8476764261722565 0.3534172773361206 0.00860583782196045 0.007194221019744873
1 0.5030120611190796 0.3583633005619049 0.0215146541595459 0.020683467388153076
1 0.21643716096878052 0.3516187071800232 0.007745265960693359 0.010791361331939697
1 0.2938898205757141 0.3457733690738678 0.007745265960693359 0.004496395587921143
0 0.2009466290473938 0.34622302651405334 0.007745265960693359 0.008992791175842285
1 0.13640272617340088 0.3516187071800232 0.023235797882080078 0.021582722663879395
1 0.10111874341964722 0.34307554364204407 0.007745265960693359 0.006294965744018555
1 0.5494836568832397 0.3331834673881531 0.004302918910980225 0.008093535900115967
1 0.7177280485630035 0.33273380994796753 0.0068846940994262695 0.01258993148803711
1 0.85972461104393 0.3367805778980255 0.02237522602081299 0.020683467388153076
1 0.3846815824508667 0.32958632707595825 0.00516355037689209 0.008093535900115967
1 0.3988812565803528 0.3291366994380951 0.004302978515625 0.008992791175842285
1 0.00602412223815918 0.3268885016441345 0.01204824447631836 0.006294965744018555
1 0.22590363025665283 0.3259892165660858 0.007745265960693359 0.009892106056213379
1 0.6127366721630096 0.3318345248699188 0.020654022693634033 0.021582722663879395
0 0.43932873010635376 0.3232913613319397 0.00602412223815918 0.008093535900115967
1 0.0073149800300598145 0.3201438784599304 0.007745265960693359 0.005395710468292236
0 0.7865748703479767 0.32059353590011597 0.00860583782196045 0.008093535900115967
1 0.994836488738656 0.3156474828720093 0.010327022522687912 0.005395710468292236
1 0.16566264629364014 0.32284173369407654 0.0215146541595459 0.021582722663879395
0 0.1437177062034607 0.3156474828720093 0.00860583782196045 0.008992791175842285
0 0.7999139428138733 0.3142985701560974 0.007745265960693359 0.006294965744018555
1 0.8838209956884384 0.3133992850780487 0.008605852723121643 0.004496395587921143
1 0.39414799213409424 0.31294962763786316 0.0068846940994262695 0.005395710468292236
1 0.024526655673980713 0.30890288949012756 0.004302978515625 0.008093535900115967
1 0.5955249667167664 0.30710431933403015 0.00860583782196045 0.004496395587921143
1 0.9814974181354046 0.30890288949012756 0.007745265960693359 0.009892106056213379
1 0.8842512890696526 0.30215826630592346 0.009466439485549927 0.005395710468292236
1 0.25774526596069336 0.2999100685119629 0.007745265960693359 0.004496395587921143
1 0.7259036004543304 0.30215826630592346 0.004302918910980225 0.008992791175842285
1 0.831755593419075 0.3075539469718933 0.02151462435722351 0.021582722663879395
0 0.1867470145225525 0.2999100685119629 0.00516355037689209 0.008093535900115967
1 0.9823580030351877 0.298561155796051 0.007745265960693359 0.005395710468292236
1 0.5628227293491364 0.2999100685119629 0.00860583782196045 0.011690676212310791
1 0.64027538895607 0.3039568364620209 0.020654022693634033 0.021582722663879395
1 0.21686744689941406 0.2967625856399536 0.010326981544494629 0.010791361331939697
1 0.5034423321485519 0.3008093535900116 0.02065405249595642 0.020683467388153076
1 0.9797762483358383 0.29136690497398376 0.0043029263615608215 0.007194221019744873
0 0.1049913763999939 0.29136690497398376 0.00516355037689209 0.008992791175842285
0 0.9031841680407524 0.2900179922580719 0.007745265960693359 0.006294965744018555
1 0.3364887833595276 0.29721224308013916 0.02237522602081299 0.02248203754425049
1 0.9913941484410316 0.2873201370239258 0.008605851326137781 0.006294965744018555
1 0.13726335763931274 0.2931654751300812 0.0215146541595459 0.021582722663879395
1 0.9814974181354046 0.2823741137981415 0.0060240961611270905 0.008992791175842285
1 0.5520654022693634 0.2751798629760742 0.004302918910980225 0.007194221019744873
1 0.9814974181354046 0.2733812928199768 0.0060240961611270905 0.005395710468292236
0 0.2736660838127136 0.27383092045783997 0.00860583782196045 0.008093535900115967
1 0.8605851978063583 0.2792266309261322 0.02065405249595642 0.020683467388153076
1 0.6407056748867035 0.2751798629760742 0.0215146541595459 0.021582722663879395
1 0.6540447473526001 0.2643885016441345 0.00860583782196045 0.005395710468292236
1 0.8227194547653198 0.26528775691986084 0.005163520574569702 0.008992791175842285
0 0.6863166987895966 0.2634892165660858 0.00602412223815918 0.008992791175842285
1 0.1376936435699463 0.26034173369407654 0.00860583782196045 0.004496395587921143
1 0.337779700756073 0.2684352397918701 0.0215146541595459 0.02248203754425049
0 0.3511187434196472 0.2576438784599304 0.010326981544494629 0.006294965744018555
1 0.29647159576416016 0.2558453381061554 0.00602412223815918 0.006294965744018555
0 0.8050774484872818 0.2558453381061554 0.011187613010406494 0.006294965744018555
1 0.16652321815490723 0.2634892165660858 0.0215146541595459 0.023381292819976807
1 0.21170395612716675 0.25449639558792114 0.010326981544494629 0.005395710468292236
1 0.8231497406959534 0.25539568066596985 0.004302918910980225 0.007194221019744873
0 0.8635972440242767 0.25539568066596985 0.006024092435836792 0.008992791175842285
0 0.6979345977306366 0.2517985701560974 0.0051634907722473145 0.010791361331939697
1 0.47590363025665283 0.2491007074713707 0.010326981544494629 0.007194235920906067
0 0.6419965624809265 0.25044963508844376 0.0068846940994262695 0.009892091155052185
1 0.9793459549546242 0.25 0.005163513123989105 0.008992791175842285
1 0.3111015558242798 0.24460431933403015 0.00602412223815918 0.007194250822067261
1 0.3614457845687866 0.24550360441207886 0.00516355037689209 0.008992791175842285
1 0.3683304786682129 0.24550360441207886 0.00516355037689209 0.008992791175842285
1 0.1368330717086792 0.24100719392299652 0.010326981544494629 0.007194250822067261
0 0.5288296043872833 0.2450539693236351 0.007745265960693359 0.015287771821022034
0 0.27925992012023926 0.23471222817897797 0.007745265960693359 0.007194250822067261
0 0.8997418209910393 0.2275179922580719 0.009466439485549927 0.005395680665969849
1 0.6127366721630096 0.22302158176898956 0.0068846940994262695 0.005395680665969849
0 0.6596385538578033 0.22302158176898956 0.007745265960693359 0.005395680665969849
0 0.56540447473526 0.220773383975029 0.010327041149139404 0.006294965744018555
1 0.8580034375190735 0.21267986297607422 0.0068846940994262695 0.006294965744018555
0 0.15060240030288696 0.21043165028095245 0.00860583782196045 0.005395680665969849
1 0.7138554155826569 0.21043165028095245 0.004302918910980225 0.008992820978164673
1 0.5021514743566513 0.2090827375650406 0.006024092435836792 0.008093535900115967
1 0.6764199733734131 0.20953238010406494 0.0051634907722473145 0.008992791175842285
1 0.5137693583965302 0.20548561215400696 0.0051634907722473145 0.006294965744018555
1 0.6123063564300537 0.2059352546930313 0.007745265960693359 0.008992820978164673
0 0.8356282263994217 0.20548561215400696 0.0068846940994262695 0.009892076253890991
1 0.34337347745895386 0.20188848674297333 0.01204824447631836 0.006294965744018555
1 0.29001718759536743 0.19874100387096405 0.00860583782196045 0.008992820978164673
1 0.1919105052947998 0.19649280607700348 0.00516355037689209 0.009892076253890991
1 0.16781413555145264 0.19514387845993042 0.0068846940994262695 0.010791361331939697
1 0.31970739364624023 0.19289568066596985 0.007745265960693359 0.008093535900115967
1 0.13123923540115356 0.19154676795005798 0.007745265960693359 0.014388501644134521
0 0.15232360363006592 0.19019784033298492 0.00860583782196045 0.011690646409988403
0 0.32788294553756714 0.17535971105098724 0.0068846940994262695 0.007194250822067261
1 0.986230636946857 0.1699640303850174 0.005163511261343956 0.007194250822067261
1 0.8782271966338158 0.16546761989593506 0.006024092435836792 0.005395680665969849
1 0.42211705446243286 0.1641187071800232 0.007745265960693359 0.004496395587921143
1 0.8498278856277466 0.16366906464099884 0.011187613010406494 0.008992820978164673
1 0.673838198184967 0.16052158176898956 0.0068846940994262695 0.004496395587921143
1 0.014199674129486084 0.16052158176898956 0.009466409683227539 0.006294965744018555
1 0.004302918910980225 0.15602518618106842 0.00860583782196045 0.006294965744018555
1 0.4797762632369995 0.15377697348594666 0.004302978515625 0.008992791175842285
1 0.7465576529502869 0.15017986297607422 0.007745265960693359 0.005395680665969849
1 0.8558519780635834 0.1524280607700348 0.006024092435836792 0.009892076253890991
1 0.843373492360115 0.14883093535900116 0.0068846940994262695 0.006294965744018555
0 0.03141134977340698 0.14793165028095245 0.007745265960693359 0.008093535900115967
1 0.5925129055976868 0.14613309502601624 0.007745265960693359 0.004496395587921143
0 0.0662650465965271 0.14433453977108002 0.00860583782196045 0.004496395587921143
0 0.004302918910980225 0.14523380994796753 0.00516355037689209 0.008093535900115967
0 0.31497418880462646 0.13893884420394897 0.010326981544494629 0.009892076253890991
1 0.8549913913011551 0.1375899314880371 0.006024092435836792 0.008992791175842285
1 0.3313252925872803 0.13534173369407654 0.0068846940994262695 0.008093535900115967
1 0.7895869165658951 0.13444244861602783 0.009466439485549927 0.006294965744018555
1 0.7641996592283249 0.13399280607700348 0.013769358396530151 0.007194250822067261
1 0.6936316788196564 0.13219425082206726 0.0068846940994262695 0.005395680665969849
0 0.03227192163467407 0.1317446082830429 0.007745265960693359 0.006294965744018555
1 0.8618760704994202 0.13354316353797913 0.006024092435836792 0.009892076253890991
1 0.8197073936462402 0.12949639558792114 0.007745265960693359 0.007194250822067261
0 0.8726334013044834 0.1317446082830429 0.008605845272541046 0.011690646409988403
1 0.30593806505203247 0.12859712541103363 0.00602412223815918 0.007194250822067261
1 0.22203099727630615 0.12679855525493622 0.013769388198852539 0.007194250822067261
1 0.1807228922843933 0.1308453232049942 0.013769388198852539 0.017086327075958252
1 0.19836491346359253 0.12544964253902435 0.007745265960693359 0.006294965744018555
0 0.7981927692890167 0.12679855525493622 0.006024092435836792 0.010791361331939697
0 0.6170395910739899 0.12185251340270042 0.0051634907722473145 0.009892083704471588
1 0.8541308045387268 0.1200539581477642 0.006024092435836792 0.011690653860569
1 0.013769388198852539 0.1133093535900116 0.013769388198852539 0.008992806077003479
1 0.8098106682300568 0.1133093535900116 0.005163520574569702 0.008992806077003479
1 0.8588640242815018 0.1133093535900116 0.0068846940994262695 0.008992806077003479
0 0.32185888290405273 0.11196043342351913 0.0068846940994262695 0.008093520998954773
0 0.28012049198150635 0.11106114834547043 0.00602412223815918 0.009892091155052185
1 0.6428571343421936 0.1083633080124855 0.0068846940994262695 0.008093520998954773
1 0.6067125499248505 0.10791366547346115 0.0068846940994262695 0.008992806077003479
0 0.6884681582450867 0.10791366547346115 0.0051634907722473145 0.008992806077003479
1 0.7469879388809204 0.10611511021852493 0.0068846940994262695 0.005395680665969849
1 0.552495688199997 0.10656474530696869 0.0068846940994262695 0.008093520998954773
1 0.8558519780635834 0.10521582514047623 0.009466439485549927 0.005395680665969849
1 0.9952667811885476 0.1016187071800232 0.009466437622904778 0.007194250822067261
1 0.8330464661121368 0.09937050193548203 0.0068846940994262695 0.004496410489082336
1 0.7788296043872833 0.09847122430801392 0.00860583782196045 0.004496395587921143
1 0.010327041149139404 0.09622301906347275 0.010326981544494629 0.005395680665969849
0 0.6230636835098267 0.08723021298646927 0.0068846940994262695 0.007194250822067261
1 0.8623063713312149 0.0858812928199768 0.0068846940994262695 0.004496395587921143
1 0.1368330717086792 0.0858812928199768 0.00860583782196045 0.006294965744018555
1 0.5215146243572235 0.08363309502601624 0.00860583782196045 0.005395680665969849
1 0.5043029189109802 0.08228417485952377 0.00860583782196045 0.004496410489082336
1 0.9251290857791901 0.08183453232049942 0.005163505673408508 0.008992806077003479
0 0.26462996006011963 0.0741906464099884 0.007745265960693359 0.008093520998954773
0 0.18115317821502686 0.07059352844953537 0.007745265960693359 0.008093520998954773
1 0.7904475033283234 0.06969424337148666 0.007745265960693359 0.008093520998954773
1 0.15748709440231323 0.06609712541103363 0.0068846940994262695 0.004496395587921143
0 0.5942340791225433 0.06699640303850174 0.007745265960693359 0.006294965744018555
0 0.9944061962887645 0.06744604557752609 0.011187607422471046 0.007194250822067261
1 0.7375215291976929 0.060701439157128334 0.0068846940994262695 0.004496406763792038
1 0.6802926063537598 0.059802159667015076 0.007745265960693359 0.0044964030385017395
1 0.5727194547653198 0.0566546767950058 0.009466409683227539 0.005395680665969849
1 0.5086058378219604 0.05485611408948898 0.0068846940994262695 0.005395680665969849
0 0.32099825143814087 0.04406474903225899 0.00516355037689209 0.008992806077003479
1 0.80378657579422 0.042715828865766525 0.0068846940994262695 0.00809352844953537
1 0.0051634907722473145 0.04091726616024971 0.0068846940994262695 0.006294965744018555
0 0.1734079122543335 0.038219425827264786 0.007745265960693359 0.006294965744018555
0 0.00602412223815918 0.031025180593132973 0.010326981544494629 0.006294962018728256
1 0.6910499036312103 0.029676257632672787 0.0068846940994262695 0.005395682528614998
1 0.9178141131997108 0.030125899240374565 0.007745265960693359 0.008093524724245071
1 0.8907056823372841 0.0283273383975029 0.006884679198265076 0.006294965744018555
1 0.1643717885017395 0.026978416368365288 0.00860583782196045 0.005395684391260147
0 0.37392425537109375 0.029226617887616158 0.00602412223815918 0.009892087429761887
0 0.42211705446243286 0.02742805704474449 0.007745265960693359 0.006294965744018555
1 0.6996557712554932 0.029226617887616158 0.0051634907722473145 0.009892087429761887
0 0.30851978063583374 0.025179855525493622 0.007745265960693359 0.005395684391260147
1 0.004302918910980225 0.022931654006242752 0.00860583782196045 0.0044964030385017395
1 0.9944061962887645 0.022482015192508698 0.011187607422471046 0.007194243371486664
1 0.7564543932676315 0.022032374516129494 0.012048184871673584 0.008093524724245071
0 0.9014629945158958 0.017535971011966467 0.011187613010406494 0.006294962950050831
1 0.994836488738656 0.01708633080124855 0.010327022522687912 0.005395684391260147
0 0.6695352792739868 0.013489208184182644 0.00860583782196045 0.005395682528614998
1 0.3102409839630127 0.012589927762746811 0.007745265960693359 0.005395684391260147
0 0.29647159576416016 0.012589927297085524 0.007745265960693359 0.0071942443028092384
0 0.42211705446243286 0.013489207718521357 0.007745265960693359 0.012589926831424236
1 0.00860583782196045 0.006744604324921966 0.00860583782196045 0.004496403504163027
0 0.21901893615722656 0.006744603859260678 0.011187553405761719 0.006294963415712118
1 0.3364887833595276 0.004046762362122536 0.00860583782196045 0.0044964030385017395
1 0.8162650614976883 0.004046762362122536 0.004302918910980225 0.008093524724245071
