1 0.32833331823349 0.9979491233825684 0.008333325386047363 0.004101753234863281
1 0.0899999737739563 0.9975389838218689 0.008333325386047363 0.004922032356262207
1 0.11874997615814209 0.9975389838218689 0.007500052452087402 0.004922032356262207
1 0.22374999523162842 0.9975389838218689 0.009166717529296875 0.004922032356262207
1 0.5512500107288361 0.9975389838218689 0.0091666579246521 0.004922032356262207
0 0.53125 0.9946677684783936 0.005833327770233154 0.007383108139038086
1 0.18250000476837158 0.9926168918609619 0.009999990463256836 0.004922032356262207
1 0.22666668891906738 0.9917965531349182 0.008333325386047363 0.004922032356262207
0 0.5195833444595337 0.9930270910263062 0.005833327770233154 0.007383108139038086
1 0.6391666531562805 0.9926168918609619 0.011666655540466309 0.006562709808349609
1 0.09666669368743896 0.9909762144088745 0.009999990463256836 0.004922032356262207
1 0.4820833206176758 0.9909762144088745 0.009166717529296875 0.004922032356262207
1 0.6166666746139526 0.9901558756828308 0.008333325386047363 0.004922032356262207
1 0.6816666722297668 0.991386353969574 0.006666660308837891 0.007383108139038086
1 0.5724999904632568 0.9893355369567871 0.008333325386047363 0.004922032356262207
1 0.6112500131130219 0.9917965531349182 0.005833327770233154 0.009844183921813965
1 0.1654166579246521 0.9897456765174866 0.01250004768371582 0.007383108139038086
1 0.675000011920929 0.9897456765174866 0.004999995231628418 0.007383108139038086
0 0.3824999928474426 0.9889253377914429 0.006666660308837891 0.007383108139038086
1 0.05833333730697632 0.9868744611740112 0.009999990463256836 0.004922032356262207
1 0.23083335161209106 0.9876948595046997 0.009999990463256836 0.006562709808349609
1 0.3700000047683716 0.9876948595046997 0.008333325386047363 0.006562709808349609
1 0.5550000071525574 0.9856439828872681 0.008333325386047363 0.004101753234863281
1 0.9787499997764826 0.9864643216133118 0.010833334177732468 0.005742430686950684
1 0.5641666650772095 0.9844134449958801 0.004999995231628418 0.006562709808349609
1 0.526666671037674 0.9823625683784485 0.006666660308837891 0.007383108139038086
1 0.26249998807907104 0.9811320900917053 0.006666660308837891 0.006562709808349609
1 0.12916666269302368 0.97826087474823 0.011666655540466309 0.005742430686950684
1 0.4979166239500046 0.977030336856842 0.007500022649765015 0.004922032356262207
1 0.47208333015441895 0.9766201972961426 0.009166717529296875 0.005742430686950684
0 0.3212500214576721 0.9778506755828857 0.00583338737487793 0.011484861373901367
1 0.941666666418314 0.9745693206787109 0.0066666677594184875 0.006562709808349609
1 0.003750026226043701 0.9725184440612793 0.007500052452087402 0.004101753234863281
0 0.3641666769981384 0.9753896594047546 0.008333325386047363 0.009844183921813965
1 0.04833334684371948 0.9721083045005798 0.006666660308837891 0.004922032356262207
1 0.9570833332836628 0.9741591215133667 0.012500002980232239 0.01066446304321289
1 0.041249990463256836 0.9708777666091919 0.00583338737487793 0.005742430686950684
1 0.03374999761581421 0.9700574278831482 0.007500052452087402 0.005742430686950684
1 0.5566666722297668 0.9692370891571045 0.004999995231628418 0.005742430686950684
1 0.3920833468437195 0.9688268899917603 0.007500052452087402 0.006562709808349609
1 0.11250001192092896 0.9675964117050171 0.006666660308837891 0.005742430686950684
1 0.5399999916553497 0.9667760729789734 0.009999990463256836 0.005742430686950684
1 0.28416669368743896 0.963904857635498 0.006666660308837891 0.004922032356262207
1 0.8737500049173832 0.9680065512657166 0.01083333045244217 0.01312553882598877
1 0.14041668176651 0.9626743197441101 0.009166717529296875 0.005742430686950684
1 0.47583335638046265 0.9630845189094543 0.008333325386047363 0.006562709808349609
1 0.4012500047683716 0.9618539810180664 0.00583338737487793 0.005742430686950684
1 0.1783333420753479 0.9606234431266785 0.006666660308837891 0.004922032356262207
1 0.3270833492279053 0.9606234431266785 0.009166717529296875 0.004922032356262207
1 0.06791669130325317 0.960213303565979 0.007500052452087402 0.005742430686950684
1 0.3816666603088379 0.9598031044006348 0.008333325386047363 0.006562709808349609
1 0.5016666650772095 0.9589827656745911 0.009999990463256836 0.004922032356262207
1 0.4858333468437195 0.9569318890571594 0.006666660308837891 0.004101753234863281
1 0.03250002861022949 0.9577522277832031 0.008333325386047363 0.007383108139038086
1 0.2149999737739563 0.9561115503311157 0.011666655540466309 0.005742430686950684
1 0.4150000214576721 0.955291211605072 0.008333325386047363 0.004101753234863281
1 0.0625 0.9540607333183289 0.008333325386047363 0.004922032356262207
1 0.20208334922790527 0.9540607333183289 0.009166717529296875 0.004922032356262207
1 0.021250009536743164 0.9544708728790283 0.009166717529296875 0.007383108139038086
1 0.07333332300186157 0.9532403349876404 0.009999990463256836 0.004922032356262207
1 0.9512500017881393 0.9544708728790283 0.009166665375232697 0.007383108139038086
1 0.39041668176651 0.9524199962615967 0.007500052452087402 0.004922032356262207
1 0.46583330631256104 0.9536505341529846 0.009999990463256836 0.009023785591125488
1 0.45291668176651 0.9499589800834656 0.009166717529296875 0.004922032356262207
1 0.2708333134651184 0.9487284421920776 0.008333325386047363 0.004101753234863281
1 0.28041666746139526 0.9491386413574219 0.007500052452087402 0.004922032356262207
1 0.3712499737739563 0.9483183026313782 0.009166717529296875 0.008203387260437012
1 0.4429166913032532 0.9474979639053345 0.009166717529296875 0.006562709808349609
1 0.12791669368743896 0.9462674260139465 0.009166717529296875 0.007383108139038086
1 0.42750000953674316 0.9446267485618591 0.008333325386047363 0.004101753234863281
1 0.21666663885116577 0.9429860711097717 0.008333325386047363 0.004101753234863281
1 0.043333351612091064 0.9425758719444275 0.004999995231628418 0.006562709808349609
0 0.046249985694885254 0.9360131025314331 0.009166717529296875 0.004922032356262207
1 0.31291669607162476 0.9327317476272583 0.009166717529296875 0.006562709808349609
1 0.3033333420753479 0.9319114089012146 0.008333325386047363 0.006562709808349609
1 0.2212499976158142 0.929860532283783 0.00583338737487793 0.005742430686950684
1 0.8120833337306976 0.9343724250793457 0.010833323001861572 0.016406893730163574
1 0.009583353996276855 0.9269893169403076 0.007500052452087402 0.004922032356262207
1 0.10041666030883789 0.9269893169403076 0.00583338737487793 0.006562709808349609
0 0.7441666722297668 0.9286300539970398 0.013333320617675781 0.01312553882598877
1 0.6945833265781403 0.9220672845840454 0.007499992847442627 0.006562709808349609
0 0.032083332538604736 0.9187858700752258 0.007500052452087402 0.004922032356262207
1 0.7816666662693024 0.9269893169403076 0.025000005960464478 0.024610280990600586
0 0.6820833384990692 0.9191960692405701 0.010833323001861572 0.01066446304321289
0 0.742083340883255 0.9142739772796631 0.0091666579246521 0.009023785591125488
1 0.9504166655242443 0.9134536385536194 0.007500000298023224 0.007383108139038086
1 0.996250000083819 0.911812961101532 0.007499999832361937 0.005742430686950684
1 0.13458335399627686 0.9093519449234009 0.007500052452087402 0.004101753234863281
1 0.06833332777023315 0.9085316061973572 0.008333325386047363 0.004101753234863281
0 0.38999998569488525 0.9093519449234009 0.009999990463256836 0.005742430686950684
1 0.04250001907348633 0.9060705304145813 0.008333325386047363 0.004101753234863281
1 0.1770833134651184 0.9064807295799255 0.007500052452087402 0.004922032356262207
0 0.7116666734218597 0.9085316061973572 0.008333325386047363 0.009023785591125488
1 0.09708333015441895 0.9040197134017944 0.00583338737487793 0.004922032356262207
0 0.6583333313465118 0.9036095142364502 0.008333325386047363 0.004101753234863281
1 0.9387500006705523 0.9060705304145813 0.005833331495523453 0.009023785591125488
1 0.07583332061767578 0.9027891755104065 0.006666660308837891 0.004101753234863281
0 0.7895833402872086 0.9027891755104065 0.007499992847442627 0.007383108139038086
1 0.1274999976158142 0.8990976214408875 0.006666660308837891 0.004922032356262207
0 0.5641666650772095 0.9011484980583191 0.008333325386047363 0.009023785591125488
0 0.754583328962326 0.8999179601669312 0.010833323001861572 0.006562709808349609
1 0.06666666269302368 0.8974569439888 0.006666660308837891 0.004922032356262207
0 0.5483333468437195 0.8978670835494995 0.009999990463256836 0.009023785591125488
0 0.7741666734218597 0.8999179601669312 0.011666655540466309 0.01312553882598877
1 0.14291667938232422 0.8954060673713684 0.00583338737487793 0.005742430686950684
1 0.8108333349227905 0.9003281593322754 0.011666655540466309 0.01722729206085205
0 0.5099999904632568 0.8941755294799805 0.008333325386047363 0.008203387260437012
0 0.7425000071525574 0.8954060673713684 0.011666655540466309 0.012305140495300293
1 0.017499983310699463 0.8921247124671936 0.006666660308837891 0.007383108139038086
1 0.02499997615814209 0.8904839754104614 0.008333325386047363 0.004101753234863281
1 0.598333328962326 0.8986874222755432 0.021666646003723145 0.02379000186920166
1 0.10124999284744263 0.8880229592323303 0.004166722297668457 0.007383108139038086
1 0.4645833373069763 0.8867924809455872 0.009166717529296875 0.004922032356262207
0 0.7733333259820938 0.8863822817802429 0.009999990463256836 0.01066446304321289
1 0.4312499761581421 0.8826907277107239 0.007500052452087402 0.006562709808349609
1 0.9691666662693024 0.8818703889846802 0.00833333283662796 0.004922032356262207
0 0.5475000143051147 0.8839212656021118 0.009999990463256836 0.01066446304321289
0 0.5370833277702332 0.8814601898193359 0.007499992847442627 0.007383108139038086
0 0.7249999940395355 0.8798195123672485 0.011666655540466309 0.012305140495300293
0 0.710833340883255 0.8773584961891174 0.009999990463256836 0.009023785591125488
0 0.6054166555404663 0.87571781873703 0.007499992847442627 0.007383108139038086
1 0.0045833587646484375 0.872026264667511 0.009166717529296875 0.004922032356262207
1 0.6875 0.8810500502586365 0.023333311080932617 0.024610280990600586
0 0.35583335161209106 0.8703855872154236 0.006666660308837891 0.006562709808349609
0 0.7883333265781403 0.8691550493240356 0.008333325386047363 0.009023785591125488
1 0.9958333331160247 0.8650532960891724 0.008333333767950535 0.005742430686950684
1 0.9354166705161333 0.8638228178024292 0.005833331495523453 0.006562709808349609
0 0.41583335399627686 0.8650532960891724 0.009999990463256836 0.01066446304321289
1 0.9433333314955235 0.8630024790763855 0.0066666677594184875 0.006562709808349609
1 0.46583330631256104 0.8601312637329102 0.008333325386047363 0.005742430686950684
1 0.8104166686534882 0.8654634952545166 0.010833323001861572 0.016406893730163574
1 0.3854166865348816 0.8666940331459045 0.01916670799255371 0.022149324417114258
0 0.5920833349227905 0.8601312637329102 0.007499992847442627 0.009023785591125488
1 0.016250014305114746 0.8580803871154785 0.010833382606506348 0.006562709808349609
0 0.2720833420753479 0.8560295104980469 0.00583338737487793 0.007383108139038086
1 0.5716666579246521 0.8638228178024292 0.023333311080932617 0.022969603538513184
1 0.648333340883255 0.8543888330459595 0.008333325386047363 0.004101753234863281
0 0.6945833265781403 0.8564397096633911 0.0091666579246521 0.008203387260437012
1 0.33666664361953735 0.85397869348526 0.006666660308837891 0.004922032356262207
1 0.4545833468437195 0.8556193709373474 0.007500052452087402 0.009844183921813965
0 0.5487500131130219 0.8535684943199158 0.007499992847442627 0.009023785591125488
1 0.6366666555404663 0.8515176177024841 0.008333325386047363 0.004922032356262207
0 0.7870833277702332 0.8547990322113037 0.012499988079071045 0.01312553882598877
0 0.32791668176651 0.849056601524353 0.00583338737487793 0.008203387260437012
1 0.3454166650772095 0.8482362627983093 0.00583338737487793 0.006562709808349609
1 0.45625001192092896 0.8474159240722656 0.007500052452087402 0.004922032356262207
1 0.7487500086426735 0.8568498492240906 0.024166658520698547 0.02379000186920166
0 0.33541667461395264 0.8461853861808777 0.007500052452087402 0.005742430686950684
0 0.47874999046325684 0.8461853861808777 0.00583338737487793 0.007383108139038086
0 0.40583330392837524 0.8465955853462219 0.008333325386047363 0.009844183921813965
1 0.6262499988079071 0.8470057249069214 0.0091666579246521 0.01066446304321289
0 0.7104166746139526 0.8457752466201782 0.0091666579246521 0.009844183921813965
0 0.7224999964237213 0.8449549078941345 0.009999990463256836 0.008203387260437012
1 0.30541664361953735 0.8433141708374023 0.004166722297668457 0.006562709808349609
0 0.3816666603088379 0.8445447087287903 0.008333325386047363 0.009023785591125488
0 0.5766666531562805 0.8416734933853149 0.008333325386047363 0.008203387260437012
0 0.6783333420753479 0.8429040312767029 0.008333325386047363 0.01066446304321289
0 0.6937499940395355 0.8433141708374023 0.010833323001861572 0.011484861373901367
0 0.15541666746139526 0.8392124772071838 0.007500052452087402 0.006562709808349609
1 0.6258333325386047 0.8383921384811401 0.008333325386047363 0.004922032356262207
0 0.2983333468437195 0.8383921384811401 0.004999995231628418 0.008203387260437012
0 0.5495833456516266 0.8375717997550964 0.007499992847442627 0.006562709808349609
1 0.05624997615814209 0.8363412618637085 0.007500052452087402 0.009023785591125488
1 0.1899999976158142 0.8355209231376648 0.004999995231628418 0.007383108139038086
0 0.5374999940395355 0.8367514610290527 0.009999990463256836 0.009844183921813965
0 0.4049999713897705 0.8355209231376648 0.006666660308837891 0.009023785591125488
1 0.9433333314955235 0.8338802456855774 0.009999997913837433 0.005742430686950684
1 0.5095833241939545 0.8326497077941895 0.005833327770233154 0.006562709808349609
0 0.5216666758060455 0.8338802456855774 0.008333325386047363 0.009023785591125488
1 0.7570833265781403 0.83223956823349 0.005833327770233154 0.007383108139038086
1 0.4662500023841858 0.8293683528900146 0.007500052452087402 0.004922032356262207
0 0.7416666746139526 0.8318293690681458 0.009999990463256836 0.009844183921813965
1 0.8320833295583725 0.8289581537246704 0.007499992847442627 0.004101753234863281
0 0.3816666603088379 0.8297784924507141 0.008333325386047363 0.007383108139038086
1 0.5991666615009308 0.8367514610290527 0.021666646003723145 0.022969603538513184
1 0.3620833158493042 0.8351107239723206 0.01750004291534424 0.02132892608642578
0 0.02249997854232788 0.8264971375465393 0.008333325386047363 0.005742430686950684
0 0.15291666984558105 0.8281378149986267 0.00583338737487793 0.009023785591125488
1 0.6929166615009308 0.8264971375465393 0.007499992847442627 0.005742430686950684
0 0.5645833313465118 0.8256767988204956 0.007499992847442627 0.007383108139038086
0 0.5762499868869781 0.8256767988204956 0.007499992847442627 0.007383108139038086
0 0.7116666734218597 0.8277276158332825 0.011666655540466309 0.011484861373901367
1 0.30958330631256104 0.8256767988204956 0.007500052452087402 0.009023785591125488
0 0.08375000953674316 0.8248564600944519 0.007500052452087402 0.01066446304321289
0 0.4429166913032532 0.8232157230377197 0.007500052452087402 0.007383108139038086
0 0.4325000047683716 0.8228055834770203 0.008333325386047363 0.008203387260437012
0 0.5366666615009308 0.8219852447509766 0.008333325386047363 0.006562709808349609
0 0.6808333396911621 0.823625922203064 0.011666655540466309 0.011484861373901367
1 0.11791664361953735 0.8269072771072388 0.015833377838134766 0.01968824863433838
1 0.7800000011920929 0.8289581537246704 0.023333340883255005 0.02379000186920166
0 0.40625 0.8191140294075012 0.00583338737487793 0.007383108139038086
1 0.8620833307504654 0.8195242285728455 0.004166662693023682 0.008203387260437012
0 0.7404166758060455 0.8166530132293701 0.007499992847442627 0.007383108139038086
0 0.753333330154419 0.8162428140640259 0.008333325386047363 0.006562709808349609
0 0.2633333206176758 0.8141919374465942 0.008333325386047363 0.007383108139038086
1 0.1837499737739563 0.8137817978858948 0.00583338737487793 0.008203387260437012
0 0.24916666746139526 0.8117309212684631 0.006666660308837891 0.005742430686950684
0 0.4308333396911621 0.809269905090332 0.004999995231628418 0.007383108139038086
0 0.5654166638851166 0.8100902438163757 0.0091666579246521 0.009023785591125488
1 0.9720833348110318 0.8084495663642883 0.010833332315087318 0.005742430686950684
0 0.4416666626930237 0.8084495663642883 0.008333325386047363 0.007383108139038086
1 0.6804166734218597 0.8080393671989441 0.007499992847442627 0.006562709808349609
0 0.5379166603088379 0.8076292276382446 0.0091666579246521 0.007383108139038086
0 0.550000011920929 0.8072190284729004 0.006666660308837891 0.008203387260437012
1 0.1758333444595337 0.804347813129425 0.006666660308837891 0.004101753234863281
0 0.5787500143051147 0.8080393671989441 0.007499992847442627 0.011484861373901367
0 0.09375 0.804347813129425 0.00583338737487793 0.007383108139038086
1 0.33375000953674316 0.8039376735687256 0.00583338737487793 0.009844183921813965
1 0.4662500023841858 0.8014765977859497 0.007500052452087402 0.004922032356262207
0 0.5095833241939545 0.8035274744033813 0.0091666579246521 0.009023785591125488
0 0.3816666603088379 0.8022969365119934 0.006666660308837891 0.008203387260437012
1 0.9833333319984376 0.7998359203338623 0.010000000707805157 0.004922032356262207
1 0.16041666269302368 0.8063986897468567 0.015833377838134766 0.01968824863433838
0 0.25 0.7994257807731628 0.006666660308837891 0.005742430686950684
0 0.7554166615009308 0.800656259059906 0.007499992847442627 0.008203387260437012
1 0.36291664838790894 0.8063986897468567 0.01750004291534424 0.02132892608642578
1 0.7229166626930237 0.7990155816078186 0.007499992847442627 0.006562709808349609
0 0.7116666734218597 0.7981952428817749 0.008333325386047363 0.006562709808349609
0 0.13499999046325684 0.796964704990387 0.004999995231628418 0.007383108139038086
0 0.14499998092651367 0.7973749041557312 0.006666660308837891 0.008203387260437012
0 0.5633333325386047 0.796964704990387 0.008333325386047363 0.009023785591125488
0 0.5758333206176758 0.7961443662643433 0.008333325386047363 0.007383108139038086
1 0.598333328962326 0.8051681518554688 0.021666646003723145 0.025430679321289062
1 0.8612499982118607 0.7945036888122559 0.004166662693023682 0.005742430686950684
0 0.6816666722297668 0.7949138879776001 0.009999990463256836 0.008203387260437012
1 0.4449999928474426 0.7936833500862122 0.004999995231628418 0.007383108139038086
0 0.24416667222976685 0.7928630113601685 0.004999995231628418 0.009023785591125488
0 0.2979166507720947 0.7928630113601685 0.00583338737487793 0.009023785591125488
0 0.3829166889190674 0.7895815968513489 0.007500052452087402 0.007383108139038086
0 0.20625001192092896 0.7883511185646057 0.007500052452087402 0.008203387260437012
0 0.2629166841506958 0.7904019951820374 0.007500052452087402 0.012305140495300293
1 0.7791666686534882 0.7965545654296875 0.023333340883255005 0.024610280990600586
1 0.5324999988079071 0.7846595644950867 0.004999995231628418 0.007383108139038086
0 0.7400000095367432 0.7854799032211304 0.008333325386047363 0.009023785591125488
0 0.557916671037674 0.7842493653297424 0.007499992847442627 0.008203387260437012
0 0.7537499964237213 0.7863002419471741 0.012499988079071045 0.012305140495300293
0 0.13749998807907104 0.7834290266036987 0.008333325386047363 0.009844183921813965
0 0.24124997854232788 0.782608687877655 0.004166722297668457 0.008203387260437012
0 0.7100000083446503 0.7805578112602234 0.008333325386047363 0.007383108139038086
0 0.7212499976158142 0.7805578112602234 0.0091666579246521 0.007383108139038086
0 0.4333333373069763 0.7797374725341797 0.009999990463256836 0.007383108139038086
0 0.5649999976158142 0.7805578112602234 0.009999990463256836 0.009023785591125488
1 0.6254166662693024 0.7801476716995239 0.0091666579246521 0.009844183921813965
0 0.6924999952316284 0.7785069942474365 0.006666660308837891 0.006562709808349609
1 0.9529166668653488 0.7793273329734802 0.005833335220813751 0.008203387260437012
1 0.4125000238418579 0.7850697040557861 0.0183333158493042 0.02132892608642578
0 0.5116666555404663 0.7768662571907043 0.008333325386047363 0.006562709808349609
0 0.5774999856948853 0.778917133808136 0.009999990463256836 0.012305140495300293
0 0.5220833420753479 0.7752255797386169 0.007499992847442627 0.008203387260437012
1 0.31208330392837524 0.7748154401779175 0.00583338737487793 0.009023785591125488
0 0.7874999940395355 0.7719442248344421 0.008333325386047363 0.004922032356262207
1 0.8604166656732559 0.7719442248344421 0.004166662693023682 0.006562709808349609
1 0.7541666626930237 0.7686628103256226 0.008333325386047363 0.004922032356262207
1 0.12083333730697632 0.7748154401779175 0.014999985694885254 0.018867969512939453
0 0.2304166555404663 0.7690730094909668 0.00583338737487793 0.007383108139038086
1 0.5987499952316284 0.7768662571907043 0.020833313465118408 0.022969603538513184
1 0.45666664838790894 0.7690730094909668 0.008333325386047363 0.009023785591125488
0 0.5637499988079071 0.7674323320388794 0.0091666579246521 0.009023785591125488
0 0.5758333206176758 0.7674323320388794 0.009999990463256836 0.009023785591125488
1 0.7041666805744171 0.7633305788040161 0.008333325386047363 0.004101753234863281
0 0.535833328962326 0.7637407779693604 0.006666660308837891 0.006562709808349609
1 0.34833335876464844 0.7641509175300598 0.004999995231628418 0.009023785591125488
0 0.42000001668930054 0.7629204392433167 0.006666660308837891 0.008203387260437012
1 0.45666664838790894 0.7633305788040161 0.008333325386047363 0.009023785591125488
1 0.5445833206176758 0.7612797617912292 0.007499992847442627 0.004922032356262207
0 0.5095833241939545 0.7612797617912292 0.007499992847442627 0.008203387260437012
0 0.36916667222976685 0.7592288851737976 0.006666660308837891 0.005742430686950684
1 0.6420833468437195 0.7575882077217102 0.007499992847442627 0.004101753234863281
0 0.13833332061767578 0.7584085464477539 0.008333325386047363 0.007383108139038086
0 0.1575000286102295 0.7600492238998413 0.008333325386047363 0.01066446304321289
0 0.35958331823349 0.7588186860084534 0.007500052452087402 0.008203387260437012
0 0.24166667461395264 0.7567678689956665 0.006666660308837891 0.009023785591125488
1 0.17874997854232788 0.7538966536521912 0.00583338737487793 0.006562709808349609
1 0.7458333373069763 0.7526661157608032 0.008333325386047363 0.004101753234863281
1 0.9520833343267441 0.7547169923782349 0.005833335220813751 0.008203387260437012
1 0.2579166889190674 0.7522559762001038 0.009166717529296875 0.004922032356262207
0 0.4441666603088379 0.7551271319389343 0.008333325386047363 0.01066446304321289
0 0.4325000047683716 0.7530763149261475 0.008333325386047363 0.008203387260437012
0 0.20625001192092896 0.7518457770347595 0.00583338737487793 0.007383108139038086
1 0.31208330392837524 0.7506152391433716 0.007500052452087402 0.004922032356262207
0 0.4195833206176758 0.7522559762001038 0.00583338737487793 0.009844183921813965
1 0.9379166681319475 0.7506152391433716 0.007499996572732925 0.006562709808349609
0 0.5525000095367432 0.7481542229652405 0.008333325386047363 0.004922032356262207
0 0.15791666507720947 0.7485644221305847 0.00583338737487793 0.007383108139038086
0 0.2666666507720947 0.7485644221305847 0.006666660308837891 0.007383108139038086
1 0.32083332538604736 0.7489745616912842 0.004999995231628418 0.008203387260437012
1 0.8595833331346512 0.7489745616912842 0.004166662693023682 0.008203387260437012
1 0.002916693687438965 0.7477440237998962 0.00583338737487793 0.007383108139038086
1 0.3883333206176758 0.7543067932128906 0.0183333158493042 0.020508646965026855
1 0.31166666746139526 0.7444626688957214 0.008333325386047363 0.004101753234863281
1 0.4950000047683716 0.744052529335022 0.009999990463256836 0.004922032356262207
0 0.6737500131130219 0.744052529335022 0.007499992847442627 0.004922032356262207
0 0.22166669368743896 0.7432321310043335 0.008333325386047363 0.008203387260437012
1 0.9579166658222675 0.7415914535522461 0.007500000298023224 0.006562709808349609
1 0.10250002145767212 0.7473338842391968 0.014999985694885254 0.01968824863433838
1 0.8179166615009308 0.7407711148262024 0.004166662693023682 0.006562709808349609
0 0.7841666638851166 0.7407711148262024 0.009999990463256836 0.009844183921813965
1 0.20333331823349 0.739130437374115 0.004999995231628418 0.008203387260437012
0 0.16041666269302368 0.7362592220306396 0.007500052452087402 0.005742430686950684
0 0.42624998092651367 0.7358490824699402 0.007500052452087402 0.004922032356262207
1 0.8070833384990692 0.7387202382087708 0.0091666579246521 0.01066446304321289
1 0.4166666865348816 0.7346185445785522 0.008333325386047363 0.004101753234863281
1 0.7754166722297668 0.7358490824699402 0.007499992847442627 0.006562709808349609
1 0.40416663885116577 0.7337982058525085 0.008333325386047363 0.004101753234863281
1 0.027916669845581055 0.7337982058525085 0.00583338737487793 0.005742430686950684
0 0.6916666626930237 0.734208345413208 0.008333325386047363 0.006562709808349609
1 0.39375001192092896 0.7321575284004211 0.007500052452087402 0.004101753234863281
0 0.24666666984558105 0.7313371896743774 0.011666655540466309 0.005742430686950684
1 0.36791664361953735 0.7301066517829895 0.009166717529296875 0.004922032356262207
1 0.18791669607162476 0.7309269905090332 0.007500052452087402 0.008203387260437012
1 0.8058333396911621 0.7288761138916016 0.008333325386047363 0.004101753234863281
0 0.679583340883255 0.7313371896743774 0.012499988079071045 0.01066446304321289
0 0.062083303928375244 0.7255947589874268 0.009166717529296875 0.005742430686950684
1 0.6258333325386047 0.7251845598220825 0.008333325386047363 0.004922032356262207
0 0.9762500002980232 0.7260048985481262 0.007500000298023224 0.006562709808349609
0 0.5949999988079071 0.7255947589874268 0.013333320617675781 0.009023785591125488
0 0.7699999958276749 0.7255947589874268 0.008333325386047363 0.009023785591125488
0 0.7833333313465118 0.7268252372741699 0.011666655540466309 0.011484861373901367
0 0.5679166615009308 0.7235438823699951 0.012499988079071045 0.008203387260437012
1 0.7395833432674408 0.721082866191864 0.007499992847442627 0.004922032356262207
0 0.7520833313465118 0.7227235436439514 0.0091666579246521 0.008203387260437012
1 0.715416669845581 0.7284659743309021 0.024166643619537354 0.024610280990600586
1 0.01791667938232422 0.717391312122345 0.007500052452087402 0.004101753234863281
1 0.12374997138977051 0.7247744202613831 0.014166712760925293 0.018867969512939453
0 0.6929166615009308 0.7186218500137329 0.007499992847442627 0.008203387260437012
1 0.6349999904632568 0.7182116508483887 0.006666660308837891 0.009023785591125488
1 0.7616666704416275 0.716160774230957 0.008333325386047363 0.004922032356262207
1 0.6254166662693024 0.7169811129570007 0.007499992847442627 0.009844183921813965
0 0.43416666984558105 0.7112387418746948 0.008333325386047363 0.006562709808349609
0 0.606249988079071 0.7128794193267822 0.007499992847442627 0.009844183921813965
0 0.23124998807907104 0.7128794193267822 0.00583338737487793 0.011484861373901367
1 0.6624999940395355 0.7083675265312195 0.008333325386047363 0.004101753234863281
1 0.20916664600372314 0.7083675265312195 0.006666660308837891 0.005742430686950684
0 0.5774999856948853 0.7100082039833069 0.006666660308837891 0.009023785591125488
0 0.44458335638046265 0.7095980048179626 0.009166717529296875 0.011484861373901367
0 0.5641666650772095 0.7083675265312195 0.008333325386047363 0.009023785591125488
1 0.24250000715255737 0.7063166499137878 0.006666660308837891 0.006562709808349609
1 0.1274999976158142 0.7046759724617004 0.008333325386047363 0.004922032356262207
0 0.4087499976158142 0.7071369886398315 0.009166717529296875 0.009844183921813965
1 0.5429166555404663 0.7128794193267822 0.020833313465118408 0.02132892608642578
0 0.5220833420753479 0.7046759724617004 0.005833327770233154 0.006562709808349609
0 0.36124998331069946 0.7046759724617004 0.010833382606506348 0.008203387260437012
0 0.5099999904632568 0.7038556337356567 0.008333325386047363 0.008203387260437012
0 0.6804166734218597 0.7034454345703125 0.0091666579246521 0.007383108139038086
1 0.02499997615814209 0.7013945579528809 0.006666660308837891 0.004922032356262207
0 0.7370833456516266 0.7038556337356567 0.007499992847442627 0.009844183921813965
0 0.6941666603088379 0.7005742192268372 0.006666660308837891 0.008203387260437012
0 0.29124999046325684 0.6977030634880066 0.007500052452087402 0.005742430686950684
1 0.941666666418314 0.6972928643226624 0.009999997913837433 0.004922032356262207
1 0.9916666662320495 0.6948318481445312 0.009999999776482582 0.004922032356262207
0 0.44208335876464844 0.6964725255966187 0.010833382606506348 0.009844183921813965
0 0.2549999952316284 0.6936013102531433 0.006666660308837891 0.005742430686950684
1 0.3216666579246521 0.694421648979187 0.004999995231628418 0.007383108139038086
0 0.4079166650772095 0.6940115094184875 0.007500052452087402 0.006562709808349609
1 0.6229166686534882 0.6948318481445312 0.004166662693023682 0.008203387260437012
1 0.9287500008940697 0.694421648979187 0.007499992847442627 0.007383108139038086
1 0.011666655540466309 0.6923707723617554 0.009999990463256836 0.004922032356262207
1 0.776666671037674 0.7013945579528809 0.023333340883255005 0.022969603538513184
0 0.24541664123535156 0.6931911110877991 0.007500052452087402 0.008203387260437012
1 0.3891666531562805 0.699343740940094 0.0183333158493042 0.020508646965026855
0 0.5633333325386047 0.6923707723617554 0.006666660308837891 0.006562709808349609
1 0.31208330392837524 0.6931911110877991 0.007500052452087402 0.009844183921813965
0 0.5379166603088379 0.6915504336357117 0.0091666579246521 0.008203387260437012
0 0.37041664123535156 0.6915504336357117 0.009166717529296875 0.009844183921813965
0 0.7391666769981384 0.690730094909668 0.009999990463256836 0.008203387260437012
1 0.03583335876464844 0.6870385408401489 0.008333325386047363 0.005742430686950684
0 0.71875 0.6886792182922363 0.014166653156280518 0.009023785591125488
1 0.6241666674613953 0.6866284012794495 0.006666660308837891 0.006562709808349609
0 0.6899999976158142 0.6862182021141052 0.008333325386047363 0.005742430686950684
1 0.6791666746139526 0.6853978633880615 0.006666660308837891 0.005742430686950684
1 0.4674999713897705 0.6841673254966736 0.008333325386047363 0.004922032356262207
0 0.2920833230018616 0.6825266480445862 0.009166717529296875 0.006562709808349609
0 0.4100000262260437 0.681296169757843 0.008333325386047363 0.005742430686950684
1 0.45749998092651367 0.6804757714271545 0.008333325386047363 0.004101753234863281
1 0.1808333396911621 0.6800656318664551 0.006666660308837891 0.006562709808349609
1 0.5979166626930237 0.6882690787315369 0.020833313465118408 0.022969603538513184
0 0.23416668176651 0.6788350939750671 0.006666660308837891 0.007383108139038086
0 0.2475000023841858 0.6788350939750671 0.009999990463256836 0.007383108139038086
1 0.4208333492279053 0.6788350939750671 0.004999995231628418 0.007383108139038086
1 0.28083330392837524 0.676374077796936 0.008333325386047363 0.004101753234863281
0 0.22458332777023315 0.6767842769622803 0.007500052452087402 0.006562709808349609
0 0.7400000095367432 0.6771944165229797 0.009999990463256836 0.007383108139038086
0 0.5366666615009308 0.676374077796936 0.008333325386047363 0.007383108139038086
1 0.46666663885116577 0.6759638786315918 0.006666660308837891 0.009844183921813965
0 0.7083333432674408 0.6739130616188049 0.006666660308837891 0.005742430686950684
0 0.7520833313465118 0.6759638786315918 0.0091666579246521 0.009844183921813965
0 0.7229166626930237 0.6735028624534607 0.0091666579246521 0.009844183921813965
1 0.9512500017881393 0.6702215075492859 0.007500000298023224 0.004922032356262207
1 0.1458333134651184 0.676374077796936 0.014999985694885254 0.018867969512939453
0 0.26249998807907104 0.671451985836029 0.006666660308837891 0.009023785591125488
1 0.31333333253860474 0.668990969657898 0.008333325386047363 0.004101753234863281
0 0.27125000953674316 0.6694011688232422 0.010833382606506348 0.006562709808349609
0 0.29124999046325684 0.6706316471099854 0.009166717529296875 0.009023785591125488
1 0.7654166668653488 0.6698113083839417 0.004166662693023682 0.007383108139038086
0 0.13041669130325317 0.6702215075492859 0.007500052452087402 0.009844183921813965
1 0.43833333253860474 0.6755537390708923 0.0183333158493042 0.020508646965026855
0 0.32208335399627686 0.6694011688232422 0.00583338737487793 0.009844183921813965
0 0.15666669607162476 0.6648892760276794 0.008333325386047363 0.004101753234863281
0 0.23458331823349 0.6652994155883789 0.007500052452087402 0.006562709808349609
1 0.5649999976158142 0.6648892760276794 0.008333325386047363 0.005742430686950684
0 0.5758333206176758 0.6648892760276794 0.008333325386047363 0.007383108139038086
0 0.7837499976158142 0.6644790768623352 0.007499992847442627 0.008203387260437012
0 0.37166666984558105 0.6652994155883789 0.008333325386047363 0.011484861373901367
0 0.7695833295583725 0.6616078615188599 0.007499992847442627 0.005742430686950684
0 0.7379166781902313 0.6607875227928162 0.007499992847442627 0.007383108139038086
0 0.7516666650772095 0.6607875227928162 0.008333325386047363 0.007383108139038086
1 0.18291664123535156 0.6591468453407288 0.007500052452087402 0.005742430686950684
1 0.6349999904632568 0.6566858291625977 0.008333325386047363 0.005742430686950684
1 0.02875000238418579 0.6550450921058655 0.007500052452087402 0.004101753234863281
0 0.1912500262260437 0.6583265066146851 0.007500052452087402 0.01066446304321289
1 0.6254166662693024 0.6550450921058655 0.007499992847442627 0.004101753234863281
1 0.6845833361148834 0.6644790768623352 0.02249997854232788 0.022969603538513184
0 0.4337499737739563 0.654634952545166 0.007500052452087402 0.006562709808349609
0 0.44458335638046265 0.654634952545166 0.007500052452087402 0.006562709808349609
0 0.4100000262260437 0.6529942750930786 0.008333325386047363 0.006562709808349609
1 0.5979166626930237 0.6591468453407288 0.020833313465118408 0.02379000186920166
0 0.5770833194255829 0.6505331993103027 0.007499992847442627 0.008203387260437012
0 0.5641666650772095 0.6488925218582153 0.008333325386047363 0.006562709808349609
1 0.009583353996276855 0.6472518444061279 0.009166717529296875 0.004922032356262207
0 0.5370833277702332 0.6468416452407837 0.007499992847442627 0.005742430686950684
0 0.5479166805744171 0.6484823822975159 0.0091666579246521 0.009023785591125488
1 0.14666664600372314 0.6517637372016907 0.014999985694885254 0.018867969512939453
1 0.9516666680574417 0.6456111669540405 0.013333335518836975 0.006562709808349609
0 0.7695833295583725 0.6468416452407837 0.010833323001861572 0.01066446304321289
0 0.11124998331069946 0.6427399516105652 0.007500052452087402 0.007383108139038086
1 0.0045833587646484375 0.6398687362670898 0.009166717529296875 0.004922032356262207
1 0.24708330631256104 0.6402789354324341 0.00583338737487793 0.007383108139038086
0 0.6770833432674408 0.6406890749931335 0.007499992847442627 0.008203387260437012
0 0.6916666626930237 0.6410992741584778 0.009999990463256836 0.009023785591125488
0 0.43458330631256104 0.6394585967063904 0.009166717529296875 0.007383108139038086
1 0.38999998569488525 0.6443806290626526 0.0183333158493042 0.020508646965026855
0 0.1445833444595337 0.6333059668540955 0.007500052452087402 0.006562709808349609
0 0.5108333230018616 0.6316652894020081 0.008333325386047363 0.006562709808349609
0 0.767916664481163 0.6320754885673523 0.007499992847442627 0.007383108139038086
1 0.1837499737739563 0.6320754885673523 0.007500052452087402 0.009023785591125488
0 0.2920833230018616 0.6312551498413086 0.007500052452087402 0.007383108139038086
0 0.5216666758060455 0.6308449506759644 0.008333325386047363 0.008203387260437012
0 0.7370833456516266 0.6312551498413086 0.007499992847442627 0.009023785591125488
0 0.12374997138977051 0.6304348111152649 0.007500052452087402 0.009023785591125488
1 0.7145833373069763 0.6361771821975708 0.02249997854232788 0.022149324417114258
1 0.037083327770233154 0.6263330578804016 0.007500052452087402 0.004101753234863281
1 0.6762500107288361 0.6275635957717896 0.005833327770233154 0.006562709808349609
0 0.6929166615009308 0.629204273223877 0.007499992847442627 0.009844183921813965
1 0.021250009536743164 0.6255127191543579 0.00583338737487793 0.009023785591125488
0 0.37166666984558105 0.6222313642501831 0.008333325386047363 0.007383108139038086
0 0.39666664600372314 0.6226415038108826 0.006666660308837891 0.008203387260437012
1 0.5979166626930237 0.6296144127845764 0.020833313465118408 0.022149324417114258
0 0.15291666984558105 0.6214109659194946 0.00583338737487793 0.007383108139038086
1 0.5754166543483734 0.6197702884674072 0.007499992847442627 0.005742430686950684
0 0.5641666650772095 0.6201804876327515 0.008333325386047363 0.008203387260437012
1 0.8554166704416275 0.6189499497413635 0.004166662693023682 0.005742430686950684
1 0.10916668176651001 0.6246923804283142 0.014999985694885254 0.018867969512939453
1 0.45916664600372314 0.6193601489067078 0.008333325386047363 0.009844183921813965
0 0.5204166769981384 0.6168990731239319 0.007499992847442627 0.006562709808349609
1 0.6441666781902313 0.6123871803283691 0.008333325386047363 0.004101753234863281
1 0.4391666650772095 0.6197702884674072 0.0183333158493042 0.020508646965026855
0 0.7087500095367432 0.6136177182197571 0.010833323001861572 0.009844183921813965
0 0.6912499964237213 0.6115668416023254 0.007499992847442627 0.009023785591125488
0 0.15291666984558105 0.6091058254241943 0.007500052452087402 0.005742430686950684
0 0.3229166865348816 0.6132075190544128 0.007500052452087402 0.013945817947387695
0 0.37291663885116577 0.6103363633155823 0.00583338737487793 0.008203387260437012
0 0.1666666865348816 0.6095160245895386 0.009999990463256836 0.008203387260437012
0 0.6783333420753479 0.611156702041626 0.011666655540466309 0.011484861373901367
0 0.7216666638851166 0.611156702041626 0.009999990463256836 0.011484861373901367
0 0.6033333241939545 0.6074651479721069 0.008333325386047363 0.007383108139038086
1 0.04916667938232422 0.6070549488067627 0.008333325386047363 0.008203387260437012
1 0.8008333295583725 0.605004072189331 0.006666660308837891 0.004101753234863281
1 0.5 0.6041837334632874 0.008333325386047363 0.004101753234863281
0 0.5387499928474426 0.6054142713546753 0.010833323001861572 0.008203387260437012
1 0.026666641235351562 0.6013125777244568 0.008333325386047363 0.004922032356262207
0 0.11624997854232788 0.6037735939025879 0.00583338737487793 0.009844183921813965
1 0.9466666653752327 0.6013125777244568 0.009999997913837433 0.004922032356262207
1 0.18541663885116577 0.6025430560112 0.00583338737487793 0.009023785591125488
0 0.7529166638851166 0.6029532551765442 0.007499992847442627 0.009844183921813965
1 0.7750000059604645 0.6091058254241943 0.023333340883255005 0.022149324417114258
1 0.7379166781902313 0.5992617011070251 0.007499992847442627 0.005742430686950684
1 0.9391666669398546 0.6000820398330688 0.004999998956918716 0.007383108139038086
1 0.005416691303253174 0.5992617011070251 0.004166722297668457 0.007383108139038086
0 0.71875 0.5984413623809814 0.010833323001861572 0.009023785591125488
0 0.6066666543483734 0.5976210236549377 0.004999995231628418 0.009023785591125488
1 0.12958335876464844 0.6013125777244568 0.014166712760925293 0.018047571182250977
0 0.3383333086967468 0.5951599478721619 0.008333325386047363 0.005742430686950684
1 0.5695833265781403 0.5988515019416809 0.020833313465118408 0.02132892608642578
0 0.4670833349227905 0.5910582542419434 0.007500052452087402 0.009023785591125488
0 0.5370833277702332 0.589417576789856 0.007499992847442627 0.005742430686950684
1 0.03750002384185791 0.5902379155158997 0.004999995231628418 0.009023785591125488
0 0.5129166543483734 0.5873667001724243 0.010833323001861572 0.006562709808349609
1 0.9366666655987501 0.5861361622810364 0.008333336561918259 0.004101753234863281
1 0.31583333015441895 0.5840853452682495 0.004999995231628418 0.008203387260437012
0 0.3233333230018616 0.5865463614463806 0.006666660308837891 0.01312553882598877
1 0.9537499994039536 0.5824446082115173 0.009166665375232697 0.004922032356262207
1 0.9633333347737789 0.5824446082115173 0.0066666677594184875 0.004922032356262207
1 0.972916666418314 0.5828548073768616 0.009166665375232697 0.005742430686950684
1 0.19249999523162842 0.5824446082115173 0.004999995231628418 0.008203387260437012
0 0.3737499713897705 0.583264946937561 0.007500052452087402 0.009844183921813965
0 0.1458333134651184 0.5824446082115173 0.008333325386047363 0.009844183921813965
1 0.9845833331346512 0.5816242694854736 0.010833334177732468 0.008203387260437012
0 0.1354166865348816 0.5816242694854736 0.007500052452087402 0.009844183921813965
1 0.9229166656732559 0.5791632533073425 0.005833327770233154 0.006562709808349609
0 0.1066666841506958 0.5799835920333862 0.008333325386047363 0.011484861373901367
1 0.17041665315628052 0.5791632533073425 0.015833377838134766 0.01968824863433838
0 0.1537500023841858 0.5713699460029602 0.009166717529296875 0.007383108139038086
1 0.6891666650772095 0.5689089298248291 0.008333325386047363 0.004101753234863281
1 0.9408333338797092 0.5705496072769165 0.00833333283662796 0.007383108139038086
0 0.11624997854232788 0.5705496072769165 0.007500052452087402 0.009023785591125488
1 0.853750005364418 0.5656275749206543 0.004166662693023682 0.005742430686950684
1 0.731249988079071 0.5623461604118347 0.005833327770233154 0.005742430686950684
1 0.9916666662320495 0.5570139288902283 0.011666666716337204 0.008203387260437012
1 0.04791665077209473 0.5533223748207092 0.004166722297668457 0.005742430686950684
0 0.7666666656732559 0.5545529127120972 0.008333325386047363 0.008203387260437012
1 0.7820833325386047 0.5541427135467529 0.005833327770233154 0.007383108139038086
0 0.6891666650772095 0.5525020360946655 0.008333325386047363 0.007383108139038086
1 0.9762500002980232 0.5516816973686218 0.007500000298023224 0.005742430686950684
0 0.22166669368743896 0.5504512190818787 0.011666655540466309 0.006562709808349609
1 0.6020833253860474 0.5500410199165344 0.007499992847442627 0.005742430686950684
1 0.14499998092651367 0.548400342464447 0.008333325386047363 0.004101753234863281
1 0.17500001192092896 0.548400342464447 0.011666655540466309 0.005742430686950684
1 0.23374998569488525 0.548400342464447 0.009166717529296875 0.009023785591125488
0 0.5633333325386047 0.5479901432991028 0.008333325386047363 0.008203387260437012
1 0.9216666668653488 0.5463494658470154 0.008333340287208557 0.004922032356262207
1 0.7962500005960464 0.5508613586425781 0.010833323001861572 0.015586495399475098
1 0.9424999989569187 0.5455291271209717 0.0066666677594184875 0.004922032356262207
0 0.6741666793823242 0.548400342464447 0.006666660308837891 0.012305140495300293
1 0.19249999523162842 0.544708788394928 0.009999990463256836 0.006562709808349609
1 0.22416669130325317 0.54347825050354 0.004999995231628418 0.005742430686950684
1 0.24541664123535156 0.5442985892295837 0.004166722297668457 0.007383108139038086
1 0.9316666647791862 0.5418375730514526 0.006666660308837891 0.005742430686950684
0 0.3737499713897705 0.5414273738861084 0.010833382606506348 0.009844183921813965
1 0.46791666746139526 0.5414273738861084 0.007500052452087402 0.009844183921813965
0 0.7658333331346512 0.5414273738861084 0.008333325386047363 0.009844183921813965
0 0.7791666686534882 0.5418375730514526 0.013333320617675781 0.012305140495300293
0 0.2720833420753479 0.5389663577079773 0.007500052452087402 0.008203387260437012
0 0.22958332300186157 0.5373256802558899 0.00583338737487793 0.006562709808349609
1 0.19541668891906738 0.5344544649124146 0.00583338737487793 0.007383108139038086
0 0.5745833218097687 0.5352748036384583 0.0091666579246521 0.009023785591125488
1 0.5420833230018616 0.5410172343254089 0.020833313465118408 0.022149324417114258
1 0.3162500262260437 0.5344544649124146 0.007500052452087402 0.01066446304321289
0 0.10750001668930054 0.5319934487342834 0.004999995231628418 0.009023785591125488
0 0.3983333110809326 0.5299425721168518 0.006666660308837891 0.008203387260437012
1 0.4166666865348816 0.536095142364502 0.0183333158493042 0.020508646965026855
0 0.36374998092651367 0.5295324325561523 0.009166717529296875 0.009023785591125488
1 0.9200000017881393 0.526661217212677 0.008333340287208557 0.004922032356262207
0 0.7158333361148834 0.5254306793212891 0.011666655540466309 0.007383108139038086
1 0.17291665077209473 0.5299425721168518 0.015833377838134766 0.018047571182250977
0 0.7491666674613953 0.5246103405952454 0.006666660308837891 0.007383108139038086
0 0.14916664361953735 0.5233798027038574 0.008333325386047363 0.008203387260437012
0 0.6579166650772095 0.52173912525177 0.007499992847442627 0.004922032356262207
1 0.6116666793823242 0.5205085873603821 0.006666660308837891 0.004101753234863281
1 0.9287500008940697 0.5213289856910706 0.009166672825813293 0.005742430686950684
0 0.04791665077209473 0.5188679099082947 0.009166717529296875 0.007383108139038086
0 0.589166671037674 0.5196882486343384 0.008333325386047363 0.009023785591125488
1 0.6212500035762787 0.5188679099082947 0.0091666579246521 0.009023785591125488
0 0.3883333206176758 0.5164068937301636 0.006666660308837891 0.005742430686950684
0 0.3987500071525574 0.5159966945648193 0.007500052452087402 0.006562709808349609
0 0.5354166626930237 0.5172272324562073 0.0091666579246521 0.01066446304321289
0 0.4579166769981384 0.5143560171127319 0.00583338737487793 0.008203387260437012
1 0.029999971389770508 0.5114848017692566 0.008333325386047363 0.004101753234863281
1 0.9337500035762787 0.5110746622085571 0.005833327770233154 0.004922032356262207
1 0.9658333333209157 0.5106644630432129 0.011666664853692055 0.005742430686950684
1 0.7720833271741867 0.518047571182251 0.02416667342185974 0.022149324417114258
0 0.12958335876464844 0.5102543234825134 0.007500052452087402 0.008203387260437012
1 0.1875 0.5098441243171692 0.004999995231628418 0.007383108139038086
0 0.7487500011920929 0.5118950009346008 0.010833323001861572 0.011484861373901367
0 0.1691666841506958 0.5102543234825134 0.008333325386047363 0.009844183921813965
0 0.10874998569488525 0.508613646030426 0.00583338737487793 0.008203387260437012
1 0.4583333134651184 0.5065627694129944 0.006666660308837891 0.005742430686950684
0 0.5895833373069763 0.5073831081390381 0.007499992847442627 0.009023785591125488
0 0.601666659116745 0.5069729089736938 0.009999990463256836 0.008203387260437012
0 0.48874998092651367 0.5057424306869507 0.00583338737487793 0.007383108139038086
1 0.5691666603088379 0.5127153396606445 0.019999980926513672 0.02132892608642578
1 0.1966666579246521 0.5053322315216064 0.006666660308837891 0.008203387260437012
0 0.43416666984558105 0.5061525702476501 0.006666660308837891 0.009844183921813965
0 0.5104166567325592 0.5045118927955627 0.007499992847442627 0.006562709808349609
0 0.5458333194255829 0.5045118927955627 0.011666655540466309 0.008203387260437012
0 0.39916664361953735 0.5036915391683578 0.006666660308837891 0.0082034170627594
1 0.4166666865348816 0.5094339847564697 0.0183333158493042 0.01968824863433838
0 0.4441666603088379 0.5020508617162704 0.009999990463256836 0.006562739610671997
1 0.9941666666418314 0.5020508617162704 0.011666666716337204 0.006562739610671997
0 0.3737499713897705 0.5012305229902267 0.007500052452087402 0.006562739610671997
1 0.1537500023841858 0.5057424455881119 0.015833377838134766 0.017227262258529663
1 0.16958332061767578 0.5 0.00583338737487793 0.007383108139038086
1 0.21666663885116577 0.4991796612739563 0.004999995231628418 0.007383108139038086
0 0.20916664600372314 0.49794915318489075 0.008333325386047363 0.008203446865081787
1 0.31208330392837524 0.49712876975536346 0.00583338737487793 0.0082034170627594
0 0.7341666519641876 0.4950779378414154 0.008333325386047363 0.007383108139038086
0 0.7491666674613953 0.49466776847839355 0.006666660308837891 0.006562769412994385
0 0.5908333361148834 0.49302706122398376 0.009999990463256836 0.008203446865081787
0 0.601666659116745 0.49302706122398376 0.008333325386047363 0.008203446865081787
0 0.5108333230018616 0.49138638377189636 0.008333325386047363 0.006562769412994385
0 0.375 0.48974570631980896 0.006666660308837891 0.006562769412994385
1 0.021666646003723145 0.4876948297023773 0.008333325386047363 0.004101693630218506
1 0.03583335876464844 0.4868744909763336 0.008333325386047363 0.004101693630218506
0 0.3645833134651184 0.48892533779144287 0.00583338737487793 0.008203446865081787
0 0.4483333230018616 0.48892533779144287 0.004999995231628418 0.008203446865081787
1 0.04500001668930054 0.4868744909763336 0.004999995231628418 0.005742430686950684
1 0.4795833230018616 0.4860541522502899 0.010833382606506348 0.005742430686950684
0 0.2579166889190674 0.4835931062698364 0.007500052452087402 0.005742430686950684
0 0.7504166662693024 0.4840032756328583 0.005833327770233154 0.008203446865081787
1 0.019999980926513672 0.4811320900917053 0.008333325386047363 0.004101693630218506
1 0.10958331823348999 0.481952428817749 0.004166722297668457 0.007383108139038086
1 0.032083332538604736 0.48031172156333923 0.009166717529296875 0.005742430686950684
1 0.1899999976158142 0.481952428817749 0.006666660308837891 0.009023785591125488
1 0.32791668176651 0.4815422594547272 0.007500052452087402 0.008203446865081787
1 0.7716666609048843 0.488515168428421 0.023333340883255005 0.022149324417114258
1 0.04208332300186157 0.4790812134742737 0.009166717529296875 0.004922091960906982
0 0.7170833349227905 0.4811320900917053 0.0091666579246521 0.009023785591125488
1 0.7562499940395355 0.47785070538520813 0.007499992847442627 0.004101693630218506
0 0.590416669845581 0.47867104411125183 0.0091666579246521 0.007383108139038086
1 0.6958333253860474 0.47703036665916443 0.008333325386047363 0.004101693630218506
0 0.1495833396911621 0.47785070538520813 0.00583338737487793 0.007383108139038086
0 0.3879166841506958 0.47826087474823 0.00583338737487793 0.008203446865081787
1 0.17500001192092896 0.4823625981807709 0.014999985694885254 0.018047571182250977
0 0.26249998807907104 0.47620999813079834 0.006666660308837891 0.005742430686950684
0 0.29750001430511475 0.47620999813079834 0.006666660308837891 0.005742430686950684
1 0.4179166555404663 0.4831829369068146 0.01750004291534424 0.01968824863433838
1 0.1575000286102295 0.4749794900417328 0.008333325386047363 0.004922091960906982
1 0.45666664838790894 0.4733388125896454 0.006666660308837891 0.004922091960906982
1 0.919583335518837 0.47210827469825745 0.009166672825813293 0.005742430686950684
1 0.43166667222976685 0.47128793597221375 0.004999995231628418 0.009023785591125488
1 0.996666666585952 0.46882691979408264 0.006666666828095913 0.004101693630218506
1 0.25333333015441895 0.46554553508758545 0.008333325386047363 0.004101693630218506
1 0.33916664123535156 0.4651353657245636 0.006666660308837891 0.006562769412994385
1 0.32791668176651 0.46308448910713196 0.007500052452087402 0.004101693630218506
0 0.5370833277702332 0.4643150269985199 0.007499992847442627 0.006562769412994385
0 0.11416667699813843 0.4643150269985199 0.008333325386047363 0.008203446865081787
1 0.1524999737739563 0.46390482783317566 0.006666660308837891 0.007383108139038086
0 0.2758333086967468 0.4643150269985199 0.006666660308837891 0.008203446865081787
0 0.6866666674613953 0.4651353657245636 0.009999990463256836 0.00984412431716919
1 0.972916666418314 0.46226415038108826 0.007500000298023224 0.004101693630218506
0 0.10458332300186157 0.46308448910713196 0.00583338737487793 0.007383108139038086
0 0.16166669130325317 0.4634946584701538 0.006666660308837891 0.008203446865081787
1 0.036666691303253174 0.4618539810180664 0.009999990463256836 0.006562769412994385
1 0.19833332300186157 0.46144381165504456 0.006666660308837891 0.007383108139038086
1 0.9950000001117587 0.460213303565979 0.009999999776482582 0.004922091960906982
1 0.052916646003723145 0.460213303565979 0.00583338737487793 0.006562769412994385
0 0.4362499713897705 0.4618539810180664 0.009166717529296875 0.011484801769256592
1 0.5420833230018616 0.4585725963115692 0.005833327770233154 0.008203446865081787
1 0.28083330392837524 0.4577522575855255 0.004999995231628418 0.008203446865081787
0 0.19083333015441895 0.45898276567459106 0.006666660308837891 0.012305140495300293
0 0.6616666615009308 0.45570138096809387 0.009999990463256836 0.005742430686950684
0 0.3191666603088379 0.4585725963115692 0.006666660308837891 0.01312553882598877
1 0.4700000286102295 0.4569319188594818 0.008333325386047363 0.00984412431716919
1 0.32875001430511475 0.455291211605072 0.007500052452087402 0.008203446865081787
0 0.4595833420753479 0.45816242694854736 0.007500052452087402 0.01394587755203247
1 0.6183333396911621 0.4585725963115692 0.008333325386047363 0.014766216278076172
1 0.17624998092651367 0.45816242694854736 0.015833377838134766 0.017227232456207275
0 0.14249998331069946 0.45324036478996277 0.006666660308837891 0.009023785591125488
0 0.7629166692495346 0.45242002606391907 0.005833327770233154 0.007383108139038086
1 0.3712499737739563 0.45734208822250366 0.01750004291534424 0.018867909908294678
0 0.6733333468437195 0.4528301954269409 0.008333325386047363 0.00984412431716919
1 0.7104166746139526 0.4585725963115692 0.02249997854232788 0.021328985691070557
0 0.7783333361148834 0.4536505341529846 0.009999990463256836 0.011484801769256592
0 0.5112499892711639 0.4499589800834656 0.007499992847442627 0.005742430686950684
0 0.5633333325386047 0.4503691494464874 0.008333325386047363 0.006562769412994385
0 0.4462500214576721 0.4507793188095093 0.010833382606506348 0.009023785591125488
1 0.5954166650772095 0.45734208822250366 0.020833313465118408 0.022149324417114258
0 0.3087499737739563 0.4384741485118866 0.007500052452087402 0.007383108139038086
1 0.715416669845581 0.4376538097858429 0.007499992847442627 0.005742430686950684
0 0.7333333194255829 0.4376538097858429 0.006666660308837891 0.005742430686950684
1 0.994583333376795 0.43724364042282104 0.009166666306555271 0.004922091960906982
1 0.03250002861022949 0.4376538097858429 0.004999995231628418 0.007383108139038086
0 0.6462500095367432 0.4368334710597992 0.007499992847442627 0.005742430686950684
1 0.5095833241939545 0.4360131323337555 0.005833327770233154 0.007383108139038086
1 0.5229166746139526 0.4360131323337555 0.005833327770233154 0.007383108139038086
0 0.5366666615009308 0.43642330169677734 0.008333325386047363 0.008203446865081787
0 0.601666659116745 0.4360131323337555 0.009999990463256836 0.009023785591125488
1 0.4583333134651184 0.43396225571632385 0.004999995231628418 0.008203446865081787
1 0.9712500004097819 0.43232157826423645 0.007499998435378075 0.004922091960906982
1 0.30416667461395264 0.43150123953819275 0.006666660308837891 0.004922091960906982
0 0.3891666531562805 0.4351927936077118 0.006666660308837891 0.012305140495300293
1 0.6179166734218597 0.433552086353302 0.0091666579246521 0.009023785591125488
0 0.125 0.4327317476272583 0.004999995231628418 0.009023785591125488
1 0.15791666507720947 0.43478259444236755 0.014166712760925293 0.018047571182250977
1 0.4700000286102295 0.43068090081214905 0.008333325386047363 0.00984412431716919
0 0.24166667461395264 0.42698934674263 0.009999990463256836 0.007383108139038086
1 0.6179166734218597 0.4278096854686737 0.0091666579246521 0.009023785591125488
1 0.628333330154419 0.4286300241947174 0.008333325386047363 0.01066446304321289
0 0.3670833110809326 0.42657917737960815 0.009166717529296875 0.008203446865081787
1 0.9566666670143604 0.4245283007621765 0.0066666677594184875 0.004101693630218506
0 0.39916664361953735 0.42575880885124207 0.011666655540466309 0.008203446865081787
0 0.44749999046325684 0.4245283007621765 0.006666660308837891 0.005742430686950684
1 0.004166662693023682 0.4237079620361328 0.008333325386047363 0.005742430686950684
1 0.41874998807907104 0.4310910701751709 0.01750004291534424 0.02050858736038208
1 0.20999997854232788 0.422067254781723 0.006666660308837891 0.004101693630218506
0 0.7012499868869781 0.42493847012519836 0.007499992847442627 0.00984412431716919
0 0.7470833361148834 0.42493847012519836 0.0091666579246521 0.00984412431716919
1 0.2200000286102295 0.4245283007621765 0.008333325386047363 0.01066446304321289
1 0.5683333277702332 0.42986053228378296 0.019999980926513672 0.021328985691070557
1 0.679583340883255 0.42986053228378296 0.02249997854232788 0.021328985691070557
0 0.7333333194255829 0.422067254781723 0.008333325386047363 0.005742430686950684
0 0.7620833367109299 0.4237079620361328 0.007499992847442627 0.009023785591125488
1 0.2737500071525574 0.4204265773296356 0.007500052452087402 0.005742430686950684
0 0.7720833271741867 0.42001640796661377 0.0091666579246521 0.004922091960906982
0 0.2920833230018616 0.42083674669265747 0.007500052452087402 0.008203446865081787
0 0.9337500017136335 0.4134536385536194 0.009166669100522995 0.006562769412994385
1 0.9716666648164392 0.4093519151210785 0.00833333469927311 0.004922091960906982
0 0.07583332061767578 0.4060705602169037 0.006666660308837891 0.006562769412994385
0 0.1499999761581421 0.40155866742134094 0.008333325386047363 0.004101693630218506
0 0.9783333335071802 0.4019688367843628 0.00833333283662796 0.006562769412994385
1 0.29750001430511475 0.39827728271484375 0.008333325386047363 0.004101693630218506
1 0.09041666984558105 0.39417555928230286 0.004166722297668457 0.005742430686950684
0 0.714166671037674 0.3921246826648712 0.008333325386047363 0.004922091960906982
0 0.3008333444595337 0.3896636664867401 0.006666660308837891 0.006562769412994385
0 0.19541668891906738 0.39007383584976196 0.00583338737487793 0.009023785591125488
1 0.35750001668930054 0.38679245114326477 0.006666660308837891 0.004101693630218506
0 0.08125001192092896 0.38761278986930847 0.00583338737487793 0.007383108139038086
1 0.32249999046325684 0.38679245114326477 0.006666660308837891 0.007383108139038086
0 0.41458332538604736 0.3863822817802429 0.007500052452087402 0.008203446865081787
1 0.26375001668930054 0.3843314051628113 0.004166722297668457 0.007383108139038086
0 0.5370833277702332 0.3843314051628113 0.007499992847442627 0.007383108139038086
0 0.14541667699813843 0.3831008970737457 0.00583338737487793 0.006562769412994385
1 0.17958331108093262 0.3880229592323303 0.014166712760925293 0.018047571182250977
0 0.6008333265781403 0.382280558347702 0.006666660308837891 0.006562769412994385
1 0.004166662693023682 0.3806398808956146 0.008333325386047363 0.004922091960906982
1 0.3229166865348816 0.3806398808956146 0.00583338737487793 0.006562769412994385
0 0.4612500071525574 0.382280558347702 0.007500052452087402 0.00984412431716919
1 0.017499983310699463 0.3794093430042267 0.011666655540466309 0.005742430686950684
0 0.2900000214576721 0.37981951236724854 0.004999995231628418 0.008203446865081787
1 0.47083336114883423 0.37899917364120483 0.008333325386047363 0.00984412431716919
0 0.3670833110809326 0.378589004278183 0.007500052452087402 0.01066446304321289
1 0.39625000953674316 0.3814602196216583 0.01750004291534424 0.018047571182250977
0 0.43791669607162476 0.3744872808456421 0.00583338737487793 0.007383108139038086
1 0.002916693687438965 0.37161606550216675 0.00583338737487793 0.006562769412994385
0 0.15583330392837524 0.3703855574131012 0.004999995231628418 0.007383108139038086
1 0.5683333277702332 0.3769483268260956 0.019999980926513672 0.02050858736038208
1 0.629583328962326 0.3687448799610138 0.007499992847442627 0.004101693630218506
0 0.11666667461395264 0.37079572677612305 0.006666660308837891 0.00984412431716919
0 0.5895833373069763 0.3695652186870575 0.0091666579246521 0.007383108139038086
1 0.9866666663438082 0.3679245412349701 0.00833333283662796 0.004101693630218506
1 0.19625002145767212 0.367104172706604 0.007500052452087402 0.005742430686950684
0 0.6858333349227905 0.3679245412349701 0.008333325386047363 0.009023785591125488
1 0.7083333432674408 0.37325677275657654 0.021666646003723145 0.021328985691070557
1 0.767916664481163 0.37161606550216675 0.02250000834465027 0.021328985691070557
0 0.4245833158493042 0.3621821105480194 0.007500052452087402 0.005742430686950684
1 0.1808333396911621 0.3646431565284729 0.014999985694885254 0.017227232456207275
0 0.5475000143051147 0.3580803871154785 0.008333325386047363 0.007383108139038086
0 0.8370833396911621 0.3564397096633911 0.005833327770233154 0.007383108139038086
0 0.9675000011920929 0.3543888330459595 0.0066666677594184875 0.008203446865081787
1 0.9824999999254942 0.3515176475048065 0.0066666677594184875 0.004101693630218506
0 0.6854166686534882 0.3523379862308502 0.007499992847442627 0.009023785591125488
1 0.2120833396911621 0.3494667708873749 0.00583338737487793 0.006562769412994385
0 0.7450000047683716 0.3502871096134186 0.006666660308837891 0.008203446865081787
1 0.4437500238418579 0.3547990024089813 0.01750004291534424 0.018867909908294678
0 0.760000005364418 0.3494667708873749 0.008333325386047363 0.008203446865081787
0 0.18583333492279053 0.3470057547092438 0.006666660308837891 0.008203446865081787
1 0.3241666555404663 0.3470057547092438 0.004999995231628418 0.008203446865081787
0 0.2383333444595337 0.345365047454834 0.006666660308837891 0.006562769412994385
1 0.6195833384990692 0.34659555554389954 0.0091666579246521 0.01066446304321289
0 0.5733333230018616 0.34331420063972473 0.006666660308837891 0.005742430686950684
0 0.03333336114883423 0.34249386191368103 0.008333325386047363 0.005742430686950684
0 0.2591666579246521 0.34331420063972473 0.006666660308837891 0.007383108139038086
1 0.5949999988079071 0.3494667708873749 0.019999980926513672 0.01968824863433838
0 0.2920833230018616 0.34249386191368103 0.009166717529296875 0.007383108139038086
1 0.9391666669398546 0.3412633240222931 0.006666664034128189 0.006562769412994385
0 0.6091666519641876 0.3396226465702057 0.008333325386047363 0.004922091960906982
0 0.6708333194255829 0.34085315465927124 0.008333325386047363 0.009023785591125488
1 0.14291667938232422 0.34331420063972473 0.014166712760925293 0.017227232456207275
1 0.7070833444595337 0.345365047454834 0.02249997854232788 0.021328985691070557
0 0.1575000286102295 0.3396226465702057 0.006666660308837891 0.011484801769256592
1 0.1966666579246521 0.34003281593322754 0.006666660308837891 0.012305140495300293
0 0.7758333384990692 0.3396226465702057 0.008333325386047363 0.011484801769256592
0 0.16708332300186157 0.33757176995277405 0.007500052452087402 0.009023785591125488
0 0.731249988079071 0.33757176995277405 0.010833323001861572 0.009023785591125488
0 0.7604166716337204 0.33675143122673035 0.007499992847442627 0.007383108139038086
0 0.40416663885116577 0.3363412618637085 0.004999995231628418 0.008203446865081787
1 0.7983333319425583 0.33347004652023315 0.008333325386047363 0.004101693630218506
1 0.33375000953674316 0.3347005844116211 0.00583338737487793 0.011484801769256592
0 0.3241666555404663 0.33429041504859924 0.008333325386047363 0.012305140495300293
0 0.3020833134651184 0.33100903034210205 0.00583338737487793 0.007383108139038086
0 0.5625 0.3305988609790802 0.008333325386047363 0.006562769412994385
0 0.28958332538604736 0.33018869161605835 0.009166717529296875 0.007383108139038086
1 0.46041667461395264 0.33018869161605835 0.00583338737487793 0.009023785591125488
1 0.03333336114883423 0.3289581537246704 0.004999995231628418 0.008203446865081787
1 0.04666668176651001 0.32690730690956116 0.008333325386047363 0.004101693630218506
1 0.37458330392837524 0.3330598771572113 0.01750004291534424 0.018047571182250977
1 0.47166669368743896 0.327317476272583 0.008333325386047363 0.00984412431716919
1 0.05750000476837158 0.3248564302921295 0.006666660308837891 0.006562769412994385
0 0.24583333730697632 0.32280558347702026 0.008333325386047363 0.005742430686950684
1 0.9237499982118607 0.3223954141139984 0.007499992847442627 0.004922091960906982
0 0.1875 0.3232157528400421 0.008333325386047363 0.008203446865081787
1 0.03916668891906738 0.31952419877052307 0.008333325386047363 0.004101693630218506
0 0.25958335399627686 0.3199343681335449 0.007500052452087402 0.008203446865081787
1 0.9412500001490116 0.3170631527900696 0.007500000298023224 0.004101693630218506
1 0.12958335876464844 0.3162428140640259 0.00583338737487793 0.007383108139038086
1 0.5949999988079071 0.32280558347702026 0.019999980926513672 0.02050858736038208
0 0.13958334922790527 0.31583264470100403 0.00583338737487793 0.008203446865081787
1 0.16333335638046265 0.31952419877052307 0.014999985694885254 0.017227232456207275
1 0.23000001907348633 0.31583264470100403 0.004999995231628418 0.00984412431716919
0 0.3929166793823242 0.3129614293575287 0.007500052452087402 0.007383108139038086
1 0.6775000095367432 0.31952419877052307 0.021666646003723145 0.02050858736038208
1 0.3329166769981384 0.31255125999450684 0.007500052452087402 0.008203446865081787
0 0.6995833218097687 0.31255125999450684 0.0091666579246521 0.00984412431716919
0 0.7125000059604645 0.3105004131793976 0.008333325386047363 0.005742430686950684
0 0.7450000047683716 0.3113207519054413 0.006666660308837891 0.007383108139038086
1 0.3570833206176758 0.31091058254241943 0.004166722297668457 0.008203446865081787
1 0.9583333320915699 0.3105004131793976 0.005000002682209015 0.007383108139038086
1 0.05083334445953369 0.30844953656196594 0.008333325386047363 0.004922091960906982
0 0.44999998807907104 0.31009024381637573 0.008333325386047363 0.008203446865081787
0 0.2408333420753479 0.3080393671989441 0.008333325386047363 0.005742430686950684
1 0.4833333492279053 0.3063986897468567 0.008333325386047363 0.004101693630218506
0 0.7724999934434891 0.30844953656196594 0.009999990463256836 0.008203446865081787
0 0.3987500071525574 0.30680885910987854 0.007500052452087402 0.008203446865081787
0 0.14083331823349 0.30352747440338135 0.006666660308837891 0.006562769412994385
0 0.12000000476837158 0.3039376437664032 0.006666660308837891 0.009023785591125488
0 0.40541666746139526 0.3031173050403595 0.00583338737487793 0.009023785591125488
1 0.42124998569488525 0.30598852038383484 0.01750004291534424 0.018047571182250977
1 0.47166669368743896 0.30188679695129395 0.008333325386047363 0.00984412431716919
1 0.15166664123535156 0.2998359203338623 0.004999995231628418 0.007383108139038086
0 0.17874997854232788 0.3006562888622284 0.00583338737487793 0.009023785591125488
1 0.46291667222976685 0.3031173050403595 0.007500052452087402 0.01394587755203247
1 0.6712499856948853 0.29860541224479675 0.0091666579246521 0.008203446865081787
0 0.2616666555404663 0.2973749041557312 0.008333325386047363 0.007383108139038086
1 0.39041668176651 0.2965545654296875 0.00583338737487793 0.007383108139038086
0 0.699999988079071 0.29696473479270935 0.008333325386047363 0.008203446865081787
0 0.512499988079071 0.29450368881225586 0.008333325386047363 0.006562769412994385
0 0.523333340883255 0.29450368881225586 0.008333325386047363 0.008203446865081787
0 0.12208330631256104 0.29368335008621216 0.009166717529296875 0.008203446865081787
0 0.5379166603088379 0.2924528419971466 0.007499992847442627 0.005742430686950684
1 0.16458332538604736 0.29696473479270935 0.014166712760925293 0.016406893730163574
0 0.7587500065565109 0.2932731807231903 0.0091666579246521 0.009023785591125488
1 0.6166666746139526 0.29450368881225586 0.008333325386047363 0.01312553882598877
1 0.9658333323895931 0.29040196537971497 0.0066666677594184875 0.006562769412994385
1 0.009583353996276855 0.28958162665367126 0.007500052452087402 0.006562769412994385
1 0.5949999988079071 0.2965545654296875 0.019999980926513672 0.02050858736038208
0 0.40333330631256104 0.28876128792762756 0.008333325386047363 0.006562769412994385
0 0.24958330392837524 0.2858900725841522 0.007500052452087402 0.005742430686950684
1 0.22291666269302368 0.28178834915161133 0.00583338737487793 0.007383108139038086
0 0.31458336114883423 0.28260868787765503 0.007500052452087402 0.009023785591125488
1 0.7354166805744171 0.28876128792762756 0.02249997854232788 0.021328985691070557
1 0.7595833390951157 0.2801476716995239 0.007499992847442627 0.005742430686950684
0 0.5387499928474426 0.2801476716995239 0.010833323001861572 0.009023785591125488
1 0.18458330631256104 0.2780967950820923 0.009166717529296875 0.006562769412994385
1 0.3491666913032532 0.27686628699302673 0.008333325386047363 0.004101693630218506
1 0.37541669607162476 0.2842493951320648 0.01750004291534424 0.018867909908294678
1 0.47208333015441895 0.2756357789039612 0.007500052452087402 0.00984412431716919
1 0.05124998092651367 0.26948317885398865 0.009166717529296875 0.005742430686950684
1 0.24291664361953735 0.27030351758003235 0.00583338737487793 0.01066446304321289
0 0.7412500083446503 0.26866284012794495 0.0091666579246521 0.007383108139038086
1 0.9545833319425583 0.2674323320388794 0.005833335220813751 0.004922091960906982
0 0.6974999904632568 0.2682526707649231 0.004999995231628418 0.008203446865081787
1 0.021250009536743164 0.2649712860584259 0.007500052452087402 0.006562769412994385
1 0.031666696071624756 0.26210007071495056 0.008333325386047363 0.004101693630218506
1 0.03916668891906738 0.2633306086063385 0.011666655540466309 0.006562769412994385
1 0.5941666662693024 0.2698933482170105 0.019999980926513672 0.01968824863433838
1 0.6258333325386047 0.26702216267585754 0.008333325386047363 0.01394587755203247
1 0.791250005364418 0.2625102400779724 0.004166662693023682 0.008203446865081787
1 0.9499999992549419 0.25963905453681946 0.00833333283662796 0.004101693630218506
1 0.3737499713897705 0.2584085464477539 0.00583338737487793 0.004922091960906982
1 0.6566666662693024 0.25635766983032227 0.008333325386047363 0.004101693630218506
0 0.6825000047683716 0.25717800855636597 0.008333325386047363 0.005742430686950684
0 0.6716666519641876 0.25799834728240967 0.009999990463256836 0.009023785591125488
0 0.8004166632890701 0.25635766983032227 0.007499992847442627 0.005742430686950684
0 0.699999988079071 0.2567678391933441 0.009999990463256836 0.008203446865081787
1 0.18333333730697632 0.2538966238498688 0.006666660308837891 0.004101693630218506
1 0.6912499964237213 0.2538966238498688 0.007499992847442627 0.004101693630218506
0 0.7437500059604645 0.2567678391933441 0.007499992847442627 0.00984412431716919
1 0.9654166661202908 0.25471699237823486 0.009166665375232697 0.005742430686950684
0 0.7291666567325592 0.254306823015213 0.006666660308837891 0.006562769412994385
1 0.7650000005960464 0.2592288926243782 0.023333340883255005 0.021328970789909363
1 0.9470833316445351 0.25143560767173767 0.005833335220813751 0.007383108139038086
1 0.5141666531562805 0.2514356002211571 0.006666660308837891 0.012305155396461487
0 0.20458334684371948 0.24815422296524048 0.00583338737487793 0.009023785591125488
1 0.3050000071525574 0.24610336124897003 0.008333325386047363 0.004922062158584595
1 0.5966666638851166 0.24774405360221863 0.004999995231628418 0.008203446865081787
1 0.022916674613952637 0.24569319188594818 0.004166722297668457 0.005742400884628296
1 0.030833303928375244 0.24487285315990448 0.006666660308837891 0.0041017234325408936
1 0.3187500238418579 0.24487285315990448 0.007500052452087402 0.0041017234325408936
1 0.21875 0.24528302252292633 0.00583338737487793 0.006562769412994385
1 0.18041664361953735 0.24323216080665588 0.007500052452087402 0.0041017234325408936
0 0.3291666507720947 0.24405249953269958 0.008333325386047363 0.005742400884628296
1 0.017083346843719482 0.2415914684534073 0.007500052452087402 0.0041017234325408936
0 0.3512499928474426 0.24200163781642914 0.007500052452087402 0.004922062158584595
0 0.5912500023841858 0.24569319188594818 0.0091666579246521 0.013945847749710083
1 0.3929166793823242 0.239130437374115 0.007500052452087402 0.0041017234325408936
1 0.40166664123535156 0.23872026801109314 0.008333325386047363 0.004922062158584595
1 0.05500000715255737 0.23625922203063965 0.006666660308837891 0.004922062158584595
1 0.29250001907348633 0.2284659594297409 0.008333325386047363 0.005742400884628296
1 0.3020833134651184 0.227645605802536 0.007500052452087402 0.0041017234325408936
1 0.42000001668930054 0.2284659594297409 0.004999995231628418 0.007383108139038086
1 0.9270833358168602 0.22313371300697327 0.009166672825813293 0.004922062158584595
1 0.10166668891906738 0.22108285129070282 0.008333325386047363 0.0041017234325408936
1 0.6349999904632568 0.21862182021141052 0.008333325386047363 0.0041017234325408936
1 0.6587499976158142 0.21698112785816193 0.007499992847442627 0.0041017234325408936
1 0.061666667461395264 0.21657095849514008 0.008333325386047363 0.004922062158584595
1 0.9725000001490116 0.21534045040607452 0.0066666677594184875 0.0041017234325408936
1 0.503333330154419 0.21739129722118378 0.006666660308837891 0.00984412431716919
0 0.6866666674613953 0.21493026614189148 0.009999990463256836 0.004922062158584595
1 0.9345833342522383 0.21493026614189148 0.009166669100522995 0.004922062158584595
1 0.11791664361953735 0.21287940442562103 0.00583338737487793 0.0041017234325408936
0 0.7066666781902313 0.21246923506259918 0.008333325386047363 0.004922062158584595
1 0.5583333373069763 0.21287940442562103 0.006666660308837891 0.007383108139038086
1 0.5508333444595337 0.21287940442562103 0.006666660308837891 0.009023785591125488
1 0.3854166865348816 0.20795734226703644 0.007500052452087402 0.0041017234325408936
0 0.7666666656732559 0.2083675116300583 0.008333325386047363 0.004922062158584595
1 0.7816666662693024 0.2075471729040146 0.008333325386047363 0.004922062158584595
1 0.9887499995529652 0.20631664991378784 0.007500000298023224 0.0041017234325408936
1 0.5633333325386047 0.20549631118774414 0.004999995231628418 0.005742400884628296
1 0.9562500007450581 0.205906480550766 0.005833335220813751 0.006562769412994385
1 0.9104166701436043 0.20303528010845184 0.007499992847442627 0.0041017234325408936
1 0.924166664481163 0.2026250958442688 0.01000000536441803 0.004922062158584595
0 0.9637500010430813 0.19975389540195465 0.009166665375232697 0.005742400884628296
1 0.20499998331069946 0.1960623413324356 0.009999990463256836 0.004922062158584595
1 0.10041666030883789 0.1952420026063919 0.004166722297668457 0.006562769412994385
1 0.3420833349227905 0.19237080216407776 0.00583338737487793 0.0041017234325408936
1 0.7125000059604645 0.1936013102531433 0.006666660308837891 0.008203446865081787
1 0.35958331823349 0.19073010981082916 0.00583338737487793 0.0041017234325408936
1 0.17624998092651367 0.1944216638803482 0.009166717529296875 0.013125509023666382
1 0.19083333015441895 0.18908941745758057 0.009999990463256836 0.005742400884628296
1 0.7458333373069763 0.19073010981082916 0.004999995231628418 0.009023785591125488
0 0.8458333313465118 0.1903199404478073 0.004999995231628418 0.008203446865081787
1 0.003750026226043701 0.18867924809455872 0.007500052452087402 0.006562769412994385
1 0.20875000953674316 0.18826907873153687 0.00583338737487793 0.007383108139038086
1 0.9929166665533558 0.18334700167179108 0.007499999599531293 0.0041017234325408936
0 0.3291666507720947 0.18293683230876923 0.008333325386047363 0.004922062158584595
1 0.27291667461395264 0.18580803275108337 0.007500052452087402 0.013945847749710083
0 0.26541668176651 0.18416735529899597 0.007500052452087402 0.01230517029762268
1 0.2854166626930237 0.18211649358272552 0.007500052452087402 0.00984412431716919
1 0.10124999284744263 0.17924527823925018 0.004166722297668457 0.005742400884628296
1 0.17000001668930054 0.17801477015018463 0.009999990463256836 0.006562769412994385
1 0.1912500262260437 0.17555373907089233 0.00583338737487793 0.006562769412994385
1 0.43541663885116577 0.172682523727417 0.007500052452087402 0.0041017234325408936
1 0.9545833319425583 0.1710418313741684 0.007500000298023224 0.0041017234325408936
0 0.26583331823349 0.1669401079416275 0.008333325386047363 0.007383108139038086
1 0.2770833373069763 0.16652993857860565 0.00583338737487793 0.006562769412994385
1 0.29374998807907104 0.1652994304895401 0.007500052452087402 0.005742400884628296
1 0.14666664600372314 0.1652994304895401 0.004999995231628418 0.007383108139038086
1 0.15416663885116577 0.16570959985256195 0.006666660308837891 0.008203446865081787
0 0.3766666650772095 0.1636587381362915 0.009999990463256836 0.005742400884628296
0 0.3020833134651184 0.16324856877326965 0.00583338737487793 0.006562769412994385
1 0.9733333326876163 0.15627562999725342 0.00833333283662796 0.0041017234325408936
1 0.9200000017881393 0.15463495254516602 0.008333340287208557 0.0041017234325408936
1 0.050000011920928955 0.15422476828098297 0.009999990463256836 0.004922062158584595
1 0.25583332777023315 0.15381459891796112 0.006666660308837891 0.005742400884628296
1 0.1029166579246521 0.15176373720169067 0.004166722297668457 0.008203446865081787
0 0.17916667461395264 0.15053322911262512 0.008333325386047363 0.009023785591125488
1 0.031666696071624756 0.14725184440612793 0.008333325386047363 0.0041017234325408936
0 0.19458335638046265 0.14848236739635468 0.00583338737487793 0.008203446865081787
1 0.9304166659712791 0.14766201376914978 0.005833327770233154 0.006562769412994385
0 0.32458335161209106 0.14725184440612793 0.00583338737487793 0.007383108139038086
0 0.6858333349227905 0.14602133631706238 0.009999990463256836 0.004922062158584595
1 0.04250001907348633 0.14479081332683563 0.008333325386047363 0.0041017234325408936
1 0.9041666686534882 0.1435602903366089 0.01000000536441803 0.004922062158584595
1 0.35374999046325684 0.14273995161056519 0.00583338737487793 0.01148483157157898
1 0.10374999046325684 0.13822805881500244 0.004166722297668457 0.005742400884628296
0 0.2887499928474426 0.1378178894519806 0.009166717529296875 0.008203446865081787
1 0.9683333327993751 0.13740770518779755 0.005000000819563866 0.007383108139038086
1 0.18958336114883423 0.13658736646175385 0.007500052452087402 0.007383108139038086
1 0.9774999991059303 0.13658736646175385 0.00833333283662796 0.007383108139038086
0 0.809166669845581 0.13330598175525665 0.008333325386047363 0.0041017234325408936
1 0.20791667699813843 0.13330598175525665 0.009166717529296875 0.005742400884628296
1 0.15791666507720947 0.1287940889596939 0.007500052452087402 0.006562769412994385
1 0.7345833480358124 0.1296144425868988 0.007499992847442627 0.008203446865081787
1 0.1666666865348816 0.12756358087062836 0.006666660308837891 0.007383108139038086
1 0.5416666567325592 0.1271534115076065 0.006666660308837891 0.008203446865081787
0 0.2854166626930237 0.12592288851737976 0.009166717529296875 0.007383108139038086
1 0.6541666686534882 0.12469237670302391 0.009999990463256836 0.004922069609165192
0 0.9216666668653488 0.1255127228796482 0.008333340287208557 0.006562761962413788
1 0.10458332300186157 0.12428219243884087 0.004166722297668457 0.005742408335208893
0 0.1887500286102295 0.12510254979133606 0.010833382606506348 0.007383108139038086
1 0.19708335399627686 0.12428219616413116 0.004166722297668457 0.007383108139038086
1 0.010416686534881592 0.12305168062448502 0.00583338737487793 0.006562754511833191
1 0.2124999761581421 0.12141099572181702 0.006666660308837891 0.004922062158584595
1 0.994583333376795 0.11936013400554657 0.010833333246409893 0.00574241578578949
1 0.9025000035762787 0.11648892611265182 0.006666660308837891 0.004922062158584595
1 0.6649999916553497 0.11525841057300568 0.008333325386047363 0.0041017234325408936
1 0.6333333253860474 0.11115668714046478 0.008333325386047363 0.00574241578578949
1 0.9495833329856396 0.11156685650348663 0.007500000298023224 0.006562754511833191
1 0.3395833373069763 0.10746513307094574 0.007500052452087402 0.004922062158584595
1 0.3229166865348816 0.10787530988454819 0.00583338737487793 0.007383093237876892
1 0.14291667938232422 0.10746513307094574 0.00583338737487793 0.008203446865081787
1 0.9624999985098839 0.10705496370792389 0.005000002682209015 0.007383108139038086
0 0.3774999976158142 0.10500410199165344 0.009999990463256836 0.004922062158584595
1 0.009999990463256836 0.10500410199165344 0.008333325386047363 0.006562754511833191
0 0.15916669368743896 0.10459393262863159 0.006666660308837891 0.007383108139038086
1 0.17083334922790527 0.10336340963840485 0.006666660308837891 0.006562754511833191
1 0.0220833420753479 0.10254307091236115 0.009166717529296875 0.006562754511833191
1 0.3545833230018616 0.102953240275383 0.00583338737487793 0.007383108139038086
0 0.924166664481163 0.102953240275383 0.011666670441627502 0.007383108139038086
1 0.2737500071525574 0.1021328940987587 0.004166722297668457 0.007383093237876892
1 0.10624998807907104 0.0988515168428421 0.004166722297668457 0.00574241578578949
1 0.9687499990686774 0.0988515168428421 0.004166668280959129 0.00574241578578949
1 0.9879166670143604 0.09392944723367691 0.00416666641831398 0.007383093237876892
1 0.04541665315628052 0.08982773125171661 0.007500052452087402 0.0041017234325408936
1 0.25333333015441895 0.09187858551740646 0.004999995231628418 0.008203446865081787
1 0.4975000023841858 0.08900738507509232 0.008333325386047363 0.0041017234325408936
0 0.2670833468437195 0.08900738507509232 0.007500052452087402 0.00574241578578949
0 0.9066666662693024 0.08941755443811417 0.011666670441627502 0.006562754511833191
1 0.9754166658967733 0.08736669272184372 0.007500000298023224 0.0041017234325408936
0 0.19625002145767212 0.08736669272184372 0.00583338737487793 0.007383093237876892
1 0.32999998331069946 0.08326496928930283 0.008333325386047363 0.00574241578578949
0 0.22208333015441895 0.08367514610290527 0.007500052452087402 0.009844139218330383
1 0.23124998807907104 0.08203445374965668 0.009166717529296875 0.006562754511833191
1 0.24250000715255737 0.08203445374965668 0.006666660308837891 0.006562754511833191
1 0.28041666746139526 0.07629204541444778 0.010833382606506348 0.008203446865081787
1 0.6804166734218597 0.07629204541444778 0.005833327770233154 0.009844139218330383
1 0.030416667461395264 0.07424118369817734 0.00583338737487793 0.007383093237876892
1 0.15833336114883423 0.07506152242422104 0.004999995231628418 0.009023785591125488
1 0.1629166603088379 0.07465135306119919 0.004166722297668457 0.008203446865081787
0 0.9200000017881393 0.07219032198190689 0.008333340287208557 0.006562754511833191
1 0.17916667461395264 0.07219032198190689 0.004999995231628418 0.008203446865081787
1 0.3675000071525574 0.0689089447259903 0.008333325386047363 0.004922062158584595
0 0.3204166889190674 0.07013946026563644 0.00583338737487793 0.009023785591125488
1 0.4674999713897705 0.068088598549366 0.008333325386047363 0.004922062158584595
1 0.3787500262260437 0.0672682523727417 0.007500052452087402 0.004922062158584595
1 0.7112500071525574 0.06767842173576355 0.005833327770233154 0.00574241578578949
1 0.9375000018626451 0.06767842173576355 0.004999998956918716 0.00574241578578949
1 0.011666655540466309 0.0672682523727417 0.009999990463256836 0.006562754511833191
1 0.06291669607162476 0.0664479061961174 0.007500052452087402 0.004922062158584595
1 0.20333331823349 0.068088598549366 0.004999995231628418 0.008203446865081787
1 0.021250009536743164 0.06439704447984695 0.007500052452087402 0.0041017234325408936
1 0.4504166841506958 0.0648072212934494 0.00583338737487793 0.006562754511833191
1 0.23333334922790527 0.06193601153790951 0.004999995231628418 0.0073830969631671906
1 0.25333333015441895 0.06070549786090851 0.004999995231628418 0.008203446865081787
1 0.4595833420753479 0.06029532477259636 0.007500052452087402 0.007383100688457489
1 0.48374998569488525 0.05988515168428421 0.007500052452087402 0.006562754511833191
1 0.8191666603088379 0.06152584031224251 0.004999995231628418 0.009844131767749786
1 0.022916674613952637 0.05783428996801376 0.00583338737487793 0.0041017234325408936
0 0.7950000017881393 0.0631665289402008 0.011666655540466309 0.014766201376914978
1 0.26208335161209106 0.05906480737030506 0.00583338737487793 0.009844135493040085
1 0.26875001192092896 0.05865463428199291 0.00583338737487793 0.009023789316415787
1 0.03250002861022949 0.056603774428367615 0.009999990463256836 0.006562754511833191
1 0.5200000107288361 0.057013947516679764 0.008333325386047363 0.009023793041706085
1 0.5654166638851166 0.05496308580040932 0.0091666579246521 0.004922069609165192
1 0.10958331823348999 0.05332239717245102 0.004166722297668457 0.006562754511833191
1 0.9499999992549419 0.05250205099582672 0.0066666677594184875 0.004922069609165192
1 0.30541664361953735 0.05373256653547287 0.00583338737487793 0.009023793041706085
1 0.38333332538604736 0.050451189279556274 0.008333325386047363 0.0041017234325408936
1 0.31166666746139526 0.05209187790751457 0.004999995231628418 0.009023793041706085
1 0.9254166632890701 0.05086136236786842 0.015833333134651184 0.008203446865081787
1 0.3229166865348816 0.050041016191244125 0.00583338737487793 0.008203446865081787
1 0.5416666567325592 0.049630843102931976 0.006666660308837891 0.007383100688457489
0 0.10000002384185791 0.04799015447497368 0.011666655540466309 0.005742408335208893
1 0.9629166685044765 0.04552912339568138 0.007500000298023224 0.005742408335208893
1 0.9370833355933428 0.042657915502786636 0.005833331495523453 0.006562754511833191
1 0.11041665077209473 0.03896636515855789 0.004166722297668457 0.005742408335208893
1 0.90625 0.03814602270722389 0.007499992847442627 0.0041017234325408936
1 0.6891666650772095 0.036915503442287445 0.009999990463256836 0.006562754511833191
0 0.25583332777023315 0.03568498883396387 0.008333325386047363 0.009023791179060936
0 0.5416666567325592 0.032813780941069126 0.008333325386047363 0.004922067746520042
1 0.9091666638851166 0.031993438489735126 0.01000000536441803 0.004922067746520042
1 0.601666659116745 0.031173093244433403 0.004999995231628418 0.008203443139791489
0 0.29666668176651 0.029942575842142105 0.006666660308837891 0.007383100688457489
0 0.9874999998137355 0.029942575842142105 0.006666665896773338 0.007383100688457489
0 0.11708331108093262 0.02912223245948553 0.00583338737487793 0.010664479807019234
1 0.9616666659712791 0.02584085240960121 0.0066666677594184875 0.005742412060499191
1 0.7020833194255829 0.02091878652572632 0.007499992847442627 0.0041017234325408936
1 0.9904166667256504 0.021739130839705467 0.009166665840893984 0.005742412060499191
1 0.7137500047683716 0.01968826912343502 0.0091666579246521 0.004922065883874893
1 0.3970833420753479 0.018457751721143723 0.007500052452087402 0.0041017234325408936
1 0.05374997854232788 0.018457751721143723 0.00583338737487793 0.005742412060499191
1 0.38625001907348633 0.019688268657773733 0.004166722297668457 0.008203444071114063
0 0.4412500262260437 0.018047580029815435 0.009166717529296875 0.004922066815197468
1 0.7866666615009308 0.02050861343741417 0.008333325386047363 0.009844135493040085
1 0.9433333314955235 0.017227236181497574 0.0066666677594184875 0.0032813772559165955
1 0.5287500023841858 0.017227235715836287 0.0091666579246521 0.004922066815197468
1 0.03333336114883423 0.015996718779206276 0.008333325386047363 0.0041017234325408936
1 0.07083332538604736 0.01476620091125369 0.009999990463256836 0.004922066815197468
0 0.7574999928474426 0.013945856597274542 0.008333325386047363 0.004922066815197468
1 0.8312499970197678 0.014766201842576265 0.005833327770233154 0.008203445933759212
1 0.9233333319425583 0.011894996277987957 0.008333340287208557 0.004101721569895744
0 0.19708335399627686 0.012715340126305819 0.00583338737487793 0.007383099757134914
1 0.3995833396911621 0.011484823189675808 0.007500052452087402 0.004922067746520042
1 0.16750001907348633 0.00984413456171751 0.006666660308837891 0.00656275637447834
1 0.8262500017881393 0.008613618090748787 0.005833327770233154 0.005742412060499191
1 0.5833333432674408 0.008203445002436638 0.009999990463256836 0.00656275637447834
1 0.9895833330228925 0.006972928298637271 0.007500000298023224 0.004101722035557032
1 0.24124997854232788 0.007383100688457489 0.004166722297668457 0.00656275637447834
0 0.49666666984558105 0.00656275637447834 0.009999990463256836 0.008203445002436638
1 0.21291667222976685 0.0049220670480281115 0.004166722297668457 0.006562755908817053
1 0.28041666746139526 0.0024610336404293776 0.007500052452087402 0.004922067280858755
1 0.597083330154419 0.006152584217488766 0.0091666579246521 0.012305168434977531
1 0.6416666805744171 0.0036915503442287445 0.006666660308837891 0.007383100688457489
