1 0.43894654512405396 0.9973261952400208 0.006384730339050293 0.005347609519958496
1 0.6963288187980652 0.9964349269866943 0.008778929710388184 0.005347609519958496
0 0.812051072716713 0.9964349269866943 0.008778929710388184 0.005347609519958496
1 0.4581005573272705 0.9950980544090271 0.007980823516845703 0.004456281661987305
1 0.4668794870376587 0.9942067861557007 0.007980823516845703 0.004456281661987305
0 0.20670390129089355 0.9950980544090271 0.006384730339050293 0.008021354675292969
1 0.31125301122665405 0.9933155179023743 0.007980823516845703 0.004456281661987305
1 0.07701516151428223 0.9942067861557007 0.0055866241455078125 0.008021354675292969
1 0.5953710973262787 0.9919785857200623 0.006384670734405518 0.003565073013305664
1 0.3224261999130249 0.9919785857200623 0.007980823516845703 0.005347609519958496
1 0.9792497996240854 0.9915329813957214 0.007980845868587494 0.004456281661987305
0 0.0598563551902771 0.990641713142395 0.007980823516845703 0.006238818168640137
1 0.5798084735870361 0.9884135723114014 0.008778929710388184 0.005347609519958496
1 0.9445331208407879 0.9888591766357422 0.010375097393989563 0.006238818168640137
0 0.5179569125175476 0.9866310358047485 0.007980823516845703 0.005347609519958496
0 0.7713487595319748 0.9888591766357422 0.005586594343185425 0.0098038911819458
1 0.0035913586616516113 0.9857397675514221 0.007182717323303223 0.005347609519958496
1 0.20191538333892822 0.9844028353691101 0.007980823516845703 0.004456281661987305
0 0.22186750173568726 0.9857397675514221 0.006384730339050293 0.007130146026611328
1 0.5387071073055267 0.9839572310447693 0.006384670734405518 0.007130146026611328
1 0.09377491474151611 0.9830659627914429 0.0055866241455078125 0.007130146026611328
0 0.18635272979736328 0.9826202988624573 0.008778929710388184 0.006238818168640137
1 0.9353551473468542 0.9826202988624573 0.009577017277479172 0.006238818168640137
1 0.5259377360343933 0.9817290306091309 0.006384670734405518 0.006238818168640137
1 0.039505183696746826 0.9808377623558044 0.008778929710388184 0.006238818168640137
1 0.33160412311553955 0.9803921580314636 0.008778929710388184 0.005347609519958496
1 0.9960095770657063 0.98128342628479 0.007980845868587494 0.007130146026611328
0 0.1667996644973755 0.9821746945381165 0.004788517951965332 0.010695219039916992
0 0.3782920837402344 0.9777183532714844 0.009577035903930664 0.005347609519958496
0 0.5941739678382874 0.9772727489471436 0.01037508249282837 0.006238818168640137
0 0.6057462096214294 0.9772727489471436 0.007980823516845703 0.006238818168640137
1 0.02633678913116455 0.9754902124404907 0.007980823516845703 0.004456281661987305
1 0.8447725474834442 0.9745989441871643 0.00718274712562561 0.004456281661987305
1 0.9305666387081146 0.9745989441871643 0.00798085331916809 0.004456281661987305
1 0.061053454875946045 0.9741532802581787 0.007182717323303223 0.005347609519958496
1 0.6408619284629822 0.9741532802581787 0.009577035903930664 0.005347609519958496
1 0.7613727003335953 0.9737076759338379 0.00798085331916809 0.004456281661987305
1 0.11173182725906372 0.9732620120048523 0.007980823516845703 0.005347609519958496
0 0.12170791625976562 0.9737076759338379 0.008778929710388184 0.006238818168640137
1 0.7869114130735397 0.9719251394271851 0.00798085331916809 0.004456281661987305
0 0.17478054761886597 0.9728164076805115 0.009577035903930664 0.008021354675292969
1 0.20071828365325928 0.9710338711738586 0.0039904117584228516 0.008021354675292969
1 0.8946528360247612 0.9696969985961914 0.00957702100276947 0.005347609519958496
1 0.3938547372817993 0.9683600664138794 0.008778929710388184 0.006238818168640137
1 0.4936153292655945 0.967468798160553 0.007182717323303223 0.004456281661987305
1 0.0035913586616516113 0.9692513346672058 0.007182717323303223 0.0098038911819458
0 0.7517957016825676 0.9643493890762329 0.011173173785209656 0.00891268253326416
0 0.8371907472610474 0.9630124568939209 0.009577006101608276 0.006238818168640137
1 0.4409417510032654 0.9612299203872681 0.007182717323303223 0.004456281661987305
1 0.9860335197299719 0.9616755843162537 0.003990422934293747 0.00891268253326416
1 0.9816440548747778 0.9549911022186279 0.007980845868587494 0.004456281661987305
1 0.9082202687859535 0.9460784196853638 0.006384670734405518 0.004456281661987305
1 0.9716679975390434 0.9385026693344116 0.007182762026786804 0.005347609519958496
0 0.9948124499060214 0.9367201328277588 0.010375100187957287 0.00891268253326416
0 0.9465283304452896 0.9273618459701538 0.007980845868587494 0.008021354675292969
1 0.0039904117584228516 0.9220142364501953 0.007980823516845703 0.004456281661987305
1 0.9393455721437931 0.9180035591125488 0.007980845868587494 0.005347609519958496
1 0.9872306468896568 0.9131016135215759 0.00798084493726492 0.004456281661987305
1 0.934158019721508 0.9126559495925903 0.010375097393989563 0.007130146026611328
0 0.12250596284866333 0.9099822044372559 0.007182717323303223 0.00891268253326416
0 0.24102157354354858 0.9090909361839294 0.007980823516845703 0.007130146026611328
1 0.20630484819412231 0.9055258631706238 0.0039904117584228516 0.00891268253326416
0 0.4453312158584595 0.9001782536506653 0.006384730339050293 0.00891268253326416
1 0.08818835020065308 0.9064171314239502 0.019952058792114258 0.023172855377197266
1 0.8363926559686661 0.897504448890686 0.00798085331916809 0.00891268253326416
1 0.005985617637634277 0.8961675763130188 0.0039904117584228516 0.008021354675292969
1 0.6480447053909302 0.8934937715530396 0.007980823516845703 0.004456281661987305
1 0.8922585770487785 0.8921568393707275 0.007980838418006897 0.005347609519958496
1 0.8758978471159935 0.8908199667930603 0.007182762026786804 0.008021354675292969
1 0.32442140579223633 0.897504448890686 0.019952058792114258 0.023172855377197266
1 0.5051875412464142 0.893048107624054 0.007980823516845703 0.014260292053222656
1 0.9249800443649292 0.8903743028640747 0.004788503050804138 0.00891268253326416
0 0.396248996257782 0.8877005577087402 0.007182717323303223 0.007130146026611328
1 0.4269752502441406 0.8952763080596924 0.02075016498565674 0.022281646728515625
0 0.0830007791519165 0.885026752948761 0.007980823516845703 0.007130146026611328
1 0.8008778989315033 0.8859180212020874 0.00718274712562561 0.00891268253326416
0 0.1472465991973877 0.8823529481887817 0.007182717323303223 0.007130146026611328
0 0.24142056703567505 0.8796791434288025 0.007182717323303223 0.007130146026611328
1 0.6252992749214172 0.8868092894554138 0.018355965614318848 0.021390318870544434
0 0.13367915153503418 0.8778966069221497 0.0055866241455078125 0.00891268253326416
1 0.18794894218444824 0.8770053386688232 0.007182717323303223 0.00891268253326416
1 0.6983240246772766 0.883689820766449 0.019154012203216553 0.022281646728515625
0 0.7182761430740356 0.8774510025978088 0.007980823516845703 0.0098038911819458
1 0.9389465283602476 0.8752228021621704 0.005586590617895126 0.005347609519958496
0 0.31923383474349976 0.8761140704154968 0.009577035903930664 0.00891268253326416
1 0.8850758150219917 0.8738859295845032 0.007980838418006897 0.004456281661987305
0 0.39584994316101074 0.874331533908844 0.007980823516845703 0.007130146026611328
0 0.4465283155441284 0.8734402656555176 0.007182717323303223 0.007130146026611328
1 0.9896248998120427 0.8721033930778503 0.007980845868587494 0.004456281661987305
1 0.34437352418899536 0.8721033930778503 0.008778929710388184 0.0098038911819458
1 0.1891460418701172 0.8685383200645447 0.007980823516845703 0.004456281661987305
1 0.20071828365325928 0.8707664608955383 0.0039904117584228516 0.00891268253326416
1 0.35474860668182373 0.8712121248245239 0.0055866241455078125 0.0098038911819458
1 0.11572223901748657 0.875668466091156 0.02075016498565674 0.022281646728515625
0 0.6213088631629944 0.8676470518112183 0.007182776927947998 0.006238818168640137
0 0.5810055732727051 0.8680927157402039 0.007980823516845703 0.00891268253326416
1 0.27294492721557617 0.8707664608955383 0.019154071807861328 0.021390318870544434
1 0.6568236351013184 0.864973247051239 0.006384670734405518 0.0098038911819458
1 0.9960095770657063 0.8636363744735718 0.007980845868587494 0.007130146026611328
0 0.7665602564811707 0.8622994422912598 0.00718274712562561 0.006238818168640137
0 0.7769353538751602 0.8614081740379333 0.00718274712562561 0.008021354675292969
1 0.4265761971473694 0.866310179233551 0.019952058792114258 0.021390318870544434
0 0.4461292624473572 0.8591800332069397 0.006384730339050293 0.00891268253326416
0 0.471668004989624 0.856951892375946 0.006384730339050293 0.006238818168640137
0 0.09497207403182983 0.8538324236869812 0.007980823516845703 0.007130146026611328
1 0.9449321627616882 0.8529411554336548 0.007980845868587494 0.005347609519958496
1 0.8874700739979744 0.8498217463493347 0.004788503050804138 0.006238818168640137
1 0.6991221010684967 0.8565062284469604 0.019154012203216553 0.021390318870544434
0 0.3304070234298706 0.8480392098426819 0.007980823516845703 0.008021354675292969
1 0.1983240246772766 0.8475936055183411 0.007182717323303223 0.00891268253326416
1 0.9393455721437931 0.846256673336029 0.011173181235790253 0.006238818168640137
1 0.5215482711791992 0.8444741368293762 0.007182776927947998 0.004456281661987305
0 0.3954508900642395 0.8449198007583618 0.007182717323303223 0.007130146026611328
0 0.42178773880004883 0.8449198007583618 0.007182717323303223 0.007130146026611328
1 0.11612129211425781 0.8458110690116882 0.019952058792114258 0.021390318870544434
0 0.1500399112701416 0.8400177955627441 0.007980823516845703 0.011586427688598633
1 0.9453312046825886 0.8377896547317505 0.010375097393989563 0.007130146026611328
0 0.35395050048828125 0.8395721912384033 0.007182717323303223 0.014260292053222656
0 0.02274543046951294 0.8346702456474304 0.007182717323303223 0.006238818168640137
1 0.2992817163467407 0.8413547277450562 0.019154071807861328 0.021390318870544434
1 0.9289704710245132 0.8315507769584656 0.004788503050804138 0.007130146026611328
0 0.43335992097854614 0.8315507769584656 0.006384730339050293 0.00891268253326416
1 0.6013567447662354 0.832442045211792 0.018355965614318848 0.021390318870544434
1 0.13766956329345703 0.8239750266075134 0.007182717323303223 0.006238818168640137
0 0.580207496881485 0.8248662948608398 0.01117318868637085 0.008021354675292969
0 0.09696727991104126 0.8235294222831726 0.007182717323303223 0.00891268253326416
0 0.16560256481170654 0.8221924901008606 0.011971235275268555 0.0098038911819458
1 0.747805267572403 0.8275400996208191 0.017557859420776367 0.020499110221862793
0 0.7669592946767807 0.8199643492698669 0.00798085331916809 0.007130146026611328
1 0.42019152641296387 0.815062403678894 0.0055866241455078125 0.008021354675292969
0 0.1891460418701172 0.8159536719322205 0.007980823516845703 0.015151500701904297
1 0.5059856474399567 0.8132798671722412 0.007980823516845703 0.0098038911819458
0 0.5977653563022614 0.8123885989189148 0.009577035903930664 0.008021354675292969
0 0.5726256966590881 0.8123885989189148 0.01037508249282837 0.0098038911819458
1 0.9561053477227688 0.8092691898345947 0.007980845868587494 0.005347609519958496
1 0.11731845140457153 0.8172905445098877 0.0223463773727417 0.023172855377197266
0 0.7202713489532471 0.8092691898345947 0.008778929710388184 0.007130146026611328
0 0.13687151670455933 0.8092691898345947 0.007182717323303223 0.00891268253326416
0 0.17517954111099243 0.8079322576522827 0.007182717323303223 0.006238818168640137
1 0.2322426438331604 0.8070409893989563 0.006384730339050293 0.004456281661987305
1 0.2482042908668518 0.8141711354255676 0.02075016498565674 0.022281646728515625
0 0.3543495535850525 0.8101603984832764 0.007980823516845703 0.014260292053222656
0 0.27015161514282227 0.804367184638977 0.007182717323303223 0.006238818168640137
0 0.3946528434753418 0.8070409893989563 0.007182717323303223 0.013368964195251465
1 0.45251399278640747 0.8083779215812683 0.019154071807861328 0.021390318870544434
0 0.5714285671710968 0.7994652390480042 0.006384670734405518 0.00891268253326416
1 0.6268954575061798 0.8030303120613098 0.018355965614318848 0.021390318870544434
0 0.0830007791519165 0.7950088977813721 0.007980823516845703 0.00891268253326416
1 0.7913008779287338 0.7950088977813721 0.005586594343185425 0.00891268253326416
1 0.9074221849441528 0.7927807569503784 0.00798085331916809 0.004456281661987305
1 0.005586564540863037 0.7932263612747192 0.004788517951965332 0.007130146026611328
1 0.7721468508243561 0.7994652390480042 0.01835593581199646 0.021390318870544434
0 0.11013567447662354 0.7923350930213928 0.009577035903930664 0.012477755546569824
1 0.18954509496688843 0.7896613478660583 0.008778929710388184 0.00891268253326416
1 0.19952112436294556 0.7901069521903992 0.007980823516845703 0.0098038911819458
0 0.42378294467926025 0.7887700796127319 0.011173129081726074 0.00891268253326416
0 0.3966480493545532 0.7878788113594055 0.007980823516845703 0.00891268253326416
0 0.5478850901126862 0.7860962748527527 0.007182776927947998 0.007130146026611328
0 0.5578611195087433 0.7856506109237671 0.007980823516845703 0.008021354675292969
1 0.19952112436294556 0.7843137383460999 0.007980823516845703 0.00891268253326416
1 0.1903432011604309 0.7843137383460999 0.008778929710388184 0.010695219039916992
1 0.3463687300682068 0.7843137383460999 0.007980823516845703 0.010695219039916992
0 0.59656822681427 0.782531201839447 0.008778929710388184 0.00891268253326416
1 0.49880290031433105 0.7807486653327942 0.004788517951965332 0.00891268253326416
1 0.6492418050765991 0.7807486653327942 0.008778929710388184 0.00891268253326416
1 0.16839587688446045 0.7865418791770935 0.02394258975982666 0.022281646728515625
0 0.35514765977859497 0.7820855379104614 0.007980823516845703 0.015151500701904297
1 0.27374303340911865 0.7843137383460999 0.02075016498565674 0.021390318870544434
0 0.409018337726593 0.7762923240661621 0.0055866241455078125 0.007130146026611328
1 0.6508379876613617 0.7758467197418213 0.005586564540863037 0.008021354675292969
1 0.6580207645893097 0.7762923240661621 0.005586564540863037 0.00891268253326416
1 0.45291298627853394 0.7803030014038086 0.018355965614318848 0.020499110221862793
0 0.5586592257022858 0.7713903784751892 0.007980823516845703 0.008021354675292969
1 0.5774142146110535 0.7771835923194885 0.018355965614318848 0.021390318870544434
1 0.7414205968379974 0.76871657371521 0.004788517951965332 0.008021354675292969
1 0.7246608138084412 0.773172914981842 0.017557859420776367 0.020499110221862793
1 0.1304868459701538 0.7647058963775635 0.007182717323303223 0.005347609519958496
0 0.7765363156795502 0.7638146281242371 0.00798085331916809 0.007130146026611328
0 0.20031923055648804 0.7602495551109314 0.006384730339050293 0.007130146026611328
1 0.4385474920272827 0.7571301460266113 0.007182717323303223 0.004456281661987305
1 0.21707898378372192 0.7584670186042786 0.004788517951965332 0.00891268253326416
1 0.948922585695982 0.7566844820976257 0.007980845868587494 0.005347609519958496
1 0.27094972133636475 0.7575757503509521 0.007182717323303223 0.00891268253326416
1 0.30207502841949463 0.7544563412666321 0.008778929710388184 0.013368964195251465
0 0.9385474864393473 0.7508912682533264 0.007980842143297195 0.008021354675292969
1 0.9557063058018684 0.7486631274223328 0.007182762026786804 0.005347609519958496
1 0.9473264180123806 0.7486631274223328 0.0063846781849861145 0.007130146026611328
0 0.20670390129089355 0.7486631274223328 0.007980823516845703 0.012477755546569824
0 0.42458099126815796 0.7442067861557007 0.009577035903930664 0.005347609519958496
1 0.9185953736305237 0.7384135723114014 0.00798085331916809 0.004456281661987305
1 0.9305666387081146 0.7357397675514221 0.00798085331916809 0.004456281661987305
0 0.08339983224868774 0.7370766401290894 0.007182717323303223 0.00891268253326416
0 0.7434158027172089 0.7366310358047485 0.005586564540863037 0.008021354675292969
0 0.21189147233963013 0.7348484992980957 0.007182717323303223 0.011586427688598633
1 0.19074219465255737 0.7303921580314636 0.007980823516845703 0.0098038911819458
1 0.9313647225499153 0.7286096215248108 0.01117318868637085 0.006238818168640137
0 0.3447725176811218 0.726827085018158 0.004788517951965332 0.0098038911819458
1 0.3563447594642639 0.7263814806938171 0.0055866241455078125 0.00891268253326416
1 0.9964086192194372 0.7241532802581787 0.007182761561125517 0.004456281661987305
0 0.09896248579025269 0.7263814806938171 0.006384730339050293 0.010695219039916992
0 0.4018356204032898 0.7250445485115051 0.007182717323303223 0.008021354675292969
0 0.7781324833631516 0.7237076759338379 0.00798085331916809 0.007130146026611328
1 0.1903432011604309 0.7214794754981995 0.007182717323303223 0.004456281661987305
1 0.6592178642749786 0.7223707437515259 0.006384670734405518 0.0098038911819458
1 0.3008778691291809 0.7263814806938171 0.019154071807861328 0.021390318870544434
0 0.5071827471256256 0.718805730342865 0.007182776927947998 0.0098038911819458
1 0.4784517288208008 0.7237076759338379 0.019952058792114258 0.023172855377197266
0 0.9273743033409119 0.7152406573295593 0.00957702100276947 0.008021354675292969
1 0.5782122910022736 0.7210338711738586 0.018355965614318848 0.021390318870544434
0 0.6101356744766235 0.7152406573295593 0.007182776927947998 0.0098038911819458
1 0.3419792652130127 0.7107843160629272 0.007182717323303223 0.004456281661987305
1 0.7254588901996613 0.7179144620895386 0.017557859420776367 0.020499110221862793
1 0.9900239426642656 0.7103386521339417 0.005586592480540276 0.005347609519958496
0 0.7438148558139801 0.7107843160629272 0.007980823516845703 0.008021354675292969
1 0.8990423008799553 0.7076649069786072 0.007182762026786804 0.005347609519958496
0 0.3072625994682312 0.7036541700363159 0.007980823516845703 0.008021354675292969
1 0.9313647225499153 0.6969696879386902 0.007980838418006897 0.007130146026611328
1 0.7785315215587616 0.695632815361023 0.005586594343185425 0.006238818168640137
0 0.124900221824646 0.6947415471076965 0.0055866241455078125 0.008021354675292969
1 0.34756582975387573 0.6965240836143494 0.008778929710388184 0.011586427688598633
0 0.3555467128753662 0.6969696879386902 0.007182717323303223 0.014260292053222656
1 0.2490023970603943 0.698752224445343 0.02075016498565674 0.021390318870544434
1 0.6600159704685211 0.689393937587738 0.006384670734405518 0.0098038911819458
1 0.48004788160324097 0.6951871514320374 0.019952058792114258 0.023172855377197266
0 0.6209098100662231 0.6871657967567444 0.004788517951965332 0.00891268253326416
1 0.6041500270366669 0.6916220784187317 0.019154012203216553 0.021390318870544434
0 0.6955307126045227 0.684937596321106 0.005586564540863037 0.008021354675292969
1 0.7494014501571655 0.689393937587738 0.017557859420776367 0.020499110221862793
0 0.2821229100227356 0.6751337051391602 0.0055866241455078125 0.008021354675292969
1 0.899840384721756 0.6715686321258545 0.007182762026786804 0.004456281661987305
1 0.9221867546439171 0.6720142364501953 0.008778929710388184 0.005347609519958496
0 0.12649643421173096 0.6737967729568481 0.0055866241455078125 0.010695219039916992
1 0.7948922514915466 0.6648841500282288 0.00798085331916809 0.00891268253326416
1 0.346767783164978 0.6648841500282288 0.007182717323303223 0.010695219039916992
0 0.3555467128753662 0.6671122908592224 0.007182717323303223 0.015151500701904297
0 0.5079808533191681 0.6622103452682495 0.007182776927947998 0.00891268253326416
1 0.4042298197746277 0.667557954788208 0.019952058792114258 0.021390318870544434
1 0.948922585695982 0.6608734130859375 0.0063846781849861145 0.008021354675292969
1 0.6596169173717499 0.6608734130859375 0.005586564540863037 0.0098038911819458
0 0.6213088631629944 0.6599822044372559 0.007182776927947998 0.011586427688598633
1 0.9038308039307594 0.6573083996772766 0.007182762026786804 0.006238818168640137
1 0.5798084735870361 0.6639928817749023 0.019952118396759033 0.021390318870544434
1 0.7494014576077461 0.6617646813392639 0.019154027104377747 0.020499110221862793
1 0.9429369531571865 0.6541889309883118 0.007182762026786804 0.005347609519958496
1 0.9110135659575462 0.6492869853973389 0.003990426659584045 0.008021354675292969
1 0.19952112436294556 0.6448306441307068 0.006384730339050293 0.008021354675292969
1 0.974461292847991 0.6439393758773804 0.007980845868587494 0.006238818168640137
1 0.9964086192194372 0.6412655711174011 0.007182761561125517 0.004456281661987305
0 0.5973663330078125 0.6417112350463867 0.007182776927947998 0.00891268253326416
1 0.20111733675003052 0.6394830942153931 0.007980823516845703 0.0098038911819458
1 0.9401436559855938 0.6372548937797546 0.0063846781849861145 0.005347609519958496
0 0.3563447594642639 0.6390374302864075 0.007182717323303223 0.014260292053222656
1 0.1197127103805542 0.6421568393707275 0.0223463773727417 0.022281646728515625
1 0.9130087792873383 0.6305704116821289 0.00798085331916809 0.004456281661987305
1 0.48004788160324097 0.6372548937797546 0.018355965614318848 0.021390318870544434
1 0.5794094204902649 0.6359180212020874 0.017557859420776367 0.020499110221862793
1 0.8962490037083626 0.6283422708511353 0.007980838418006897 0.005347609519958496
1 0.7258579432964325 0.6341354846954346 0.018355965614318848 0.020499110221862793
1 0.2134876251220703 0.6207664608955383 0.0055866241455078125 0.004456281661987305
0 0.47525936365127563 0.616310179233551 0.007182717323303223 0.006238818168640137
1 0.35754191875457764 0.6140819787979126 0.004788517951965332 0.00891268253326416
1 0.9624900221824646 0.6087344288825989 0.007980845868587494 0.005347609519958496
0 0.12649643421173096 0.6096256971359253 0.007182717323303223 0.010695219039916992
0 0.5087789297103882 0.6060606241226196 0.007182776927947998 0.00891268253326416
1 0.2761372923851013 0.611853837966919 0.019154071807861328 0.022281646728515625
0 0.41221070289611816 0.6051693558692932 0.007182717323303223 0.010695219039916992
1 0.43016761541366577 0.6100713014602661 0.019154071807861328 0.022281646728515625
0 0.5750199556350708 0.5998217463493347 0.007182776927947998 0.005347609519958496
1 0.6049481332302094 0.606951892375946 0.019154012203216553 0.021390318870544434
1 0.7505985647439957 0.606951892375946 0.01835593581199646 0.021390318870544434
1 0.8922585770487785 0.5882353186607361 0.00957702100276947 0.007130146026611328
1 0.9026336818933487 0.5860071182250977 0.004788503050804138 0.006238818168640137
1 0.36392658948898315 0.5753119587898254 0.007980823516845703 0.004456281661987305
1 0.913806863129139 0.5610516667366028 0.007980838418006897 0.004456281661987305
0 0.11213088035583496 0.5610516667366028 0.0055866241455078125 0.008021354675292969
1 0.9365522712469101 0.5588235259056091 0.008778929710388184 0.005347609519958496
1 0.9453312046825886 0.5583779215812683 0.007182762026786804 0.004456281661987305
0 0.41221070289611816 0.5588235259056091 0.0055866241455078125 0.007130146026611328
1 0.9836392663419247 0.5570409893989563 0.007182762026786804 0.005347609519958496
1 0.995211492292583 0.5570409893989563 0.009577015414834023 0.005347609519958496
0 0.5981644093990326 0.5570409893989563 0.007182776927947998 0.00891268253326416
1 0.5095770061016083 0.5525846481323242 0.007182776927947998 0.005347609519958496
1 0.9130087792873383 0.5525846481323242 0.006384670734405518 0.005347609519958496
0 0.3579409122467041 0.5548128485679626 0.007182717323303223 0.015151500701904297
0 0.11213088035583496 0.5490196347236633 0.007182717323303223 0.00891268253326416
0 0.1528332233428955 0.5490196347236633 0.007182717323303223 0.00891268253326416
1 0.1723862886428833 0.5557041168212891 0.0223463773727417 0.022281646728515625
0 0.9620909802615643 0.5481283664703369 0.007182762026786804 0.00891268253326416
0 0.2813248038291931 0.5459001660346985 0.010375142097473145 0.008021354675292969
1 0.3032721281051636 0.5530303120613098 0.0223463773727417 0.022281646728515625
1 0.48164403438568115 0.5516933798789978 0.018355965614318848 0.021390318870544434
0 0.42737430334091187 0.5432263612747192 0.008778929710388184 0.006238818168640137
1 0.555466890335083 0.5508021116256714 0.020750224590301514 0.021390318870544434
1 0.7509976029396057 0.5508021116256714 0.017557859420776367 0.021390318870544434
1 0.9824421382509172 0.5329768061637878 0.009577016346156597 0.005347609519958496
1 0.228651225566864 0.5316399335861206 0.007182717323303223 0.004456281661987305
1 0.6608140468597412 0.5307486653327942 0.007980823516845703 0.004456281661987305
1 0.3758978247642517 0.5298573970794678 0.007980823516845703 0.004456281661987305
0 0.4357541799545288 0.5316399335861206 0.009577035903930664 0.008021354675292969
1 0.8048683106899261 0.5298573970794678 0.00718274712562561 0.004456281661987305
0 0.6719872355461121 0.529411792755127 0.009577035903930664 0.005347609519958496
0 0.5379090309143066 0.5289661288261414 0.01117318868637085 0.006238818168640137
1 0.007182776927947998 0.5267379879951477 0.007980823516845703 0.007130146026611328
1 0.3563447594642639 0.5276292562484741 0.0039904117584228516 0.00891268253326416
1 0.9229848384857178 0.5240641832351685 0.007182762026786804 0.005347609519958496
1 0.360734224319458 0.5258467197418213 0.006384730339050293 0.014260292053222656
1 0.7972865104675293 0.52183598279953 0.004788517951965332 0.008021354675292969
0 0.5103751122951508 0.5227272510528564 0.008778929710388184 0.011586427688598633
1 0.5 0.5213903784751892 0.008778929710388184 0.010695219039916992
1 0.1456504464149475 0.5262923240661621 0.019952058792114258 0.022281646728515625
0 0.09696727991104126 0.5173797011375427 0.007182717323303223 0.006238818168640137
1 0.27733439207077026 0.5249554514884949 0.019952058792114258 0.021390318870544434
0 0.41300874948501587 0.5182709693908691 0.0055866241455078125 0.008021354675292969
0 0.25498801469802856 0.5169340372085571 0.010375142097473145 0.007130146026611328
1 0.45690345764160156 0.5236185193061829 0.018355965614318848 0.020499110221862793
1 0.7027134895324707 0.5236185193061829 0.018355965614318848 0.020499110221862793
1 0.8970470875501633 0.5151515007019043 0.00957702100276947 0.005347609519958496
1 0.9074221849441528 0.5151515007019043 0.004788503050804138 0.007130146026611328
0 0.40223461389541626 0.5151515007019043 0.007980823516845703 0.00891268253326416
1 0.7857142835855484 0.509358286857605 0.005586594343185425 0.008021354675292969
0 0.28252196311950684 0.5049019455909729 0.009577035903930664 0.008021354675292969
0 0.5586592257022858 0.5035650730133057 0.01117318868637085 0.007130146026611328
0 0.746608130633831 0.5031193941831589 0.007182762026786804 0.006238847970962524
1 0.8970470875501633 0.5026738047599792 0.00957702100276947 0.005347609519958496
0 0.09936153888702393 0.5040106624364853 0.008778929710388184 0.009803920984268188
0 0.11332803964614868 0.5040106624364853 0.007980823516845703 0.009803920984268188
1 0.9920191541314125 0.5022281259298325 0.006384676322340965 0.006238847970962524
1 0.9620909802615643 0.5022281259298325 0.005586594343185425 0.009803920984268188
0 0.4261772036552429 0.501336857676506 0.007980823516845703 0.009803920984268188
1 0.19233840703964233 0.5004455894231796 0.007980823516845703 0.009803920984268188
1 0.36233043670654297 0.5 0.004788517951965332 0.00891268253326416
1 0.20111733675003052 0.499554380774498 0.006384730339050293 0.01158645749092102
1 0.9916201112791896 0.4942067861557007 0.007182762026786804 0.00445634126663208
1 0.009577035903930664 0.4942067861557007 0.004788517951965332 0.008021414279937744
1 0.652035117149353 0.49688057601451874 0.007980823516845703 0.013368993997573853
1 0.9090183526277542 0.49242424964904785 0.006384670734405518 0.00445634126663208
0 0.9333599358797073 0.4910873472690582 0.010375097393989563 0.007130146026611328
1 0.17358338832855225 0.498217448592186 0.02154827117919922 0.023172885179519653
0 0.11452513933181763 0.4893048107624054 0.007182717323303223 0.007130146026611328
0 0.2490023970603943 0.4888591766357422 0.011173129081726074 0.006238877773284912
1 0.33080607652664185 0.49643491208553314 0.019952058792114258 0.02139034867286682
1 0.7274540960788727 0.49598927795886993 0.018355965614318848 0.020499080419540405
1 0.45690345764160156 0.4955436438322067 0.019952058792114258 0.02139034867286682
1 0.6053471565246582 0.4950980097055435 0.018355965614318848 0.020499080419540405
0 0.7067039012908936 0.4893048107624054 0.01197129487991333 0.00891268253326416
1 0.41939347982406616 0.4852941036224365 0.007182717323303223 0.00445634126663208
1 0.20949721336364746 0.48306596279144287 0.0055866241455078125 0.00891268253326416
1 0.3188347816467285 0.48172906041145325 0.007182717323303223 0.009803950786590576
1 0.9756584204733372 0.47638145089149475 0.005586590617895126 0.00445634126663208
0 0.2565842270851135 0.47682708501815796 0.008778929710388184 0.007130146026611328
1 0.6348763108253479 0.47593581676483154 0.007182776927947998 0.005347609519958496
0 0.771747812628746 0.47682708501815796 0.00798085331916809 0.007130146026611328
1 0.9497206695377827 0.47593581676483154 0.007980845868587494 0.005347609519958496
0 0.7226656079292297 0.47549018263816833 0.007182776927947998 0.006238877773284912
1 0.9960095770657063 0.47593581676483154 0.007980845868587494 0.007130146026611328
0 0.33599358797073364 0.47549018263816833 0.007980823516845703 0.008021414279937744
0 0.7338387966156006 0.4732620418071747 0.005586564540863037 0.007130146026611328
1 0.3072625994682312 0.469696968793869 0.006384730339050293 0.005347609519958496
1 0.4760574698448181 0.4728164076805115 0.008778929710388184 0.011586427688598633
1 0.8914604932069778 0.467468798160553 0.004788503050804138 0.008021414279937744
0 0.19233840703964233 0.4692513346672058 0.007980823516845703 0.015151500701904297
0 0.3499600887298584 0.4688057005405426 0.007182717323303223 0.01426023244857788
1 0.5107741355895996 0.46702316403388977 0.007980823516845703 0.010695159435272217
0 0.7952913045883179 0.4692513346672058 0.00718274712562561 0.015151500701904297
1 0.360734224319458 0.46568626165390015 0.007980823516845703 0.009803950786590576
1 0.6512370407581329 0.4647950232028961 0.007980823516845703 0.008021414279937744
0 0.08699125051498413 0.46212121844291687 0.007980823516845703 0.008021414279937744
0 0.09976059198379517 0.46167558431625366 0.007980823516845703 0.00891268253326416
0 0.4269752502441406 0.46033868193626404 0.006384730339050293 0.006238877773284912
1 0.6053471565246582 0.4679144322872162 0.018355965614318848 0.02139037847518921
1 0.7031125426292419 0.4679144322872162 0.017557859420776367 0.02139037847518921
0 0.25738227367401123 0.46033868193626404 0.008778929710388184 0.008021414279937744
0 0.43695133924484253 0.45989304780960083 0.010375142097473145 0.00891268253326416
1 0.9150039926171303 0.45098039507865906 0.005586594343185425 0.007130146026611328
1 0.9026336818933487 0.448752224445343 0.00957702100276947 0.006238877773284912
0 0.1775738000869751 0.4483065903186798 0.008778929710388184 0.007130146026611328
0 0.11612129211425781 0.4478609561920166 0.010375142097473145 0.008021414279937744
0 0.6017557978630066 0.4478609561920166 0.009577035903930664 0.008021414279937744
0 0.25857943296432495 0.446524053812027 0.007980823516845703 0.007130146026611328
0 0.4018356204032898 0.44563278555870056 0.008778929710388184 0.00891268253326416
1 0.7920989692211151 0.4434046447277069 0.0039904117584228516 0.008021414279937744
1 0.19074219465255737 0.4429590106010437 0.004788517951965332 0.00891268253326416
1 0.3579409122467041 0.4429590106010437 0.0039904117584228516 0.00891268253326416
1 0.8056664019823074 0.44028520584106445 0.00718274712562561 0.005347609519958496
0 0.3284118175506592 0.43983957171440125 0.0055866241455078125 0.008021414279937744
1 0.12170791625976562 0.4367201328277588 0.007182717323303223 0.005347609519958496
1 0.6596169173717499 0.4385026693344116 0.007182776927947998 0.00891268253326416
1 0.7761372774839401 0.4416221082210541 0.01835593581199646 0.022281646728515625
0 0.08778929710388184 0.4322638213634491 0.007980823516845703 0.007130146026611328
1 0.14764565229415894 0.44073083996772766 0.02075016498565674 0.024064183235168457
1 0.305267333984375 0.43939393758773804 0.019952058792114258 0.02139037847518921
1 0.4329608678817749 0.43983957171440125 0.018355965614318848 0.022281646728515625
1 0.5814046263694763 0.43939393758773804 0.018355965614318848 0.02139037847518921
1 0.9369513187557459 0.4327094554901123 0.006384674459695816 0.008021414279937744
1 0.009577035903930664 0.4322638213634491 0.004788517951965332 0.00891268253326416
1 0.9449321627616882 0.4233511686325073 0.004788510501384735 0.007130146026611328
1 0.9600957706570625 0.4220142662525177 0.0063846781849861145 0.006238877773284912
1 0.881883479654789 0.4108734428882599 0.004788503050804138 0.005347609519958496
1 0.9154030308127403 0.40864527225494385 0.007980838418006897 0.00445634126663208
1 0.9956105346791446 0.4073083698749542 0.008778930641710758 0.005347609519958496
1 0.11851555109024048 0.4001782536506653 0.008778929710388184 0.005347609519958496
0 0.7817238569259644 0.39304813742637634 0.00718274712562561 0.007130146026611328
1 0.6823623180389404 0.3908199667930603 0.007980823516845703 0.00445634126663208
0 0.9146049469709396 0.3912656009197235 0.00798085331916809 0.005347609519958496
1 0.194732666015625 0.38814616203308105 0.007980823516845703 0.00445634126663208
1 0.7976855486631393 0.38903743028640747 0.00718274712562561 0.009803950786590576
1 0.5019952058792114 0.38814616203308105 0.007980823516845703 0.009803950786590576
1 0.8946528360247612 0.38725489377975464 0.004788503050804138 0.008021414279937744
1 0.3643256425857544 0.385917991399765 0.0039904117584228516 0.00891268253326416
1 0.5123703181743622 0.38324421644210815 0.007980823516845703 0.010695159435272217
0 0.6524341702461243 0.3810160458087921 0.007182776927947998 0.009803950786590576
1 0.703910619020462 0.385917991399765 0.017557859420776367 0.02139037847518921
1 0.43335992097854614 0.38368985056877136 0.019154071807861328 0.020499110221862793
0 0.14086192846298218 0.3756684362888336 0.0055866241455078125 0.008021414279937744
1 0.21867519617080688 0.37789660692214966 0.006384730339050293 0.012477695941925049
1 0.2793295979499817 0.38324421644210815 0.02075016498565674 0.02317291498184204
1 0.9553072638809681 0.3747771978378296 0.009577013552188873 0.006238877773284912
1 0.977653631940484 0.3752228021621704 0.009577017277479172 0.007130146026611328
1 0.21109336614608765 0.3752228021621704 0.0039904117584228516 0.00891268253326416
1 0.9900239426642656 0.3743315637111664 0.005586592480540276 0.007130146026611328
1 0.12090981006622314 0.3810160458087921 0.019952058792114258 0.022281646728515625
1 0.2685554623603821 0.3743315637111664 0.007182717323303223 0.00891268253326416
1 0.187549889087677 0.3689839541912079 0.006384730339050293 0.012477695941925049
1 0.6616121232509613 0.36319074034690857 0.007980823516845703 0.00445634126663208
0 0.6005586683750153 0.36319074034690857 0.005586564540863037 0.008021414279937744
0 0.7114924192428589 0.36185383796691895 0.007182776927947998 0.012477695941925049
1 0.5075818002223969 0.3582887649536133 0.007980823516845703 0.007130146026611328
1 0.8914604932069778 0.35472372174263 0.00957702100276947 0.005347609519958496
1 0.728651225566864 0.3587343990802765 0.017557859420776367 0.020499110221862793
1 0.632082998752594 0.3578431308269501 0.019154012203216553 0.020499110221862793
0 0.5638467669487 0.35071301460266113 0.005586564540863037 0.008021414279937744
1 0.4840382933616638 0.35606059432029724 0.018355965614318848 0.020499110221862793
1 0.9952114924089983 0.3484848439693451 0.006384676555171609 0.005347609519958496
1 0.12130886316299438 0.3529411852359772 0.02075016498565674 0.02139037847518921
1 0.2805267572402954 0.3538324534893036 0.019952058792114258 0.02317291498184204
0 0.22625696659088135 0.3333333432674408 0.010375142097473145 0.007130146026611328
1 0.5015961676836014 0.33155080676078796 0.003990441560745239 0.00891268253326416
1 0.0035913586616516113 0.3266488313674927 0.007182717323303223 0.00445634126663208
0 0.15642458200454712 0.3284313678741455 0.006384730339050293 0.009803950786590576
1 0.2150837779045105 0.3270944654941559 0.0039904117584228516 0.00891268253326416
1 0.5123703181743622 0.3270944654941559 0.007980823516845703 0.010695159435272217
1 0.7043096423149109 0.33110517263412476 0.018355965614318848 0.020499110221862793
0 0.3515562415122986 0.3235294222831726 0.0055866241455078125 0.00891268253326416
1 0.40941739082336426 0.3275400996208191 0.019154071807861328 0.022281646728515625
1 0.3320031762123108 0.3266488313674927 0.02075016498565674 0.022281646728515625
1 0.17557859420776367 0.32486632466316223 0.02075016498565674 0.022281646728515625
1 0.6751795709133148 0.3070409893989563 0.007980823516845703 0.00445634126663208
0 0.7992817312479019 0.3074866235256195 0.00718274712562561 0.00891268253326416
1 0.9876296885777265 0.3074866235256195 0.010375099722296 0.00891268253326416
1 0.3786911368370056 0.3025846779346466 0.007182717323303223 0.00445634126663208
0 0.4169992208480835 0.30392158031463623 0.007182717323303223 0.010695159435272217
1 0.22027134895324707 0.29991087317466736 0.006384730339050293 0.008021414279937744
1 0.7777334451675415 0.30525845289230347 0.01835593581199646 0.020499110221862793
1 0.9421388655900955 0.29901960492134094 0.007182762026786804 0.008021414279937744
1 0.632082998752594 0.3030303120613098 0.017557859420776367 0.019607841968536377
1 0.3515562415122986 0.2963458001613617 0.0055866241455078125 0.009803950786590576
0 0.19592976570129395 0.2963458001613617 0.007182717323303223 0.013368964195251465
1 0.4349561333656311 0.3008021414279938 0.019154071807861328 0.022281646728515625
1 0.9624900221824646 0.291889488697052 0.0063846781849861145 0.006238877773284912
0 0.8958499580621719 0.2905525863170624 0.008778929710388184 0.007130146026611328
1 0.28012770414352417 0.2976827025413513 0.0223463773727417 0.02317291498184204
0 0.21707898378372192 0.28832441568374634 0.009577035903930664 0.013368964195251465
1 0.9098164439201355 0.28297683596611023 0.00798085331916809 0.00445634126663208
1 0.21109336614608765 0.28297683596611023 0.007182717323303223 0.006238877773284912
1 0.19313645362854004 0.2820855677127838 0.004788517951965332 0.008021414279937744
1 0.8962490037083626 0.27807486057281494 0.007980838418006897 0.005347609519958496
1 0.7992817312479019 0.2771835923194885 0.0039904117584228516 0.00891268253326416
0 0.326815664768219 0.2758466899394989 0.0055866241455078125 0.008021414279937744
1 0.7785315215587616 0.2771835923194885 0.01835593581199646 0.019607841968536377
1 0.5131683945655823 0.270944744348526 0.007980823516845703 0.010695159435272217
0 0.6153232157230377 0.2704991102218628 0.006384670734405518 0.009803950786590576
1 0.6324820518493652 0.2754010558128357 0.019952118396759033 0.02139037847518921
1 0.4098164439201355 0.2713903784751892 0.018355965614318848 0.020499110221862793
1 0.9373503625392914 0.2606951892375946 0.007182762026786804 0.00445634126663208
1 0.25498801469802856 0.26916220784187317 0.02154827117919922 0.02317291498184204
1 0.14844375848770142 0.2664884030818939 0.02075016498565674 0.02139037847518921
1 0.0035913586616516113 0.25757575035095215 0.007182717323303223 0.005347609519958496
0 0.5818036794662476 0.25311944633722305 0.01117318868637085 0.007130131125450134
1 0.6288906633853912 0.25222817808389664 0.004788517951965332 0.007130131125450134
1 0.607342392206192 0.2513369098305702 0.009577035903930664 0.008912667632102966
1 0.9804469272494316 0.2495543733239174 0.008778929710388184 0.005347594618797302
1 0.4581005573272705 0.2495543733239174 0.004788517951965332 0.008912667632102966
0 0.4876297116279602 0.2495543584227562 0.004788517951965332 0.01069517433643341
1 0.9537110924720764 0.24643494188785553 0.007980845868587494 0.00445634126663208
1 0.897845171391964 0.2455436736345291 0.007980838418006897 0.00445634126663208
1 0.25219476222991943 0.2450980395078659 0.006384730339050293 0.00713011622428894
1 0.5818036794662476 0.2442067712545395 0.009577035903930664 0.00713011622428894
1 0.9960095770657063 0.23663102090358734 0.007980845868587494 0.00445634126663208
1 0.974461292847991 0.2286096215248108 0.0063846781849861145 0.00445634126663208
1 0.01037508249282837 0.22593583166599274 0.006384730339050293 0.013368993997573853
1 0.9389465246349573 0.2183600664138794 0.008778933435678482 0.00713011622428894
0 0.08938544988632202 0.21434937417507172 0.007980823516845703 0.006238847970962524
1 0.01157224178314209 0.21434937417507172 0.0055866241455078125 0.008021384477615356
1 0.8910614550113678 0.2130124717950821 0.007182762026786804 0.005347579717636108
0 0.9513168409466743 0.21524064242839813 0.007980845868587494 0.009803920984268188
1 0.7697525918483734 0.21256683766841888 0.0039904117584228516 0.008021384477615356
0 0.21588188409805298 0.21078431606292725 0.008778929710388184 0.008021384477615356
0 0.5997605621814728 0.21078431606292725 0.008778929710388184 0.008021384477615356
1 0.6153232157230377 0.21078431606292725 0.004788517951965332 0.009803920984268188
1 0.6217078864574432 0.20989304780960083 0.004788517951965332 0.009803920984268188
1 0.46488428115844727 0.2085561454296112 0.0055866241455078125 0.008912652730941772
1 0.5570630431175232 0.2085561454296112 0.007980823516845703 0.008912652730941772
1 0.916201114654541 0.20543672144412994 0.01117318868637085 0.006238847970962524
0 0.5450917780399323 0.2076648771762848 0.007980823516845703 0.012477725744247437
1 0.583798885345459 0.20543672144412994 0.007182776927947998 0.009803920984268188
1 0.6057462096214294 0.20588235557079315 0.006384670734405518 0.010695189237594604
1 0.17158818244934082 0.20053476095199585 0.004788517951965332 0.00713011622428894
1 0.18954509496688843 0.20098039507865906 0.0039904117584228516 0.008021384477615356
1 0.471668004989624 0.20142602920532227 0.004788517951965332 0.008912652730941772
1 0.14884275197982788 0.19875222444534302 0.0055866241455078125 0.010695189237594604
1 0.276935338973999 0.19429589807987213 0.007980823516845703 0.005347579717636108
1 0.9185953736305237 0.1929589956998825 0.00798085331916809 0.00445634126663208
1 0.964884277433157 0.19385026395320892 0.009577013552188873 0.006238847970962524
0 0.1667996644973755 0.19607843458652496 0.007980823516845703 0.014260262250900269
1 0.9030327200889587 0.19162210822105408 0.008778929710388184 0.005347579717636108
1 0.09896248579025269 0.19474153220653534 0.007980823516845703 0.013368993997573853
1 0.11532324552536011 0.19518716633319855 0.007182717323303223 0.014260262250900269
1 0.18355947732925415 0.18983957171440125 0.006384730339050293 0.010695189237594604
0 0.34517157077789307 0.18672014772891998 0.007182717323303223 0.006238847970962524
1 0.9369513187557459 0.18582887947559357 0.007980842143297195 0.00445634126663208
1 0.5083798766136169 0.18582887947559357 0.006384670734405518 0.006238847970962524
1 0.9493216276168823 0.18538324534893036 0.008778929710388184 0.00713011622428894
1 0.1903432011604309 0.18315507471561432 0.007182717323303223 0.006238847970962524
1 0.7254588901996613 0.1822638213634491 0.007980823516845703 0.00445634126663208
1 0.4984038323163986 0.18360070884227753 0.005586594343185425 0.008912652730941772
0 0.7354349493980408 0.1818181872367859 0.007182776927947998 0.005347579717636108
1 0.9561053477227688 0.17959001660346985 0.007980845868587494 0.00445634126663208
1 0.560255378484726 0.17869874835014343 0.007980823516845703 0.00445634126663208
1 0.5083798766136169 0.17780748009681702 0.006384670734405518 0.006238847970962524
0 0.17837190628051758 0.17780748009681702 0.008778929710388184 0.009803920984268188
1 0.43615323305130005 0.177361860871315 0.0055866241455078125 0.008912652730941772
1 0.9110135659575462 0.17557932436466217 0.011971265077590942 0.00713011622428894
1 0.01197129487991333 0.1724599003791809 0.004788517951965332 0.006238847970962524
1 0.8910614550113678 0.17067736387252808 0.003990426659584045 0.008021384477615356
1 0.8180367052555084 0.16800355911254883 0.00798085331916809 0.00445634126663208
1 0.7765363156795502 0.1671123057603836 0.00798085331916809 0.00445634126663208
1 0.9561053477227688 0.16755792498588562 0.0063846781849861145 0.005347579717636108
1 0.7310454845428467 0.1662210375070572 0.007980823516845703 0.00445634126663208
1 0.5115722119808197 0.1617647111415863 0.007980823516845703 0.00445634126663208
1 0.47725456953048706 0.1608734428882599 0.006384730339050293 0.00445634126663208
1 0.950917799025774 0.15730838477611542 0.007182762026786804 0.00445634126663208
0 0.9385474864393473 0.15819963812828064 0.004788506776094437 0.008021384477615356
1 0.7573822885751724 0.1559714823961258 0.006384670734405518 0.005347579717636108
1 0.8918595388531685 0.15463458001613617 0.007182762026786804 0.00445634126663208
0 0.7011173069477081 0.15418894588947296 0.007182776927947998 0.005347579717636108
1 0.6352753341197968 0.15285204350948334 0.007980823516845703 0.00445634126663208
0 0.6564245820045471 0.15329767763614655 0.008778929710388184 0.005347579717636108
1 0.4796488285064697 0.14928698539733887 0.007980823516845703 0.00445634126663208
0 0.012370288372039795 0.14973261952400208 0.0055866241455078125 0.008912652730941772
1 0.05307263135910034 0.14839571714401245 0.0055866241455078125 0.006238847970962524
1 0.3998403549194336 0.1461675614118576 0.009577035903930664 0.005347579717636108
1 0.9592976868152618 0.14304812252521515 0.0063846781849861145 0.006238847970962524
0 0.984038308262825 0.14260248839855194 0.007980845868587494 0.005347579717636108
0 0.2418196201324463 0.1408199667930603 0.009577035903930664 0.005347579717636108
1 0.2881085276603699 0.1412656009197235 0.004788517951965332 0.006238847970962524
0 0.26656025648117065 0.14171123504638672 0.006384730339050293 0.008912652730941772
1 0.3411811590194702 0.1403743326663971 0.0055866241455078125 0.006238847970962524
1 0.3008778691291809 0.13948306441307068 0.006384730339050293 0.008021384477615356
1 0.3312051296234131 0.13948306441307068 0.006384730339050293 0.008021384477615356
1 0.3555467128753662 0.13948306441307068 0.0055866241455078125 0.008021384477615356
0 0.6177174746990204 0.13903743028640747 0.007980823516845703 0.00713011622428894
1 0.14764565229415894 0.1350267380475998 0.006384730339050293 0.006238847970962524
1 0.2849162220954895 0.13324420154094696 0.006384730339050293 0.006238847970962524
1 0.9345570635050535 0.13279856741428375 0.009577017277479172 0.005347579717636108
0 0.4042298197746277 0.13101604580879211 0.007182717323303223 0.005347579717636108
0 0.3918595314025879 0.1305704116821289 0.009577035903930664 0.006238847970962524
1 0.16041499376296997 0.1350267380475998 0.012769341468811035 0.01693403720855713
0 0.2565842270851135 0.12923350930213928 0.010375142097473145 0.012477725744247437
1 0.2865123748779297 0.12611408159136772 0.004788517951965332 0.006238855421543121
1 0.2071029543876648 0.12344029173254967 0.0039904117584228516 0.008021391928195953
1 0.9453312046825886 0.12254901975393295 0.007182762026786804 0.006238862872123718
1 0.7114924192428589 0.12210338562726974 0.005586564540863037 0.007130131125450134
1 0.7853152453899384 0.12121212482452393 0.00798085331916809 0.005347594618797302
1 0.8930566608905792 0.12076649069786072 0.004788503050804138 0.008021384477615356
1 0.7422186732292175 0.11853832751512527 0.009577035903930664 0.008912652730941772
0 0.9289704710245132 0.1194295883178711 0.006384670734405518 0.010695189237594604
1 0.7118914723396301 0.11720142513513565 0.006384670734405518 0.008021384477615356
1 0.7849162071943283 0.11408199369907379 0.00718274712562561 0.005347594618797302
1 0.21189147233963013 0.11319073289632797 0.0039904117584228516 0.008912652730941772
1 0.5407023131847382 0.11319073289632797 0.007182776927947998 0.008912652730941772
1 0.5115722119808197 0.11140819638967514 0.006384670734405518 0.007130131125450134
1 0.503591388463974 0.11185383051633835 0.006384670734405518 0.009803920984268188
0 0.9409417398273945 0.1091800332069397 0.009577013552188873 0.006238862872123718
0 0.9936153234448284 0.10873440653085709 0.007980845402926207 0.005347594618797302
0 0.6149241924285889 0.10828877240419388 0.007182776927947998 0.008021384477615356
1 0.6735833883285522 0.10294117778539658 0.006384670734405518 0.004456326365470886
1 0.9417398236691952 0.10338681191205978 0.0063846781849861145 0.005347594618797302
1 0.6436552405357361 0.10249554365873337 0.007182776927947998 0.005347594618797302
0 0.3974461555480957 0.1042780727148056 0.006384730339050293 0.010695189237594604
1 0.5027932673692703 0.09848485141992569 0.00798085331916809 0.004456326365470886
1 0.3168395757675171 0.09759358316659927 0.006384730339050293 0.004456326365470886
1 0.7346368730068207 0.09759358316659927 0.007182776927947998 0.004456326365470886
0 0.7773343920707703 0.09759358316659927 0.00798085331916809 0.004456326365470886
1 0.9712689546868205 0.09714794903993607 0.006384676322340965 0.005347594618797302
1 0.6648044586181641 0.09581105411052704 0.007980823516845703 0.004456326365470886
1 0.6161213219165802 0.0940285176038742 0.007980823516845703 0.004456326365470886
0 0.5742218792438507 0.0935828909277916 0.008778929710388184 0.005347594618797302
1 0.11891460418701172 0.09135472029447556 0.009577035903930664 0.006238862872123718
1 0.1580207347869873 0.09046345949172974 0.007980823516845703 0.004456326365470886
1 0.9900239426642656 0.08600713312625885 0.007182762026786804 0.004456326365470886
1 0.3168395757675171 0.08155079931020737 0.006384730339050293 0.004456326365470886
1 0.8375897854566574 0.08377896249294281 0.008778929710388184 0.008912652730941772
1 0.1472465991973877 0.08155079931020737 0.0055866241455078125 0.008021384477615356
1 0.2581803798675537 0.08110517263412476 0.0039904117584228516 0.008912652730941772
1 0.9289704710245132 0.0784313753247261 0.006384670734405518 0.005347594618797302
1 0.6919393539428711 0.0784313753247261 0.009577035903930664 0.012477710843086243
1 0.9960095770657063 0.07174687832593918 0.007980845868587494 0.004456326365470886
1 0.15203511714935303 0.07174687832593918 0.0055866241455078125 0.009803920984268188
1 0.7274540960788727 0.06907308101654053 0.007182776927947998 0.004456326365470886
1 0.6644054353237152 0.06729055196046829 0.007182776927947998 0.004456326365470886
1 0.5897845029830933 0.06506238877773285 0.009577035903930664 0.005347594618797302
1 0.9784517157822847 0.06417112052440643 0.009577017277479172 0.005347594618797302
0 0.2027134895324707 0.06372549198567867 0.006384730339050293 0.008021388202905655
1 0.22346371412277222 0.06417112052440643 0.004788517951965332 0.008912652730941772
1 0.9656823622062802 0.06327986158430576 0.011173183098435402 0.007130127400159836
1 0.24381482601165771 0.06105169467628002 0.007182717323303223 0.004456330090761185
1 0.9102154821157455 0.06105169281363487 0.007182762026786804 0.008021391928195953
1 0.9964086192194372 0.05882352963089943 0.007182761561125517 0.007130123674869537
1 0.9301676005125046 0.053921569138765335 0.007182762026786804 0.004456326365470886
0 0.33599358797073364 0.05303030461072922 0.006384730339050293 0.006238862872123718
0 0.5746209025382996 0.04946523904800415 0.007980823516845703 0.004456326365470886
1 0.43176376819610596 0.04991087317466736 0.007980823516845703 0.007130123674869537
1 0.5295291244983673 0.04857397451996803 0.007182776927947998 0.004456326365470886
0 0.49960094690322876 0.048128340393304825 0.007980823516845703 0.005347594618797302
0 0.36233043670654297 0.0467914454638958 0.007980823516845703 0.004456326365470886
0 0.41460496187210083 0.04901960864663124 0.0055866241455078125 0.008912652730941772
0 0.4269752502441406 0.048128340393304825 0.009577035903930664 0.010695189237594604
1 0.01037508249282837 0.04545454680919647 0.007980823516845703 0.007130123674869537
1 0.8419792503118515 0.04278074949979782 0.004788517951965332 0.007130123674869537
1 0.39066243171691895 0.04055258631706238 0.0055866241455078125 0.006238862872123718
1 0.6807661652565002 0.03966131806373596 0.007980823516845703 0.004456326365470886
1 0.8112529963254929 0.041889481246471405 0.0039904117584228516 0.008912652730941772
1 0.9281723871827126 0.04055258631706238 0.007980838418006897 0.006238862872123718
1 0.7976855486631393 0.03966131806373596 0.00718274712562561 0.009803920984268188
1 0.3838787078857422 0.03342245798557997 0.006384730339050293 0.006238857284188271
1 0.9565043896436691 0.032531194388866425 0.007182762026786804 0.004456326365470886
1 0.26656025648117065 0.02941176388412714 0.009577035903930664 0.005347592756152153
0 0.29529130458831787 0.028520498424768448 0.009577035903930664 0.007130123674869537
1 0.15323221683502197 0.03030303120613098 0.006384730339050293 0.01247771829366684
1 0.6384676694869995 0.02183600701391697 0.007980823516845703 0.004456326365470886
1 0.587390273809433 0.020053476095199585 0.006384670734405518 0.004456326365470886
1 0.008778929710388184 0.020499108359217644 0.006384730339050293 0.007130123674869537
1 0.3204309940338135 0.01871657744050026 0.0039904117584228516 0.008912656456232071
0 0.3838787078857422 0.020053476095199585 0.006384730339050293 0.011586453765630722
1 0.36193138360977173 0.01604278013110161 0.007182717323303223 0.005347594618797302
1 0.9409417398273945 0.008467023260891438 0.007980845868587494 0.0044563282281160355
0 0.11332803964614868 0.00891265575774014 0.009577035903930664 0.007130125071853399
1 0.5139664709568024 0.006684491876512766 0.007980823516845703 0.004456327296793461
0 0.33280128240585327 0.004010695032775402 0.006384730339050293 0.008021390065550804
