1 0.07487091422080994 0.9964028596878052 0.005163505673408508 0.0071942806243896484
0 0.8304647207260132 0.9959532618522644 0.013769388198852539 0.008093476295471191
0 0.806368350982666 0.9959532618522644 0.00860583782196045 0.008093476295471191
1 0.6140275597572327 0.994154691696167 0.007745265960693359 0.004496455192565918
1 0.9913941621780396 0.9937050342559814 0.00860583782196045 0.005395650863647461
1 0.9806368350982666 0.994154691696167 0.011187553405761719 0.006294965744018555
1 0.30249568819999695 0.9865108132362366 0.009466409683227539 0.005395650863647461
1 0.17426849901676178 0.9707733988761902 0.006024092435836792 0.004496455192565918
1 0.4991394281387329 0.9685251712799072 0.0068846940994262695 0.0035971403121948242
1 0.5658347606658936 0.9680755138397217 0.007745265960693359 0.004496455192565918
1 0.006884681293740869 0.9676259160041809 0.010327022057026625 0.005395650863647461
1 0.444922536611557 0.9590827226638794 0.00860583782196045 0.004496455192565918
1 0.06712564826011658 0.9446942210197449 0.008605852723121643 0.009892106056213379
1 0.9634250998497009 0.943345308303833 0.009466409683227539 0.010791420936584473
0 0.4836488664150238 0.9348021745681763 0.00860583782196045 0.006294965744018555
0 0.39931154251098633 0.9343525171279907 0.010327041149139404 0.0071942806243896484
0 0.20438899099826813 0.9339028596878052 0.007745265960693359 0.006294965744018555
0 0.9165232181549072 0.9334532618522644 0.00860583782196045 0.0071942806243896484
1 0.4591222107410431 0.9330036044120789 0.009466409683227539 0.006294965744018555
1 0.44836488366127014 0.9325539469718933 0.00860583782196045 0.005395650863647461
1 0.2848536968231201 0.9325539469718933 0.00860583782196045 0.005395650863647461
0 0.1927710771560669 0.9334532618522644 0.00860583782196045 0.0071942806243896484
0 0.8588640093803406 0.9325539469718933 0.00860583782196045 0.0071942806243896484
0 0.5129087567329407 0.9334532618522644 0.01204824447631836 0.008992791175842285
0 0.14845094084739685 0.9334532618522644 0.007745265960693359 0.008992791175842285
0 0.7435455918312073 0.9325539469718933 0.00860583782196045 0.008992791175842285
0 0.6858863830566406 0.9321042895317078 0.00860583782196045 0.009892106056213379
1 0.3747848570346832 0.9312050342559814 0.00602412223815918 0.008093476295471191
1 0.27409639954566956 0.9267086386680603 0.009466409683227539 0.011690616607666016
1 0.0219449233263731 0.9253597259521484 0.007745265960693359 0.008992791175842285
1 0.7366609573364258 0.9222122430801392 0.00860583782196045 0.004496455192565918
1 0.7082616090774536 0.9222122430801392 0.00860583782196045 0.004496455192565918
1 0.4591222107410431 0.9231114983558655 0.009466409683227539 0.006294965744018555
1 0.28528398275375366 0.9231114983558655 0.009466409683227539 0.006294965744018555
1 0.10757315158843994 0.9249100685119629 0.008605852723121643 0.009892106056213379
1 0.4479345977306366 0.9240108132362366 0.009466409683227539 0.009892106056213379
1 0.006884681293740869 0.917715847492218 0.010327022057026625 0.006294965744018555
1 0.8816695213317871 0.9249100685119629 0.0215146541595459 0.02248203754425049
0 0.7030981183052063 0.9168165326118469 0.00860583782196045 0.006294965744018555
1 0.6510326862335205 0.9253597259521484 0.0215146541595459 0.023381352424621582
1 0.5382960438728333 0.9253597259521484 0.023235797882080078 0.023381352424621582
0 0.47375214099884033 0.9172661900520325 0.007745265960693359 0.0071942806243896484
1 0.31153184175491333 0.9249100685119629 0.02237522602081299 0.02248203754425049
1 0.17168675363063812 0.9258093237876892 0.023235797882080078 0.024280548095703125
0 0.504733219742775 0.9168165326118469 0.012908786535263062 0.008093476295471191
0 0.36187607049942017 0.9163669347763062 0.007745265960693359 0.0071942806243896484
1 0.7779690027236938 0.9046762585639954 0.010326981544494629 0.005395650863647461
0 0.3696213364601135 0.903777003288269 0.012908756732940674 0.0071942806243896484
0 0.14629948139190674 0.9046762585639954 0.010327011346817017 0.008992791175842285
0 0.8872633576393127 0.902877688407898 0.00860583782196045 0.0071942806243896484
0 0.653184175491333 0.9033273458480835 0.01204824447631836 0.008093476295471191
0 0.5421686768531799 0.902877688407898 0.00860583782196045 0.0071942806243896484
0 0.20524956285953522 0.902877688407898 0.007745265960693359 0.0071942806243896484
1 0.45869192481040955 0.9033273458480835 0.00860583782196045 0.009892106056213379
1 0.44836488366127014 0.9033273458480835 0.00860583782196045 0.009892106056213379
0 0.7147160172462463 0.9015287756919861 0.00602412223815918 0.008093476295471191
0 0.9178141355514526 0.9006295204162598 0.007745265960693359 0.009892106056213379
1 0.7913081049919128 0.8983812928199768 0.00602412223815918 0.008992791175842285
0 0.727624773979187 0.8992805480957031 0.007745265960693359 0.010791420936584473
0 0.7452667951583862 0.8983812928199768 0.0068846940994262695 0.01258993148803711
1 0.45783132314682007 0.8965827226638794 0.00860583782196045 0.010791420936584473
0 0.6174699068069458 0.8943345546722412 0.007745265960693359 0.01528775691986084
0 0.13640275597572327 0.8884891867637634 0.007745265960693359 0.0071942806243896484
1 0.2276247888803482 0.8952338099479675 0.02151462435722351 0.02248203754425049
0 0.9023236036300659 0.8893885016441345 0.009466409683227539 0.01258993148803711
0 0.81540447473526 0.8875899314880371 0.007745265960693359 0.008992791175842285
0 0.729345977306366 0.8875899314880371 0.007745265960693359 0.008992791175842285
1 0.6790017485618591 0.8943345546722412 0.02237522602081299 0.02248203754425049
0 0.6441479921340942 0.8862410187721252 0.007745265960693359 0.006294965744018555
0 0.47289156913757324 0.8871402740478516 0.007745265960693359 0.008093476295471191
0 0.3898451030254364 0.8857913613319397 0.00860583782196045 0.005395650863647461
0 0.3614457845687866 0.8866906762123108 0.00860583782196045 0.0071942806243896484
1 0.3111015558242798 0.8943345546722412 0.0215146541595459 0.02248203754425049
0 0.2039586901664734 0.8866906762123108 0.0068846940994262695 0.0071942806243896484
0 0.5684165358543396 0.8853417038917542 0.011187553405761719 0.008093476295471191
1 0.1561962068080902 0.8763489127159119 0.007745265960693359 0.004496455192565918
1 0.7788295745849609 0.8754496574401855 0.00860583782196045 0.004496455192565918
1 0.005593803711235523 0.8767985701560974 0.011187607422471046 0.0071942806243896484
1 0.35370051860809326 0.875 0.0068846940994262695 0.005395650863647461
1 0.246987946331501 0.875 0.006884679198265076 0.005395650863647461
0 0.31583476066589355 0.8736510872840881 0.00860583782196045 0.006294965744018555
0 0.13855421543121338 0.8745503425598145 0.010327011346817017 0.008093476295471191
0 0.20223751664161682 0.8736510872840881 0.012048184871673584 0.008093476295471191
0 0.17598967254161835 0.8732014298439026 0.007745265960693359 0.0071942806243896484
1 0.8859724402427673 0.8718525171279907 0.007745265960693359 0.006294965744018555
0 0.7026678323745728 0.872751772403717 0.011187553405761719 0.008093476295471191
0 0.5129087567329407 0.8723021745681763 0.00860583782196045 0.0071942806243896484
0 0.3416523337364197 0.872751772403717 0.012048184871673584 0.008093476295471191
0 0.5017211437225342 0.8718525171279907 0.00860583782196045 0.008093476295471191
0 0.7418244481086731 0.8714028596878052 0.010326981544494629 0.008992791175842285
0 0.7138554453849792 0.8714028596878052 0.007745265960693359 0.008992791175842285
0 0.5434595346450806 0.8700539469718933 0.00602412223815918 0.008093476295471191
0 0.8575731515884399 0.8700539469718933 0.009466409683227539 0.009892106056213379
0 0.5701376795768738 0.8700539469718933 0.009466409683227539 0.009892106056213379
1 0.4574010372161865 0.8615108132362366 0.007745265960693359 0.005395650863647461
0 0.6166092753410339 0.8637589812278748 0.007745265960693359 0.01528775691986084
1 0.22676420211791992 0.8646582961082458 0.02151462435722351 0.02248203754425049
0 0.19320137798786163 0.8565647602081299 0.007745265960693359 0.006294965744018555
0 0.13726334273815155 0.8574640154838562 0.007745265960693359 0.008093476295471191
0 0.8868330717086792 0.8561151027679443 0.007745265960693359 0.0071942806243896484
1 0.6488812565803528 0.8637589812278748 0.02237522602081299 0.02248203754425049
1 0.3674698770046234 0.8637589812278748 0.02237522602081299 0.02248203754425049
0 0.20438899099826813 0.8570144176483154 0.009466439485549927 0.008992791175842285
0 0.3339070677757263 0.855215847492218 0.00860583782196045 0.0071942806243896484
0 0.3059380352497101 0.8556654453277588 0.009466409683227539 0.008093476295471191
0 0.9040447473526001 0.855215847492218 0.011187553405761719 0.008992791175842285
0 0.5615318417549133 0.8543165326118469 0.01290881633758545 0.0071942806243896484
0 0.51161789894104 0.8543165326118469 0.009466409683227539 0.0071942806243896484
0 0.4827882945537567 0.8430755138397217 0.010327041149139404 0.006294965744018555
0 0.7091221809387207 0.8426259160041809 0.01204824447631836 0.0071942806243896484
0 0.1927710771560669 0.8430755138397217 0.00860583782196045 0.008093476295471191
0 0.8162650465965271 0.8421762585639954 0.009466409683227539 0.008093476295471191
0 0.5675559639930725 0.8421762585639954 0.011187553405761719 0.008093476295471191
0 0.37177279591560364 0.8417266011238098 0.00860583782196045 0.0071942806243896484
0 0.34423407912254333 0.8417266011238098 0.00860583782196045 0.0071942806243896484
1 0.010327022755518556 0.8421762585639954 0.008605852257460356 0.009892106056213379
0 0.9130808711051941 0.841277003288269 0.01204824447631836 0.009892106056213379
0 0.8876936435699463 0.8390287756919861 0.00602412223815918 0.008992791175842285
0 0.45783132314682007 0.8381295204162598 0.0068846940994262695 0.014388442039489746
0 0.7994836568832397 0.8340827226638794 0.00860583782196045 0.01528775691986084
0 0.1183304637670517 0.8345323801040649 0.007745265960693359 0.016187071800231934
1 0.09767641872167587 0.8291366696357727 0.007745265960693359 0.005395650863647461
0 0.2573149800300598 0.8268885016441345 0.00860583782196045 0.004496455192565918
1 0.44018933176994324 0.826438844203949 0.009466409683227539 0.005395650863647461
0 0.1927710771560669 0.8273381590843201 0.00860583782196045 0.0071942806243896484
0 0.6983649134635925 0.8268885016441345 0.00602412223815918 0.008093476295471191
1 0.17082616686820984 0.8349820375442505 0.02151462435722351 0.024280548095703125
0 0.900602400302887 0.826438844203949 0.00602412223815918 0.008992791175842285
1 0.8502581715583801 0.8340827226638794 0.02237522602081299 0.024280548095703125
1 0.7349397540092468 0.8340827226638794 0.02237522602081299 0.024280548095703125
0 0.6428571343421936 0.8246402740478516 0.00860583782196045 0.005395650863647461
1 0.5068847090005875 0.8331834673881531 0.02065405249595642 0.02248203754425049
0 0.30464714765548706 0.8259891867637634 0.00860583782196045 0.008093476295471191
0 0.5417383909225464 0.8259891867637634 0.007745265960693359 0.009892106056213379
0 0.370481938123703 0.8246402740478516 0.009466409683227539 0.0071942806243896484
1 0.004733218811452389 0.818345308303833 0.009466437622904778 0.005395650863647461
0 0.2284853756427765 0.8138489127159119 0.012908786535263062 0.0071942806243896484
0 0.1376936286687851 0.8133992552757263 0.0068846940994262695 0.006294965744018555
1 0.019363167230039835 0.8138489127159119 0.011187608353793621 0.0071942806243896484
0 0.41265061497688293 0.8125 0.009466409683227539 0.008093476295471191
0 0.3416523337364197 0.8125 0.010327041149139404 0.008093476295471191
0 0.4827882945537567 0.8111510872840881 0.00860583782196045 0.0071942806243896484
0 0.1286574900150299 0.8120503425598145 0.006024092435836792 0.008992791175842285
1 0.008605851791799068 0.8107014298439026 0.010327022522687912 0.006294965744018555
0 0.40060240030288696 0.8107014298439026 0.007745265960693359 0.008093476295471191
0 0.5688468217849731 0.8093525171279907 0.00860583782196045 0.008992791175842285
1 0.4466437101364136 0.8098021745681763 0.00860583782196045 0.009892106056213379
1 0.28700515627861023 0.8093525171279907 0.004302918910980225 0.008992791175842285
1 0.020654045045375824 0.8053057789802551 0.008605852723121643 0.006294965744018555
0 0.5546471476554871 0.8071042895317078 0.007745265960693359 0.011690616607666016
1 0.6286574602127075 0.8048561215400696 0.004302978515625 0.008992791175842285
1 0.6148881316184998 0.804406464099884 0.00602412223815918 0.009892106056213379
1 0.7969018816947937 0.8012589812278748 0.0068846940994262695 0.008992791175842285
0 0.21901893615722656 0.7981114983558655 0.006024092435836792 0.008093476295471191
1 0.1703958660364151 0.8053057789802551 0.02065405249595642 0.02248203754425049
0 0.13640275597572327 0.798561155796051 0.009466439485549927 0.008992791175842285
0 0.7254733443260193 0.7972122430801392 0.0068846940994262695 0.008093476295471191
1 0.6764199733734131 0.8035072088241577 0.02237522602081299 0.02248203754425049
0 0.9470739960670471 0.7945144176483154 0.007745265960693359 0.006294965744018555
1 0.8790878057479858 0.8026078939437866 0.023235797882080078 0.02248203754425049
1 0.5567986369132996 0.7954136729240417 0.00860583782196045 0.008093476295471191
1 0.5352839827537537 0.8026078939437866 0.02237522602081299 0.02248203754425049
1 0.9978485107421875 0.7945144176483154 0.004302978515625 0.008093476295471191
0 0.8429431915283203 0.7954136729240417 0.009466409683227539 0.009892106056213379
0 0.3907056748867035 0.7940647602081299 0.012048184871673584 0.0071942806243896484
1 0.16910499334335327 0.7886690497398376 0.007745265960693359 0.005395650863647461
1 0.0073149739764630795 0.7823740839958191 0.014629947952926159 0.008992791175842285
1 0.8085197806358337 0.778777003288269 0.009466409683227539 0.005395650863647461
1 0.7904475331306458 0.778777003288269 0.009466409683227539 0.005395650863647461
1 0.7775387167930603 0.7783273458480835 0.007745265960693359 0.004496455192565918
1 0.7538726329803467 0.778777003288269 0.0068846940994262695 0.005395650863647461
1 0.533993124961853 0.7783273458480835 0.007745265960693359 0.004496455192565918
1 0.4969879388809204 0.778777003288269 0.007745265960693359 0.005395650863647461
1 0.4277108311653137 0.778777003288269 0.010327041149139404 0.005395650863647461
1 0.01979346014559269 0.7760791182518005 0.008605852723121643 0.008992791175842285
1 0.007745266892015934 0.769784152507782 0.006884681060910225 0.005395650863647461
1 0.18588639795780182 0.7666366696357727 0.0068846940994262695 0.004496455192565918
1 0.012478485703468323 0.7657374143600464 0.007745265960693359 0.004496455192565918
1 0.34337350726127625 0.763938844203949 0.00860583782196045 0.004496455192565918
1 0.020654045045375824 0.7652877569198608 0.006884682923555374 0.010791420936584473
1 0.30378657579421997 0.7621402740478516 0.010327041149139404 0.008093476295471191
1 0.009036144241690636 0.7567446231842041 0.009466437622904778 0.006294965744018555
0 0.6501721143722534 0.7513489127159119 0.007745265960693359 0.006294965744018555
0 0.3958691954612732 0.7513489127159119 0.012048184871673584 0.006294965744018555
0 0.8829604387283325 0.7491007447242737 0.00860583782196045 0.0071942806243896484
0 0.913941502571106 0.7486510872840881 0.0068846940994262695 0.008093476295471191
0 0.7082616090774536 0.7495503425598145 0.010326981544494629 0.009892106056213379
0 0.5684165358543396 0.747751772403717 0.009466409683227539 0.011690616607666016
1 0.5305507779121399 0.7423561215400696 0.004302978515625 0.006294965744018555
1 0.45783132314682007 0.7437050342559814 0.0051634907722473145 0.008992791175842285
1 0.7874354720115662 0.7432553768157959 0.00516355037689209 0.009892106056213379
1 0.7964715957641602 0.7423561215400696 0.009466409683227539 0.009892106056213379
0 0.6247848272323608 0.741906464099884 0.00860583782196045 0.008992791175842285
1 0.444922536611557 0.7428057789802551 0.00860583782196045 0.010791420936584473
0 0.11660929769277573 0.7423561215400696 0.009466439485549927 0.009892106056213379
1 0.7827022671699524 0.7383093237876892 0.004302978515625 0.008992791175842285
1 0.31067126989364624 0.7437050342559814 0.02237522602081299 0.021582722663879395
0 0.1919105052947998 0.7369604110717773 0.00860583782196045 0.008093476295471191
1 0.1703958660364151 0.7446042895317078 0.02065405249595642 0.023381352424621582
0 0.004302925895899534 0.7374100685119629 0.008605851791799068 0.008992791175842285
1 0.5051634907722473 0.7423561215400696 0.024096369743347168 0.02248203754425049
1 0.8476763963699341 0.7414568066596985 0.02237522602081299 0.02248203754425049
0 0.6970739960670471 0.7347122430801392 0.00860583782196045 0.008992791175842285
0 0.3610154986381531 0.7333633303642273 0.009466409683227539 0.006294965744018555
1 0.12392426654696465 0.7306654453277588 0.008605845272541046 0.004496455192565918
1 0.35456109046936035 0.7279676198959351 0.00860583782196045 0.004496455192565918
1 0.4027538597583771 0.7275179624557495 0.0068846940994262695 0.005395650863647461
1 0.45438897609710693 0.7266187071800232 0.00860583782196045 0.005395650863647461
0 0.21557658910751343 0.7279676198959351 0.007745265960693359 0.008093476295471191
0 0.7913081049919128 0.7248201370239258 0.00602412223815918 0.0071942806243896484
0 0.3145439028739929 0.7216726541519165 0.007745265960693359 0.006294965744018555
0 0.36790016293525696 0.721222996711731 0.012908756732940674 0.0071942806243896484
0 0.5658347606658936 0.7203237414360046 0.007745265960693359 0.0071942806243896484
0 0.272375226020813 0.7198740839958191 0.009466409683227539 0.006294965744018555
0 0.5103270411491394 0.7198740839958191 0.00860583782196045 0.008093476295471191
0 0.4806368350982666 0.7198740839958191 0.011187613010406494 0.009892106056213379
1 0.10800344496965408 0.7194244861602783 0.004302918910980225 0.008992791175842285
0 0.6807228922843933 0.7185251712799072 0.00860583782196045 0.008992791175842285
1 0.7973321676254272 0.716277003288269 0.004302978515625 0.008093476295471191
1 0.7865749001502991 0.715377688407898 0.00516355037689209 0.008093476295471191
0 0.2633390724658966 0.7140287756919861 0.00860583782196045 0.005395650863647461
1 0.11703958362340927 0.7149280309677124 0.008605852723121643 0.010791420936584473
1 0.81540447473526 0.7099820375442505 0.007745265960693359 0.004496455192565918
1 0.5817555785179138 0.7104316353797913 0.00860583782196045 0.005395650863647461
1 0.7844234108924866 0.7095323801040649 0.009466409683227539 0.008992791175842285
1 0.1703958660364151 0.715377688407898 0.02065405249595642 0.02248203754425049
0 0.20051635801792145 0.7059352397918701 0.012048184871673584 0.0071942806243896484
1 0.33820998668670654 0.7131295204162598 0.02237522602081299 0.023381352424621582
0 0.47074010968208313 0.7041366696357727 0.00860583782196045 0.0071942806243896484
1 0.7026678323745728 0.7113309502601624 0.0215146541595459 0.023381352424621582
1 0.8756454586982727 0.7113309502601624 0.0215146541595459 0.02517986297607422
0 0.639845073223114 0.7027877569198608 0.009466409683227539 0.008093476295471191
0 0.4999999850988388 0.7027877569198608 0.010327011346817017 0.008093476295471191
0 0.794750452041626 0.6946942210197449 0.00602412223815918 0.008093476295471191
0 0.17469879984855652 0.6942446231842041 0.00860583782196045 0.0071942806243896484
0 0.7259036302566528 0.6901978254318237 0.007745265960693359 0.006294965744018555
0 0.39629948139190674 0.6910971403121948 0.011187613010406494 0.008093476295471191
0 0.3145439028739929 0.6915467381477356 0.009466409683227539 0.008992791175842285
0 0.56540447473526 0.689748227596283 0.00860583782196045 0.0071942806243896484
0 0.88080894947052 0.6883992552757263 0.007745265960693359 0.006294965744018555
0 0.8519793748855591 0.6879496574401855 0.00860583782196045 0.0071942806243896484
0 0.5081755518913269 0.6892985701560974 0.01290881633758545 0.009892106056213379
0 0.7086918950080872 0.6875 0.00602412223815918 0.008093476295471191
0 0.6802926063537598 0.6875 0.00602412223815918 0.008093476295471191
1 0.45438897609710693 0.6848021745681763 0.00860583782196045 0.009892106056213379
1 0.44363167881965637 0.6848021745681763 0.009466409683227539 0.009892106056213379
1 0.783993124961853 0.6839028596878052 0.00860583782196045 0.009892106056213379
1 0.9074870944023132 0.6798561215400696 0.004302978515625 0.0071942806243896484
1 0.45438897609710693 0.6758093237876892 0.00860583782196045 0.004496455192565918
1 0.2254733145236969 0.6848021745681763 0.02065405249595642 0.02248203754425049
1 0.783993124961853 0.6753597259521484 0.00860583782196045 0.005395650863647461
0 0.16609294712543488 0.6771582961082458 0.012048184871673584 0.008992791175842285
1 0.3369190990924835 0.6830036044120789 0.0215146541595459 0.02248203754425049
0 0.5542168617248535 0.6731114983558655 0.00860583782196045 0.006294965744018555
1 0.5322719216346741 0.6812050342559814 0.0215146541595459 0.02248203754425049
0 0.49870912730693817 0.673561155796051 0.007745295763015747 0.0071942806243896484
0 0.3674698770046234 0.6726618409156799 0.00860583782196045 0.005395650863647461
1 0.8166953325271606 0.6803057789802551 0.02065408229827881 0.02248203754425049
0 0.6673838496208191 0.673561155796051 0.009466409683227539 0.008992791175842285
0 0.7250430583953857 0.6713129281997681 0.009466409683227539 0.006294965744018555
1 0.6445783376693726 0.6803057789802551 0.02065408229827881 0.024280548095703125
1 0.16566264629364014 0.6650179624557495 0.007745265960693359 0.006294965744018555
0 0.14759035408496857 0.6645683646202087 0.007745265960693359 0.0071942806243896484
0 0.1764199584722519 0.6627697944641113 0.00860583782196045 0.008992791175842285
0 0.39759036898612976 0.6605215668678284 0.00860583782196045 0.006294965744018555
0 0.5370051860809326 0.6591726541519165 0.00860583782196045 0.0071942806243896484
0 0.23321859538555145 0.6600719690322876 0.0068846940994262695 0.008992791175842285
0 0.7065404653549194 0.658722996711731 0.00860583782196045 0.008093476295471191
0 0.8218588829040527 0.6573740839958191 0.010326981544494629 0.008992791175842285
0 0.5645439028739929 0.6582733988761902 0.010326981544494629 0.010791420936584473
1 0.272375226020813 0.6578237414360046 0.007745265960693359 0.009892106056213379
0 0.9246987700462341 0.653777003288269 0.009466409683227539 0.0071942806243896484
1 0.7835628390312195 0.6542266011238098 0.007745265960693359 0.009892106056213379
0 0.7379518151283264 0.6546762585639954 0.007745265960693359 0.01258993148803711
1 0.1183304637670517 0.6506295204162598 0.007745265960693359 0.004496455192565918
1 0.4845094680786133 0.6506295204162598 0.0068846940994262695 0.006294965744018555
1 0.45438897609710693 0.6492805480957031 0.00860583782196045 0.010791420936584473
1 0.005163511144928634 0.6470323801040649 0.006884681293740869 0.006294965744018555
1 0.7831325531005859 0.6456834673881531 0.00860583782196045 0.005395650863647461
1 0.1979345977306366 0.6546762585639954 0.02065405249595642 0.023381352424621582
1 0.3640275299549103 0.652877688407898 0.020654022693634033 0.021582722663879395
0 0.56540447473526 0.6434352397918701 0.0068846940994262695 0.006294965744018555
0 0.7224612832069397 0.6438848972320557 0.007745265960693359 0.008992791175842285
0 0.7065404653549194 0.6425359845161438 0.0068846940994262695 0.006294965744018555
0 0.5279690027236938 0.6429855823516846 0.01290881633758545 0.0071942806243896484
1 0.6437177062034607 0.6501798629760742 0.02065408229827881 0.023381352424621582
0 0.10068846493959427 0.6371402740478516 0.008605852723121643 0.004496455192565918
1 0.2538726329803467 0.6344424486160278 0.00860583782196045 0.004496455192565918
1 0.20352840423583984 0.633093535900116 0.006024092435836792 0.0071942806243896484
0 0.3683304786682129 0.6317446231842041 0.00860583782196045 0.006294965744018555
1 0.858433723449707 0.6299460530281067 0.007745265960693359 0.004496455192565918
0 0.8016350865364075 0.630845308303833 0.007745265960693359 0.006294965744018555
0 0.6957831382751465 0.6299460530281067 0.007745265960693359 0.006294965744018555
0 0.47891566157341003 0.6303957104682922 0.009466409683227539 0.0071942806243896484
0 0.6372633576393127 0.6290467381477356 0.007745265960693359 0.006294965744018555
0 0.7056798338890076 0.6281474828720093 0.0068846940994262695 0.006294965744018555
0 0.8205679655075073 0.6276978254318237 0.007745265960693359 0.0071942806243896484
0 0.9074870944023132 0.6276978254318237 0.009466409683227539 0.008992791175842285
0 0.8786574602127075 0.6276978254318237 0.010326981544494629 0.008992791175842285
0 0.6488812565803528 0.6281474828720093 0.00860583782196045 0.009892106056213379
0 0.5344234108924866 0.6285971403121948 0.013769388198852539 0.010791420936584473
1 0.272375226020813 0.6281474828720093 0.007745265960693359 0.009892106056213379
1 0.7783992886543274 0.6182553768157959 0.004302978515625 0.008093476295471191
1 0.16996558010578156 0.6254496574401855 0.019793450832366943 0.02248203754425049
0 0.6114457845687866 0.6209532618522644 0.007745265960693359 0.01528775691986084
1 0.33605852723121643 0.6245503425598145 0.0215146541595459 0.02248203754425049
0 0.10671256482601166 0.6160072088241577 0.008605852723121643 0.005395650863647461
1 0.5051634758710861 0.6218525171279907 0.025817543268203735 0.02248203754425049
1 0.3868330419063568 0.6137589812278748 0.007745265960693359 0.006294965744018555
0 0.3623063564300537 0.6133093237876892 0.00860583782196045 0.005395650863647461
1 0.6712564826011658 0.6209532618522644 0.024096369743347168 0.02248203754425049
0 0.6372633576393127 0.6133093237876892 0.007745265960693359 0.0071942806243896484
0 0.4703098237514496 0.6128597259521484 0.009466409683227539 0.006294965744018555
0 0.5555077195167542 0.6133093237876892 0.01290881633758545 0.008992791175842285
0 0.5262478590011597 0.6128597259521484 0.011187553405761719 0.008093476295471191
0 0.7228915691375732 0.6115108132362366 0.00860583782196045 0.0071942806243896484
1 0.2848536968231201 0.5890287756919861 0.0068846940994262695 0.005395650863647461
1 0.9952667951583862 0.5890287756919861 0.009466409683227539 0.010791420936584473
0 0.6686747074127197 0.5849820375442505 0.00860583782196045 0.004496455192565918
1 0.6088640093803406 0.5849820375442505 0.007745265960693359 0.004496455192565918
1 0.8631669282913208 0.5840827226638794 0.0068846940994262695 0.004496455192565918
1 0.8253012299537659 0.5840827226638794 0.00860583782196045 0.004496455192565918
0 0.76161789894104 0.5845323801040649 0.00860583782196045 0.005395650863647461
1 0.9935455918312073 0.5809352397918701 0.007745265960693359 0.005395650863647461
0 0.3674698770046234 0.5723921060562134 0.010327041149139404 0.008093476295471191
0 0.31282272934913635 0.5723921060562134 0.011187613010406494 0.009892106056213379
0 0.4793459475040436 0.5701438784599304 0.00860583782196045 0.0071942806243896484
1 0.004302925895899534 0.5692446231842041 0.008605851791799068 0.005395650863647461
1 0.7913081049919128 0.5656474828720093 0.009466409683227539 0.005395650863647461
0 0.7314974069595337 0.5669963955879211 0.01204824447631836 0.009892106056213379
0 0.9070568084716797 0.5656474828720093 0.0068846940994262695 0.008992791175842285
1 0.7818416357040405 0.5642985701560974 0.007745265960693359 0.008093476295471191
0 0.44234079122543335 0.5656474828720093 0.00860583782196045 0.010791420936584473
0 0.6097246408462524 0.5620503425598145 0.007745265960693359 0.014388442039489746
1 0.7908778190612793 0.556654691696167 0.00860583782196045 0.005395650863647461
0 0.30249568819999695 0.5575539469718933 0.007745265960693359 0.0071942806243896484
0 0.35757315158843994 0.5562050342559814 0.007745265960693359 0.006294965744018555
1 0.502581775188446 0.5625 0.02237522602081299 0.02248203754425049
0 0.7194492220878601 0.5535072088241577 0.00860583782196045 0.008093476295471191
1 0.6419965624809265 0.5611510872840881 0.02237522602081299 0.023381352424621582
0 0.8932874202728271 0.5521582961082458 0.0068846940994262695 0.0071942806243896484
1 0.812822699546814 0.5598021745681763 0.0215146541595459 0.02248203754425049
1 0.9913941621780396 0.5490108132362366 0.00516355037689209 0.008093476295471191
0 0.2306368350982666 0.5445144176483154 0.0068846940994262695 0.006294965744018555
0 0.1755593866109848 0.5454136729240417 0.00860583782196045 0.008093476295471191
0 0.24268501996994019 0.5418165326118469 0.00860583782196045 0.004496455192565918
0 0.16265060007572174 0.5440647602081299 0.0068846940994262695 0.008992791175842285
0 0.21729776263237 0.5431654453277588 0.006024092435836792 0.008992791175842285
0 0.5348536968231201 0.5400179624557495 0.007745265960693359 0.006294965744018555
0 0.76161789894104 0.5368704795837402 0.00860583782196045 0.005395650863647461
1 0.6114457845687866 0.5350719690322876 0.004302978515625 0.008992791175842285
1 0.14156626164913177 0.5386690497398376 0.02151462435722351 0.021582722663879395
0 0.21901893615722656 0.5292266011238098 0.007745265960693359 0.006294965744018555
1 0.6075731515884399 0.5319244861602783 0.0068846940994262695 0.013489246368408203
1 0.3773666024208069 0.5247302055358887 0.007745265960693359 0.004496455192565918
1 0.5073149800300598 0.5296762585639954 0.007745265960693359 0.016187071800231934
0 0.891566276550293 0.5224820375442505 0.0068846940994262695 0.008992791175842285
0 0.8640275597572327 0.5211330652236938 0.00860583782196045 0.006294965744018555
0 0.598537027835846 0.5202338099479675 0.007745265960693359 0.006294965744018555
1 0.014629947952926159 0.5148381590843201 0.008605850860476494 0.006294965744018555
1 0.004733218811452389 0.5143885016441345 0.009466437622904778 0.005395650863647461
1 0.4530981183052063 0.5071942210197449 0.007745265960693359 0.0071942806243896484
0 0.7319276928901672 0.5076438784599304 0.009466409683227539 0.009892106056213379
0 0.9049053192138672 0.505845308303833 0.007745265960693359 0.009892106056213379
0 0.7891566157341003 0.5040467232465744 0.00860583782196045 0.011690646409988403
0 0.16351118683815002 0.5013489127159119 0.0068846940994262695 0.006294965744018555
1 0.1970740109682083 0.508093535900116 0.02065405249595642 0.021582722663879395
0 0.1734079122543335 0.5004496425390244 0.009466439485549927 0.008093506097793579
1 0.12779690325260162 0.49865110218524933 0.007745265960693359 0.00449642539024353
1 0.7788295745849609 0.49955035746097565 0.00860583782196045 0.009892076253890991
0 0.5232357978820801 0.4950539469718933 0.00860583782196045 0.006294965744018555
1 0.3756454288959503 0.49460431933403015 0.009466409683227539 0.005395710468292236
0 0.45051634311676025 0.49370503425598145 0.009466409683227539 0.005395710468292236
1 0.6966437101364136 0.5013489127159119 0.0215146541595459 0.02248203754425049
1 0.5864887833595276 0.4923561215400696 0.00602412223815918 0.004496395587921143
0 0.8614457845687866 0.4932554066181183 0.00860583782196045 0.008093535900115967
0 0.6230636835098267 0.49190646409988403 0.00860583782196045 0.005395710468292236
1 0.5692771077156067 0.49190646409988403 0.00602412223815918 0.005395710468292236
1 0.9931153059005737 0.4923561215400696 0.01204824447631836 0.008093535900115967
0 0.3012048304080963 0.4851618707180023 0.00860583782196045 0.008093535900115967
0 0.3674698770046234 0.4833633005619049 0.00860583782196045 0.009892106056213379
0 0.23235800862312317 0.4833633005619049 0.0068846940994262695 0.009892106056213379
0 0.1183304637670517 0.48381295800209045 0.006024092435836792 0.010791361331939697
0 0.5335628390312195 0.48111510276794434 0.00860583782196045 0.007194221019744873
0 0.47891566157341003 0.48111510276794434 0.007745265960693359 0.007194221019744873
1 0.006884681526571512 0.47886690497398376 0.008605851791799068 0.004496395587921143
1 0.4509466290473938 0.4784172773361206 0.0051634907722473145 0.008992791175842285
0 0.729345977306366 0.4784172773361206 0.011187553405761719 0.010791361331939697
0 0.2732357978820801 0.4793165326118469 0.007745265960693359 0.014388501644134521
1 0.7878657579421997 0.4743705093860626 0.00602412223815918 0.009892106056213379
1 0.4419105052947998 0.47212231159210205 0.00602412223815918 0.005395710468292236
1 0.16996558010578156 0.47976619005203247 0.02151462435722351 0.020683467388153076
0 0.19104991853237152 0.4716726541519165 0.00860583782196045 0.006294965744018555
0 0.6183304786682129 0.4734712243080139 0.007745265960693359 0.01528775691986084
0 0.3838210105895996 0.4685251712799072 0.00860583782196045 0.007194221019744873
1 0.33433735370635986 0.47616907954216003 0.019793450832366943 0.02248203754425049
1 0.9888123869895935 0.4685251712799072 0.00516355037689209 0.008992791175842285
1 0.9961273670196533 0.46537768840789795 0.007745265960693359 0.006294965744018555
0 0.7164371609687805 0.46537768840789795 0.00602412223815918 0.008093535900115967
0 0.6613597273826599 0.46447840332984924 0.007745265960693359 0.006294965744018555
0 0.11402753740549088 0.4635791480541229 0.007745265960693359 0.006294965744018555
1 0.8386402726173401 0.47032374143600464 0.0215146541595459 0.021582722663879395
1 0.22977624833583832 0.45728418231010437 0.0068846940994262695 0.006294965744018555
1 0.98838210105896 0.45773380994796753 0.004302978515625 0.008992791175842285
0 0.39457830786705017 0.45458632707595825 0.007745265960693359 0.006294965744018555
1 0.28614458441734314 0.4523381292819977 0.004302918910980225 0.008992791175842285
1 0.6067125797271729 0.4491906464099884 0.00860583782196045 0.004496395587921143
1 0.4427710771560669 0.45053955912590027 0.004302918910980225 0.007194221019744873
0 0.2254733145236969 0.4500899314880371 0.00860583782196045 0.008093535900115967
1 0.4518072307109833 0.4491906464099884 0.00860583782196045 0.009892106056213379
0 0.8446643948554993 0.44694244861602783 0.009466409683227539 0.008992791175842285
1 0.2736660838127136 0.447392076253891 0.00860583782196045 0.009892106056213379
1 0.6187607645988464 0.4464927911758423 0.00516355037689209 0.009892106056213379
1 0.5757315158843994 0.44289568066596985 0.0068846940994262695 0.004496395587921143
1 0.14113597571849823 0.451438844203949 0.02065405249595642 0.021582722663879395
1 0.5262478590011597 0.441546767950058 0.007745265960693359 0.005395710468292236
0 0.4410499036312103 0.4424460530281067 0.007745265960693359 0.007194221019744873
1 0.9926850199699402 0.44199639558792114 0.014629960060119629 0.008093535900115967
0 0.19535283744335175 0.4406474828720093 0.00860583782196045 0.005395710468292236
1 0.3339070677757263 0.44784173369407654 0.020654022693634033 0.021582722663879395
1 0.6166092753410339 0.4406474828720093 0.007745265960693359 0.008992791175842285
1 0.6062822937965393 0.44109711050987244 0.009466409683227539 0.009892106056213379
0 0.522375226020813 0.43615108728408813 0.00860583782196045 0.007194221019744873
1 0.6665232181549072 0.4424460530281067 0.0215146541595459 0.021582722663879395
0 0.7177280783653259 0.43390288949012756 0.00860583782196045 0.006294965744018555
0 0.6338210105895996 0.43390288949012756 0.009466409683227539 0.006294965744018555
0 0.1437177211046219 0.4343525171279907 0.00860583782196045 0.007194221019744873
1 0.9956970810890198 0.42940646409988403 0.00860583782196045 0.009892106056213379
1 0.004733218811452389 0.42715826630592346 0.009466437622904778 0.005395710468292236
1 0.2641996443271637 0.41052159667015076 0.00860583782196045 0.004496395587921143
0 0.23709122836589813 0.4109712243080139 0.007745265960693359 0.005395710468292236
0 0.2900172173976898 0.4091726541519165 0.010327041149139404 0.005395710468292236
1 0.6678141355514526 0.40197840332984924 0.0068846940994262695 0.005395710468292236
1 0.7771084308624268 0.4006294906139374 0.00860583782196045 0.004496395587921143
1 0.8592942953109741 0.39883092045783997 0.007745265960693359 0.004496395587921143
0 0.3937177360057831 0.39703238010406494 0.007745265960693359 0.006294965744018555
0 0.33907055854797363 0.3974820077419281 0.0068846940994262695 0.007194221019744873
1 0.1183304637670517 0.3956834673881531 0.004302918910980225 0.008992791175842285
1 0.5946643948554993 0.3916366994380951 0.00860583782196045 0.004496395587921143
0 0.6428571343421936 0.39208632707595825 0.00860583782196045 0.007194221019744873
1 0.4500860571861267 0.39208632707595825 0.00860583782196045 0.008992791175842285
1 0.28098106384277344 0.3925359845161438 0.007745265960693359 0.009892106056213379
0 0.8136833310127258 0.388938844203949 0.007745265960693359 0.008093535900115967
1 0.6097246408462524 0.388938844203949 0.007745265960693359 0.009892106056213379
1 0.6028399467468262 0.3884892165660858 0.004302978515625 0.008992791175842285
0 0.13511188328266144 0.3866906464099884 0.00860583782196045 0.007194221019744873
1 0.9027538895606995 0.38534173369407654 0.00516355037689209 0.008093535900115967
1 0.44018933176994324 0.384892076253891 0.00602412223815918 0.007194221019744873
0 0.7857142686843872 0.3857913613319397 0.00860583782196045 0.010791361331939697
1 0.004302925895899534 0.37949639558792114 0.008605851791799068 0.005395710468292236
1 0.9961273670196533 0.379046767950058 0.007745265960693359 0.006294965744018555
1 0.5542168617248535 0.38624101877212524 0.02237522602081299 0.02248203754425049
0 0.7155765891075134 0.37724819779396057 0.009466409683227539 0.009892106056213379
0 0.8580034375190735 0.3741007149219513 0.00860583782196045 0.008992791175842285
0 0.21729776263237 0.370953232049942 0.007745265960693359 0.006294965744018555
1 0.5124784708023071 0.37050360441207886 0.004302978515625 0.008992791175842285
0 0.22891566157341003 0.36960431933403015 0.00860583782196045 0.008992791175842285
1 0.006454389309510589 0.3682554066181183 0.006024096626788378 0.009892106056213379
0 0.3334767520427704 0.3642086386680603 0.007745265960693359 0.007194221019744873
0 0.4246987998485565 0.36285972595214844 0.007745265960693359 0.006294965744018555
1 0.1153184175491333 0.365107923746109 0.008605852723121643 0.010791361331939697
0 0.6660929322242737 0.35701438784599304 0.00860583782196045 0.005395710468292236
1 0.19535283744335175 0.3642086386680603 0.02065405249595642 0.021582722663879395
1 0.12693631649017334 0.3556654751300812 0.006024092435836792 0.004496395587921143
1 0.7766781449317932 0.35701438784599304 0.004302978515625 0.008992791175842285
1 0.004733218811452389 0.35611510276794434 0.009466437622904778 0.007194221019744873
1 0.6032702326774597 0.3565647602081299 0.0068846940994262695 0.013489186763763428
1 0.38812392950057983 0.3606114983558655 0.020654022693634033 0.021582722663879395
1 0.34638553857803345 0.35206833481788635 0.007745265960693359 0.004496395587921143
0 0.3012048304080963 0.35386690497398376 0.010327041149139404 0.008093535900115967
0 0.15232357382774353 0.3534172773361206 0.00860583782196045 0.007194221019744873
1 0.4969879388809204 0.3583633005619049 0.0215146541595459 0.020683467388153076
1 0.7835628390312195 0.3516187071800232 0.007745265960693359 0.010791361331939697
1 0.7061101794242859 0.3457733690738678 0.007745265960693359 0.004496395587921143
0 0.7990533709526062 0.34622302651405334 0.007745265960693359 0.008992791175842285
1 0.8635972738265991 0.3516187071800232 0.023235797882080078 0.021582722663879395
1 0.8988812565803528 0.34307554364204407 0.007745265960693359 0.006294965744018555
1 0.45051634311676025 0.3331834673881531 0.004302918910980225 0.008093535900115967
1 0.28227195143699646 0.33273380994796753 0.0068846940994262695 0.01258993148803711
1 0.14027538895606995 0.3367805778980255 0.02237522602081299 0.020683467388153076
1 0.6153184175491333 0.32958632707595825 0.00516355037689209 0.008093535900115967
1 0.6011187434196472 0.3291366994380951 0.004302978515625 0.008992791175842285
1 0.9939758777618408 0.3268885016441345 0.01204824447631836 0.006294965744018555
1 0.7740963697433472 0.3259892165660858 0.007745265960693359 0.009892106056213379
1 0.38726332783699036 0.3318345248699188 0.020654022693634033 0.021582722663879395
0 0.5606712698936462 0.3232913613319397 0.00602412223815918 0.008093535900115967
1 0.9926850199699402 0.3201438784599304 0.007745265960693359 0.005395710468292236
0 0.21342512965202332 0.32059353590011597 0.00860583782196045 0.008093535900115967
1 0.005163511261343956 0.3156474828720093 0.010327022522687912 0.005395710468292236
1 0.8343373537063599 0.32284173369407654 0.0215146541595459 0.021582722663879395
0 0.8562822937965393 0.3156474828720093 0.00860583782196045 0.008992791175842285
0 0.2000860571861267 0.3142985701560974 0.007745265960693359 0.006294965744018555
1 0.11617900431156158 0.3133992850780487 0.008605852723121643 0.004496395587921143
1 0.6058520078659058 0.31294962763786316 0.0068846940994262695 0.005395710468292236
1 0.9754733443260193 0.30890288949012756 0.004302978515625 0.008093535900115967
1 0.40447503328323364 0.30710431933403015 0.00860583782196045 0.004496395587921143
1 0.018502581864595413 0.30890288949012756 0.007745265960693359 0.009892106056213379
1 0.11574871093034744 0.30215826630592346 0.009466439485549927 0.005395710468292236
1 0.7422547340393066 0.2999100685119629 0.007745265960693359 0.004496395587921143
1 0.27409639954566956 0.30215826630592346 0.004302918910980225 0.008992791175842285
1 0.168244406580925 0.3075539469718933 0.02151462435722351 0.021582722663879395
0 0.8132529854774475 0.2999100685119629 0.00516355037689209 0.008093535900115967
1 0.01764199696481228 0.298561155796051 0.007745265960693359 0.005395710468292236
1 0.43717727065086365 0.2999100685119629 0.00860583782196045 0.011690676212310791
1 0.35972461104393005 0.3039568364620209 0.020654022693634033 0.021582722663879395
1 0.7831325531005859 0.2967625856399536 0.010326981544494629 0.010791361331939697
1 0.49655766785144806 0.3008093535900116 0.02065405249595642 0.020683467388153076
1 0.020223751664161682 0.29136690497398376 0.0043029263615608215 0.007194221019744873
0 0.8950086236000061 0.29136690497398376 0.00516355037689209 0.008992791175842285
0 0.09681583195924759 0.2900179922580719 0.007745265960693359 0.006294965744018555
1 0.6635112166404724 0.29721224308013916 0.02237522602081299 0.02248203754425049
1 0.008605851558968425 0.2873201370239258 0.008605851326137781 0.006294965744018555
1 0.8627366423606873 0.2931654751300812 0.0215146541595459 0.021582722663879395
1 0.018502581864595413 0.2823741137981415 0.0060240961611270905 0.008992791175842285
1 0.4479345977306366 0.2751798629760742 0.004302918910980225 0.007194221019744873
1 0.018502581864595413 0.2733812928199768 0.0060240961611270905 0.005395710468292236
0 0.7263339161872864 0.27383092045783997 0.00860583782196045 0.008093535900115967
1 0.13941480219364166 0.2792266309261322 0.02065405249595642 0.020683467388153076
1 0.3592943251132965 0.2751798629760742 0.0215146541595459 0.021582722663879395
1 0.3459552526473999 0.2643885016441345 0.00860583782196045 0.005395710468292236
1 0.17728054523468018 0.26528775691986084 0.005163520574569702 0.008992791175842285
0 0.31368330121040344 0.2634892165660858 0.00602412223815918 0.008992791175842285
1 0.8623063564300537 0.26034173369407654 0.00860583782196045 0.004496395587921143
1 0.662220299243927 0.2684352397918701 0.0215146541595459 0.02248203754425049
0 0.6488812565803528 0.2576438784599304 0.010326981544494629 0.006294965744018555
1 0.7035284042358398 0.2558453381061554 0.00602412223815918 0.006294965744018555
0 0.1949225515127182 0.2558453381061554 0.011187613010406494 0.006294965744018555
1 0.8334767818450928 0.2634892165660858 0.0215146541595459 0.023381292819976807
1 0.7882960438728333 0.25449639558792114 0.010326981544494629 0.005395710468292236
1 0.17685025930404663 0.25539568066596985 0.004302918910980225 0.007194221019744873
0 0.13640275597572327 0.25539568066596985 0.006024092435836792 0.008992791175842285
0 0.3020654022693634 0.2517985701560974 0.0051634907722473145 0.010791361331939697
1 0.5240963697433472 0.2491007074713707 0.010326981544494629 0.007194235920906067
0 0.3580034375190735 0.25044963508844376 0.0068846940994262695 0.009892091155052185
1 0.020654045045375824 0.25 0.005163513123989105 0.008992791175842285
1 0.6888984441757202 0.24460431933403015 0.00602412223815918 0.007194250822067261
1 0.6385542154312134 0.24550360441207886 0.00516355037689209 0.008992791175842285
1 0.6316695213317871 0.24550360441207886 0.00516355037689209 0.008992791175842285
1 0.8631669282913208 0.24100719392299652 0.010326981544494629 0.007194250822067261
0 0.4711703956127167 0.2450539693236351 0.007745265960693359 0.015287771821022034
0 0.7207400798797607 0.23471222817897797 0.007745265960693359 0.007194250822067261
0 0.10025817900896072 0.2275179922580719 0.009466439485549927 0.005395680665969849
1 0.38726332783699036 0.22302158176898956 0.0068846940994262695 0.005395680665969849
0 0.34036144614219666 0.22302158176898956 0.007745265960693359 0.005395680665969849
0 0.43459552526474 0.220773383975029 0.010327041149139404 0.006294965744018555
1 0.1419965624809265 0.21267986297607422 0.0068846940994262695 0.006294965744018555
0 0.849397599697113 0.21043165028095245 0.00860583782196045 0.005395680665969849
1 0.28614458441734314 0.21043165028095245 0.004302918910980225 0.008992820978164673
1 0.4978485256433487 0.2090827375650406 0.006024092435836792 0.008093535900115967
1 0.3235800266265869 0.20953238010406494 0.0051634907722473145 0.008992791175842285
1 0.48623064160346985 0.20548561215400696 0.0051634907722473145 0.006294965744018555
1 0.3876936435699463 0.2059352546930313 0.007745265960693359 0.008992820978164673
0 0.1643717736005783 0.20548561215400696 0.0068846940994262695 0.009892076253890991
1 0.6566265225410461 0.20188848674297333 0.01204824447631836 0.006294965744018555
1 0.7099828124046326 0.19874100387096405 0.00860583782196045 0.008992820978164673
1 0.8080894947052002 0.19649280607700348 0.00516355037689209 0.009892076253890991
1 0.8321858644485474 0.19514387845993042 0.0068846940994262695 0.010791361331939697
1 0.6802926063537598 0.19289568066596985 0.007745265960693359 0.008093535900115967
1 0.8687607645988464 0.19154676795005798 0.007745265960693359 0.014388501644134521
0 0.8476763963699341 0.19019784033298492 0.00860583782196045 0.011690646409988403
0 0.6721170544624329 0.17535971105098724 0.0068846940994262695 0.007194250822067261
1 0.013769363053143024 0.1699640303850174 0.005163511261343956 0.007194250822067261
1 0.12177280336618423 0.16546761989593506 0.006024092435836792 0.005395680665969849
1 0.5778829455375671 0.1641187071800232 0.007745265960693359 0.004496395587921143
1 0.15017211437225342 0.16366906464099884 0.011187613010406494 0.008992820978164673
1 0.32616180181503296 0.16052158176898956 0.0068846940994262695 0.004496395587921143
1 0.9858003258705139 0.16052158176898956 0.009466409683227539 0.006294965744018555
1 0.9956970810890198 0.15602518618106842 0.00860583782196045 0.006294965744018555
1 0.5202237367630005 0.15377697348594666 0.004302978515625 0.008992791175842285
1 0.25344234704971313 0.15017986297607422 0.007745265960693359 0.005395680665969849
1 0.14414802193641663 0.1524280607700348 0.006024092435836792 0.009892076253890991
1 0.15662650763988495 0.14883093535900116 0.0068846940994262695 0.006294965744018555
0 0.968588650226593 0.14793165028095245 0.007745265960693359 0.008093535900115967
1 0.40748709440231323 0.14613309502601624 0.007745265960693359 0.004496395587921143
0 0.9337349534034729 0.14433453977108002 0.00860583782196045 0.004496395587921143
0 0.9956970810890198 0.14523380994796753 0.00516355037689209 0.008093535900115967
0 0.6850258111953735 0.13893884420394897 0.010326981544494629 0.009892076253890991
1 0.1450086086988449 0.1375899314880371 0.006024092435836792 0.008992791175842285
1 0.6686747074127197 0.13534173369407654 0.0068846940994262695 0.008093535900115967
1 0.21041308343410492 0.13444244861602783 0.009466439485549927 0.006294965744018555
1 0.2358003407716751 0.13399280607700348 0.013769358396530151 0.007194250822067261
1 0.30636832118034363 0.13219425082206726 0.0068846940994262695 0.005395680665969849
0 0.9677280783653259 0.1317446082830429 0.007745265960693359 0.006294965744018555
1 0.13812392950057983 0.13354316353797913 0.006024092435836792 0.009892076253890991
1 0.18029260635375977 0.12949639558792114 0.007745265960693359 0.007194250822067261
0 0.1273665986955166 0.1317446082830429 0.008605845272541046 0.011690646409988403
1 0.6940619349479675 0.12859712541103363 0.00602412223815918 0.007194250822067261
1 0.7779690027236938 0.12679855525493622 0.013769388198852539 0.007194250822067261
1 0.8192771077156067 0.1308453232049942 0.013769388198852539 0.017086327075958252
1 0.8016350865364075 0.12544964253902435 0.007745265960693359 0.006294965744018555
0 0.20180723071098328 0.12679855525493622 0.006024092435836792 0.010791361331939697
0 0.38296040892601013 0.12185251340270042 0.0051634907722473145 0.009892083704471588
1 0.1458691954612732 0.1200539581477642 0.006024092435836792 0.011690653860569
1 0.9862306118011475 0.1133093535900116 0.013769388198852539 0.008992806077003479
1 0.19018933176994324 0.1133093535900116 0.005163520574569702 0.008992806077003479
1 0.14113597571849823 0.1133093535900116 0.0068846940994262695 0.008992806077003479
0 0.6781411170959473 0.11196043342351913 0.0068846940994262695 0.008093520998954773
0 0.7198795080184937 0.11106114834547043 0.00602412223815918 0.009892091155052185
1 0.3571428656578064 0.1083633080124855 0.0068846940994262695 0.008093520998954773
1 0.39328745007514954 0.10791366547346115 0.0068846940994262695 0.008992806077003479
0 0.31153184175491333 0.10791366547346115 0.0051634907722473145 0.008992806077003479
1 0.2530120611190796 0.10611511021852493 0.0068846940994262695 0.005395680665969849
1 0.44750431180000305 0.10656474530696869 0.0068846940994262695 0.008093520998954773
1 0.14414802193641663 0.10521582514047623 0.009466439485549927 0.005395680665969849
1 0.004733218811452389 0.1016187071800232 0.009466437622904778 0.007194250822067261
1 0.16695353388786316 0.09937050193548203 0.0068846940994262695 0.004496410489082336
1 0.22117039561271667 0.09847122430801392 0.00860583782196045 0.004496395587921143
1 0.9896729588508606 0.09622301906347275 0.010326981544494629 0.005395680665969849
0 0.37693631649017334 0.08723021298646927 0.0068846940994262695 0.007194250822067261
1 0.1376936286687851 0.0858812928199768 0.0068846940994262695 0.004496395587921143
1 0.8631669282913208 0.0858812928199768 0.00860583782196045 0.006294965744018555
1 0.4784853756427765 0.08363309502601624 0.00860583782196045 0.005395680665969849
1 0.4956970810890198 0.08228417485952377 0.00860583782196045 0.004496410489082336
1 0.07487091422080994 0.08183453232049942 0.005163505673408508 0.008992806077003479
0 0.7353700399398804 0.0741906464099884 0.007745265960693359 0.008093520998954773
0 0.8188468217849731 0.07059352844953537 0.007745265960693359 0.008093520998954773
1 0.20955249667167664 0.06969424337148666 0.007745265960693359 0.008093520998954773
1 0.8425129055976868 0.06609712541103363 0.0068846940994262695 0.004496395587921143
0 0.40576592087745667 0.06699640303850174 0.007745265960693359 0.006294965744018555
0 0.005593803711235523 0.06744604557752609 0.011187607422471046 0.007194250822067261
1 0.26247847080230713 0.060701439157128334 0.0068846940994262695 0.004496406763792038
1 0.31970739364624023 0.059802159667015076 0.007745265960693359 0.0044964030385017395
1 0.4272805452346802 0.0566546767950058 0.009466409683227539 0.005395680665969849
1 0.49139416217803955 0.05485611408948898 0.0068846940994262695 0.005395680665969849
0 0.6790017485618591 0.04406474903225899 0.00516355037689209 0.008992806077003479
1 0.19621342420578003 0.042715828865766525 0.0068846940994262695 0.00809352844953537
1 0.9948365092277527 0.04091726616024971 0.0068846940994262695 0.006294965744018555
0 0.8265920877456665 0.038219425827264786 0.007745265960693359 0.006294965744018555
0 0.9939758777618408 0.031025180593132973 0.010326981544494629 0.006294962018728256
1 0.3089500963687897 0.029676257632672787 0.0068846940994262695 0.005395682528614998
1 0.08218588680028915 0.030125899240374565 0.007745265960693359 0.008093524724245071
1 0.10929431766271591 0.0283273383975029 0.006884679198265076 0.006294965744018555
1 0.8356282114982605 0.026978416368365288 0.00860583782196045 0.005395684391260147
0 0.6260757446289062 0.029226617887616158 0.00602412223815918 0.009892087429761887
0 0.5778829455375671 0.02742805704474449 0.007745265960693359 0.006294965744018555
1 0.30034422874450684 0.029226617887616158 0.0051634907722473145 0.009892087429761887
0 0.6914802193641663 0.025179855525493622 0.007745265960693359 0.005395684391260147
1 0.9956970810890198 0.022931654006242752 0.00860583782196045 0.0044964030385017395
1 0.005593803711235523 0.022482015192508698 0.011187607422471046 0.007194243371486664
1 0.24354560673236847 0.022032374516129494 0.012048184871673584 0.008093524724245071
0 0.09853700548410416 0.017535971011966467 0.011187613010406494 0.006294962950050831
1 0.005163511261343956 0.01708633080124855 0.010327022522687912 0.005395684391260147
0 0.3304647207260132 0.013489208184182644 0.00860583782196045 0.005395682528614998
1 0.6897590160369873 0.012589927762746811 0.007745265960693359 0.005395684391260147
0 0.7035284042358398 0.012589927297085524 0.007745265960693359 0.0071942443028092384
0 0.5778829455375671 0.013489207718521357 0.007745265960693359 0.012589926831424236
1 0.9913941621780396 0.006744604324921966 0.00860583782196045 0.004496403504163027
0 0.7809810638427734 0.006744603859260678 0.011187553405761719 0.006294963415712118
1 0.6635112166404724 0.004046762362122536 0.00860583782196045 0.0044964030385017395
1 0.1837349385023117 0.004046762362122536 0.004302918910980225 0.008093524724245071
