1 0.5847426870788459 0.9930833199481461 0.009478828744917345 0.005511147727767951
0 0.564593001797831 0.9915275689857439 0.006319107849170225 0.007748592347277206
0 0.5528413459663815 0.9906541689363815 0.006319107849170336 0.007748592347277206
1 0.6721323061777473 0.9824174947654383 0.012084112762052679 0.0073118328498583685
1 0.5152857851555588 0.9910624130103494 0.00947888821765519 0.005511151629218669
1 0.6495158923500379 0.9814346717758867 0.008647340398161507 0.005456601547019213
1 0.7144551550893949 0.9784078209745523 0.007150596195926173 0.007803138528026166
1 0.6053915410108066 0.9835070999670961 0.008647340398161618 0.005456601547019435
1 0.6442220370729926 0.9834262685305974 0.006485340340446344 0.01020422168978119
1 0.7076924293384805 0.9772071438406977 0.005487619502414276 0.007694046166528912
0 0.4157843127750571 0.9955343495008198 0.007150596195925951 0.0078031385280260546
1 0.40322887535405594 0.9951247870135359 0.008758159375029217 0.007093648126863528
1 0.5876809410179944 0.9809691852218002 0.008591934935702317 0.004638137729835012
1 0.5967441965866705 0.9791413625623125 0.005432205988005867 0.006875463403868798
1 0.5591886655122167 0.979549604685555 0.007150596195926062 0.0078031385280259435
1 0.2955234797436312 0.9956130063409041 0.007095182681517653 0.006984555765366385
1 0.16229129009471516 0.9991144286480814 0.012028707299593377 0.0017711427038371585
1 0.5301420795204106 0.9761110216773357 0.007815881787774703 0.005402057316996167
1 0.5043382529079343 0.9773927203965904 0.00953430173206371 0.006329734391878672
0 0.35392185541931476 0.9884933421135194 0.0065962187900519 0.011841272171076223
1 0.972743860333359 0.9446095800788077 0.007095190115609773 0.0069845562530478356
0 0.396577306548308 0.98322864198447 0.008979805380713857 0.010367860232027626
1 0.08122128781041926 0.9989769081215141 0.006984363704649832 0.0020461837569717423
1 0.9880987028593223 0.9431911833782645 0.013192667445136808 0.011459055928317974
1 0.07407049088098766 0.9984038129085924 0.006208348345040471 0.0031923741828153718
1 0.06653168627175127 0.998212735986626 0.007871325038552146 0.0035745280267480695
1 0.5882357198908796 0.9644895081163856 0.005376800525546677 0.006056999586684486
1 0.4239889159675521 0.974853097186549 0.007926730501011225 0.007039105847565508
1 0.1449411957839834 0.9919256031857491 0.007039777219058574 0.006166091948181962
1 0.5714396947540923 0.9631248638123185 0.010365730606081702 0.006384276671176581
1 0.31597862892296064 0.9770056937061482 0.006984363704649943 0.005347509185521959
1 0.9045342206665745 0.9425068519191624 0.011695915808809132 0.013805592421643254
1 0.17246362418009537 0.9851871049676721 0.0095343017320636 0.00632973439187845
1 0.507165717606584 0.963641537139675 0.008758159375029329 0.007093648126863528
1 0.4326643051171913 0.9672956114976068 0.006208348345040249 0.006111549668884053
1 0.21015784795978315 0.9806589138317072 0.006984363704649943 0.00534750918552207
1 0.3585786665375454 0.9709224108144391 0.00947888821765519 0.00551115162921878
1 0.0999578500742977 0.9874770567244928 0.007871325038552257 0.006220642030381418
1 0.41298577349798815 0.9665311107347523 0.008758159375029217 0.007093648126863528
1 0.5326648048878712 0.9578579296141173 0.010310317091673182 0.005565693908516689
1 0.5167280005654382 0.9568479690871683 0.0069289582421906415 0.0045290453683377585
1 0.06445333310952944 0.9873396420145336 0.00881357288943796 0.00791223088952342
1 0.2464385810176667 0.9737569740478244 0.012028707299593489 0.006493369032673835
1 0.44594061264158613 0.9598473517724135 0.008591934935702261 0.004638137729835123
1 0.09413757290777464 0.9816926544393001 0.008647340398161618 0.005456601547019435
1 0.23341201967122266 0.9725561594102676 0.009478888217655163 0.00551115162921878
1 0.05300657273822118 0.9848019242456778 0.009645120708931199 0.007966780971722875
1 0.10489150790119217 0.9801649713269073 0.01031031709167296 0.005565693908516911
1 0.9809484449406234 0.9239283289837403 0.009645068670285695 0.007966777557953608
1 0.42121774145341406 0.9585916048041293 0.007815911524143626 0.005402059267721304
1 0.4965505828168248 0.9548829881668992 0.010587368559817123 0.00965836983086521
1 0.4834131984675385 0.9520450674767604 0.009478888217655135 0.005511151629219002
1 0.30164967030116663 0.9627356069541748 0.008591934935702206 0.004638137729834901
1 0.3112395227824319 0.9625176153061695 0.007815911524143515 0.005402059267721304
1 0.4018164025631226 0.9557535544131893 0.009700526171390611 0.008785244788907187
1 0.47326910984116677 0.9502440517759785 0.009589707194522956 0.007148198209062762
1 0.1588831011581313 0.9696347129349854 0.00964512070893142 0.007966780971722542
1 0.457692610467309 0.9483882968194584 0.008591934935702372 0.004638137729835123
1 0.24721500187026207 0.960551449574836 0.008591934935702317 0.004638137729834901
1 0.07423760004236707 0.9714877715921353 0.005432205988005756 0.006875463403868909
0 0.07670449958619807 0.9647486161181256 0.009478888217655301 0.005511151629218891
1 0.3425594299580211 0.9440197256116027 0.0095897071945229 0.007148198209062762
1 0.3329418747455262 0.9438284853510158 0.008758159375029329 0.007093648126863528
1 0.2509016576468971 0.947154952045764 0.006208348345040138 0.00611154966888372
1 0.8407322146871719 0.9129835806621005 0.011917546328452322 0.01707968509365021
1 0.03950950393019409 0.9581448324091876 0.007815911524143515 0.005402059267721304
1 0.13014179319931857 0.9521992948061293 0.00626375380749955 0.006930013486068254
0 0.7725779885347959 0.9116994352651149 0.014190373414984414 0.013969230476208128
1 0.72266109249664 0.9083966911289982 0.007926671028273491 0.007039101946114901
0 0.061405590382288655 0.9484867931570142 0.007815911524143848 0.005402059267721304
1 0.8098841708723353 0.9076077491281165 0.026606972844009258 0.026192205016324355
0 0.7099948320727965 0.9063500225891326 0.011529675883440782 0.011349962591457818
0 0.7695295915553773 0.8975114944615057 0.009755880213061285 0.009603823650116472
1 0.9773464583252557 0.8830564135485366 0.007982091976774353 0.007857685196456132
1 0.1630415648487561 0.9323645575515509 0.007760506061684325 0.0045835954505368814
1 0.09688274258412605 0.9358824614833259 0.008591934935702317 0.0046381377298353454
0 0.41789295128400405 0.9156461394969995 0.010365730606081591 0.006384276671176692
1 0.0709403713434188 0.9351177637440311 0.008591934935701984 0.004638137729835123
1 0.20525353531079826 0.9267178410822714 0.007815911524143404 0.005402059267721304
0 0.738792370743383 0.8937727689801036 0.008924391866305448 0.009549277469367623
1 0.1252643660841981 0.9294987084658303 0.006152934830631729 0.00529296690622405
0 0.6852445961216936 0.8923525292372003 0.008591934935702428 0.004638137729835123
1 0.9652069227561791 0.8764532916065835 0.006429930543083939 0.009385639170962023
1 0.10397826725991705 0.9296618233543952 0.0069289582421906415 0.0045290453683376475
0 0.816148735060965 0.8829429737010952 0.0079820845426819 0.007857684708774682
1 0.15528125952057742 0.9225965717055074 0.006984363704649721 0.005347509185522181
0 0.5911200952638753 0.8960606836442123 0.008924391866305448 0.009549277469367734
0 0.7810322446701604 0.8823690549675323 0.011252624415296841 0.0072572866691097415
1 0.09447173175779544 0.9249414002217683 0.006984363704649832 0.005347509185522181
0 0.5751001746958042 0.8938229084460114 0.010587368559817012 0.009658369830864877
0 0.8005722505552916 0.8810872177692126 0.012527396721472739 0.01386013811471054
1 0.1704144789609897 0.917904080869913 0.00620834834504036 0.006111549668883831
1 0.8371854743061218 0.8790964752468747 0.012804448189616568 0.01795281403705884
0 0.536602306561358 0.8926486521208836 0.00886897835189715 0.008730694706707731
0 0.7686709094428272 0.878658066757448 0.01247198320706433 0.013041555352050871
1 0.04505369613865562 0.9228391976665296 0.007150596195925729 0.0078031385280259435
1 0.052426268256615616 0.9207111759872093 0.008591934935702324 0.004638137729835123
1 0.6250449147259575 0.8913686589402865 0.023225584258157683 0.025155554525419954
1 0.12834131272858068 0.9132646247267617 0.004656190628396284 0.007639503887230781
1 0.490787476530891 0.8882547113131138 0.00947888821765508 0.00551115162921878
0 0.7988264847422308 0.8676360414325028 0.010698187536684833 0.011295416410709191
1 0.4572508317197756 0.8863438865221638 0.007926730501011225 0.007039105847565508
1 0.993921685316878 0.8503157684459053 0.008647347832253738 0.005456602034700775
0 0.5733267210196982 0.8799624992253469 0.010698187536684833 0.01129541641070908
0 0.562766854457605 0.8781886990929268 0.0079820845426819 0.007857684708774682
0 0.7501568360923931 0.8642514770499006 0.012471983207064219 0.01304155535205076
0 0.7358553057322422 0.8627231922528621 0.010587368559817234 0.00965836983086521
0 0.6305610919452849 0.8679862453406287 0.0079820845426819 0.007857684708774793
1 0.030808113968742723 0.9036306922324733 0.009478888217655301 0.005511151629218669
1 0.7128229469976494 0.8679338718055691 0.024943966414128438 0.02608311070410152
0 0.3811699602495205 0.8790024090090769 0.007095182681517653 0.006984555765366163
0 0.8126296825429602 0.8494651011698244 0.008924391866305448 0.009549277469367623
1 0.9590273625979264 0.8345172592712709 0.006263698051807931 0.006930009828458039
0 0.4406770129748969 0.8697545895001202 0.010698187536684778 0.01129541641070897
1 0.9668710942621962 0.8331805471423159 0.007095190115609773 0.0069845562530475025
1 0.4902338568496443 0.8615706789156661 0.008702753912570027 0.006275184309679438
1 0.8344148087574192 0.8443362408882404 0.011917546328452322 0.01707968509365032
1 0.4104384815847821 0.8733826331007547 0.020620359713760084 0.023354873304780144
0 0.6162044900649989 0.8533069227786128 0.00809290351954961 0.009494731288618996
1 0.04150698146799986 0.8889520308278407 0.011252683888034576 0.0072572905705602375
0 0.2966356160789227 0.8701599997710157 0.006319167321907959 0.007748596248727813
1 0.5960823405440516 0.8583266906986993 0.02483314743726084 0.024446064124257427
1 0.6719421424987444 0.8438953291744331 0.008591934935702206 0.004638137729835012
0 0.7182283012141345 0.8429143521533292 0.009700466698652876 0.008785240887456247
1 0.360937470980772 0.8638863903238303 0.006984363704649832 0.00534750918552207
1 0.47870403970543585 0.8578051425741078 0.00814837650669581 0.010313317952729384
0 0.5725237863638807 0.8495950803361556 0.00809290351954961 0.009494731288619107
1 0.660107340685288 0.8417941164045438 0.008647340398161507 0.005456601547019657
0 0.810412777936272 0.8352226736582044 0.013358885068228687 0.01391468429545939
0 0.3518744121196267 0.859547924058696 0.006374572784367261 0.008567060065912457
1 0.36928025791306557 0.8575839309730513 0.00626375380749955 0.006930013486068032
1 0.47981291748863436 0.8495107578406519 0.007815911524143515 0.005402059267721304
1 0.7723028133913239 0.8397780779241245 0.025720064166609546 0.025319194043028626
0 0.35916387201792355 0.8561921471808613 0.007871325038552035 0.006220642030381085
0 0.502179986605404 0.8468101962891852 0.006319167321908015 0.007748596248728035
0 0.42945237381236534 0.8519922843382016 0.008979805380713912 0.010367860232027404
1 0.6494089821514664 0.8379740358329621 0.009866699189928885 0.011240870229960676
0 0.7333062821632497 0.8312371105266539 0.009811293727469916 0.010422406412776253
0 0.7453074537027755 0.8296276676158759 0.010531955045408714 0.008839787068205096
1 0.3290362968394696 0.8552909523381689 0.004600777113987875 0.006820921124570778
0 0.40520068602237397 0.8515277856187395 0.008924391866305448 0.009549277469367623
0 0.5995752023589487 0.8358991063680976 0.008868978351897039 0.008730694706707731
0 0.7011000158542751 0.8304722791851078 0.009035210843173158 0.011186324049211716
0 0.7165102530004878 0.8298724067498491 0.01158508939784908 0.0121685453541176
0 0.1790912280357731 0.8610166562262245 0.007926730501011225 0.00703910584756573
1 0.6484114363365456 0.8294067846427856 0.008647340398161507 0.005456601547019435
0 0.3216362186978107 0.850843453184275 0.0055430249648736885 0.008512509983713001
0 0.5722747836472144 0.8335792407928195 0.00792667102827338 0.007039101946115012
1 0.07995006060384657 0.8646427982871239 0.008092962992287012 0.009494735190069492
1 0.21334867945156982 0.85506960323341 0.005487619502414387 0.007694046166528579
0 0.5601627633944519 0.8335516390744789 0.010642782074225643 0.01047695259352488
0 0.42787285133279057 0.8409966768958955 0.007261415172793773 0.009440185107870258
1 0.9649040433318832 0.8041227621954998 0.010365738040173933 0.006384277158857921
1 0.5320308225736184 0.8312862621579371 0.006263694334761594 0.006930009584617536
0 0.5441705495835851 0.8317231552576079 0.008924391866305448 0.009549277469367623
1 0.7789553967198252 0.814676798961181 0.006319107849170225 0.007748592347277428
1 0.4885717608522103 0.8308485723479061 0.00781591152414346 0.005402059267721526
0 0.7635451555476378 0.8152766119237018 0.010642782074225643 0.01047695259352488
1 0.8535677802890631 0.8064934851845591 0.00776044658894659 0.0045835915490864965
0 0.40420330717861536 0.8367942474546666 0.008813572889437737 0.00791223088952353
1 0.6216929605271221 0.829515217797625 0.023170170743749052 0.02433697176275984
1 0.38502346498129153 0.8433965157738486 0.01890196950584 0.022427198180622887
0 0.045609834936685134 0.8570295816063684 0.008702753912569916 0.006275184309679216
0 0.17584872886268665 0.8501301411454156 0.0064299862987757805 0.009385642828572127
1 0.714542864101876 0.8131471362780884 0.00787126556581419 0.006220638128930478
0 0.5864381302675667 0.8207287326263663 0.0079820845426819 0.007857684708774793
0 0.5980789671221485 0.8199650860958845 0.007982084542681789 0.007857684708774904
0 0.7333344938599147 0.8131476004590318 0.012416577744605028 0.012223091534866448
1 0.33200242853295897 0.837419881491994 0.008092962992287345 0.009494735190069492
0 0.10661349865547853 0.8513833848893194 0.00820378196915493 0.011131781769913696
0 0.4648745099408309 0.8262368515253472 0.007982144015419745 0.00785768861022551
0 0.4544531731387843 0.8265094488268391 0.008868978351896983 0.008730694706707842
0 0.5583338962039375 0.8188726470911545 0.008758159375029329 0.007093648126863528
0 0.7022923478514105 0.8110731946478483 0.012416577744604917 0.01222309153486667
1 0.14084304258056535 0.8511932699670592 0.017128173835460503 0.02068105923928143
1 0.8015997140122697 0.8099026244074404 0.02488859068803817 0.025264648837642456
0 0.4280119157686668 0.8245442709301299 0.006319167321908015 0.007748596248728035
1 0.8828641793786657 0.795116773156408 0.004711536618117851 0.008457963802964263
0 0.7612728414525158 0.8002156611221596 0.00798208454268201 0.007857684708774793
0 0.7741332040700271 0.7989609039392249 0.008758159375029329 0.007093648126863639
0 0.2850790546616176 0.8289877514698869 0.008813572889437737 0.007912230889523308
1 0.2056441256060984 0.8337876856749709 0.006374572784367261 0.008567060065912235
0 0.27077752430146673 0.8274594666728485 0.007039777219058241 0.006166091948181851
0 0.4518759338471521 0.8131128176955155 0.0054876195024145535 0.00769404616652869
0 0.58621683028213 0.8051221249916225 0.009755880213061396 0.00960382365011625
1 0.9918727157412166 0.7768665165421864 0.011197228245452773 0.006438823461527021
0 0.4626298728665443 0.8115851940558603 0.008813572889437737 0.007912230889523308
1 0.7008238153458399 0.7955484062842275 0.00792667102827338 0.007039101946114901
0 0.5586114566375168 0.8044665810372884 0.009645061236193575 0.007966777070272157
0 0.5706403606446412 0.8032663680843771 0.007206001658385253 0.008621602345210366
1 0.19710780089233554 0.8248927653981476 0.0069289582421906415 0.0045290453683377585
0 0.5993821478325205 0.8022030461877439 0.00825913601082573 0.01195036063112298
0 0.11520610952777834 0.8302655700540696 0.006319167321907626 0.007748596248728035
1 0.3546472885531824 0.8141470224840517 0.0064853998131841895 0.010204225591232019
1 0.4866878221415608 0.8030185425996043 0.007815911524143515 0.005402059267721304
0 0.5300637716433054 0.802228477211121 0.009755880213061285 0.009603823650116361
0 0.40234707522516994 0.8093735090876945 0.007206001658385364 0.008621602345210366
1 0.9986804234984256 0.7675355588306292 0.0026391530031488752 0.005565694579078628
1 0.18186376247505548 0.8279482096538977 0.017128173835460614 0.02068105923928143
0 0.27077786629574013 0.8151270116705307 0.007039777219058352 0.006166091948181962
0 0.7751591366047241 0.783272477033358 0.00803749000514109 0.008676148525958993
1 0.38391560915493844 0.8146934760276137 0.01890196950584 0.022427198180622887
1 0.7426202423680097 0.7837627334534382 0.00792667102827338 0.007039101946114901
0 0.7313397401983721 0.7836805836036234 0.008758159375029329 0.007093648126863639
0 0.15586612300668218 0.8201987630742475 0.005487619502414387 0.007694046166528912
0 0.1658716899249565 0.8199535002865931 0.007206001658385253 0.008621602345210366
0 0.5832515495483495 0.7921619988592652 0.008924391866305448 0.009549277469367734
0 0.5956684652612534 0.7905252828581127 0.008813572889437737 0.00791223088952342
1 0.618728188758777 0.7980563496890535 0.023336403235025394 0.026792601105263936
1 0.8803426875437661 0.7702061508399509 0.00454531217879095 0.006002453405935859
0 0.7011844920250574 0.7823701549016133 0.010531955045408825 0.008839787068205096
1 0.4649584474098091 0.7966334711687925 0.0054876195024144425 0.00769404616652869
0 0.2645141679350037 0.8089605891436572 0.005598438479282208 0.009331092746372782
0 0.31814519603712443 0.8054423585346413 0.0064299862987757805 0.009385642828572238
0 0.40273548437198586 0.7966044876629472 0.007982144015419634 0.0078576886102254
0 0.22637666422187047 0.8069405344875077 0.008037549477878936 0.008676152427409711
0 0.28305645700807747 0.8052777282563199 0.008314600946022876 0.0127688283497579
1 0.7985795367814653 0.7776252924816845 0.02494399615049736 0.02608311265482688
1 0.551655304629532 0.7819023006761232 0.005487619502414387 0.007694046166528579
0 0.7587515206147528 0.7691388113045436 0.008924391866305448 0.009549277469367512
0 0.5769880221847499 0.7798293488312328 0.008037490005141201 0.008676148525958993
0 0.7725264878246582 0.7690573226121122 0.013303471553820057 0.013096101532799387
0 0.15744632544882914 0.8065294010391804 0.008979805380713857 0.010367860232027404
0 0.26091130434060433 0.7989198723938702 0.004711596090855585 0.00845796770441476
0 0.7284854494385959 0.7661912765499516 0.008813572889437737 0.00791223088952342
0 0.7397105421197998 0.7654549031098443 0.009645061236193686 0.007966777070272157
0 0.45237564119990237 0.7834821028251232 0.010476549582949468 0.008021323251020895
0 0.5838063284212349 0.7756823217538507 0.010587368559817012 0.009658369830864988
1 0.6440615903025416 0.7713184878395276 0.009811293727469694 0.010422406412776142
0 0.710885642712257 0.7652904698079631 0.007095182681517542 0.006984555765366274
1 0.9707814133210272 0.7490632950327536 0.006374520745721535 0.008567056652143079
1 0.4319485962188137 0.790166188464703 0.019733398379858103 0.022481740459920907
0 0.5303416700451835 0.7754898966821993 0.00875815937502944 0.007093648126863639
0 0.5961678346457049 0.773227082462776 0.010809006513552544 0.012932462990553395
0 0.5406244851391329 0.7731710208922712 0.00803749000514109 0.008676148525958993
1 0.3310614811344797 0.786507442138152 0.0064299862987756695 0.009385642828572127
0 0.8052321235180842 0.7525239535583218 0.008647340398161618 0.005456601547019435
1 0.8779874282001425 0.7477511578659979 0.0046007176412502515 0.00682091722312006
1 0.7717509179317716 0.7514316501065688 0.008647340398161618 0.005456601547019546
1 0.14023475687216946 0.7990258003736035 0.01624122055350763 0.019808045339897773
0 0.24918769323465778 0.7861232492507821 0.006319167321907959 0.007748596248727924
1 0.6172322914902757 0.769789814941785 0.022338682396993215 0.024282425582011324
1 0.4749369875334512 0.7713139475224349 0.008924391866305448 0.009549277469367623
0 0.5816725400601848 0.7626677089134826 0.009755880213061285 0.009603823650116361
0 0.5937291210881446 0.7618767892926266 0.010587368559817123 0.009658369830865099
1 0.7215014237022448 0.7493839917813532 0.008591934935702206 0.004638137729835123
0 0.5535683059965555 0.7608116233782707 0.007095182681517542 0.006984555765366163
1 0.3665109820258762 0.7734937557089454 0.005598438479281986 0.009331092746372671
0 0.437935927099953 0.7675750250645929 0.007206001658385419 0.008621602345210366
1 0.4745491170884396 0.7655842250202426 0.008924391866305559 0.009549277469367512
1 0.5621327051721903 0.7577833186106433 0.00781585205140578 0.005402055366270697
0 0.527210164872076 0.7600742601528137 0.008037490005141201 0.008676148525958993
0 0.3869657337641691 0.7672189614506955 0.007039777219058241 0.00616609194818174
1 0.6591676159771598 0.7477180231191267 0.007760446588946479 0.0045835915490863854
0 0.15658781433341568 0.7815097458339637 0.008813572889437737 0.00791223088952342
0 0.1758229247584056 0.7818922263551373 0.009035210843173158 0.011186324049211827
0 0.3773758812829038 0.7674369530987009 0.008037549477879047 0.008676152427409711
0 0.2595816692997481 0.7731089650383804 0.007261415172793773 0.009440185107870147
1 0.19661027468806946 0.7743623462859864 0.006263753807499439 0.006930013486068143
1 0.762355543400791 0.7360158185514684 0.008591934935702428 0.004638137729835234
1 0.9682876282433317 0.7245619640976264 0.006374520745721535 0.008567056652143079
1 0.2754909675984823 0.7675434047321154 0.00947888821765519 0.00551115162921878
0 0.46152269297678883 0.7582171253595144 0.009035210843173214 0.011186324049211827
0 0.4497433344141096 0.7569344934015597 0.008868978351897039 0.008730694706707842
0 0.22391092386967815 0.770515980458655 0.00631916732190807 0.007748596248728035
1 0.3294268871347698 0.7623607969308683 0.007815911524143515 0.005402059267721415
0 0.4367998258145913 0.7569614378639677 0.006485399813184134 0.010204225591232019
1 0.9538752618706772 0.7213965741014484 0.007926674745319384 0.007039102189955626
0 0.5691453143358487 0.7441686363585764 0.008647340398161507 0.005456601547019324
0 0.17546290233136608 0.7704055696838414 0.006319167321907848 0.007748596248728035
0 0.28397222079211015 0.7632872872439611 0.007150596195926173 0.0078031385280260546
1 0.3380467255352073 0.7601510135024376 0.005543024964873577 0.008512509983713001
1 0.8756044620993149 0.7248868735107149 0.00471153661811774 0.008457963802964263
1 0.02075053737489535 0.7797325843433396 0.006319167321907959 0.007748596248727924
1 0.40575750478297573 0.7610532000812052 0.0196779929173988 0.021663276642736706
1 0.32859559952151957 0.7562491136597329 0.008591934935702317 0.004638137729835123
1 0.5114955114947886 0.7438397102820764 0.010310317091673293 0.0055656939085168
0 0.6898499402921301 0.7321395428071301 0.00781585205140578 0.005402055366270808
0 0.23871168235351276 0.7609122904107903 0.008868978351897039 0.008730694706707842
1 0.9732214905207779 0.7110836490043162 0.0079266784623655 0.0070391024337962405
1 0.12008578129009562 0.7728050779831028 0.016296626015966695 0.020626509157081974
1 0.8334759012466564 0.7194288931022789 0.0046007176412500295 0.006820917223120171
0 0.7998005934666759 0.7216380153733263 0.010642782074225643 0.01047695259352488
1 0.2201418318099771 0.7580196938391017 0.0055430249648736885 0.008512509983713001
0 0.17712621699317654 0.7579639628472885 0.007871325038552035 0.006220642030381196
0 0.44234353476801164 0.740154483674061 0.007815911524143626 0.005402059267721415
1 0.8225280270047585 0.7180916554908379 0.009866699189928996 0.011240870229960342
1 0.43269833227105026 0.7395539481306936 0.008591934935702372 0.004638137729835123
1 0.7907375088951364 0.717299610531655 0.007926671028273491 0.007039101946114901
1 0.4201705381085411 0.7395536214534524 0.008591934935702206 0.004638137729835123
1 0.04475322244822033 0.7641812435194656 0.00620834834504036 0.00611154966888372
0 0.7070620178342252 0.7211444014964927 0.008758159375029217 0.007093648126863639
1 0.4096661445335941 0.7385984001822417 0.007760506061684214 0.0045835954505369925
0 0.26285289316090965 0.7474072875480904 0.012028707299593489 0.006493369032673946
1 0.38375142057735334 0.7382429977257277 0.00947888821765508 0.005511151629218669
1 0.20420522822104964 0.7508435038602685 0.008037549477878936 0.0086761524274096
1 0.8206158765974438 0.7083511358101581 0.008591934935702317 0.004638137729835234
0 0.6948115056097343 0.7190705193389904 0.013192652576952346 0.011459054952955072
0 0.07829014575489679 0.7537595577368106 0.009534301732063488 0.006329734391878672
1 0.6407648705690288 0.7164497380152093 0.008647340398161618 0.005456601547019324
0 0.9904614644024444 0.6943315703546464 0.007926678462365722 0.0070391024337962405
0 0.610027478759898 0.7188772400349661 0.013913321946840473 0.009876554553859829
0 0.7846401951286537 0.7074225313487514 0.008924391866305448 0.009549277469367623
0 0.7980271357645952 0.707777546679924 0.012416577744605028 0.012223091534866448
0 0.5828655520198923 0.7186036548988499 0.013026420085676227 0.009003425610451088
1 0.7539861014045075 0.7049115600905012 0.00781585205140567 0.005402055366270697
0 0.7665692455827129 0.705730413959115 0.009700466698652765 0.008785240887456358
1 0.7303715990340987 0.713860170364975 0.025775454760884275 0.026137656884850147
1 0.033667164466524124 0.7484652129445327 0.007760506061684214 0.0045835954505371035
1 0.13976493339913293 0.7489046131700345 0.015409791679489637 0.019753503060599642
0 0.7072564660481411 0.7055105802441122 0.008037490005141201 0.008676148525958993
1 0.6494402597186679 0.7088922523262671 0.007261415172793773 0.009440185107870258
1 0.775688096505144 0.6985548861130277 0.008647340398161618 0.005456601547019435
1 0.6397950274853377 0.708291718733625 0.008148317033958019 0.010313314051278777
0 0.44858040706762164 0.7150804158903472 0.008758159375029217 0.007093648126863639
0 0.6203937183314152 0.7054536663919598 0.00814831703395813 0.010313314051278777
0 0.24622360545485944 0.7299994711375752 0.0065962187900519 0.011841272171076223
1 0.6762144870107988 0.6972698874590321 0.008591934935702428 0.004638137729835012
1 0.22388438033008723 0.7269430390472005 0.007039777219058352 0.006166091948181851
0 0.591513405409464 0.7044706503274188 0.007261415172793773 0.009440185107870258
0 0.45886321813559616 0.7127614806276813 0.009922172177075306 0.012059456894070841
0 0.5780987728845027 0.7037063426395538 0.008924391866305337 0.009549277469367512
1 0.2570054479389867 0.7227148499546281 0.007095182681517542 0.006984555765366274
1 0.14214911816433717 0.7286051841210048 0.008647340398161507 0.005456601547019324
0 0.4229429312870556 0.7126514004315594 0.009811353200207484 0.010422410314226749
1 0.5572005445052333 0.7095991800303111 0.022227863420125504 0.02264537900216701
0 0.5358592369260242 0.7027775421770699 0.006263694334761705 0.006930009584617536
0 0.3753818075839332 0.7133049667659193 0.011363502864902286 0.00889433715040433
0 0.5237472166732616 0.702749940458729 0.00886897835189715 0.008730694706707731
0 0.6937590552458405 0.6911859434099397 0.009645061236193575 0.007966777070272268
1 0.03965429058818282 0.7320402195235691 0.006984363704649832 0.00534750918552207
0 0.7503280290551798 0.6878860905989078 0.008148317033958241 0.010313314051278777
0 0.7072846777448061 0.68742107017649 0.007206001658385364 0.008621602345210366
0 0.30506574431902955 0.7109293721495535 0.007871325038552035 0.006220642030381196
1 0.9540153203855531 0.6679467454847969 0.010310324525765635 0.005565694396198029
1 0.9992916384628978 0.6622184016611407 0.0014167230742043735 0.0055656945181183914
0 0.4554821972544122 0.6998286870584363 0.01147432989371927 0.010531502675724225
0 0.26861892003063764 0.7092094570404988 0.007039777219058352 0.006166091948181851
1 0.3351934567322767 0.7056642819690748 0.005487619502414387 0.00769404616652869
0 0.4212248870993834 0.699609514500817 0.007926730501011225 0.007039105847565508
1 0.6358044982054067 0.6863551095024993 0.004711536618117851 0.008457963802964374
1 0.9409333046371934 0.6659273507668273 0.0079820845426819 0.007857684708774904
1 0.025740968641342565 0.7239091427536675 0.010310317091672957 0.005565693908516911
1 0.7896575227711751 0.6828395157201157 0.02483317717362965 0.024446066074982675
0 0.2590290675493723 0.7094274486885042 0.008037549477878936 0.008676152427409822
1 0.4028765332488154 0.7061572366392503 0.0196779929173988 0.021663276642736706
0 0.5761867894483501 0.6877995359849773 0.007095182681517653 0.006984555765366163
1 0.3255481947625775 0.705063750327158 0.008148376506695976 0.010313317952729384
0 0.5507709556474942 0.6886446731586158 0.009700466698652987 0.00878524088745658
0 0.3836416195313566 0.6996084671934548 0.009811353200207651 0.01042241031422686
0 0.7515201900551784 0.6746532335628073 0.010531955045408714 0.008839787068205207
1 0.049494026482192366 0.7170068684896422 0.00870275391257036 0.006275184309679216
0 0.7310101700892195 0.6739432789807014 0.014744810293596311 0.009931100734608456
1 0.6364976318152273 0.6780879978594176 0.007095182681517542 0.006984555765366163
0 0.7021575639244725 0.6733695542974903 0.008702753912569916 0.006275184309679327
1 0.6912928059282126 0.6732601313573012 0.007039777219058352 0.006166091948181962
1 0.4800114117156394 0.6858870622020197 0.008647340398161507 0.005456601547019435
0 0.30487214706482263 0.6957319964234019 0.0095897071945229 0.007148198209062873
0 0.4224447845929552 0.686785946895321 0.008702753912570083 0.006275184309679216
1 0.46978420684362965 0.6828582318299856 0.008591934935702372 0.004638137729835123
1 0.19370213509850936 0.700558347535762 0.007095182681517653 0.006984555765366274
1 0.6104165381329172 0.6814432510835708 0.022338682396993215 0.024282425582011213
0 0.24683433251798292 0.695839573395143 0.007150596195926173 0.0078031385280260546
0 0.26013814606607644 0.6949668345031639 0.010476549582949524 0.008021323251020784
1 0.43308790060950486 0.683621217203084 0.0054876195024143315 0.00769404616652869
1 0.29323145147100854 0.69032941740345 0.008591934935702317 0.004638137729835123
0 0.23713366508582445 0.694420577936042 0.007926730501011087 0.007039105847565619
0 0.7514374158038137 0.6610929638892376 0.010476549582949413 0.008021323251020784
0 0.5484986415523722 0.6735837223570735 0.008813572889437848 0.00791223088952353
1 0.4786258244585705 0.6777563160108098 0.007316828687202237 0.01025876787053015
0 0.7196191909369875 0.6598916275487248 0.007039777219058463 0.006166091948181962
0 0.7634108805861355 0.6590742295971295 0.009811293727469805 0.010422406412776142
0 0.7341425302480105 0.6585277780042927 0.009811293727469805 0.010422406412776253
1 0.9617489223281426 0.6403080166890228 0.0078158594854979 0.005402055853952037
1 0.15853022035108644 0.6991659064876393 0.01624122055350785 0.019808045339897662
0 0.2746062468858022 0.6866182341676509 0.007261415172793773 0.009440185107870258
1 0.3251608670453448 0.6808353433707638 0.008591934935702317 0.004638137729835234
0 0.2831983825550101 0.6839992188306281 0.011252683888034576 0.0072572905705602375
0 0.30323721509681384 0.6839178656911735 0.00975593968579902 0.009603827551566968
1 0.7762991358261722 0.6520625353190032 0.004656131155658549 0.007639499985780063
0 0.14273214249623106 0.6940360544699804 0.008148376506695976 0.010313317952729495
1 0.4503275179376422 0.6792016542476731 0.0196779929173988 0.021663276642736706
0 0.33391923117985434 0.6806718979035071 0.0064853998131841895 0.010204225591232019
0 0.16856389146760153 0.6869974167048088 0.008591934935702428 0.004638137729835234
0 0.24633578435687148 0.6823065787626729 0.007926730501011198 0.007039105847565619
1 0.575993538214391 0.6602697647292457 0.008702753912570138 0.006275184309679438
0 0.586802886722217 0.6595606643795128 0.008813572889437737 0.00791223088952342
0 0.7942317306351776 0.6455420872463069 0.00803749000514109 0.008676148525959215
0 0.3831157660800518 0.6733337222758864 0.009090624357581678 0.012004906811871607
0 0.7799024786496381 0.643604512043301 0.00787126556581419 0.006220638128930478
0 0.7482504971162978 0.6448587445971921 0.0079820845426819 0.007857684708774682
0 0.7619700548377693 0.6439587326148386 0.008813572889437626 0.00791223088952342
1 0.19436787420903018 0.679549491459758 0.007871325038551924 0.006220642030381085
1 0.6452845199043065 0.6475025892729462 0.008702753912570027 0.006275184309679216
1 0.04026535964557998 0.6855478667788191 0.007760506061684103 0.0045835954505371035
0 0.2026274076608925 0.6781855024608984 0.008203781969154944 0.011131781769913696
1 0.6356115809137719 0.6464927642989744 0.007760446588946479 0.0045835915490864965
1 0.6952845281621258 0.6520330886075771 0.024001659090505 0.024391517943508467
0 0.44434135027411625 0.6586291676176588 0.007926730501011281 0.007039105847565508
0 0.45515075825468004 0.6579200633664751 0.007926730501011336 0.007039105847565397
0 0.420533143151076 0.658546685238427 0.008758159375029329 0.007093648126863528
1 0.6084494872026042 0.6523854661367547 0.022394095911401735 0.025101008344671105
0 0.5870804431298218 0.6451545388529087 0.008037490005141201 0.008676148525958993
0 0.5740815547782385 0.6443629580746694 0.008758159375029217 0.007093648126863528
1 0.020614735517086535 0.6790264279454103 0.009478888217654746 0.005511151629218669
0 0.5469196280382328 0.6440893729385531 0.00787126556581419 0.006220638128930589
0 0.5578398292852698 0.6450173766906767 0.009755880213061174 0.009603823650116361
1 0.1576994119669028 0.6745554831910149 0.01624122055350774 0.019808045339897662
1 0.9605023697705808 0.6157248664827726 0.013747104323748705 0.007420926186718302
0 0.7789050998058795 0.628870973879228 0.011529675883440782 0.011349962591457818
0 0.12175161909466359 0.6678698821616789 0.007982144015419745 0.0078576886102254
1 0.015127116014672093 0.671986935947866 0.009478888217654857 0.00551115162921878
1 0.2571181100960398 0.6565232770269744 0.00631916732190807 0.007748596248728035
0 0.6861942457988175 0.6287866504083617 0.008037490005141201 0.008676148525959215
0 0.700772998624249 0.6282413836265894 0.010587368559817123 0.009658369830864988
0 0.44414775704588394 0.6434318513642447 0.009645120708931365 0.007966780971722764
1 0.3999955576886806 0.6512612137245577 0.0196779929173988 0.021663276642736595
0 0.15437399728168377 0.65627492398707 0.007926730501011114 0.007039105847565397
0 0.5197026338040666 0.630664809510197 0.008758159375029217 0.007093648126863639
0 0.7762447482945838 0.6142465875493901 0.0079820845426819 0.007857684708774682
1 0.1933708373595449 0.6524834982933672 0.008092962992287345 0.009494735190069492
0 0.301409031894846 0.6445739637032138 0.007982144015419745 0.007857688610225289
0 0.5304566025598276 0.6291371839198167 0.008868978351897039 0.00873069470670762
0 0.7454242551079993 0.6154462739225324 0.008092903519549721 0.009494731288618774
0 0.13339279794351871 0.6547737806288795 0.008092962992287345 0.009494735190069381
1 0.7233064969398257 0.6218301624930048 0.0239462536280457 0.023573054126324378
1 0.046640898940029485 0.6563539114058459 0.007760506061684214 0.0045835954505369925
1 0.6844762016111453 0.6157447644776193 0.006263694334761816 0.006930009584617425
0 0.7012167875231299 0.6162908874424895 0.008148317033958019 0.010313314051278777
1 0.03078721086323466 0.6565717655501491 0.006429986298776003 0.009385642828572238
0 0.38020674982038866 0.6303609819276571 0.008813572889437737 0.00791223088952342
0 0.4051791029542936 0.6291338284137884 0.007206001658385253 0.008621602345210366
1 0.6064547295150868 0.6229183898086086 0.022283276934534024 0.0234639617648269
0 0.16188543712798936 0.6438607852666061 0.006319167321907959 0.007748596248727924
1 0.5833395965291293 0.6145687996877458 0.00787126556581419 0.006220638128930478
0 0.5721422106051297 0.6157144645091831 0.008868978351897039 0.00873069470670762
1 0.862664554046163 0.5954227411343727 0.00454531217879095 0.006002453405935859
1 0.11845391116664883 0.6499986143390639 0.016241220553507865 0.019808045339897662
1 0.46731915047998407 0.6217687677964976 0.008979805380714023 0.010367860232027515
0 0.528267400684369 0.6153039883167888 0.007926671028273491 0.007039101946115012
1 0.6514387849237137 0.6027019648417662 0.008591934935702428 0.004638137729835123
1 0.4473911328890735 0.6234871080430583 0.0196779929173988 0.021663276642736706
0 0.7159623075156674 0.599702446603544 0.01147427042098148 0.010531498774273507
0 0.6983624967633537 0.5988015803888178 0.0080929035195495 0.009494731288618774
0 0.16105429077550687 0.6315828764450371 0.007871325038551924 0.006220642030381085
0 0.3309551393740814 0.6245480603175624 0.008425419922890587 0.014405874929601992
0 0.38065050898290065 0.6184104876942824 0.00637457278436715 0.008567060065912235
0 0.17480158499055143 0.6310921538932883 0.010531955045408603 0.008839787068205096
0 0.6854467246574085 0.5992378142818303 0.012416577744605028 0.012223091534866448
0 0.7286841484250812 0.596401410932173 0.010753601051093242 0.012113999173368972
0 0.6103633395293364 0.6004635918603703 0.008813572889437626 0.00791223088952342
1 0.057395376661226016 0.6363275438392513 0.008868978351896817 0.008730694706707731
1 0.8072600385055926 0.5850805050007116 0.0069289582421906415 0.0045290453683377585
1 0.5070370533427953 0.603953171492958 0.008591934935702317 0.004638137729835123
0 0.5457844074489488 0.6026445868086705 0.011363443392164552 0.008894333248953723
1 0.034557265407043236 0.6320706315914619 0.008647340398161618 0.005456601547019435
0 0.12410858035770467 0.6286624811785677 0.0064853998131844115 0.010204225591232019
1 0.9525212997506523 0.5718515890354647 0.010310324525765302 0.00556569439619814
1 0.19303905636553925 0.6229073296037236 0.0064299862987756695 0.009385642828572127
0 0.7593108922544811 0.5861706348314131 0.00814831703395813 0.010313314051278777
1 0.7817609363561211 0.5908641135016319 0.02477777171117046 0.023627602257798364
1 0.7440947573019362 0.5834690815438713 0.00787126556581419 0.0062206381289307
1 0.9449547828086424 0.5711146903567119 0.00548762321946028 0.007694046410369415
1 0.01321581656706633 0.6314152192886542 0.004656190628396286 0.00763950388723067
0 0.7249150861017492 0.5839051223618945 0.01141885690657296 0.009712916011613726
0 0.6130243750291788 0.5904230681855728 0.005598438479282097 0.009331092746372782
1 0.1372462249132343 0.6253341685153718 0.015354378165081228 0.01893492029793964
0 0.3451186272552014 0.6055313266006754 0.008702753912570027 0.006275184309679216
1 0.5761062260818385 0.5940781303781291 0.022227863420125393 0.02264537900216712
0 0.4733066780686541 0.5930113154717656 0.00809296299228729 0.009494735190069603
0 0.5430409396920151 0.5867923858075805 0.0078712655658143 0.0062206381289307
1 0.044618639254787984 0.6203113737172234 0.005598438479282097 0.009331092746372893
0 0.5187892221656548 0.5863278890388438 0.011252624415296841 0.0072572866691096305
1 0.9415183446960039 0.5573633142686476 0.008591946086840663 0.0046381384613570775
1 0.3219204117859493 0.5959539793305731 0.005543024964873577 0.00851250998371289
0 0.3295700353720535 0.5979186335736013 0.007538466640937602 0.013532861030218446
1 0.9583145278202666 0.5525617319249982 0.009478836179009686 0.005511148215449402
1 0.9678766549590972 0.5519344501148664 0.006984371138742063 0.005347509673203299
1 0.9774664851380858 0.5517164599299049 0.009534249693418317 0.006329730978109294
1 0.1987491945177668 0.6023897158316991 0.0055430249648736885 0.008512509983713001
0 0.3796534681074408 0.5913444350551538 0.008148376506695754 0.010313317952729384
0 0.15218578762670187 0.6054443058550762 0.008979805380713968 0.010367860232027515
1 0.9890242168981678 0.5497249979966492 0.011363454543302787 0.008894333980475788
0 0.14173680354018886 0.6053076078737876 0.008148376506695754 0.010313317952729384
1 0.927327791300196 0.5513058494037368 0.006263694334761816 0.006930009584617425
0 0.11293960686387572 0.6055524064804987 0.00909062435758147 0.012004906811871718
1 0.17649308563863259 0.6005610984125762 0.017128173835460614 0.02068105923928132
0 0.1593369225244322 0.5938759615641838 0.00964512070893142 0.007966780971722653
1 0.6934024623680305 0.5563744374010522 0.008591934935702428 0.004638137729834901
1 0.9446230036731598 0.5415385215451481 0.008813580323529968 0.007912231377204648
0 0.12186447795924765 0.5955120203094035 0.008092962992287567 0.009494735190069492
1 0.8573999364486027 0.5423274628145078 0.004545312178790728 0.006002453405935859
1 0.734949373682124 0.5470716075304035 0.006208288872302514 0.006111545767433224
1 0.9941660530872272 0.5247054779176883 0.011667893825545783 0.008948880161224637
1 0.052518766743470446 0.5827957029984074 0.004545371651528678 0.006002457307386577
0 0.7697612808706917 0.5369773909318675 0.008868978351897039 0.008730694706707842
1 0.785116123396655 0.5355589942313239 0.006319107849170114 0.007748592347277428
0 0.6922942645474042 0.540003852657135 0.008813572889437626 0.00791223088952342
1 0.9786868655777703 0.5203941520550792 0.007871272999906309 0.006220638616611929
0 0.22569036400011477 0.5685580088788695 0.01208411276205279 0.0073118328498583685
1 0.6052374146370104 0.543248364527783 0.00787126556581419 0.0062206381289307
1 0.1490547914190299 0.5715299273494764 0.008591934935702206 0.004638137729835012
1 0.17898843137497789 0.5695662609410728 0.012028707299593489 0.006493369032674168
1 0.23760838955763364 0.5657207532475648 0.009755939685799103 0.009603827551566968
0 0.5664346510424229 0.5437384259221485 0.00886897835189715 0.008730694706707731
1 0.9238641631388096 0.5186464991870254 0.00864735526634608 0.005456602522382115
1 0.7990298022059533 0.5313576150235453 0.011862132814043802 0.016261102330990318
1 0.9445959809045025 0.5164643201591828 0.006984371138742063 0.005347509673203299
0 0.6770504268636297 0.5368930674610011 0.007483053126529082 0.012714278267558665
1 0.19620034194591096 0.564737406604332 0.010421136068540893 0.0072027404883610036
1 0.2277138423497326 0.5614368331631792 0.005376800525546677 0.006056999586684486
1 0.2489721749440716 0.5608644307947348 0.004656190628396284 0.007639503887230559
1 0.9335372765345984 0.5134900366994195 0.00703977721905813 0.006166091948181962
0 0.37682756406744106 0.5495994499054387 0.011474329893719326 0.010531502675724225
1 0.4707858661963268 0.5434357236779352 0.008148376506695976 0.010313317952729273
0 0.7680432326570449 0.5239354455283871 0.008979805380713968 0.010367860232027515
0 0.7813747678305271 0.5234719970423755 0.014134959900576005 0.013150647713548125
0 0.2752196978251889 0.5537985179884637 0.008037549477878936 0.008676152427409822
0 0.23270291369103546 0.5549433305282534 0.006263753807499495 0.006930013486068254
1 0.19841795625154013 0.5543148626878536 0.00631916732190807 0.007748596248727813
0 0.5768008906139401 0.5303148522791421 0.009755880213061396 0.00960382365011625
1 0.544760685799105 0.5381718777812589 0.022283276934534135 0.0234639617648269
1 0.31898388547661277 0.5464056586763919 0.008203781969155055 0.011131781769913585
0 0.11052961799439043 0.5576139207392503 0.005598438479281986 0.009331092746372671
0 0.4005807631690586 0.5365309500909801 0.007206001658385364 0.008621602345210366
1 0.41928913944666624 0.5414698846238427 0.019677992917398912 0.021663276642736706
0 0.3660462643110927 0.538385386634184 0.00975593968579902 0.009603827551566857
1 0.9208713506709361 0.49911091364491733 0.008647355266346302 0.005456602522382115
0 0.7170733961837189 0.5112469259368093 0.012139526276461199 0.00813041561251826
1 0.17566295721702113 0.5512857056385785 0.017017354858592904 0.019044012659437115
0 0.7502775503018877 0.5082465534662144 0.007150596195926062 0.0078031385280260546
0 0.15152222966466528 0.5462920279485272 0.008868978351897039 0.008730694706707842
0 0.6590355519005104 0.5113545048592758 0.00781585205140567 0.005402055366270697
1 0.6128048026735542 0.5131540051703016 0.0069289582421907525 0.0045290453683376475
1 0.9292418220581573 0.49321774713851224 0.009534257127510215 0.006329731465790744
0 0.05019155212535015 0.548417486930729 0.00964512070893108 0.007966780971722653
0 0.5902991780863436 0.5138082307113196 0.008924391866305448 0.009549277469367512
1 0.6222560996843787 0.5108896775118476 0.009755880213061285 0.009603823650116361
0 0.389688640409868 0.5236797807671433 0.007039777219058352 0.006166091948181851
0 0.4000545677234807 0.5225886601757295 0.007926730501011114 0.007039105847565619
0 0.5365018917825525 0.5148708934012947 0.009866699189928996 0.011240870229960565
0 0.4589794808390155 0.5170788308612775 0.006374572784367261 0.008567060065912457
1 0.03181583351185152 0.5422234626855145 0.008591934935702317 0.004638137729835123
1 0.9335381349283993 0.482658839233206 0.006152875357894216 0.005292963004773332
1 0.9655227564698794 0.4801495181252067 0.012028716592208721 0.006493369642275704
1 0.7727002147724122 0.5001982867281483 0.025609260057926297 0.02368214843854688
0 0.13109572741135533 0.534477429133905 0.008037549477879047 0.0086761524274096
1 0.18885649049005115 0.5302771762398156 0.005487619502414276 0.00769404616652869
0 0.7490029530188229 0.4955866263536897 0.011585089397849191 0.01216854535411771
0 0.17059145361862688 0.5318864835976167 0.008979805380713857 0.010367860232027515
0 0.1101976402928539 0.5342040409742287 0.006374572784367483 0.008567060065912235
1 0.45886880312291556 0.5092755587309997 0.007039777219058518 0.006166091948181851
0 0.5898837759072391 0.5015030487993762 0.008092903519549721 0.009494731288618885
0 0.6019126501779946 0.5003028377971902 0.010531955045408714 0.00883978706820504
0 0.48916274802743887 0.5064660978930251 0.006319167321907904 0.007748596248727924
1 0.5698724453631594 0.508159863299307 0.021396375073369778 0.022590832821418272
1 0.19769810810499194 0.5251752604206397 0.007206001658385364 0.008621602345210366
0 0.43472793430979195 0.510448106591382 0.0073168286872021815 0.010258767870530039
0 0.5106983585338216 0.5038200805715818 0.007926671028273269 0.007039101946115012
0 0.5460366430073138 0.501501865939037 0.012194931738920278 0.008948879429702516
0 0.3996391348015136 0.5102834653463268 0.007206003671372585 0.0086216320815794
1 0.41748832100762934 0.5148677290195305 0.019622579402990448 0.020844693880076703
0 0.4444287460221991 0.5057009211046027 0.010421138081528336 0.007202770224729926
1 0.9932115845601259 0.46970040706317107 0.012084125926178246 0.007311863317749301
0 0.37411248202378994 0.5094915559401211 0.007926732513998336 0.0070391355839343195
1 0.15490413627439498 0.528393696929437 0.01696194738314627 0.01822551910588399
1 0.17031454341125074 0.5216275821248351 0.00631916732190807 0.007748596248728035
1 0.2172382552508909 0.5177271976718865 0.005487619502414276 0.007694046166528801
0 0.20967174589743748 0.5169903283637416 0.008868982377871676 0.008730754179445577
1 0.31230523342297595 0.5094353012946268 0.006374574797354593 0.008567089802281158
0 0.7333159746493836 0.4797613400786389 0.008813572889437737 0.00791223088952353
0 0.7482550898831406 0.478370245229476 0.007095186707492207 0.006984615238104064
0 0.5901613343278311 0.48709695300914113 0.010531959071383379 0.008839846540942886
0 0.6009706828356571 0.4863878526594082 0.008868982377871593 0.008730754179445521
0 0.5102275448532959 0.4906963456333474 0.008758163401003882 0.007093707599601429
0 0.3745840064097503 0.4979503343184413 0.007095186707492207 0.006984615238104008
1 0.021894064814774572 0.5190316004034166 0.008591930909727874 0.004638078257097278
1 0.035974016693927746 0.5172857881393161 0.008591930909727763 0.004638078257097389
0 0.3641349608375123 0.49781361050223427 0.006374576810341814 0.008567119538650025
0 0.4476996288955811 0.49233171348481486 0.005543028990848187 0.00851256945645068
1 0.045120388508242015 0.5166857801510805 0.005376800525546455 0.006056999586684486
1 0.4786865384257756 0.4874213982412863 0.01119727842557533 0.006438826753375981
0 0.2573442292922193 0.4994750944186552 0.007871325038551924 0.006220642030381085
0 0.7487819930146724 0.46764753398025927 0.00637451733760408 0.008567115637199418
1 0.019787810200804612 0.5125924767091684 0.00859193090972743 0.004638078257097389
1 0.10922830617459833 0.5075472797164301 0.004656190628396159 0.007639503887230559
1 0.03178900946371205 0.5109830021112961 0.009534301732063603 0.006329734391878672
1 0.18946702084564365 0.5022835674220054 0.007261415172793773 0.009440185107870147
1 0.3270507861713632 0.4928469031095092 0.00803755350385349 0.00867621190014739
1 0.7702897149245043 0.47075851322674533 0.02477777171117046 0.023627602257798308
1 0.04168375539213154 0.5091006630074287 0.009478892243629744 0.005511211101956626
0 0.7153284961985513 0.466964551646205 0.009755880213061285 0.009603823650116305
1 0.754186838265722 0.46112675630423394 0.007760442562971925 0.004583532076348595
0 0.5887759180678988 0.4727999793167724 0.009645061236193575 0.007966777070272157
1 0.6938484641647519 0.46426283502004273 0.008591930909727763 0.004638078257097333
0 0.14886275683645994 0.5008364129530629 0.006319167321907959 0.007748596248727924
0 0.38669636664379886 0.48564545129809555 0.006374576810341703 0.008567119538650025
1 0.1745279353482555 0.5036746603204428 0.01618580703909922 0.01898946257723777
0 0.26141869604112816 0.4918083232932261 0.007039777219058352 0.0061660919481820176
0 0.29634126607761135 0.4895173798003305 0.007039777219058463 0.0061660919481819065
1 0.4169624060705996 0.4885929582670439 0.01879115052897229 0.020790151600778684
1 0.15656799064450344 0.49745336103412896 0.008647344424136172 0.005456661019757114
1 0.45496172604393426 0.4762342199597016 0.006984367730624497 0.00534756865825986
1 0.9167708473348846 0.4447059716463086 0.009534257127510215 0.006329731465790633
1 0.42987854990718716 0.47582426742098827 0.005598438479281986 0.009331092746372838
1 0.9934619525445713 0.4363863521039135 0.006928960721046762 0.004528986322321071
1 0.2515519968511991 0.4817674690397369 0.008591930909727735 0.004638078257097389
1 0.3371676512955718 0.4757399468762099 0.007095186707492207 0.006984615238104064
1 0.3258040626166648 0.47442998040441786 0.007760502035709549 0.004583535977799313
0 0.5345909323162327 0.46196669200339613 0.007926675054248156 0.007039161418852746
0 0.11261020976484709 0.4896489040927867 0.008868982377871482 0.008730754179445632
1 0.15083096695841164 0.4867304883970169 0.007150596195926062 0.0078031385280260546
0 0.2739190679809561 0.47906693722463906 0.007206005684359917 0.008621661817948212
0 0.6838986487291847 0.4529941660953014 0.010642778048250978 0.010476893120787145
1 0.9693212319616769 0.43139267395666087 0.007760449997064156 0.004583532564030102
0 0.10296494779514809 0.4890483724508699 0.00631916732190807 0.007748596248727924
0 0.15994969350124677 0.48572121486236963 0.007206005684359695 0.0086216618179481
1 0.03511550356552712 0.49226610319773056 0.010421140094515446 0.007202799961098683
1 0.1963966570374192 0.48127487468462193 0.007150596195926062 0.0078031385280260546
1 0.9912171708026372 0.4279008905399315 0.010310330410263191 0.0055657539908561815
1 0.05121867761402937 0.48956540804401216 0.006263757833474215 0.006930072958805822
0 0.4338144929350113 0.466111188070754 0.009922168151100641 0.012059397421333107
1 0.5391919919517563 0.4559096924167117 0.00637451733760408 0.008567115637199363
1 0.2784647181280457 0.47219141434803247 0.005543028990848353 0.008512569456450791
0 0.18874703143832766 0.47931019070522507 0.007483053126529193 0.012714278267558665
0 0.6583167534341893 0.44521744642527694 0.010365730606081813 0.006384276671176747
0 0.3167686510399861 0.47050080942206407 0.007538466640937491 0.013532861030218335
1 0.4671574012441393 0.45899089242235475 0.00897980135473947 0.01036780075928967
1 0.3261091567973244 0.4665994034966716 0.0080375535038536 0.008676211900147501
0 0.456846881405973 0.46090050656732173 0.00842542394886514 0.014405934402339782
1 0.6152732648890225 0.4509187110260304 0.009312262311316988 0.015278999971559959
1 0.17414054614529773 0.47944622752913035 0.01696194537015905 0.01822548936951507
0 0.1401327794217267 0.47674418032427635 0.007261415172793773 0.009440185107870314
0 0.7591210536885798 0.43531598547708383 0.006319107849170225 0.007748592347277372
1 0.3686535882159443 0.46586388623966235 0.018735741040538434 0.019971628310856582
0 0.6697636868156215 0.4415889664293426 0.008979801354739303 0.01036780075928978
1 0.7071528164146497 0.44489135220112386 0.023890844139611844 0.022754530836402276
0 0.7745867172043981 0.4355346650927534 0.0107535970251188 0.012113939700631293
0 0.507845089730891 0.449333349038219 0.007871265565814078 0.0062206381289306445
0 0.5598408756200858 0.4463334704849361 0.008758163401003882 0.007093707599601429
0 0.4430443784360002 0.45440647637726433 0.011418916379310862 0.009712919913064333
1 0.5923241913842171 0.45119094801246157 0.022283276934534024 0.0234639617648269
0 0.30501747443760313 0.4511286693472126 0.007982144015419634 0.007857688610225289
1 0.7107287944751849 0.4236915825417742 0.00787126556581419 0.0062206381289305335
0 0.7286057939304355 0.42251883965567727 0.007039777219058463 0.0061660919481819065
1 0.9892499484105567 0.4050093331247543 0.009478841134245686 0.005511207749147318
1 0.029323469845025263 0.46839221863055924 0.005487619502414387 0.007694046166528579
0 0.6416597927332782 0.42740039615544423 0.00787126556581419 0.0062206381289305335
1 0.5052401456950418 0.4355274562619343 0.006319107849170225 0.007748592347277317
1 0.5185439889795042 0.4346547154192299 0.006319107849170225 0.007748592347277317
0 0.5322912514451925 0.4341639650818374 0.008868982377871593 0.008730754179445521
0 0.597119697220669 0.4295000974370278 0.010587368559817234 0.009658369830864821
1 0.4539650271627478 0.43683571231825535 0.005543028990848242 0.008512569456450791
1 0.9656357939201567 0.40162545814238015 0.007815861652949674 0.005402115204769409
1 0.2999733356021398 0.44447119368989846 0.006984367730624497 0.005347568658259805
0 0.38503455115491314 0.4425908638930995 0.007483053126529304 0.012714278267558554
1 0.613167519240488 0.4259808453555679 0.009755880213061285 0.009603823650116305
0 0.12128627686407112 0.45742641919010235 0.0055984384792819725 0.009331092746372782
1 0.15426862001838043 0.45731815132460885 0.015354378165081228 0.018934920297939806
1 0.46538428553633193 0.43279796872663473 0.008979801354739358 0.01036780075928967
0 0.2373068959233403 0.44406025331656074 0.010476549582949524 0.00802132325102084
1 0.6127796508084637 0.42025115258974444 0.009755880213061396 0.009603823650116305
1 0.6232286646313456 0.4203878486203078 0.009035210843173158 0.011186324049211827
0 0.3624182765749843 0.4354417856167455 0.009700530197365276 0.008785304261644866
1 0.9505583397469104 0.3948039864928872 0.0069289616503083185 0.004528986383281253
0 0.394375196160032 0.4325232026809046 0.012194935764894943 0.008948938902440362
0 0.44251846551195784 0.4281317353611467 0.007039777219058407 0.0061660919481819065
1 0.002231108098268153 0.4563318075396833 0.004462216196536306 0.006275184309679271
1 0.4142753677459579 0.4365618263398163 0.018846560017406033 0.02160867489070073
1 0.20537781831730273 0.4412218128741913 0.006928954216216088 0.004528985895600024
0 0.6957346097342799 0.41193166936232833 0.008148313007983576 0.010313254578541042
0 0.741466528278589 0.4089316255196996 0.009811289701495252 0.010422346940038407
1 0.21552196842939952 0.4430228544098916 0.00903521084317327 0.011186324049211827
1 0.5634445584248379 0.42554296247054735 0.02139637909934433 0.022590892294156173
1 0.6744483716622185 0.4182610395376957 0.023890844139611844 0.02275453083640222
0 0.7275530055982429 0.40696677820168214 0.008702753912570027 0.006275184309679216
0 0.7563502191557278 0.4067220083559773 0.00809290351954961 0.009494731288618996
1 0.26887594707636364 0.43541197761489625 0.007871325038552035 0.0062206420303812515
0 0.7660787346058583 0.4023840696459748 0.00947883277089212 0.005511207200505908
0 0.2871963954492091 0.43462122328338604 0.0080375535038536 0.00867621190014739
0 0.926944355634552 0.3852538541815451 0.009589662898898177 0.007148254511872121
1 0.9645000584809398 0.3786793546378945 0.008647353716751405 0.005456661629358872
0 0.0704275844807144 0.43404246241504474 0.007095186707491985 0.006984615238103953
0 0.1441253526153487 0.42468594059602016 0.008591930909727652 0.004638078257097389
0 0.9706532862094482 0.3708762452975958 0.008758170835096113 0.0070937080872826574
1 0.29107732844262335 0.4117571320030925 0.008591930909727763 0.004638078257097333
1 0.08417521666405758 0.4212192253882405 0.004545371651528685 0.006002457307386411
0 0.7064063132041116 0.37834503212216386 0.008647344424136172 0.005456661019757225
0 0.2938214781751166 0.4029443932631781 0.007095186707492207 0.006984615238104008
0 0.18866581784561287 0.41025375262502467 0.0064299862987757805 0.009385642828572127
1 0.3501688100047459 0.3963703878197202 0.006928954216215977 0.0045289858955999684
0 0.07458556491629792 0.41527098758436165 0.006319167321907959 0.007748596248727924
1 0.31524623996826273 0.39866133131261594 0.007150596195926173 0.00780313852802611
0 0.40709808674967307 0.3922247108427484 0.00803755350385349 0.008676211900147446
1 0.2564600513073181 0.40005123939998893 0.004656190628396395 0.007639503887230559
0 0.5291884669341855 0.3821600765086153 0.0079820845426819 0.007857684708774737
0 0.13830547288986217 0.4065690199343214 0.006263757833474104 0.006930072958805822
1 0.17272895405044209 0.4092437959995263 0.015354378165081117 0.018934920297939806
0 0.5926588612126606 0.3759409815550845 0.007095186707492207 0.006984615238104008
1 0.0007627465898343844 0.41335903745508507 0.0015254931796687687 0.00545666101975717
1 0.3152464407017683 0.3924951018607318 0.006263757833474104 0.006930072958805822
0 0.4533844441855814 0.3850774746333917 0.0081483724807212 0.010313258479991594
1 0.010422518270056191 0.41125848389185393 0.012028707299593822 0.006493369032674112
0 0.2823472097671225 0.3938311249247394 0.005543028990848353 0.008512569456450791
1 0.4627249499429197 0.3811760687079992 0.00897980135473947 0.01036780075928967
0 0.359176797345756 0.38755781631987685 0.008203781969155166 0.01113178176991364
1 0.3884728841774541 0.38851355734331827 0.01868033155210458 0.019153105020934535
0 0.4295763763103216 0.3788287369673575 0.006319167321907959 0.007748596248728035
0 0.14784019437825457 0.3931999944227891 0.005487619502414276 0.007694046166528634
1 0.5598706222650065 0.37274785343414635 0.02134096558493581 0.021772309531496226
1 0.6204309763139855 0.3605534128757082 0.007760442562971814 0.004583532076348651
0 0.10878794682494686 0.3961729265629386 0.007316824661227864 0.010258708397792304
0 0.58057491542177 0.36399015479229285 0.009645061236193575 0.007966777070272157
1 0.9766686672371954 0.33636182857971 0.008591938343820105 0.004638078744778618
1 0.18794582843829688 0.38728037590824427 0.007871325038552035 0.0062206420303811405
0 0.6765010897043087 0.3560530184837988 0.008924391866305448 0.009549277469367623
1 0.6993114684908928 0.35990070077372116 0.023059355792856007 0.022699984655653538
1 0.7586521088986338 0.3543635696078886 0.023890873875980767 0.022754532787127524
0 0.4154413549240206 0.36742354120284926 0.007871325038551924 0.0062206420303812515
1 0.17239703582164329 0.3858339123330542 0.016130397550665365 0.018170939287315724
0 0.5378089852971952 0.3552853236028113 0.008813572889437737 0.007912230889523475
0 0.8266406344453027 0.3346934616562687 0.006319107849170225 0.007748592347277372
0 0.9566301539239956 0.3241106386050229 0.007206013118452259 0.00862166230562944
1 0.9714030239657436 0.3202639749833769 0.0069289616503083185 0.004528986383281308
0 0.6750325571987383 0.34052823012017797 0.00809290351954961 0.009494731288618885
1 0.2025527949733807 0.3686456287952188 0.006263757833474215 0.006930072958805933
0 0.7343455077304469 0.3345818363340217 0.007206005684359917 0.008621661817948212
1 0.4340669569502633 0.3588022060621422 0.018735741040538267 0.019971628310856693
0 0.7492569033518026 0.3327814808152605 0.008868982377871593 0.008730754179445521
0 0.17619465384890126 0.36790826556976164 0.007206005684360028 0.008621661817948156
1 0.3142218383558466 0.3588535917625775 0.005543028990848242 0.008512569456450847
0 0.22846765817740206 0.3628347759649304 0.0070951867074922625 0.006984615238103953
1 0.6089570478872774 0.3391076597985829 0.009866699189929107 0.011240870229960453
0 0.5625877472158549 0.3388608835718977 0.007039777219058241 0.0061660919481819065
0 0.02372741324773281 0.3733883166187333 0.00870275391257003 0.006275184309679271
0 0.2491163431252134 0.35942481322140785 0.007150596195926062 0.00780313852802611
1 0.584622047144117 0.34358163533249086 0.021285556096501956 0.02095378624157418
0 0.2819047530700043 0.3564517138411871 0.00964512070893142 0.007966780971722709
1 0.9274729644025477 0.31286874873142345 0.007095190424538322 0.006984615481944623
0 0.5980924311517855 0.33283201130796025 0.008647344424136172 0.005456661019757225
0 0.6597057425171062 0.33002337496598955 0.008924391866305559 0.009549277469367623
1 0.13312362954366674 0.36703401128802643 0.015298968676647373 0.018116397008017704
1 0.6961802992730968 0.3321525200329112 0.023890844139611844 0.022754530836402165
0 0.14742536063732326 0.3623960666331807 0.007427643638095338 0.011895754977636508
1 0.18653301767906477 0.3602416577829532 0.007483053126529193 0.012714278267558554
0 0.7643902789211672 0.32192276345386994 0.009090620331607013 0.012004847339133873
0 0.15684892115457466 0.3597224495441219 0.008092962992287345 0.009494735190069548
0 0.7197670671629199 0.3227946500642015 0.011418856906573072 0.009712916011613726
0 0.7488137944154938 0.32006700752198725 0.00798208454268201 0.007857684708774793
0 0.3933244497285432 0.34297626253115865 0.005543028990848242 0.008512569456450791
1 0.7864249039625308 0.3143110314511392 0.008591930909727763 0.004638078257097389
1 0.3229528357144379 0.3459483701753043 0.006596214764077235 0.011841212698338377
0 0.3133629852461599 0.34616639155967854 0.00914602982004098 0.012823370629055975
0 0.2911068743540384 0.34433774440418696 0.006319167321907959 0.007748596248727924
0 0.5509195455983423 0.3268827837187317 0.008758163401003882 0.007093707599601318
0 0.278579139664267 0.3443374138254953 0.00964512070893131 0.007966780971722709
1 0.449034429167428 0.33315543506766143 0.006429986298775836 0.009385642828572072
1 0.02281314863662509 0.3598825633895434 0.005543028990848242 0.008512569456450791
1 0.035978438463633855 0.35696351627275913 0.00859193090972743 0.004638078257097333
1 0.3635849437156192 0.34163853100240527 0.018680331552104468 0.019153105020934535
1 0.4600656163624949 0.3295541984257326 0.008979801354739247 0.01036780075928967
1 0.04664926123738783 0.354208077961852 0.007095186707492318 0.006984615238104008
0 0.23442728230133697 0.33983432118349044 0.00870275391257 0.006275184309679271
1 0.9108159869749289 0.29505169955887384 0.007815856077380223 0.005402114839008543
0 0.17625074329990725 0.3440618193823105 0.008868982377871482 0.008730754179445521
1 0.02799635392095201 0.3500876628174608 0.008591930909727763 0.004638078257097389
0 0.2479529345366715 0.3360694459993155 0.008037553503853573 0.008676211900147446
1 0.9279170951412377 0.2885857676867166 0.007760449997064156 0.004583532564029935
1 0.1179912887863448 0.3408952734579945 0.00631916732190807 0.007748596248727924
1 0.5828212266920927 0.3169794499918098 0.02134096558493581 0.02177230953149628
0 0.12794144420319808 0.33983145764404915 0.0063745768103418005 0.008567119538650081
1 0.15188823653304812 0.3419602740830044 0.016130397550665365 0.018170939287315724
1 0.21815801903531362 0.3339131911806401 0.00565384796771598 0.010149616036294884
0 0.3805202042854195 0.32038454183954795 0.007982144015419634 0.0078576886102254
1 0.6649170222633051 0.30830524934945613 0.023003942278447598 0.021881401892993646
1 0.32062527910204414 0.3239026091099434 0.0080375535038536 0.008676211900147446
0 0.6864804787746726 0.2999022681225403 0.009811289701495252 0.010422346940038463
0 0.6992300541646723 0.29701049214540504 0.008702753912570138 0.006275184309679327
0 0.731713538912953 0.2957017124354028 0.007150596195926062 0.00780313852802611
1 0.3446276221810959 0.3206837232883871 0.004711600116830139 0.008458027177152716
1 0.9445193431974586 0.28091935395026024 0.005487626936506618 0.007694046654210085
1 0.038889156642714695 0.3382738626639243 0.00864734442413606 0.00545666101975717
0 0.43728325256504497 0.3137832949928099 0.00886898237787176 0.008730754179445521
0 0.22844097337704328 0.3254280601039095 0.008702753912570166 0.006275184309679327
1 0.4702935011970768 0.3079180593203933 0.008591930909727707 0.004638078257097444
0 0.7589587340015743 0.2910368262442371 0.010531959071383268 0.008839846540942886
0 0.3859250495364691 0.3138637641635226 0.00803755350385349 0.008676211900147446
0 0.12835749862149326 0.3274717017657135 0.007095186707491971 0.006984615238103953
0 0.10759799469681414 0.32924461792939186 0.007261415172793773 0.009440185107870258
0 0.39232761159957613 0.30974401017651476 0.0064299862987756695 0.009385642828572127
1 0.408319825410443 0.3115724939933858 0.018680331552104468 0.019153105020934535
1 0.45834791014312154 0.30417979801993467 0.008979801354739303 0.01036780075928967
1 0.1389175024183794 0.32307921687496227 0.005487619502414498 0.00769404616652869
0 0.16599631492573436 0.32212501707619534 0.0064299862987756695 0.009385642828572072
1 0.44970036699846705 0.30598031980340434 0.008425423948865196 0.014405934402339782
1 0.6572678779062675 0.28784185508093907 0.00970047072462732 0.00878530036019426
0 0.2485078546703246 0.31342354334346734 0.008813572889437737 0.007912230889523475
1 0.3769175434375129 0.30417762537424564 0.006319167321907959 0.007748596248727979
0 0.6858434366288453 0.28432296331453966 0.008868982377871593 0.008730754179445577
0 0.4985921497122784 0.2941402660812122 0.008758163401004049 0.007093707599601373
0 0.5094015279564733 0.29343116378075385 0.008868982377871593 0.008730754179445521
0 0.10898406319593695 0.31887665383148156 0.009700530197365054 0.008785304261644755
0 0.5238140503036159 0.2904302973928466 0.007871265565814078 0.006220638128930589
1 0.15161166831994544 0.31936891760790487 0.015243559188213407 0.017297873718095547
0 0.7442140947051147 0.2767940681539253 0.009755880213061285 0.009603823650116361
1 0.6025283120022343 0.2873219856847244 0.009201443334449388 0.013641953391715811
1 0.9506452032207874 0.2603744685509052 0.007095194141584438 0.0069846157257852926
1 0.00020969735974840642 0.3221477459480264 0.00041939471949681284 0.007039165320303242
1 0.5810481109842855 0.2907865262960898 0.021340965584935923 0.021772309531496226
0 0.3892791889097633 0.29555613079636867 0.008758163401003882 0.007093707599601373
0 0.23567550502896006 0.30275504964703287 0.007871325038551813 0.006220642030381196
1 0.2087908284776166 0.3004078812450117 0.006319167321907959 0.007748596248727979
0 0.30031007505466867 0.2952263168496764 0.008092962992287456 0.009494735190069492
1 0.7206276519283932 0.27381945435931104 0.023890844139611844 0.02275453083640222
1 0.744159025197967 0.2636430601253166 0.00787126556581419 0.0062206381289305335
0 0.523814390284902 0.27809781265415995 0.011418856906573072 0.009712916011613726
1 0.17029296034317037 0.29923362491988387 0.009589711220497565 0.007148257681800607
1 0.33442900274938064 0.28723295563205686 0.008591930909727652 0.004638078257097389
1 0.3611196048304379 0.29288151806978424 0.018735741040538434 0.019971628310856637
1 0.4569905088723233 0.27795960318456564 0.008148372480721255 0.010313258479991538
1 0.03667290226222997 0.2993664676256563 0.009534301732063932 0.006329734391878561
1 0.2279708099227209 0.28763935763902726 0.006540805275643519 0.011022689408416275
0 0.725090527824118 0.25338366180913463 0.009645061236193575 0.007966777070272102
1 0.9378686236473606 0.23819204192287172 0.006152886817961001 0.005293022965192462
0 0.6814096254024815 0.25583807855493057 0.005543028990848242 0.008512569456450791
1 0.006434567579646 0.29682822230166883 0.007926734526985557 0.007039165320303298
1 0.016634266427957234 0.2932815318404888 0.00859193090972743 0.004638078257097333
1 0.024200777794397943 0.29401843088500257 0.012084116788027344 0.0073118923225961585
1 0.5784158001725181 0.2642388573997886 0.021285556096501956 0.02095378624157418
1 0.6098184538760905 0.25930126906588563 0.009256852822883244 0.014460476681637968
1 0.7745642980447933 0.24397190389097173 0.004711540644092405 0.008458023275702081
1 0.9327690398570612 0.23071601543383263 0.008591938343819994 0.004638078744778701
1 0.35771115770059814 0.2672069522819733 0.006152938856606394 0.005293026378961785
1 0.6398632230538236 0.24664216644936496 0.008591930909727763 0.004638078257097389
0 0.6656948010280574 0.24576975618535227 0.008702753912570138 0.006275184309679327
0 0.6549408322722965 0.24729738177573263 0.010587368559817123 0.00965836983086496
0 0.7832950966828663 0.23723294149195162 0.00787126556581419 0.006220638128930617
0 0.6831283515657132 0.24421502474466866 0.010531959071383379 0.008839846540942914
1 0.16741116557268287 0.2751688267693668 0.006928954216216088 0.0045289858955999684
1 0.6742037887022709 0.24192289839143377 0.007760442562971925 0.004583532076348651
0 0.7267815492431327 0.24135134635391173 0.008148313007983465 0.010313254578540987
1 0.9478191301966382 0.22479574063871777 0.009534249693418095 0.006329730978109266
0 0.7120642449732351 0.2398503365979729 0.007095186707492318 0.006984615238103953
1 0.7481507479351268 0.24241602480968477 0.024722361216242827 0.022809064099691773
1 0.9293047280160565 0.22272163493833508 0.006319115283262233 0.007748592834958629
1 0.49734610762989273 0.2510583962010243 0.0074830541330228595 0.012714293135743099
0 0.1882262797193014 0.2680482044437264 0.0064299862987755585 0.009385642828572127
1 0.28828218998490884 0.2594290607183434 0.00864734241114884 0.005456631283388358
1 0.5794141989601349 0.2419749413478018 0.005543028990848131 0.00851256945645082
1 0.006795412236519194 0.2774836988133425 0.004545369638541019 0.006002427571017543
1 0.01463911230589704 0.27614698875703314 0.006928956229203309 0.004529015631968836
1 0.3019186632100983 0.2573012618503815 0.007760504048696992 0.004583565714168181
1 0.20216764739813864 0.2642560729880869 0.006263757833474104 0.006930072958805877
1 0.16378059924705374 0.2647188781109877 0.007760504048696881 0.004583565714168125
0 0.31225682731324994 0.2558008983836416 0.008702751899582695 0.006275154573310349
1 0.0022890981892100815 0.2737728758926041 0.004578196378420163 0.00458356571416807
0 0.33415277351107037 0.25230909955008635 0.007815913537130847 0.005402089004090255
0 0.5738709999786438 0.24028316842967865 0.010088339156651749 0.014514993126017672
1 0.37553331610558816 0.24671694022828933 0.007760504048696992 0.004583565714168181
1 0.38423620926593866 0.24573494563619233 0.00864734241114895 0.005456631283388358
1 0.038170529173530476 0.2659705767287664 0.006984365717637164 0.005347538921890993
1 0.27461855273029406 0.2426488837507734 0.008702751899582695 0.006275154573310404
1 0.2841252284866898 0.2412030664647822 0.007760504048696881 0.004583565714168125
1 0.4018363887294135 0.23430331029332221 0.005487619502414276 0.00769404616652869
1 0.9074373513838525 0.19579148259477225 0.009478845626089472 0.005511178439499637
1 0.08370885348311352 0.24777320176453932 0.008591932922715095 0.004638107993466173
1 0.6156956417169596 0.21040803013582043 0.008591932922714873 0.004638107993466201
1 0.6392822693525085 0.20721640058572877 0.007760444575959147 0.004583561812717546
1 0.04349259916672188 0.24588951451098687 0.00864734241114884 0.005456631283388358
1 0.9522271140099505 0.1850426972029081 0.00692896366329554 0.004529016119650148
1 0.48423724874491647 0.2177985346939475 0.007316824661227683 0.010258708397792304
0 0.6669986339776199 0.2033427784869326 0.010310319104660515 0.005565723644885695
1 0.9143666531699111 0.18711527423031443 0.009478841909043134 0.0055111781956589945
1 0.09936874759817027 0.23852426081870648 0.006097527355185095 0.004474473352670788
0 0.6867881545643338 0.199578083460288 0.00864734241114884 0.00545663128338833
1 0.5388107849041663 0.2096965750321429 0.007150596195926173 0.007803138528026082
1 0.5313273897833638 0.2101874906588811 0.007261415172793884 0.009440185107870258
1 0.3659443453268941 0.2161037478152217 0.007760504048696992 0.004583565714168125
0 0.7463783106801511 0.19155810933431483 0.00864734241114895 0.00545663128338833
1 0.7612897063015069 0.18975775381555365 0.00864734241114884 0.005456631283388302
1 0.9678316422346331 0.17497521517288078 0.0077604520100514884 0.004583562300398886
1 0.5433010265693157 0.2020025437337986 0.005376798512559233 0.006056969850315647
1 0.9353758622305696 0.17669325652784407 0.006263705794828489 0.006930069545036582
1 0.8894500280554789 0.17682845276835774 0.007760444575959369 0.004583561812717546
1 0.9031418874603319 0.17551916378517748 0.010310333972844865 0.005565724620248347
0 0.9424436906027294 0.17006337113445558 0.009534247680430763 0.006329701241740454
1 0.18512346647841926 0.21604433268941392 0.010310319104660515 0.005565723644885695
1 0.08071618026302058 0.2220713609356287 0.00460078113996254 0.0068209805973085125
1 0.3216541044971537 0.20338810652979367 0.006097527355185317 0.004474473352670816
1 0.6913341456992032 0.18037009071317922 0.007206005684359917 0.008621661817948156
1 0.3390045397956651 0.2006055752860425 0.006097527355185206 0.0044744733526707325
1 0.15632626980210607 0.21628913129612498 0.010032989140955628 0.013696473737546205
1 0.17051718091240115 0.21001412519325066 0.01036572859309437 0.006384246934807769
1 0.7243997750897936 0.1753233951495945 0.005598438479281986 0.009331092746372865
0 0.8241507611653844 0.1683685859626144 0.005543028990848242 0.008512569456450764
1 0.18833880061558683 0.2080228570665064 0.006319167321907848 0.007748596248727979
1 0.9704376115186689 0.15178366831934936 0.007760451313105321 0.004583562254678736
0 0.30812879123661163 0.1948204821070975 0.00864734241114884 0.005456631283388302
1 0.2521972323102356 0.2013671976412713 0.008425421935877947 0.014405904665970914
0 0.2446030182125652 0.20022106668816536 0.008314602959010098 0.012768858086126766
1 0.2644202138071272 0.1968656352572071 0.0081483724807212 0.010313258479991594
1 0.08046717553336691 0.20605549165592382 0.004545369638541352 0.006002427571017543
1 0.14898193911717977 0.20032764095709765 0.010421140094515668 0.007202799961098766
1 0.17001869222402743 0.19648112665932999 0.006263757833474104 0.006930072958805877
1 0.41345102101919673 0.177634222744515 0.007760504048696992 0.004583565714168125
1 0.9313579614511808 0.14201485655235802 0.007760452010051377 0.004583562300398858
0 0.2438551243340204 0.18300467264649256 0.008813572889437765 0.007912230889523475
1 0.2550525420073762 0.18185903561069888 0.006263757833474215 0.006930072958805905
1 0.2715991947098423 0.1795403270608419 0.00787132302556448 0.006220612294012301
1 0.12484135282559161 0.18916773771661266 0.005487619502414512 0.007694046166528717
1 0.13235245269061124 0.1890860837348355 0.007206005684359917 0.008621661817948184
0 0.3542215544377939 0.17247591477614246 0.010365728593094481 0.006384246934807769
0 0.2797755534498224 0.17694854216036532 0.006263757833474104 0.006930072958805905
1 0.9490690900011527 0.12605404297042053 0.008591940356807104 0.004638108481147554
1 0.8957429685103118 0.1279079551284213 0.008591947790899557 0.004638108968828908
1 0.027640610996357173 0.18444494496185687 0.010310319104660293 0.005565723644885695
1 0.23299070631904664 0.1705627649676169 0.0070397752060710195 0.0061660622118130115
1 0.08027392127992677 0.17852567579563888 0.004711600116830028 0.008458027177152688
0 0.15627207998454234 0.17230690947007443 0.008924391866305448 0.009549277469367623
1 0.008876883696560034 0.17868746836943705 0.008591932922715095 0.004638107993466228
0 0.17151611940831601 0.16925148008250868 0.006374576810341814 0.008567119538650053
1 0.9056655956011895 0.12026861994430582 0.006263698360736258 0.006930069057355312
0 0.3011453052085585 0.15951446827974383 0.006319167321907959 0.007748596248727979
0 0.6615127163946233 0.13464089253232409 0.010310319104660626 0.005565723644885695
1 0.01952000273259047 0.17552278328175336 0.008591932922715097 0.004638107993466256
1 0.8791966409209473 0.11789417991495431 0.010310333972845087 0.0055657246202483746
1 0.3299426431456395 0.15310344412259924 0.0065962167770645674 0.011841242434707272
1 0.08019114702856223 0.1649654061220691 0.004545369638541352 0.006002427571017516
0 0.2647540336823555 0.1524468806465465 0.009700530197365165 0.00878530426164481
1 0.9428057279818886 0.10755515087784558 0.0054876250779833935 0.007694046532289667
1 0.1657237457065281 0.15771008025402397 0.007982144015419634 0.007857688610225344
1 0.9518966986711226 0.10613661905104638 0.008813580323529968 0.007912231377204773
0 0.7837142565437831 0.11388083490753294 0.008591932922714984 0.004638107993466256
1 0.18379484936843388 0.1532359413814955 0.009534299719076267 0.006329704655509721
1 0.13360073489097202 0.1520068082969273 0.007926734526985557 0.007039165320303298
1 0.7090466463319514 0.11507935231315772 0.008037494031115755 0.008676207998696839
1 0.14224827803562645 0.15020628651345763 0.007150596195925951 0.007803138528026082
1 0.5163906564315964 0.1252512220736065 0.007206005684359917 0.008621661817948156
0 0.2606246366740793 0.1407963884565644 0.00964512070893142 0.007966780971722709
1 0.628475472465692 0.11543189141463497 0.010310319607907292 0.005565731078977926
0 0.8954388945251337 0.09874108153715383 0.008758177765941455 0.007093701140871794
1 0.08008066677486336 0.1509958562183078 0.004545370141787908 0.006002435005109774
0 0.16411651948923006 0.14630522603494128 0.011308097402442985 0.008075873333220157
1 0.17237599246186092 0.14494122606934778 0.004656190628396284 0.0076395038872305865
1 0.187564562924463 0.14106727729331056 0.006984365717637164 0.0053475389218909375
1 0.9677786196618954 0.0878293131840958 0.011197228168220663 0.006438808654302741
1 0.8757051385279476 0.0909918178567174 0.006984365717637164 0.005347538921890951
1 0.6386476070756839 0.10530970260692189 0.008591932922714984 0.004638107993466228
1 0.6067739707074363 0.10328981324011821 0.008702752906076361 0.006275169441494852
1 0.9223518115603226 0.08299877905217536 0.00792668148184672 0.007039147038349541
1 0.31342471613774225 0.11883397496954187 0.007815913537130736 0.005402089004090227
1 0.29682265445008915 0.12033416766356897 0.006319166315414293 0.007748581380543532
1 0.11719328788515004 0.13170688533058517 0.006374576810341828 0.008567119538650025
1 0.9349351378868029 0.07765140468810827 0.005487626936506729 0.0076940466542100155
0 0.3510912361797067 0.11389653705680036 0.010310319104660515 0.005565723644885709
0 0.1332134061672457 0.12777838647234863 0.007150596195926284 0.0078031385280260546
1 0.14477112778268314 0.12578694013879935 0.007095185700998541 0.006984600369919533
1 0.00054487741174436 0.13470491986614544 0.00108975482348872 0.007148242813616201
1 0.32808675217997385 0.11335023588512505 0.00631916732190807 0.007748596248727979
0 0.8964095873104165 0.07606788525497546 0.01213954114464555 0.008130416587880884
1 0.24737691308023863 0.11782268859518455 0.004656189621902784 0.007639489019046139
1 0.08002593750062509 0.1255123671680586 0.0045453706450352405 0.006002442439201963
1 0.9406172080819893 0.0690570155338133 0.004545316747866401 0.006002438903512361
1 0.9594090001250285 0.06289127518643628 0.0046561338662109986 0.007639485361436216
1 0.018717720315963804 0.12049042660228307 0.0077605040486968795 0.004583565714168111
1 0.22631279521046016 0.10892745650930455 0.005543028990848131 0.008512569456450764
1 0.4697451844848609 0.09008056356122342 0.008591932922714984 0.004638107993466228
0 0.23983844845228824 0.10516259619331408 0.007871324032058341 0.006220627162196762
0 0.8780340540589919 0.0637076250991474 0.01208413064971825 0.007311878429774363
1 0.9464933829870776 0.05716123782717899 0.0077604520100514884 0.004583562300398858
0 0.16905105952194255 0.10816196401037498 0.006319166315414293 0.007748581380543532
1 0.30222797893020537 0.09531464996205455 0.008702752906076361 0.006275169441494824
0 0.19457785406368083 0.10278765530023945 0.008148373487214866 0.010313273348176041
1 0.20361340589463373 0.10055058586397522 0.0095897102140039 0.007148242813616187
1 0.2148385283122065 0.09981421047314257 0.007095185700998624 0.006984600369919533
1 0.25228340889069506 0.09160265709843604 0.011363506890876951 0.008894396623142231
1 0.6513982019062949 0.0654204649796346 0.006485337320965456 0.010204177085228076
1 0.0029288627015599533 0.10592020383585664 0.005857725403119907 0.007748581380543518
1 0.13038716164271308 0.09836587862722788 0.005598438479282097 0.009331092746372865
1 0.13493261306928445 0.09765661493887431 0.004711600116830028 0.00845802717715266
0 0.8901742751662097 0.04564577719796636 0.008758177262694788 0.0070936937067795774
1 0.15098043609559691 0.0941373777255988 0.005543028990848131 0.008512569456450764
1 0.3386753414171548 0.07853581371007745 0.008647342411148728 0.005456631283388344
0 0.29177933482497836 0.08284546724207922 0.0064299862987756695 0.009385642828572127
1 0.43839859250891294 0.0711717373947694 0.00864734241114884 0.0054566312833882885
1 0.3497896438513661 0.07616237687121617 0.007815913537130736 0.005402089004090227
1 0.6815814963148531 0.05480769289019578 0.006208287865808737 0.006111530899248763
1 0.9073307924721696 0.039998391039928256 0.005376803236099348 0.006056984962340722
1 0.03459985307553226 0.09601686815820945 0.007815913537130736 0.005402089004090241
1 0.17481654869635982 0.08846289229790741 0.005543028990848353 0.008512569456450778
1 0.4211314716733112 0.06901581668742729 0.006263756826980549 0.006930058090621458
1 0.20433461434376132 0.08036025475201186 0.005487618747544332 0.007694035015390344
1 0.22420722005581561 0.07782335590359094 0.005543028990848214 0.008512569456450764
1 0.42997308903662845 0.06391389715120521 0.007982143512172801 0.007857681176133134
1 0.4540585460967076 0.06192279254748597 0.007926733520492113 0.0070391504521188225
1 0.7888437524977299 0.04160499106914131 0.005653848470962841 0.010149623470387163
0 0.7648413953053639 0.044823889017198554 0.012638214691846783 0.01549716982637031
1 0.23282705757557115 0.0756135594654988 0.006485396542079802 0.010204177269632561
1 0.23945125935377765 0.07476792465750212 0.006429986550399169 0.009385646545618256
1 0.004398074918079253 0.08818545932036705 0.008796149836158507 0.0072027850929143045
1 0.49003441418568894 0.05668517968350938 0.008924392369552392 0.009549284903459854
1 0.5352120340926729 0.05166608778899068 0.009478831261151566 0.005511184898229229
1 0.08027664263995593 0.07986582018842264 0.0046007801334686516 0.006820965729124051
1 0.9187780443846405 0.024037412778246548 0.006984373654976173 0.005347546843664473
1 0.2757042872900091 0.06745671765308908 0.006429986802022447 0.009385650262664344
1 0.3532268974573111 0.05908252843894539 0.008591932922714984 0.004638107993466235
1 0.28182965989530884 0.06541056161576608 0.005598438982528986 0.009331100180465075
1 0.8941382924042824 0.024009469086235125 0.016352392366858592 0.009221670781546419
1 0.29291625758530326 0.06262786313194377 0.006374576810341814 0.008567119538650067
1 0.5111544220310849 0.04790021361905296 0.007150595692679285 0.007803131093933852
0 0.07035439194595505 0.07517265704430655 0.012028705789852712 0.006493346730397392
1 0.9311951447047484 0.01623444971534201 0.007871271490165976 0.006220616314335259
1 0.9052250470752585 0.015060529086511834 0.006263701071288708 0.006930054433011517
1 0.0801384578936637 0.06548701235674638 0.004545370141788352 0.006002435005109746
1 0.874155192451027 0.012576832015918749 0.007760444575959147 0.004583561812717544
1 0.6574691549790268 0.025558329670008872 0.010421139088022002 0.007202785092914318
0 0.22501168368383256 0.052694579529769504 0.008924392243740642 0.009549283044936796
0 0.5100185195291476 0.031120368159436217 0.008647342788583923 0.005456636858957489
1 0.8766498275448433 0.006246952033590892 0.01031033435028006 0.005565730195817523
1 0.5697749202994739 0.02555598244235876 0.005543028739224853 0.008512565739404659
0 0.2653668028978062 0.04429210792540962 0.007150595692679285 0.007803131093933845
0 0.9546712844781153 0.0014874238455581286 0.00715060126824818 0.002974847691116257
0 0.08612544621437673 0.0552282955956003 0.0065408064079489625 0.011022706135123808
1 0.6692767317805797 0.008751548203540165 0.007760444575959258 0.00458356181271754
1 0.6808344835098211 0.0067601054948347675 0.009478831009528177 0.005511181181183115
1 0.3647854995172028 0.026259879459092632 0.007760504048696881 0.0045835657141681425
1 0.022211943817368907 0.04873292933625767 0.006208347086923194 0.006111531083653254
1 0.35405926583963326 0.02819677357169328 0.004711599928112764 0.008458024389368081
0 0.4088267364665186 0.022959664009846455 0.009478890545171814 0.00551118601189525
1 0.7536451831895641 0.003994872799289406 0.00897980210960947 0.007989745598578813
1 0.49607766248275087 0.016413782264291858 0.009478831072433858 0.00551118211044465
1 0.0029851229609852425 0.047613722217401594 0.005970245921970485 0.004638107993466235
1 0.039008140171463535 0.04393134939158125 0.010310319419189695 0.005565728291193339
0 0.7240997822325242 0.00044752131902924837 0.008647342725678131 0.0008950426380584967
0 0.16484024872214564 0.03362127109079967 0.00631916675575539 0.007748587885374223
1 0.3668089805717723 0.01913874370164787 0.00781591391456582 0.005402094579659383
1 0.13512844811395003 0.03269281096425342 0.007095185826810568 0.006984602228442594
1 0.5499306999232672 0.0038371827509827787 0.010421139213833586 0.00720278695143737
1 0.20854896687769814 0.025409884491533523 0.004600780259280568 0.006820967587647119
0 0.46334500291981484 0.007872933670040227 0.010531958945571462 0.00883984468241987
1 0.1801121334432132 0.024808867343569185 0.004600780227827617 0.006820967123016348
1 0.2472965193741144 0.01793503574036995 0.00781591388311298 0.005402094115028615
1 0.5635117329800661 0.0036649104743632305 0.009977520053972455 0.007329820948726461
