0 0.34989921885199415 0.948102934852906 0.010732999447622904 0.006407587806541604
0 0.30880806951086426 0.9433058237524112 0.00907495219245863 0.007109766105144799
0 0.25854433359079043 0.9399485756499065 0.00993412222291895 0.007167152347963723
0 0.3212967803292035 0.9437294251653271 0.009994474486808957 0.007984107103571114
0 0.5073155647079061 0.9561541126553036 0.014411216326191578 0.00990507865924628
0 0.1529521216590981 0.9316642535181328 0.011833617047610129 0.00973291397374032
0 0.12287978819137985 0.929655642685207 0.011954330360290144 0.011366942401222047
0 0.49500794919520363 0.9532795300449819 0.010175599521512646 0.010435094258026245
0 0.24580707799717436 0.9370452364886755 0.011954360089356963 0.011366944386904887
0 0.13539869000619748 0.9296707677131606 0.012813530119817312 0.011424330629723922
0 0.9191483920410338 0.9799669626007789 0.00919560604700509 0.008743790561260845
0 0.7296927788951557 0.967312720211111 0.01017559952151248 0.010435094258026245
0 0.33823243006303694 0.942397584803101 0.011215835128542961 0.012943463683934398
0 0.7138879526223212 0.9650255354710224 0.007537618249974232 0.009445972831230165
1 0.8084612936149184 0.9705212939057277 0.009255958310895096 0.009560745316867902
0 0.8566071914035858 0.9733265930663322 0.009316310574785103 0.010377700072475293
0 0.9046927369283633 0.9769488469825438 0.012934294105730992 0.013058244112304718
1 0.21455952248312843 0.9275689581147706 0.004839246200579267 0.00763977574687591
1 0.4162322778115574 0.9443232786776707 0.010598023480409058 0.016154011408445523
1 0.4404410236920936 0.9438877205997231 0.024888594736954206 0.024425184527843258
0 0.3536839414543924 0.9319353523724799 0.011095130600763004 0.011309554172719949
1 0.28449455791657596 0.9334716429498308 0.024029365248360246 0.024367794313657987
1 0.24778283856316652 0.921988367157107 0.008095018176084712 0.0054184663797456345
0 0.12313715363076781 0.9144839374385008 0.008215722703864697 0.007052375890959639
1 0.09893551610438171 0.920667169962408 0.023969011631836873 0.023550721138204667
0 0.510150584491559 0.9411546355236033 0.011034769551972912 0.01049248050084517
1 0.47722187745953715 0.9369027155724023 0.009873829417162638 0.0063502015637230125
0 0.3219837263913715 0.9285864724981638 0.011034769551972912 0.01049248050084517
0 0.31010569589389925 0.9257405830092515 0.009014599928568623 0.006292811349538074
0 0.2593821690975836 0.9227631171774577 0.00907495219245863 0.007109766105145021
0 0.16683610371904092 0.9190447972905144 0.01201468262418015 0.012183897156829548
1 0.6600896940904533 0.9569166058458102 0.025747764767414583 0.024482570770662404
0 0.5423708876290283 0.943306714942101 0.012014652895113498 0.012183895171146042
0 0.5282241636770416 0.9419513248441236 0.011095130600762948 0.011309554172719949
0 0.49683279497995403 0.9402651050748818 0.013733111872301362 0.012298675599516362
0 0.46547169160201196 0.9381704138848862 0.01287388238370718 0.012241285385331313
0 0.731057863532731 0.9546780794974052 0.011095130600762948 0.011309554172719949
0 0.7164814951073806 0.9532939923066521 0.0110347695519728 0.010492480500845613
0 0.6353465974809347 0.9470537319218202 0.010054894993732577 0.008801184746811797
0 0.6232270896848688 0.947475776400238 0.01195430063122338 0.01136694041553854
1 0.8802283358894498 0.9691571719852488 0.025747764767414583 0.024482570770662404
0 0.9056282321582583 0.9642855726055621 0.012873941841840875 0.012241289356697771
0 0.8116353656255164 0.9567760014869813 0.013672759608411189 0.011481720843909304
1 0.9265812148481891 0.9611694764448346 0.005819159272786645 0.009331192402859845
1 0.7205822548611127 0.9445366901315448 0.010672647183733064 0.005590633050934657
1 0.7388066640330868 0.9432908696754132 0.00723584814562428 0.005361080136926599
0 0.2796498862772904 0.9113910333762614 0.009873769959029 0.006350197592356666
1 0.4179523832191725 0.9210391762708594 0.010175540063379007 0.010435090286660231
0 0.32313046332978157 0.9130637375602895 0.01091406502419301 0.00885857098963072
0 0.31067193303583734 0.9122315993114366 0.01005483553559905 0.008801180775445783
0 0.49761030355947394 0.9238966628018573 0.01091406502419312 0.00885857098963072
1 0.3563005584731967 0.9140477175871111 0.00655767544870034 0.0077545541895631676
0 0.6235448371172136 0.9314871183836078 0.0100548949937328 0.008801184746811797
0 0.3412342230396592 0.9134518900448726 0.011034769551972967 0.01049248050084528
0 0.2926888866386398 0.9102094183993719 0.011893999040566872 0.010549870715030552
0 0.12428389056917784 0.8989612025006266 0.01189396931150008 0.010549868729347378
0 0.09378195722169601 0.8969238975534497 0.01103476955197294 0.01049248050084528
0 0.6991854245014177 0.9361288607131075 0.010115247257622473 0.009618139502419187
0 0.5423193428518993 0.9264724050770876 0.011095130600763059 0.011309554172719949
0 0.4796272571622764 0.9218744818897927 0.011155482864652955 0.01212650892832734
0 0.4659100736319196 0.9205477819346999 0.011095100871696129 0.011309552187036775
0 0.5286323844395378 0.9247371712645822 0.01293429410573077 0.013058244112304718
0 0.7156914341543376 0.9347682637999718 0.008396788280434775 0.0095033590740492
0 0.5132571431819334 0.9224786796459032 0.009437023887465035 0.012011728499956909
0 0.8742759109304603 0.9445395553511293 0.010974417288083016 0.009675525745238223
1 0.7214272216951728 0.9330988478879739 0.005638093696216373 0.006880209219770617
1 0.4175760235330154 0.9144458527068311 0.010175540063379063 0.010435090286660231
0 0.9068956824093484 0.9471288092402064 0.014592281902761517 0.012356061842334953
0 0.8253613164414838 0.9404513743847951 0.011095130600762948 0.011309554172719949
0 0.7307577993169418 0.9353640933278935 0.011276187392432857 0.013760418439541788
1 0.038567081099840556 0.8846152398152168 0.005819159272786492 0.009331192402859845
0 0.19248624896450375 0.8932538774280854 0.007537588520907579 0.009445970845546992
0 0.594415115342124 0.9225628484097367 0.009738793991815098 0.016096621194260585
0 0.13979576908895675 0.8876820163072398 0.008336436016544768 0.00868640431844181
0 0.12258140452753466 0.8869427162080631 0.008396788280434761 0.0095033590740492
0 0.4822812113693592 0.9093259879411815 0.007416904937294244 0.007811944403748439
1 0.2549067555462551 0.9015282169247218 0.023969004199570182 0.02355072064178365
1 0.16168254112022187 0.8953015246333458 0.024828233688164114 0.023608110855969033
1 0.44184512606989157 0.9131932804151426 0.02482823368816406 0.02360811085596859
0 0.3236967345932365 0.8995546963900242 0.011954360089357019 0.011366944386904887
0 0.06295689255694682 0.8817286985541801 0.011034769551972932 0.01049248050084528
1 0.7582382262579446 0.9257053040390331 0.007356552673404404 0.006994989648141048
0 0.49869668823399405 0.9091908826195905 0.010914065024193065 0.008858570989630388
0 0.3118488504986424 0.8963003275376251 0.009994474486808957 0.007984107103571225
0 0.2932249773776997 0.8971089140650436 0.012873882383707347 0.012241285385331313
0 0.2809173321359305 0.8942343294690387 0.009994474486808957 0.007984107103571114
0 0.1068670961784517 0.8834300388835885 0.01097441728808296 0.009675525745238223
0 0.09394877433194886 0.8829777426117904 0.01103476211970622 0.010492480004424709
0 0.07673441348666013 0.8822384427608242 0.011095130600763031 0.011309554172719949
1 0.6614937667391845 0.9262221636755463 0.025687403718624546 0.02366549709878807
0 0.6366903134733259 0.9171763039652974 0.00999453394494254 0.007984111074937461
0 0.6241412206620299 0.9175696553223058 0.011034769551973023 0.01049248050084528
0 0.51124578104529 0.9087975312625821 0.011712874005863294 0.008098883560575088
0 0.7002718091759379 0.9214230805308405 0.010115247257622584 0.009618139502419187
0 0.7179459200200017 0.9217825953807812 0.010974417288083016 0.009675525745238223
0 0.6869842552544114 0.9201250766756817 0.011034769551972912 0.01049248050084528
0 0.9061429586445842 0.9339422215702835 0.0110347695519728 0.01049248050084528
1 0.849841690415942 0.936339343517897 0.025687403718624435 0.023665497098787625
0 0.730894421714583 0.9218264145229857 0.010974417288082905 0.009675525745238223
0 0.26123179969708965 0.8801936622644106 0.009934122222919006 0.007167152347964056
0 0.32358483315976744 0.8835374007387515 0.01091406502419301 0.008858570989630832
0 0.4680225011891532 0.8919532367767482 0.012692816807137297 0.009790302202242196
0 0.10761441376149322 0.8674700729955258 0.01189396931150008 0.010549868729347378
0 0.6382968159513612 0.9012737253128955 0.00919560604700509 0.008743790561260734
0 0.4990445523401502 0.8927937432537902 0.012753228529160943 0.0106072609292156
0 0.4827497843957454 0.8912948796060329 0.009255958310895096 0.009560745316867791
0 0.34015122919809404 0.8813597915975584 0.007477206527950808 0.008629014104256871
0 0.5459619922813335 0.8946959448650593 0.008396788280434886 0.009503359074048867
1 0.7638621167577607 0.908018533017629 0.007477265986084447 0.008629018075622774
0 0.6869025343453374 0.9036992441884719 0.01017559952151259 0.010435094258026578
0 0.5128522835233253 0.8928949526101801 0.012873941841840764 0.012241289356697327
0 0.24904486337555043 0.8756851086990576 0.011215835128542934 0.012943463683934398
0 0.7187234285995217 0.9054141531077569 0.01195430063122338 0.011366940415538873
0 0.6233512147746705 0.8990439902451255 0.010235960570302738 0.011252167929900914
0 0.5296672243369287 0.893197081217302 0.012014652895113387 0.012183895171146375
0 0.9220169490605198 0.9177611274760107 0.011034769551973023 0.010492480500845613
0 0.8580360488670726 0.9130771209531211 0.010115247257622806 0.00961813950241952
1 0.742962325275386 0.9045700562081886 0.004839275929646059 0.007639777732559083
1 0.7316417541621578 0.9058664496277651 0.012014652895113387 0.012183895171146375
0 0.8898569431212568 0.9147920298724057 0.011893939582433344 0.010549866743663983
1 0.22765516434312244 0.8730248955094981 0.011396900705112983 0.015394446867023515
0 0.9079003461747944 0.9159971965707295 0.013733111872301418 0.012298675599516251
1 0.1433851827172346 0.862470126086855 0.0048996072493693865 0.008456849418750578
1 0.04365654654800748 0.8566300318276675 0.012256100464640145 0.01545183509552528
0 0.35692173122521864 0.8705751651247282 0.009994474486808957 0.007984107103571114
0 0.34265423889486835 0.8708537400247327 0.011034769551972967 0.01049248050084528
0 0.12530448267656838 0.855925880988432 0.007537588520907593 0.009445970845546992
1 0.7949072127134358 0.9027029458879894 0.012256070735573332 0.01545183310984255
1 0.4432190181942278 0.8829073750808163 0.02482823368816406 0.023608110855969033
1 0.287671991031062 0.8729284699158202 0.024888594736954317 0.024425184527843702
0 0.25037980161024753 0.8634589473488388 0.010115187799488973 0.00961813553105284
1 0.16394584325754702 0.8646644726772672 0.024888594736954206 0.024425184527843702
0 0.07847758295593668 0.852798188282039 0.011954330360290172 0.011366942401221714
0 0.06531072309010692 0.8498662144646908 0.007356508079804168 0.006994986669616621
0 0.5310624851064489 0.8801539631257926 0.009074892734325046 0.007109762133779118
0 0.5134185503943302 0.879385970898048 0.00999453394494254 0.007984111074937461
0 0.468709476980388 0.8768102860952682 0.01005483553559905 0.008801180775445894
0 0.3127328053438585 0.8668026838374965 0.01097441728808296 0.009675525745237779
0 0.10790193607584272 0.8518899488363079 0.009934151951985798 0.00716715433364723
0 0.6251458844274759 0.8864380426528294 0.008336436016544768 0.00868640431844181
0 0.4815372400256724 0.8784880722211381 0.012014652895113276 0.012183895171145598
0 0.5431819334443813 0.8797319146760088 0.010853703975402973 0.008041497317756163
1 0.6629280749779942 0.8951192480988457 0.02580811703130459 0.025299525526269684
0 0.8602603586007918 0.9004999299117342 0.009316310574785214 0.010377700072475293
0 0.7184606465063276 0.8914392443455024 0.01109513060076317 0.011309554172720282
0 0.6888179129183729 0.8894593276268276 0.011954300631223491 0.011366940415538984
0 0.8916516678397457 0.9021861457096094 0.010235960570302738 0.011252167929900914
1 0.819455040549984 0.9035215745086786 0.02574776476741447 0.024482570770662293
0 0.9084666130457992 0.9024882148585976 0.012813589577951201 0.011424334601090269
0 0.8762462504501962 0.9003361314687336 0.01195430063122338 0.01136694041553854
0 0.8448549412112424 0.8986499156708586 0.012873941841840875 0.01224128935669766
0 0.25561132536684505 0.8510826161000502 0.008095018176084767 0.0054184663797456345
0 0.3162157578419068 0.8547199940513743 0.010732999447622904 0.006407587806541604
1 0.10969665032224833 0.8392840042225364 0.008155370439974718 0.006235421135352803
0 0.3267073350566197 0.8529577370111752 0.009135304456348692 0.007926720860752523
0 0.2648442686021289 0.8488257388883195 0.009135304456348692 0.007926720860752079
0 0.5321186936490241 0.8658566603213295 0.009135244998215053 0.007926716889386176
0 0.35546066302403545 0.8552887408934686 0.013612398559621097 0.010664647172034303
0 0.09603982648804828 0.8371403500082572 0.010054850400132459 0.00880118176828737
0 0.5158842823609593 0.8635407824598313 0.007356552673404404 0.006994989648141048
1 0.08152379985450445 0.8349392476109215 0.006557645719633576 0.007754552203879994
1 0.4097115513758116 0.8572702700334087 0.010175540063379007 0.010435090286660675
1 0.2185375089818125 0.8445012492010537 0.007597940784797558 0.010262925601154493
0 0.15753364228684885 0.8404266393067001 0.009316340303851839 0.010377702058158467
0 0.5008480933303002 0.8625364755541061 0.0118939395824334 0.010549866743664649
0 0.45276254780552266 0.8589142216378942 0.010235901112169099 0.0112521639585349
0 0.9229612605620756 0.8874464695621412 0.010054894993732577 0.00880118474681213
0 0.8907408979664727 0.8852943861722772 0.0110347695519728 0.01049248050084528
0 0.8280488078843997 0.880696522443116 0.010974417288082905 0.009675525745238223
0 0.9092441216253192 0.8861197725855733 0.01195430063122327 0.011366940415538984
0 0.8770539351616613 0.8835592118179056 0.011034769551973023 0.010492480500845613
0 0.8135026199834444 0.8789038984164254 0.011095130600762948 0.011309554172719949
0 0.22951902786809558 0.8419506710685234 0.008819271697464742 0.01522228019583427
0 0.21785224347158846 0.836245261560585 0.009813417695139104 0.005533242836749386
0 0.04637963212930789 0.8256131971044572 0.009799184769671967 0.016913696851818205
1 0.7822550941984652 0.8694276220282038 0.005819159272786423 0.009331192402859845
0 0.3587252678229186 0.8403179568831776 0.00913530445634858 0.007926720860752412
1 0.2890157070234532 0.8430510419592976 0.024828233688164114 0.02360811085596881
1 0.15987866533324804 0.8262154198378315 0.008155370439974718 0.006235421135352692
1 0.13478765563152317 0.8327497417592508 0.02396900419957021 0.02355072064178354
1 0.11087356339260335 0.8233527919068586 0.008215722703864725 0.007052375890959861
0 0.07951242285332769 0.8212580982347589 0.009074922463391852 0.007109764119461737
0 0.06650356889485651 0.8220312338481615 0.011034769551972932 0.01049248050084528
0 0.4396116460107042 0.8440785409635112 0.009014599928568678 0.006292811349537741
0 0.6256304303894068 0.8565032284534877 0.006557615990566701 0.007754550218197154
0 0.5323459082930838 0.8510934938962436 0.009255958310895096 0.009560745316867458
0 0.5163901331174906 0.850848810990074 0.010235960570302627 0.011252167929900914
1 0.4764138684233318 0.8543363231790073 0.02488859473695415 0.02442518452784337
0 0.09927422914205296 0.8225780416382971 0.012753176503293912 0.010607257454270158
0 0.7476985204356741 0.8638354340284542 0.008276074967754732 0.007869330646567141
0 0.7188848402043684 0.862321384901768 0.007477265986084447 0.008629018075622774
0 0.5470128051142693 0.8512521489535856 0.009255958310895207 0.009560745316867902
1 0.6647315521175605 0.8648620358859287 0.024828233688164114 0.0236081108559687
0 0.7022207800504898 0.859976869405628 0.011833587318543337 0.009732911988057258
0 0.9235577035650255 0.8735290104722059 0.011034769551973023 0.01049248050084528
0 0.9098405051701355 0.8722023095242715 0.010974417288083349 0.009675525745237779
1 0.8526197146471429 0.8753589999846734 0.02574776476741447 0.024482570770662293
0 0.8277558452668108 0.8671301505167991 0.011893939582433344 0.010549866743664316
0 0.8143777629494494 0.867057578795051 0.012873941841840875 0.012241289356697327
0 0.8776201425745327 0.8700502261344075 0.01195430063122338 0.011366940415538984
1 0.7812307126107124 0.8599175051615481 0.005638093696216595 0.006880209219771061
1 0.7729777077842526 0.8605978036181159 0.006799042615926898 0.011022607073160606
1 0.7880067357585779 0.8558544923092801 0.004839275929646059 0.007639777732559083
1 0.7153130057409123 0.8522306239861198 0.00759797051386446 0.010262927586837556
1 0.16084434108753812 0.8131436086249126 0.008155370439974718 0.006235421135352692
0 0.17247384775390015 0.8135098812674602 0.009074922463391866 0.00710976411946207
1 0.5144994799010774 0.8355336936374049 0.009074892734325046 0.007109762133778896
0 0.3267019140103636 0.8238111824603482 0.01177329451278697 0.008915961203815992
0 0.6374267399778049 0.8429232854551904 0.014230150749621528 0.007454095476157052
0 0.3585530141255595 0.8251176159875124 0.011773294512786914 0.008915961203815992
0 0.1287447022766986 0.8093575572585421 0.009135274727281817 0.00792671887506935
1 0.7449184615987219 0.8488714038394037 0.007537618249974343 0.009445972831230165
0 0.5343819913938992 0.8352196678233844 0.0110347695519728 0.01049248050084528
0 0.5021918093226914 0.8326590475975832 0.010115247257622584 0.00961813950241941
0 0.45275712236681653 0.829767726545201 0.011034769551972856 0.010492480500845391
0 0.7029681124980647 0.8440169045104072 0.01091406502419301 0.00885857098963072
0 0.5469009080732502 0.8352347938441798 0.012014652895113276 0.012183895171146042
0 0.14261275599469692 0.8086418098736415 0.01293423464759727 0.013058240140938482
0 0.9239055676711818 0.8571318711064055 0.011034769551972912 0.01049248050084517
0 0.6893112707595146 0.8418731893487319 0.011095130600763059 0.01130955417272006
0 0.9093895559021712 0.8549307697019113 0.01109513060076317 0.011309554172719949
0 0.7546715226375208 0.8454177281575378 0.009497376151355041 0.012828683255563966
1 0.7866131852700686 0.8454986720788404 0.009316310574784992 0.010377700072475293
1 0.7743055102992327 0.8426240854971527 0.0064369114627867985 0.006120640706982372
1 0.6126232867119464 0.8338774257449413 0.006738681567136862 0.01020553340128616
1 0.5984463271698812 0.8329305090534012 0.007597970513864349 0.010262927586837223
1 0.17567807055982648 0.7993560500270933 0.006557645719633576 0.007754552203880105
0 0.06692774772836398 0.7929133734115855 0.007537573656374197 0.009445969852705405
0 0.36126726992329894 0.8117520443956605 0.00839678828043472 0.00950335907404909
1 0.7866060242137348 0.8397510538642795 0.010175599521512702 0.01043509425802669
0 0.3299061368162899 0.8096573512199816 0.011095130600763004 0.011309554172719838
1 0.25988769992182437 0.8107277742053438 0.02396900419957021 0.023550720641783762
0 0.1439778659688889 0.7960072306037524 0.008336436016544796 0.00868640431844181
0 0.1302003301746422 0.7954974854042669 0.011833617047610087 0.00973291397374021
1 0.10565965224602769 0.8004264742535074 0.024828226255897395 0.02360811035954824
0 0.08165501607042283 0.7922550152480285 0.01097441728808296 0.009675525745238223
1 0.797406477523448 0.8396514589148383 0.009316310574784992 0.010377700072475182
0 0.2849183678317427 0.805010467490507 0.010115187799489056 0.009618135531052951
0 0.16122239619017262 0.7963379928741503 0.010054865264665869 0.008801182761128845
0 0.5486955777260556 0.8226288462518835 0.010235960570302738 0.011252167929900914
0 0.5341192093007051 0.8212447590611303 0.01017559952151248 0.010435094258026467
0 0.502268134522126 0.8199383869777828 0.012014652895113387 0.012183895171146042
1 0.4777877605476679 0.824050417844681 0.024888594736954317 0.024425184527843258
0 0.34807024879005755 0.8092285489489572 0.014531989097005205 0.011539111058094242
0 0.31860857638622286 0.804797708505327 0.009873769959029055 0.0063501975923565546
0 0.641731639841852 0.8255589084759954 0.008155370439974718 0.006235421135352803
0 0.5165356268524763 0.8196598120777785 0.011095130600762948 0.011309554172719949
1 0.6911965282662886 0.8280418135943908 0.007296200409514397 0.006178034892533879
1 0.6660753319605355 0.8349845524426387 0.02488859473695426 0.02442518452784359
0 0.6288133186716659 0.8251065524978535 0.008336436016544768 0.00868640431844181
0 0.7354156302795938 0.831405817503819 0.010054894993732577 0.008801184746812019
0 0.7220676646360439 0.8309247644329014 0.010974417288083016 0.009675525745238223
0 0.9249617762137567 0.8428345683019423 0.010974417288082905 0.009675525745238223
0 0.8935704669748027 0.8411483525040669 0.010175599521512702 0.010435094258026467
0 0.8789639224175074 0.8401727426911174 0.011893939582433233 0.010549866743664205
1 0.854023787295874 0.8446645578144097 0.025687403718624324 0.023665497098787958
0 0.9112144611450554 0.8419163487031778 0.01109513060076317 0.011309554172719949
1 0.04935294743027925 0.7736771003637964 0.008893856886821816 0.004658780936372953
1 0.17700587307480656 0.7813823319061299 0.008034657127294675 0.004601392707870966
1 0.07776720830621645 0.7747539185402943 0.008893856886821802 0.004658780936372842
1 0.26166816198577947 0.7866266575847917 0.007235788687490807 0.005361076165560252
1 0.4701169404620741 0.7993179652954236 0.00803465712729462 0.004601392707870855
1 0.9423128077664201 0.8300361925747359 0.007296200409514286 0.006178034892533768
1 0.7021939650224329 0.8135874661681675 0.009813477153272632 0.005533246808115733
1 0.7654364041056496 0.8165801174788899 0.007296200409514508 0.006178034892533768
1 0.7771262674283517 0.8161293759076964 0.008095018176084712 0.0054184663797454125
1 0.8206068488732928 0.8178020206335913 0.008893827157754997 0.004658778950689779
1 0.7295910202314844 0.8109017866854124 0.007658331562654386 0.01108000125871178
1 0.7863893911880305 0.8134639618600285 0.0058795115366765405 0.010148147158467236
1 0.756008137031712 0.8097926859578203 0.009934181681052645 0.00716715631933007
1 0.704824844695771 0.8071950638405545 0.005758807008896527 0.008514237647252454
1 0.7763806452617876 0.8086904024809685 0.007235848145624391 0.005361080136926599
0 0.8079299455435667 0.814081726716753 0.007839388354324406 0.013530865525533842
1 0.0010490641909140152 0.7510632532033352 0.0020981283818280305 0.008456848674119444
1 0.7060993965450612 0.7957859147183932 0.004778923665756052 0.006822822976951914
1 0.7658446248681458 0.7993659638993489 0.005698445960106602 0.0076971639753781185
1 0.801192910406857 0.8000849381124632 0.005577741432326588 0.00606325446416367
1 0.3625594708676278 0.7650403085598074 0.0072961409513807585 0.006178030921167532
0 0.2877479071110059 0.7608644318366136 0.00913530445634858 0.007926720860752412
0 0.30026678966884 0.7608796153298591 0.010115187799489 0.009618135531053063
1 0.23296977266826427 0.7543321448924849 0.00895423280014529 0.005475855601088875
0 0.16239388821427153 0.7512602260076455 0.009195635776071909 0.008743792546943907
1 0.14738790943707414 0.7498473842516662 0.006557645719633576 0.007754552203880105
0 0.5362706100045611 0.7745904114537794 0.009074892734325046 0.007109762133778896
0 0.47394778240289526 0.7708381975873178 0.009994474486808902 0.007984107103571225
1 0.706484597839496 0.7847279161893504 0.007296200409514286 0.006178034892533768
0 0.5482693494222635 0.7758023319733434 0.014411216326191467 0.009905078659245947
0 0.5057687063861462 0.7725531084922856 0.0100548949937328 0.008801184746812019
0 0.6622051435623009 0.7821808670355296 0.010054894993732577 0.00880118474681213
1 0.41401435717597374 0.7639615153605733 0.009813417695139104 0.005533242836749386
0 0.48735607497371836 0.7705022344588115 0.011034769551972912 0.010492480500845391
0 0.8316806108288719 0.7906270125875674 0.008155370439974718 0.006235421135352692
1 0.05231744341977296 0.739392327205469 0.00667835903231364 0.009388580631361942
1 0.4253651682717306 0.762256589076426 0.010175540063378952 0.010435090286660342
0 0.927603118589183 0.7953918996022598 0.011095130600762948 0.011309554172719838
0 0.9130267501638325 0.7940078124115065 0.011034769551973023 0.010492480500845502
0 0.8962721616141192 0.7928887290487773 0.010175599521512702 0.01043509425802669
1 0.05065226179752506 0.7327129198094255 0.009135274727281817 0.007926718875069128
0 0.11776111905559733 0.735963759683115 0.0074772362570176415 0.008629016089939823
1 0.07867421538837721 0.7391001817299052 0.023908666800213613 0.02273376687901807
1 0.4153191148862757 0.7521438908462916 0.00889388661588858 0.004658782922056015
1 0.3494990721320276 0.7489791343081967 0.006497323184810444 0.006937599433955999
0 0.16479926791701074 0.7362319923250359 0.008155370439974718 0.006235421135352803
0 0.1462960844593145 0.7354066683483984 0.009074922463391866 0.00710976411946207
1 0.2630349525119155 0.7505931380072706 0.02488859473695426 0.02442518452784348
0 0.17633822693055437 0.7378237555662863 0.01097441728808296 0.009675525745238112
0 0.10324508802960344 0.7337627167439129 0.011095130600763031 0.011309554172719838
1 0.5523630075777956 0.7612974155550413 0.006557615990566923 0.007754550218197043
1 0.45000349916749705 0.7618497241198876 0.02396900419957021 0.023550720641783873
0 0.3009537654600749 0.7457366646483792 0.011034769551972912 0.01049248050084528
0 0.6786667694944253 0.7697335784719419 0.008396788280434886 0.00950335907404909
0 0.5202030016385326 0.7583283179514364 0.009135244998215053 0.007926716889386176
0 0.4750945237337554 0.75531540319131 0.009994474486808902 0.007984107103571336
0 0.6610831275880629 0.7681486275172238 0.009316310574785103 0.01037770007247496
1 0.6378614514436175 0.7727552230688864 0.024828233688164225 0.023608110855968922
0 0.4875228735033045 0.7565560782761003 0.011034769551972967 0.01049248050084528
1 0.789783457328221 0.7792078808302689 0.011517614017793054 0.01702847529450524
0 0.7394220572925954 0.7713285080904309 0.009135244998214942 0.007926716889386176
0 0.7080307480536413 0.7696422922925557 0.008336436016544768 0.008686404318441698
0 0.5082042622208305 0.7571163974318722 0.012753228529160832 0.010607260929215712
1 0.069419910940176 0.7241142721952397 0.008893856886821802 0.004658780936372953
0 0.9509988181701319 0.7825867105956797 0.014230150749621417 0.007454095476157052
0 0.928538618211528 0.7827285657671446 0.0110347695519728 0.010492480500845391
0 0.9126734352823536 0.7812583952407968 0.008396788280434886 0.00950335907404909
1 0.8572012160179101 0.7841214442385327 0.024828233688164114 0.023608110855969033
1 0.3711230620700987 0.7426237338720485 0.008893886615888635 0.004658782922056015
0 0.831907766014798 0.7758638421911154 0.01195430063122338 0.011366940415538762
1 0.5542855472071647 0.7528051172079577 0.008954188206545144 0.005475852622564337
1 0.7684700537661608 0.7638270050352259 0.007235848145624502 0.005361080136926599
0 0.3612652353175476 0.735807670673386 0.01079335171151291 0.0072245425621491055
0 0.17782405021742642 0.7235551478689155 0.01005483553559905 0.008801180775445783
0 0.5096296991222957 0.7436648019625594 0.013431332983051214 0.008213663988945519
0 0.5208899774297675 0.7431853672699564 0.008215722703864614 0.007052375890959972
0 0.16505661409941524 0.7210603455436218 0.010175540063379007 0.01043509028666012
0 0.289672122899869 0.7289732526400315 0.011954360089356963 0.011366944386905109
1 0.23778052024902596 0.7242757364889784 0.005758807008896527 0.008514237647252676
0 0.4448801275651564 0.7376979750777568 0.010974417288083016 0.009675525745238112
0 0.3507665223831177 0.7318223709428409 0.010175540063379007 0.010435090286660231
1 0.42996467718379394 0.7350597011883666 0.004839216471512475 0.007639773761192958
0 0.7065998559844031 0.7539473906834923 0.011893939582433233 0.010549866743664316
0 0.6942017120758658 0.7522982402065816 0.01091406502419301 0.008858570989630832
0 0.25668312306209073 0.7255382914158042 0.011276187392432913 0.013760418439541677
1 0.8502688570425467 0.7610803469014424 0.006497263726676805 0.006937595462589763
1 0.7803942333311228 0.7543607112821413 0.005577741432326588 0.006063254464163559
0 0.8954075408083357 0.7636847862694485 0.012813589577950979 0.011424334601090158
0 0.8193675445408465 0.7586058734407357 0.010235960570302627 0.011252167929901025
1 0.7714027079362991 0.7533496505551759 0.006497263726676805 0.006937595462589652
0 0.8821803435431496 0.7615697682005489 0.01017559952151248 0.010435094258026578
0 0.866315160613975 0.7600995976742011 0.011215835128542961 0.012943463683934398
1 0.2251870183803179 0.7135823347517176 0.009813417695139104 0.005533242836749275
1 0.42692012597263684 0.7295197005590106 0.010296253376058995 0.012069118714141958
1 0.6394465896689188 0.7396097977155338 0.008095018176084823 0.0054184663797455235
1 0.8275832672447112 0.7525864975769105 0.004839275929646059 0.007639777732559305
1 0.7356478524579687 0.7464458876282873 0.006557615990566701 0.007754550218197043
1 0.6143484635044604 0.7403965044009169 0.010296312834192634 0.012069122685508415
0 0.36827554497860626 0.7227291036535439 0.007658272104520802 0.011079997287345544
0 0.17934003477171007 0.7088780618008996 0.009195635776071909 0.008743792546943685
0 0.16605246598565032 0.7075800569528994 0.008276074967754676 0.007869330646567252
0 0.10320948341913565 0.705024639074469 0.010235915976702509 0.011252164951376264
1 0.08087716086936234 0.7092801439875676 0.025687433447691296 0.02366549908447091
0 0.7529829154675374 0.7455511583071406 0.009934181681052645 0.007167156319330292
1 0.4436977593270285 0.7244826903150583 0.006557675448700395 0.007754554189563279
1 0.3271613211037315 0.7240880841740477 0.024828233688164114 0.023608110855968922
0 0.13916844184644728 0.7033213247151662 0.01245139896667724 0.006522364263545799
0 0.3530813649051218 0.7180196883099093 0.01091406502419301 0.008858570989630832
0 0.29127865510697104 0.7130706759733125 0.009074952192458685 0.007109766105145021
0 0.48969564285234457 0.7271445179115663 0.011034769551972856 0.01049248050084528
0 0.47692820673433345 0.7246497155862726 0.009074952192458574 0.007109766105145021
1 0.5455513531302119 0.7366224087067366 0.02488859473695426 0.02442518452784337
0 0.45722676081808156 0.7225127582172037 0.009074952192458574 0.007109766105145021
1 0.6706266571993578 0.7441554740743017 0.025747764767414583 0.024482570770662182
0 0.7267095821212848 0.7388701984443862 0.008215722703864725 0.007052375890959972
0 0.7078069495791532 0.7376076415318771 0.009934181681052423 0.007167156319330181
0 0.6333344677785432 0.7346859515073202 0.011095130600762948 0.011309554172719727
0 0.6961472667808462 0.7376498462671335 0.011034769551972912 0.010492480500845391
0 0.8208533380986518 0.7443372637576819 0.01091406502419301 0.008858570989630832
1 0.9213577354050544 0.7572078515836896 0.024828233688164114 0.023608110855968922
0 0.8839750088035048 0.7489638800663863 0.01195430063122338 0.011366940415538651
0 0.8330029625685289 0.7435067379300941 0.010793351711512855 0.0072245425621491055
0 0.8961850493878558 0.7473163439964239 0.00999453394494254 0.007984111074937572
1 0.4576722890397896 0.710637743488737 0.008155370439974718 0.006235421135352692
1 0.260023997994725 0.697846783356213 0.008215722703864725 0.007052375890960083
0 0.3240350787125671 0.7021222530431652 0.012632464543247235 0.008973347446634916
1 0.6348202569438983 0.7204174012823998 0.008095018176084712 0.0054184663797455235
0 0.36579726063845397 0.703680121312056 0.009994474486808957 0.007984107103571114
0 0.3348657125466752 0.7016141212577867 0.008276074967754732 0.007869330646567141
0 0.08772234816032887 0.686748852300938 0.011095130600763017 0.011309554172719838
0 0.6657518050356772 0.7224834013366693 0.009934181681052534 0.007167156319330292
0 0.5407368576228715 0.7141333217553634 0.01091406502419301 0.008858570989630832
0 0.4466232821698995 0.7082577196061304 0.010115187799489056 0.009618135531053063
0 0.27478142760419544 0.6967799468220108 0.008396788280434775 0.00950335907404909
0 0.6464799441346554 0.7203751370890099 0.01091406502419312 0.008858570989630832
0 0.865299590905433 0.7329381567287914 0.00999453394494254 0.007984111074937461
0 0.5532859504341674 0.7137399703983549 0.010235960570302738 0.011252167929901025
0 0.35220080089286065 0.7007194533804567 0.01201471235324697 0.012183899142512278
1 0.2384461094907267 0.6918899376172853 0.00925600290449527 0.009560748295392663
1 0.22727638626833996 0.6911438822076061 0.007537588520907579 0.009445970845546992
0 0.6779316100299495 0.7212443386731444 0.01195430063122338 0.011366940415538651
0 0.8529316231288406 0.730880528874077 0.01091406502419312 0.008858570989631054
0 0.8353178050905331 0.7297040552971625 0.010054894993732688 0.008801184746812019
0 0.7097827398742123 0.7225507741859917 0.010235960570302738 0.011252167929901136
1 0.9308107278356142 0.7344402491904456 0.006497263726676694 0.006937595462589652
0 0.6940684463896627 0.7190380978543585 0.009497376151355152 0.012828683255564077
1 0.05511850941583532 0.6722558301110095 0.008893856886821823 0.004658780936372953
1 0.22696036398153943 0.6837336028951291 0.010732999447622904 0.006407587806541826
1 0.23779101268018096 0.6832254721025921 0.008095018176084712 0.005418466379745301
0 0.9146668493358345 0.730898879737403 0.012135357422893622 0.01381780468236049
0 0.10587221234409602 0.6748248185649994 0.009255988039961888 0.009560747302550965
1 0.17418646778044095 0.6851348486018645 0.023969004199570182 0.023550720641783873
0 0.08914781175104425 0.6732971988627539 0.01017555492791239 0.010435091279501818
0 0.11934084670672579 0.6736718402299107 0.010054835535599063 0.00880118077544556
1 0.6166046640435854 0.7040118382016435 0.008893827157754886 0.004658778950689779
1 0.29803331400210265 0.691764816420094 0.02396900419957021 0.023550720641783762
1 0.26166067660470527 0.6815357273260072 0.00907495219245863 0.007109766105145243
1 0.366544558964512 0.6877202138892856 0.00907495219245863 0.007109766105145132
0 0.2743979321983213 0.6844390664872382 0.012934234647597298 0.01305824014093837
0 0.35531449091050193 0.6877911137316344 0.012753169071027248 0.010607256957849365
1 0.7116076451170962 0.709536353187258 0.006557615990566701 0.007754550218196932
1 0.5155641165399892 0.7042417507385976 0.025747764767414694 0.024482570770662293
0 0.47962112361595566 0.6940413587372867 0.009994474486808957 0.007984107103571336
0 0.6643209173588891 0.7067884402694724 0.01017559952151259 0.010435094258026356
1 0.6352587132964731 0.7027947742964213 0.008155370439974718 0.006235421135352692
0 0.5543119828447975 0.6998511449716953 0.010235960570302738 0.011252167929901136
0 0.5397356144194471 0.698467057780942 0.01017559952151248 0.010435094258026578
1 0.4899919814383551 0.6939130102154607 0.009994504215875777 0.007984109089254399
1 0.7339541782955364 0.7167760772569697 0.027405862695812466 0.023780277527158056
0 0.6970613977580071 0.7077437251892013 0.010115247257622584 0.009618139502419298
0 0.6471971004502854 0.7048236495715927 0.011893939582433233 0.010549866743664205
1 0.8913101972241753 0.7256442712587916 0.025687403718624435 0.023665497098787847
0 0.8677351467401172 0.7175014456683781 0.010974417288082794 0.009675525745238112
0 0.9168006306737186 0.719547120829427 0.01091406502419301 0.00885857098963072
0 0.8539878316714156 0.7165832260696137 0.011095130600763059 0.011309554172719949
1 0.3361792821361882 0.6721451726647507 0.008155370439974718 0.006235421135352692
0 0.18232047396768167 0.6626895807926958 0.008276074967754676 0.007869330646567252
0 0.16860330530185835 0.6613628818304447 0.008336436016544796 0.008686404318441698
0 0.10713966259518612 0.6576680551996434 0.011095130600763031 0.011309554172719838
0 0.12315574544106908 0.657095780371681 0.008396788280434733 0.009503359074048978
0 0.6985774269058911 0.69306664209971 0.00901454047043504 0.0062928073781715055
0 0.3230124371348918 0.669213199840244 0.011034769551972856 0.010492480500845391
0 0.866213726275044 0.7030319761927257 0.009074892734325046 0.007109762133778896
0 0.6479746090298053 0.6884552072985681 0.011034769551973023 0.010492480500845391
0 0.5405734201971735 0.6812815973228104 0.009316310574785214 0.010377700072475182
0 0.23899098237993077 0.6611381072185198 0.009316355168385249 0.010377703050999831
0 0.9170881381235347 0.7039669956773675 0.009074892734325046 0.007109762133778785
0 0.7111868125229434 0.691856332015728 0.01017559952151248 0.010435094258026467
0 0.9299762831617757 0.7048278290333132 0.012753228529160832 0.010607260929215712
1 0.420035592224257 0.6707675391304251 0.010175540063379007 0.010435090286660231
0 0.9003939062301611 0.7020308981008974 0.01017559952151259 0.010435094258026467
0 0.8840689621538116 0.7009405118309437 0.01017559952151259 0.010435094258026467
1 0.058187785983614515 0.6482407968260517 0.01053768608105246 0.01533705764567983
1 0.23962470311302578 0.6525597849939755 0.008893871751355253 0.004658781929214428
0 0.16831034268426925 0.6477965099041275 0.005698445960106435 0.0076971639753780074
1 0.0844238446395387 0.6495826797779696 0.023969019064103578 0.023550721634625238
0 0.18377610186562526 0.6488295089384208 0.00925598803996186 0.009560747302551076
0 0.15324399238619846 0.6472006813690476 0.008457140544324698 0.010320313829656258
0 0.12142308326748091 0.6454857714569213 0.011954330360290186 0.011366942401221825
0 0.10856511436118474 0.644216460723172 0.011893969311500066 0.010549868729347378
0 0.6067556194411783 0.6795444489385438 0.010598082938542697 0.01615401537981187
0 0.3540806076243117 0.6577415210896058 0.005698445960106435 0.0076971639753781185
1 0.2688449502441338 0.6602585628798813 0.024948947000844213 0.02524213928345076
0 0.325387636313236 0.6545935029935714 0.00993412222291895 0.007167152347964056
0 0.3377556338188952 0.656651132833969 0.011095130600763059 0.011309554172719838
0 0.5106075434672346 0.6661438455137556 0.00919560604700509 0.008743790561260512
1 0.4855768904218498 0.671861153221434 0.024888565007887387 0.024425182542160306
0 0.36702910931889293 0.6577853402318105 0.014531989097005149 0.011539111058094242
1 0.6729750964153285 0.6831464374196685 0.024828233688164225 0.02360811085596881
0 0.6493698654068754 0.6754121486651924 0.01017559952151259 0.01043509425802669
0 0.728967433483287 0.6790865899517977 0.0091956060470052 0.008743790561260623
0 0.7113838510350581 0.677501642968446 0.00999453394494243 0.007984111074937572
1 0.8294718858553732 0.6919572412073054 0.024828233688164003 0.023608110855968922
0 0.8675113482656291 0.6854667949076996 0.00901454047043504 0.0062928073781716165
0 0.8867530374271557 0.6879834770750289 0.011893939582433233 0.010549866743664316
0 0.38177230600289624 0.6452232732255356 0.008954247664678727 0.0054758565939305726
0 0.2764889806382874 0.6386016736354947 0.009873769959029055 0.006350197592356666
1 0.2644298889566953 0.6382067078715378 0.00821572270386467 0.007052375890959972
1 0.7556792187896644 0.6681449822867072 0.008893827157754997 0.00465877895068989
1 0.5975846792926618 0.6575854291013522 0.007175487096834243 0.004544006465052153
1 0.23070235368601963 0.6330803864709356 0.008893856886821816 0.004658780936372953
0 0.10980238408787976 0.6274682341937532 0.010115202664022424 0.009618136523894538
0 0.44940127667203367 0.6472773740872235 0.008336436016544768 0.008686404318441698
1 0.061897911571939 0.6213949975908732 0.004899592384835991 0.008456848425908992
1 0.7125004118415231 0.6623873854083753 0.010054894993732688 0.008801184746812019
0 0.885812087029488 0.6715002543736341 0.009316310574785103 0.010377700072475182
0 0.540779266196049 0.6492756436549076 0.010296312834192634 0.012069122685508415
0 0.931840176415816 0.6737536065780216 0.01017559952151259 0.010435094258026578
0 0.9184922702303995 0.6732725574784701 0.012813589577950979 0.011424334601090158
1 0.772577531335219 0.6614740010877238 0.005638093696216484 0.00688020921977095
1 0.738608593088617 0.6596156186186595 0.004839275929646059 0.007639777732559305
1 0.05121102656485561 0.6141130067215625 0.006618010484557041 0.008571626123965004
0 0.7562827677832644 0.659975077981833 0.009255958310895096 0.009560745316867902
0 0.12534444313205373 0.6157805111644292 0.010175569792445785 0.010435092272343405
0 0.11030828383046129 0.6147762062443871 0.009316340303851839 0.010377702058158134
1 0.2797233795761587 0.6240393650173242 0.007416845479160772 0.007811940432382092
1 0.1476910060395608 0.6230202372198241 0.024029365248360274 0.02436779431365821
0 0.09321462818926923 0.6124029371758624 0.009255988039961874 0.009560747302550965
0 0.18563998025513184 0.6177552854902877 0.010115187799489028 0.009618135531053063
1 0.7918724711624358 0.657426114256251 0.005819159272786534 0.009331192402859956
1 0.3086879789811563 0.6235109103244081 0.008155370439974663 0.006235421135352581
0 0.2642576352593361 0.6230063669758727 0.009376731081708722 0.011194777715715865
0 0.3708900976625923 0.6288970931602178 0.011034769551972967 0.010492480500845391
0 0.35674331864492204 0.6275416396327405 0.00839678828043472 0.00950335907404909
1 0.3330316710998397 0.6329365542910513 0.02488859473695426 0.02442518452784337
0 0.5257288145108561 0.6367761042914264 0.0091956060470052 0.008743790561260512
1 0.4873804462765332 0.6416038865145914 0.02402936524836019 0.02436779431365832
1 0.6743489929321147 0.6528604726272087 0.024828233688164003 0.023608110855969033
0 0.7433200034341494 0.6484360263818725 0.00901454047043515 0.0062928073781716165
0 0.7312609117525571 0.6480410606179156 0.009074892734325157 0.007109762133778785
0 0.7131269759107345 0.6480613855111362 0.010974417288083016 0.009675525745238112
0 0.5147100135019776 0.6339876050166994 0.012572162952590782 0.008156277746126595
1 0.8308457823721594 0.6616712764148454 0.024828233688164003 0.023608110855969033
0 0.9017837712900421 0.6598412869023779 0.010235960570302738 0.011252167929901136
0 0.8863783539004928 0.6579912726615023 0.010115247257622584 0.009618139502419298
0 0.9318862704176221 0.661441359906525 0.012014652895113387 0.012183895171145931
0 0.9186288926280407 0.6597348786735626 0.0110347695519728 0.010492480500845391
0 0.8695634086944393 0.6576892035125138 0.01293429410573077 0.013058244112304607
1 0.2669203462799465 0.5928064855190073 0.008034657127294675 0.004601392707870966
1 0.3662797422655667 0.597800931404757 0.007175427638700715 0.004544002493685917
1 0.33019293615849143 0.5953905980081093 0.00889388661588858 0.004658782922056126
0 0.40583352354269553 0.6000323403376091 0.008954247664678672 0.0054758565939305726
1 0.925135027692062 0.6359494022739791 0.006678329303246855 0.009388578645678769
1 0.5193397029384361 0.6063821802927027 0.008893827157755108 0.00465877895068989
0 0.47119380514976855 0.6035768811320983 0.008954247664678783 0.0054758565939304615
0 0.4949427601540628 0.6035211053248615 0.00821572270386467 0.007052375890960083
1 0.6325671526420545 0.6106608787935519 0.00827607496775462 0.007869330646567252
1 0.6966989422801266 0.6133023795111561 0.007779036090434399 0.01271391076992645
1 0.7158127570726396 0.6117054718914061 0.005758807008896527 0.008514237647252565
1 0.7072508805436296 0.6107230487990827 0.00569844596010638 0.0076971639753782295
1 0.7729200041241859 0.6159303091567797 0.006799042615926898 0.011022607073160495
1 0.7931718078264816 0.6164619351911425 0.007658331562654497 0.01108000125871178
0 0.09785312950493855 0.5671461883731115 0.010054850400132445 0.008801181768287258
0 0.08499516803090906 0.565876878135783 0.010115202664022424 0.00961813652389465
1 0.465007063948519 0.5879748166798696 0.008155370439974663 0.006235421135352581
1 0.24725788837485052 0.5726097266933807 0.010732999447622932 0.006407587806541826
1 0.8372559338725729 0.6099647350702965 0.008095018176084823 0.0054184663797454125
0 0.33014139138136234 0.5785562881430961 0.010175540063378952 0.010435090286660231
1 0.4364348015576734 0.5831928296144872 0.010793351711512966 0.0072245425621491055
0 0.34345915116390047 0.5794458166061343 0.012873882383707347 0.012241285385331202
0 0.8257169599944959 0.6083729708362046 0.009074892734325157 0.007109762133778785
0 0.7157382016123492 0.6010271981606239 0.007356552673404404 0.006994989648141159
0 0.6383187985946173 0.5970876896164947 0.010974417288082905 0.009675525745238112
0 0.4526692425748048 0.5855087094616684 0.011095130600763115 0.011309554172719838
1 0.23663848138472404 0.570258396925025 0.008396788280434692 0.00950335907404909
0 0.9332689744211691 0.6135041304934443 0.007296200409514508 0.006178034892533879
0 0.6521265253853424 0.5971889584310183 0.01109513060076317 0.011309554172719949
0 0.7308346834487649 0.6012145463393755 0.01017559952151259 0.010435094258026467
0 0.7007321887136351 0.5996144138770949 0.01195430063122338 0.011366940415538651
0 0.5531292902819291 0.5872925481647735 0.009873829417162638 0.0063502015637230125
1 0.06949209699789108 0.5595047997085492 0.013115315088700688 0.015509224316868964
0 0.9014782562989301 0.6113807441963561 0.010974417288082905 0.009675525745238112
1 0.24795196576428558 0.5632143902550955 0.010793351711512855 0.0072245425621491055
0 0.08461167262503497 0.5535359978010105 0.007537573656374211 0.009445969852705405
1 0.4370383505512735 0.5750229253096129 0.010793351711513022 0.0072245425621491055
1 0.15298629214998663 0.5630290141205553 0.02396900419957021 0.023550720641783762
0 0.13024029063012754 0.5553521155802643 0.011034769551972953 0.010492480500845391
0 0.1904754754893157 0.55814384466173 0.011095130600763031 0.011309554172719838
0 0.2987962014808313 0.564557887117541 0.009376731081708722 0.011194777715715865
0 0.2700126973814705 0.5626353606130512 0.011954360089356963 0.011366944386905109
1 0.016666666662630322 0.5440716167581091 0.004839235052179241 0.007639775002244997
1 0.3680300281975768 0.5741082921620084 0.023969004199570154 0.02355072064178365
0 0.3448544119334207 0.5664026985146249 0.010175540063379007 0.010435090286660231
1 0.5215195738856763 0.5827182341713635 0.024828233688164225 0.023608110855968922
0 0.46698285424357816 0.5729179493339842 0.010175540063378952 0.010435090286660342
1 0.904441086601013 0.6004949123385024 0.006617977039356848 0.008571623890071378
0 0.5461508329123094 0.5765637569573137 0.010054894993732688 0.008801184746812019
1 0.4546752133942589 0.5700433052798457 0.00913530445634858 0.007926720860752301
1 0.713018495039287 0.5852462132159659 0.008095018176084712 0.0054184663797454125
1 0.7018185733881552 0.5849086336948279 0.008155370439974718 0.006235421135352581
1 0.6762677876747217 0.5918227388797999 0.02488859473695415 0.02442518452784337
0 0.5586998662654716 0.576170401628939 0.009135244998215053 0.007926716889386176
1 0.8628368957179513 0.602642152507521 0.02488859473695426 0.02442518452784337
1 0.9396916826875557 0.5966917004704666 0.007175487096834243 0.004544006465052042
1 0.2711292625803856 0.547521043594847 0.008095018176084767 0.0054184663797454125
1 0.1787038912575396 0.5421687537457136 0.009074922463391838 0.007109764119461848
0 0.19297138358788987 0.5418901788457093 0.00839678828043472 0.009503359074048978
0 0.14823214890653613 0.5397229724135748 0.0119543303602902 0.011366942401221825
0 0.34560174438099567 0.550442733619404 0.009135304456348636 0.007926720860752412
0 0.16335884099641357 0.5395017857420724 0.009316340303851839 0.010377702058158356
1 0.5154464400064567 0.5597345865065921 0.008215722703864614 0.007052375890959972
0 0.3331432140870514 0.5496105953705509 0.013672759608411245 0.01148172084390886
0 0.4544124269086148 0.556068455975725 0.010115187799489056 0.009618135531053063
0 0.3018122273829207 0.5471074228313852 0.012873882383707291 0.012241285385331091
0 0.1325178405574532 0.5362102950890999 0.011336548441223032 0.014577492111416235
0 0.6839721493885986 0.5693487739778557 0.008336436016544657 0.008686404318441587
0 0.4996717942580172 0.5570388649305662 0.007477265986084447 0.008629018075622885
0 0.730859408805387 0.571659512425062 0.007477265986084336 0.008629018075622996
0 0.6535305980340735 0.5664945162607546 0.007477265986084558 0.008629018075622996
0 0.6384944684615479 0.5654902133263957 0.01017559952151259 0.010435094258026356
0 0.8559950651384227 0.5783756230370198 0.010054894993732688 0.008801184746811908
0 0.47149893635800655 0.5526941078225305 0.005758807008896472 0.008514237647252565
0 0.901563333919442 0.5810087555264352 0.008396788280434886 0.00950335907404909
0 0.871061430301027 0.5789714525649414 0.007537618249974454 0.009445972831230054
1 0.25182008982770193 0.540073699954247 0.008758919433574791 0.01440532544022699
1 0.23954262071787774 0.5367906379804386 0.00925598803996186 0.009560747302551076
0 0.9179486941102653 0.5812821315540142 0.010115247257622473 0.009618139502419187
0 0.8845602259310683 0.5774099958592074 0.008517501593114929 0.011137387501530704
1 0.09495405277178362 0.5304172472967521 0.02396901906410359 0.02355072163462535
1 0.7804680850762484 0.5663522974949772 0.008893827157755108 0.004658778950689779
0 0.42577267653416206 0.5463558668952057 0.01029625337605905 0.012069118714141958
0 0.1642038078304736 0.5280639434985017 0.009316340303851867 0.010377702058158356
1 0.13293320751174967 0.5247437587312783 0.008276074967754676 0.007869330646567363
0 0.119095326209563 0.5250510284901648 0.011893976743766771 0.010549869225768171
0 0.19390688321023497 0.5292268450105941 0.010175569792445799 0.010435092272343405
1 0.1807400233444052 0.5262948711932457 0.009014570199501915 0.00629280936385479
1 0.7356986891274833 0.5645935694334878 0.0058795115366766515 0.010148147158467014
1 0.6769333992132226 0.5594369414973693 0.004839275929646059 0.007639777732559194
0 0.27178603251060873 0.5327865683054873 0.009195665505138673 0.008743794532626858
1 0.8086409385838089 0.5706971140611465 0.011457252969003018 0.016211401622630794
1 0.3702329736785619 0.5442882544196709 0.02390865193568026 0.02273376588617637
0 0.3469668290185709 0.5378080929056981 0.012014712353246915 0.012183899142512389
0 0.3342597748935165 0.5344963378104803 0.009934122222919006 0.007167152347963945
0 0.2851037625640801 0.5336760947828424 0.013733111872301251 0.012298675599516251
0 0.46835675076036426 0.5426319845415242 0.01005483553559916 0.008801180775445672
0 0.7485193164530506 0.5605237987886134 0.008336436016544657 0.008686404318441698
1 0.5533954334790112 0.5544695763117635 0.023969063657703793 0.02355072461315011
1 0.7077140027946928 0.5635453839274243 0.02476788142427422 0.022791156100361643
0 0.6531471026281995 0.5541536359259822 0.011893939582433344 0.010549866743664205
0 0.6398897292310682 0.5524470952348863 0.00919560604700509 0.008743790561260512
0 0.5297902024705581 0.5467352875572874 0.012873941841840986 0.012241289356697438
1 0.8319603085728731 0.5706126451325005 0.023969063657703793 0.02355072461315011
0 0.9007804340227327 0.568230645234316 0.011893939582433122 0.010549866743664205
0 0.8875230606256016 0.5665241045432201 0.01091406502419301 0.00885857098963072
0 0.9189143698645554 0.5682103203410953 0.011833587318543337 0.009732911988056925
1 0.7907643384523075 0.5555457317219779 0.00569844596010638 0.0076971639753780074
0 0.10342712605050289 0.5092261651933789 0.010914065024192995 0.008858570989630832
1 0.7703243675752416 0.5517174746275095 0.005577741432326477 0.006063254464163448
1 0.6955731858115765 0.5467246451343912 0.007296200409514508 0.006178034892533879
0 0.120701847268265 0.5091484510788149 0.009255988039961902 0.009560747302551076
1 0.08940105899287928 0.5062368026511079 0.006557645719633562 0.007754552203880105
0 0.34731472285379383 0.521410955525581 0.010054835535599105 0.008801180775445672
0 0.27468137482908483 0.5169701344324966 0.014531989097005205 0.011539111058094131
0 0.136378848158136 0.5073219895522153 0.009437053616531882 0.012011730485639971
0 0.3341177017205525 0.518887460078878 0.011034769551972912 0.010492480500845391
0 0.6710484325087731 0.5397499248927036 0.01091406502419301 0.008858570989630943
1 0.4309296151014026 0.5233012599299518 0.004839216471512531 0.007639773761193069
0 0.5185086193684857 0.529971879520306 0.013672759608411189 0.011481720843909082
0 0.45498747592976385 0.524908148199156 0.00839678828043472 0.00950335907404909
0 0.5310878288535932 0.5291700468141278 0.01109513060076317 0.011309554172719838
0 0.838345679650981 0.5484610742727654 0.01017559952151259 0.010435094258026578
0 0.8250883018613997 0.546754593039803 0.011034769551973134 0.010492480500845391
0 0.6535854995226406 0.5365310049686374 0.012075005159003283 0.013000849926753322
0 0.916315372211723 0.5507953664270893 0.009255958310894985 0.009560745316867791
0 0.8866122863598784 0.5496324044640217 0.01195430063122338 0.011366940415538651
1 0.42788509361931226 0.517761261286279 0.010296253376059106 0.012069118714141958
0 0.09202479686686707 0.4940967236436419 0.011833617047610101 0.009732913973740098
1 0.15819103060759404 0.5042632816199895 0.02396900419957021 0.023550720641783818
1 0.6102788820560694 0.5266597628164588 0.00833643601654488 0.00868640431844181
0 0.19534114685544454 0.4981239264553684 0.009934122222919006 0.00716715234796389
1 0.7972172228506391 0.5383248243211964 0.011034769551973023 0.010492480500845391
1 0.3113415240687484 0.5116190389163905 0.023908651935680203 0.022733765886176593
0 0.28813576140171415 0.5043219246324937 0.011893999040566872 0.01054987071503044
0 0.27478782109478095 0.5038409330053928 0.012813530119817285 0.011424330629723756
0 0.36558528109325755 0.5078529518274528 0.008336436016544768 0.00868640431844181
0 0.3483709270039188 0.5071137121792513 0.010115187799489056 0.00961813553105284
0 0.3368923053897318 0.5047049931895522 0.009014599928568623 0.006292811349537963
0 0.2333877851865675 0.49738109936316544 0.008095018176084823 0.005418466379745468
1 0.5160374322340836 0.5166705708801466 0.006557615990566701 0.007754550218197043
0 0.455402828019527 0.5134416108484927 0.007537558791840704 0.009445968859863818
0 0.48685452364388776 0.5143108144183102 0.00833643601654488 0.008686404318441698
0 0.3773354966798496 0.506585255500652 0.010853703975402862 0.008041497317756385
0 0.7485742817922013 0.5305602320097287 0.0074169049372943 0.00781194440374855
1 0.5547391494714023 0.5245921483552409 0.023908711393813675 0.02273376985754283
0 0.49891361532548006 0.514705780182267 0.013672759608411245 0.011481720843908971
0 0.7327090394048931 0.5290900575120147 0.011893939582433344 0.010549866743664316
1 0.7081985487566236 0.5336105697280826 0.024828233688164114 0.023608110855968922
0 0.9162709334252442 0.5397086113471372 0.007477265986084225 0.008629018075622885
1 0.862946762545669 0.542715074436519 0.024767881424274107 0.022791156100361643
0 0.840170580501415 0.5354467127321653 0.01017559952151259 0.010435094258026467
0 0.8255942164685145 0.5340625660832785 0.010115247257622695 0.009618139502419187
0 0.9000968744010696 0.5365757787300318 0.009014540470435262 0.0062928073781715055
0 0.8862287909540044 0.5372915241292493 0.009255958310895096 0.009560745316867902
0 0.9313976552441885 0.5394874266613179 0.011833587318543448 0.009732911988057036
0 0.1286778326836137 0.4829980728460538 0.010672647183732994 0.005590633050934546
1 0.7791596122082511 0.5256244885946167 0.010672647183733064 0.005590633050934546
1 0.5686835030522186 0.5111556789067231 0.005819159272786423 0.009331192402859956
1 0.5128952466364414 0.5066084475991404 0.0074169049372943 0.007811944403748439
1 0.18473768307179594 0.4838688888371366 0.007296170680447578 0.006178032906850706
1 0.6375711418223019 0.5137043424674924 0.007477265986084447 0.008629018075622774
1 0.33742839612879166 0.4916044888552239 0.008155370439974718 0.006235421135352748
0 0.31892520219901205 0.4907791044276111 0.009074952192458574 0.007109766105145077
0 0.9371262817286901 0.5320703925347591 0.006617977039356848 0.00857162389007149
1 0.4985904617114125 0.501547884640912 0.00901457019950197 0.00629280936385479
1 0.15223860564860442 0.4796456649858698 0.007477236257017655 0.008629016089939712
1 0.7843680647254414 0.5194042043732265 0.008095015979859732 0.0054184366506786485
1 0.588807433483613 0.5075737002894731 0.005698448156331359 0.007697193704444882
1 0.539433072356899 0.5038653779022002 0.006497263726676805 0.006937595462589652
1 0.48876992755353993 0.5000709593004824 0.00987376995902911 0.0063501975923565546
0 0.37873078827654916 0.49354212453029245 0.009994476683033993 0.007984136832638045
1 0.6928019388538351 0.5141092908665865 0.005758807008896527 0.008514237647252565
1 0.3044695437920041 0.4877610334029764 0.0074168476753857515 0.007811970161449022
0 0.5318510725823542 0.5013064018124143 0.008276079360204802 0.007869390104700724
0 0.36682254972184014 0.49110474016256744 0.011954357893131984 0.011366914657838179
0 0.5490654850317139 0.5020456602965153 0.011893941778658323 0.010549896472730969
0 0.7330569629691828 0.5126929221175807 0.01177323505465333 0.008915957232449756
0 0.6535197537453363 0.5082014368881678 0.011034773944423093 0.010492539958978808
0 0.8998340923078755 0.5226008699677775 0.010115247257622695 0.009618139502419187
0 0.07692996889314532 0.4705104931261293 0.011396900705112997 0.015394446867023404
0 0.8870364789598069 0.5205145598848208 0.012014650698888518 0.012183865442079167
1 0.7840822642622985 0.5115854357969372 0.006557620383016882 0.0077546096763305705
0 0.15339247611050644 0.46987051654780665 0.006618006768423668 0.008571625875754496
1 0.10141743703353687 0.4721460760060051 0.024767866559740795 0.022791155107520167
1 0.42965842435600043 0.48791252843684885 0.011095126208312989 0.01130949471458631
1 0.5535656503743938 0.4937255732142213 0.00569845035255645 0.007697223433511646
0 0.44202642186165964 0.48997015827724644 0.010537671216518996 0.015337056652838243
0 0.20037027051180484 0.4709557336744017 0.0075375885209076066 0.009445970845546992
0 0.18622348929790955 0.469600309875991 0.010054835535599022 0.008801180775445727
0 0.16787119528483835 0.466732480094068 0.009074922463391838 0.007109764119462014
1 0.2833816181582637 0.4810158829255131 0.023908651935680203 0.022733765886176538
1 0.35140289830871113 0.47775951031415265 0.008276079360204802 0.007869390104700724
0 0.33805498992706984 0.47727849094366803 0.009195665505138673 0.008743794532626803
0 0.3204713799459991 0.47569351224556633 0.010115187799488945 0.009618135531052896
1 0.46485582154819927 0.4906739935907153 0.023908654131905238 0.022733795615243357
0 0.4796966856420921 0.4826340066281736 0.008095013783634752 0.005418406921611718
0 0.6561736506905107 0.49565290923912336 0.009255958310895207 0.009560745316867902
0 0.5496618674784177 0.488128212099747 0.01091406502419301 0.008858570989630887
0 0.533216214481838 0.48867179479914147 0.011155482864653066 0.012126508928327173
0 0.5182705582394638 0.4864419963018717 0.010115247257622584 0.009618139502419243
1 0.6781207760837784 0.5024554479450887 0.023908713590038766 0.022733799586609593
0 0.64122805390627 0.49342311471321976 0.010054894993732688 0.008801184746811963
1 0.8629714857060662 0.5131600702512722 0.023908711393813786 0.02273376985754283
0 0.9004304758526918 0.5086834069064757 0.010974417288083016 0.009675525745238112
0 0.8870825696672755 0.5082023578069244 0.011893943974883525 0.010549926201797843
0 0.8257094724171967 0.5032820703064871 0.0091956060470052 0.008743790561260567
0 0.9534831122179954 0.50935336310496 0.009934181681052645 0.007167156319330292
1 0.3816722234987189 0.46541345885033836 0.008095013783634697 0.005418406921611829
0 0.12676579815370792 0.4504401375286593 0.009255988039961888 0.009560747302550965
0 0.18779982831230818 0.45410623932330096 0.01103477394442301 0.010492539958978975
0 0.5632068121759488 0.47425457215201616 0.008215722703864614 0.007052375890959917
0 0.5026325453607488 0.4702086563719134 0.007356522944337585 0.006994987662457985
0 0.33923190738987485 0.46134721916985655 0.011095126208312989 0.01130949471458631
1 0.7329911555375198 0.4843633797948116 0.007296200409514286 0.0061780348925338235
0 0.533564078587994 0.47227465543334124 0.0091956060470052 0.008743790561260512
0 0.7471982934077551 0.48490178937948125 0.008215722703864836 0.007052375890959972
1 0.6132219989282957 0.4751321419643393 0.009813472760822672 0.005533187349982149
1 0.1935284547968097 0.4466892051967421 0.008893861279271859 0.0046588403945064805
0 0.9298406034793975 0.4962799374850927 0.009074892734325157 0.007109762133778841
0 0.8869103159699163 0.4930020169112592 0.00901454047043504 0.006292807378171561
0 0.8388247726413639 0.4893797332659806 0.00919560604700509 0.008743790561260623
0 0.8994292304530425 0.4930171726611212 0.01195429623877331 0.011366880957405012
0 0.6553835875412426 0.47712721046150997 0.012014652895113387 0.012183895171145986
1 0.1048488425582311 0.44322910608393623 0.02384831453632366 0.0219168121234109
1 0.9642320251430296 0.49241939883237174 0.004718571401866045 0.00600586822134469
1 0.599987697868684 0.46726953938131177 0.008034661519744746 0.004601452166004494
0 0.17201092818519312 0.4399153754695612 0.00821572270386467 0.007052375890959861
0 0.15728365984313425 0.4405737336331183 0.008457144936774769 0.010320373287789897
1 0.7392700781537065 0.4753410400912471 0.009813472760822561 0.005533187349982038
1 0.4435210548315176 0.45805025623018825 0.010175544455828966 0.010435149744793815
1 0.8325848380363332 0.4803422715129871 0.008893831550205067 0.004658838408823418
1 0.2854940330471888 0.45242130704565325 0.02390865193568026 0.022733765886176593
1 0.6120769678784463 0.4672559980383981 0.008396788280434775 0.009503359074049034
0 0.36849111584288863 0.45098625356807576 0.007537558791840759 0.009445968859863818
1 0.3527164657019991 0.44829059145018346 0.008155370439974774 0.006235421135352692
0 0.5194936247697586 0.4581985412860635 0.010054894993732577 0.008801184746812074
1 0.46616939223582476 0.46120503013314595 0.023908651935680203 0.022733765886176538
0 0.5505458223236337 0.4586305683996185 0.008215722703864725 0.007052375890959972
0 0.7473952702655113 0.47054712608989957 0.008276079360204691 0.00786939010470089
0 0.7160039588303323 0.4688609400210912 0.01091406502419301 0.008858570989630832
1 0.6789745536989368 0.4733662964872971 0.024828238080614184 0.02360817031410256
0 0.7031761704484312 0.4671830924514047 0.00919560604700509 0.008743790561260512
1 0.8629660327345181 0.48401354344382896 0.024828238080614295 0.023608170314102506
0 0.8389011000370237 0.47665904291711336 0.012813585185500798 0.011424275142956686
0 0.9326152688029353 0.4820974448380665 0.01109512620831321 0.011309494714586255
0 0.8260733094588973 0.4749812250764937 0.011095126208312989 0.01130949471458631
1 0.7913285707175611 0.4660923762875717 0.007296200409514508 0.0061780348925339346
1 0.7238131754451618 0.4566567199567245 0.007296200409514397 0.0061780348925339346
0 0.9117775442579115 0.45443301549293613 0.006557620383016882 0.0077546096763305705
0 0.4940438345466983 0.4228368885074214 0.010672642791283049 0.005590573592800907
0 0.1037746509673851 0.3934857127905139 0.009934137087452388 0.007167153340805588
1 0.06391195271778925 0.38959163903659005 0.007175446895684175 0.0045440629446610314
0 0.16397965749840324 0.39668594897885 0.00993412222291895 0.00716715234796389
0 0.20571166109612013 0.39865232435461134 0.009074922463391866 0.00710976411946207
1 0.08333468971881092 0.38965742646339957 0.009813428167222402 0.005533184371457445
0 0.176958320460396 0.3963212897504096 0.008276079360204719 0.007869390104700835
0 0.11632371404961432 0.3930923594478225 0.01097441728808296 0.009675525745238056
0 0.19331347039775754 0.39700320062824257 0.010054865264665869 0.00880118276112879
0 0.9362809333079809 0.44416488903367335 0.008954183814095185 0.005475793164430642
0 0.3734686991145699 0.406983691463962 0.010853708367852988 0.008041556775890024
0 0.3261820286182714 0.4042358122466094 0.009195665505138673 0.008743794532626914
0 0.2827919502325484 0.40133767394348696 0.008336436016544768 0.008686404318441698
0 0.4749157549034264 0.4129385933984825 0.009135308848798818 0.007926780318885884
0 0.31372346859526035 0.4034036720120733 0.010175544455829078 0.01043514974479387
1 0.9739281500875102 0.4429848607203488 0.004718571401866267 0.006005868221344746
0 0.6422733565057492 0.4208327582938702 0.00815537043997483 0.006235421135352692
1 0.438150812417169 0.4080199183193105 0.0056984503525565056 0.007697223433511757
1 0.08464655865580482 0.38358738695966654 0.00987378482356241 0.006350198585198308
0 0.5639947834575569 0.4168358635069222 0.011893943974883303 0.010549926201797843
1 0.9302291658777202 0.4384240583407857 0.008155370439974718 0.006235421135352692
1 0.44855186123604696 0.40748309341252253 0.005758807008896527 0.00851423764725262
0 0.6870428097164231 0.4225915200557926 0.008336436016544768 0.008686404318441754
1 0.6582894244870988 0.42026048247306613 0.007416909329744259 0.007812003861882022
1 0.7489963792301322 0.4254980246014206 0.006557620383016882 0.007754609676330515
0 0.6711775695253399 0.4211213158290117 0.007537618249974565 0.00944597283123011
0 0.8693460081029867 0.4327154794770838 0.010115247257622584 0.009618139502419243
1 0.617997120445381 0.4163377440857476 0.0058795159291265 0.010148206616600652
0 0.854400411318746 0.4304856849511803 0.007477265986084447 0.008629018075622885
0 0.16184755671246306 0.3846387675791941 0.007537588520907579 0.009445970845546992
0 0.9175522625479942 0.4347037644239474 0.011893943974883192 0.010549926201797788
1 0.799011563786254 0.4263756241428106 0.008396788280434775 0.009503359074048923
1 0.140434810679132 0.388134677725383 0.02298909991226311 0.02185942290206727
0 0.1180882477716249 0.3808949516699881 0.01097441728808296 0.009675525745238167
0 0.17749439413869747 0.3832208141523066 0.009135279119731887 0.007926778333202822
1 0.4468866848498407 0.40080371624196653 0.008336436016544657 0.008686404318441698
1 0.28320730232231145 0.3898711365928237 0.007477206527950808 0.008629014104256538
1 0.3503232909076507 0.39886959269539113 0.022989070183196347 0.021859420916384098
1 0.7606187842982941 0.4201166830007733 0.006738685959586821 0.010205592859419632
1 0.6267933770672347 0.4083045595094127 0.008034661519744746 0.004601452166004605
0 0.38658402906780404 0.3930813564091386 0.009014599928568678 0.006292811349537852
1 0.7969469509839208 0.4192590447582915 0.009813472760822783 0.005533187349982094
1 0.7845860848055285 0.4229490311467719 0.008758915041124693 0.014405265982093463
0 0.375014876861557 0.39189809928191716 0.008215722703864725 0.007052375890959972
1 0.4991475477848657 0.40634691198478634 0.022989070183196347 0.021859420916384098
0 0.7326571703030236 0.412912435602778 0.006557620383016882 0.007754609676330626
0 0.6874883082090645 0.41071650334164256 0.009255958310895096 0.009560745316867736
1 0.673861704256818 0.40816428504446317 0.007296200409514175 0.006178034892533879
0 0.6565869384454556 0.4082419961805027 0.01091406502419301 0.008858570989630776
0 0.6432088539318692 0.4081694541878217 0.01017560391396255 0.010435153716160106
0 0.748582707692313 0.41356562164445176 0.0091956060470052 0.008743790561260512
1 0.7102946641890385 0.41757641739725954 0.023908711393813897 0.02273376985754283
0 0.8698217443819315 0.4204319596274296 0.010974417288083016 0.009675525745238
0 0.85607442931323 0.41951374002866515 0.010974417288083016 0.009675525745238
0 0.9333127072962584 0.425904227784517 0.009557732807695118 0.013645697469304996
1 0.8934873276542745 0.4273492936262985 0.023908711393813675 0.02273376985754272
1 0.7958924527223565 0.41015740924080596 0.006497263726676916 0.006937595462589652
0 0.13598956059144007 0.36649126937293475 0.006557650112083618 0.007754611662013633
0 0.2860422923768976 0.37487165747544027 0.009014599928568678 0.006292811349537852
0 0.10889429474372206 0.36509199769609424 0.014471602711598378 0.010722094858670095
1 0.0892230153309234 0.3625465921818678 0.0056984503525565056 0.007697223433511702
1 0.18035954765692022 0.36781282693521106 0.007416879600677606 0.007812001876198793
0 0.12104393407813266 0.3642614728613481 0.007477221392484204 0.008629015097098125
0 0.5655870805429668 0.38943808609719743 0.00901454047043504 0.00629280737817145
0 0.30125951725506006 0.37342497921239337 0.00839678828043472 0.009503359074049034
1 0.268669924104342 0.37042721821644586 0.004839220863962546 0.007639833219326542
1 0.715609621331946 0.39822695058466495 0.008095013783634752 0.005418406921611718
0 0.5523297049496105 0.3877315751351683 0.008276079360204691 0.007869390104700835
0 0.3606354852939626 0.3761593488015822 0.008457144936774741 0.010320373287789841
1 0.08663826242827492 0.35662680977822164 0.01023591158425241 0.011252105493242737
0 0.7021036646455708 0.39404078907583795 0.008336436016544768 0.008686404318441698
0 0.8993525787326422 0.40639455096576527 0.012753232921610902 0.01060732038734924
0 0.8710288379766815 0.40409221047581445 0.009255958310895096 0.009560745316867847
0 0.7347536717145375 0.39622156955847765 0.012014652895113387 0.012183895171145986
1 0.26611533990137176 0.36409895793857516 0.0093163744253687 0.010377763501975001
0 0.9307740662997661 0.40767225965677 0.01017560391396255 0.010435153716160106
0 0.9174563362462949 0.406782733179415 0.012753232921610791 0.01060732038734924
0 0.8860952031392859 0.4046880400037361 0.01017560391396255 0.010435153716160217
0 0.13787480542990568 0.3526598628966854 0.008155370439974718 0.006235421135352637
0 0.12099951539222888 0.35317474899972506 0.009255988039961888 0.009560747302550965
0 0.10636277764223001 0.35260764530080435 0.009316344696301923 0.010377761516291883
1 0.43718852749583376 0.37429385090264833 0.009376726689258597 0.011194718257582226
0 0.18111398170269527 0.3576004762831849 0.011155482864652982 0.012126508928327062
1 0.4475593979865417 0.3741655331027307 0.009376726689258819 0.011194718257582281
1 0.20315165584689382 0.36317750952591377 0.023908651935680203 0.022733765886176538
0 0.8556837728510222 0.4014252414793316 0.012934294105730881 0.013058244112304718
1 0.2313404250280905 0.3556185865274569 0.008893861279271859 0.004658840394506536
0 0.36019163762419854 0.36463542322241704 0.009074952192458685 0.007109766105145077
0 0.3459543236220183 0.36450549101555096 0.008336436016544713 0.008686404318441754
1 0.32270243942033616 0.36952059168840085 0.023908651935680203 0.022733765886176593
0 0.28611859223971553 0.3621509354118231 0.011155482864652955 0.012126508928327173
0 0.5682409774881412 0.376889558448153 0.007477265986084336 0.00862901807562294
1 0.5007699934693788 0.378540625482508 0.023848299671790252 0.021916811130569258
1 0.8079301801512146 0.3933095283038123 0.00937666723112518 0.011194714286215934
1 0.780126614460678 0.3898104230441594 0.004839280322096129 0.007639837190692833
0 0.5377692521978961 0.3744437483797889 0.008396788280434886 0.009503359074049034
0 0.6573803605023867 0.3799698440719187 0.008276079360204691 0.00786939010470089
1 0.6805560064956095 0.3876754397049854 0.023908711393813786 0.02273376985754283
0 0.8722430331696318 0.3935000755673942 0.008396788280434664 0.009503359074049034
1 0.832357301263758 0.39576209616478286 0.024707529160384323 0.021974201344754418
0 0.6963163917857402 0.37887589909418873 0.008095013783634752 0.005418406921611774
0 0.9007176611739924 0.3937599399811263 0.010115247257622584 0.009618139502419298
0 0.856928205830276 0.3904246034354071 0.010054894993732688 0.008801184746811908
0 0.931370511498941 0.39375477083776766 0.007356552673404182 0.006994989648141048
0 0.1693424145316776 0.34162535663094346 0.009014570199501887 0.006292809363854679
0 0.34744014471266527 0.350236913047247 0.009014599928568623 0.006292811349537852
0 0.36032828975090647 0.3510977464031926 0.009135308848798651 0.007926780318885995
0 0.18373060091772447 0.33971281176874935 0.006618006768423695 0.008571625875754607
0 0.28775527084969577 0.3458398793816174 0.008336436016544713 0.008686404318441754
1 0.7595214958769032 0.3765293798390871 0.004899636978436206 0.008456851404433807
0 0.49497558928228125 0.3576281192719809 0.00815537043997483 0.006235421135352692
0 0.3028216062832332 0.34643570692385595 0.007537558791840759 0.009445968859863874
1 0.7649181717326596 0.37360577524276894 0.006617977039356848 0.008571623890071434
1 0.6271659665300127 0.3623523862292988 0.008893831550205178 0.004658838408823418
1 0.2704432548410301 0.34057848536701574 0.009195665505138728 0.008743794532626858
0 0.715604168360398 0.36908042377722183 0.012692876265270825 0.009790306173608376
0 0.7350269187060448 0.36914618221959566 0.010054894993732577 0.008801184746812019
0 0.8691540982376793 0.37687338328758585 0.0099945383373925 0.0079841705330711
0 0.9001761791177432 0.3777138917503108 0.0100548949937328 0.008801184746812019
1 0.6200739656889469 0.3590051227476145 0.004899636978436317 0.008456851404433752
1 0.6140594781850564 0.3586033991910511 0.004899636978436095 0.008456851404433752
0 0.8868584490642719 0.3768243652729558 0.011034773944423093 0.010492539958978975
1 0.27009707128681804 0.3335766844251839 0.009014599928568678 0.006292811349537852
0 0.19734300167357066 0.3307698015795393 0.008457144936774769 0.010320373287789841
1 0.14625734592033995 0.33269427238485694 0.02298909991226314 0.02185942290206727
0 0.12348118313306927 0.3254258522152111 0.010115202664022452 0.009618136523894538
0 0.11105282153880336 0.3241852360921336 0.010914065024192995 0.008858570989630832
1 0.7727948444058041 0.366332184936923 0.005577741432326477 0.006063254464163559
1 0.4509002729191759 0.3464740250431395 0.00839678828043472 0.009503359074049034
0 0.3032068097738931 0.33537767866574625 0.01005483553559905 0.008801180775445672
0 0.17079804462584625 0.32776525504760157 0.01195432596784013 0.011366882943088186
1 0.32472432152097624 0.3421515074000855 0.023848299671790252 0.021916811130569258
0 0.28991922831952494 0.33407964309583765 0.010974417288082905 0.009675525745238112
0 0.3767597098220191 0.3390589332317253 0.007537558791840759 0.009445968859863874
0 0.36175372884859675 0.33764612120481274 0.008336436016544768 0.008686404318441698
0 0.5096584315061696 0.3458830367503801 0.01005483553559905 0.008801180775445672
1 0.6812890740924256 0.36022027208107554 0.0247075291603841 0.021974201344754363
0 0.6593418881429118 0.35341774426827743 0.01017560391396255 0.010435153716160162
0 0.7332942543362316 0.35753620303390266 0.008457144936774741 0.010320373287789952
0 0.7195469392675301 0.35661798343513823 0.01017560391396266 0.010435153716160217
0 0.8714085884957934 0.36388765541026163 0.00741690932974437 0.0078120038618819665
1 0.833120544992519 0.3678984511630694 0.025566699190844533 0.02203158758757323
0 0.9316739346223932 0.36627090612108204 0.009135249390665123 0.00792677634751976
1 0.4901309154467708 0.3355475394274781 0.0072357842950407925 0.0053610167074267245
0 0.9220043047736792 0.36275147596820867 0.009813472760822561 0.005533187349982038
0 0.3235348516846481 0.3231886083941922 0.01245139896667724 0.006522364263545799
0 0.11134035348164459 0.30860508270026976 0.007477221392484232 0.00862901509709818
0 0.20118807873608396 0.31378523461443925 0.010054865264665869 0.008801182761128845
0 0.1547605953310042 0.3110947129036803 0.010115187799489 0.009618135531053007
0 0.12729607443514585 0.30884979186056066 0.008336436016544768 0.008686404318441698
0 0.21496560186202232 0.3142949490920164 0.00839678828043472 0.009503359074049034
0 0.3039842886243462 0.31900923440703854 0.009195665505138728 0.008743794532626858
0 0.2893777440670507 0.318033624594089 0.007477206527950808 0.008629014104256594
0 0.4681837889553906 0.3287450155860463 0.01097441728808285 0.009675525745238112
0 0.4953997807840971 0.32851028955731343 0.006497323184810444 0.006937599433955999
0 0.569781731992647 0.33265744144434817 0.007477265986084447 0.00862901807562283
1 0.4431087097918352 0.3233755989356809 0.004778864207622524 0.00682281900558579
0 0.2724651369416702 0.3132094010787003 0.00925601776902868 0.009560749288234083
1 0.04449597128430207 0.2959301822347143 0.004778880930222593 0.006822820122532436
1 0.8384656782673714 0.3481405069726712 0.008215722703864725 0.007052375890959972
0 0.9180934202795028 0.3514065006105396 0.00901454047043515 0.006292807378171561
0 0.7040296226407365 0.3387506438139234 0.007537618249974343 0.00944597283123011
1 0.7824590807411039 0.3407050922537195 0.008893831550204956 0.0046588384088233625
1 0.1280505084809209 0.2986374412085345 0.006557650112083646 0.007754611662013744
1 0.8236407904033607 0.3442767434774195 0.007416909329744481 0.0078120038618819665
0 0.674846650199957 0.3363909428388543 0.012873941841840986 0.012241289356697438
1 0.27300832927893026 0.3058565109875669 0.00889389100833865 0.004658842380189654
0 0.9013991861899042 0.3494704327631363 0.008396788280434886 0.009503359074049034
1 0.6208673877458777 0.3307329706390305 0.005819159272786423 0.0093311924028599
0 0.14231799709513784 0.29835886606031975 0.007477228824750937 0.008629015593518918
0 0.1130445275074985 0.2972246291816219 0.009316344696301923 0.010377761516291883
0 0.20160343082584709 0.30231869726377597 0.01103477394442301 0.01049253995897903
1 0.17844207941244994 0.30610830634508135 0.02298909991226314 0.021859422902067216
0 0.36500406879672087 0.3111801344658328 0.0056984503525565056 0.007697223433511702
0 0.2906824720482859 0.30621599809412403 0.008276079360204691 0.007869390104700835
0 0.8856245360490147 0.346774770645244 0.011215835128543072 0.012943463683934398
0 0.48237666197486695 0.31778822244202704 0.006618036497490543 0.008571627861437725
1 0.38612217385674397 0.31751676297189224 0.023848299671790307 0.021916811130569258
0 0.30314100234223007 0.3070481363429771 0.012813525727367325 0.011424271171590228
1 0.5327984164706077 0.324850610697191 0.024707529160384212 0.021974201344754363
0 0.4976240927140412 0.31593306878685967 0.009135308848798651 0.007926780318885995
1 0.758884028060821 0.3325622963923729 0.007416909329744481 0.0078120038618819665
1 0.7986260359708537 0.33809034035669694 0.01053773067465269 0.01533706062420459
1 0.6519498230860565 0.33075649461708134 0.023788002473583814 0.021099800888194686
0 0.5685088309662341 0.3206676482731941 0.01195429623877331 0.011366880957405123
1 0.9256008029393986 0.3432872287272438 0.0058795159291265 0.010148206616600763
0 0.6748022686753868 0.32530422145933524 0.007416909329744259 0.007812003861882022
1 0.8244254027773058 0.333655885718523 0.007416909329744259 0.007812003861882022
1 0.7504428582558158 0.32994593405976813 0.009316314967235173 0.010377759530608766
1 0.8635868789655745 0.34119770866628985 0.02384835912992378 0.02191681510193555
0 0.9013849829935041 0.33797520427674677 0.011954296238773199 0.011366880957405068
0 0.8877583173868988 0.33542301173726785 0.009994538337392611 0.007984170533071155
0 0.8387833662415825 0.33215184498467454 0.009994538337392611 0.007984170533071155
0 0.9178608121220287 0.3370231441995485 0.011893943974883525 0.010549926201797843
1 0.7676501063545045 0.3249376189229084 0.006557620383016882 0.0077546096763305705
1 0.18731458691107114 0.28535445618473815 0.007296170680447578 0.006178032906850706
0 0.14515298343359065 0.28335938669472593 0.009135279119731887 0.007926778333202822
0 0.20195132466107 0.28592155988365886 0.007356522944337585 0.006994987662457985
0 0.4701453165959157 0.3021929157824049 0.009074952192458574 0.007109766105145077
0 0.3640027958642298 0.29551386850572847 0.009994478879259083 0.007984166561704809
0 0.35154426557028556 0.2946817302568754 0.009135308848798651 0.007926780318885995
0 0.17485605661712694 0.2845223179358851 0.011954325967840101 0.011366882943088297
0 0.158621600735462 0.28220643709586235 0.010175574184895841 0.010435151730476988
0 0.557905352318052 0.30641260966212064 0.009074892734325157 0.007109762133778785
0 0.21928638547441373 0.285026860291579 0.007537588520907634 0.009445970845546992
0 0.5700852145742328 0.3051735806990288 0.009255958310894985 0.009560745316867902
0 0.6900656128919722 0.3115453579686084 0.008276079360204691 0.00786939010470089
0 0.8698515367310024 0.3206801662340364 0.009934181681052534 0.007167156319330237
0 0.7357545927894464 0.31254449175960886 0.008336436016544768 0.008686404318441698
0 0.7206882276268423 0.3119486622316872 0.009255958310895096 0.009560745316867902
0 0.7052224535809528 0.31091566220455247 0.011095126208312878 0.011309494714586199
1 0.265397846592693 0.2803071026898608 0.009316344696301937 0.010377761516291828
0 0.2018465440827845 0.2756518200102891 0.007537588520907579 0.009445970845547047
1 0.1224069841099566 0.27568245842536804 0.023787957879983626 0.02109979790966998
0 0.9300867661837908 0.3234718982940268 0.010115247257622584 0.009618139502419298
0 0.15860736561376987 0.27071123635285643 0.009934151951985798 0.007167154333647063
1 0.33778268565082514 0.28226830792942204 0.0056984503525565056 0.007697223433511702
0 0.14562869369960207 0.27107586510759896 0.01023591901651913 0.011252105989663475
0 0.8562551089107009 0.31771947055905336 0.01195429623877331 0.011366880957405068
1 0.2995549668785987 0.28546211721187253 0.023848299671790196 0.021916811130569314
0 0.3817834124321233 0.28274418589993167 0.009014599928568734 0.006292811349537797
0 0.48362987710426497 0.2891362583336652 0.008336436016544824 0.008686404318441754
0 0.46902333254696954 0.28816064852071555 0.010054835535598938 0.008801180775445727
1 0.31666458278702714 0.27593164969429573 0.00717543203115073 0.004544061951819389
1 0.504717803836118 0.29588139394659496 0.022989070183196514 0.021859420916384154
0 0.5298088262061511 0.28934710274708403 0.00901454047043504 0.0062928073781715055
0 0.5404885727918594 0.29088144703792407 0.010115247257622695 0.009618139502419243
0 0.6913703408732074 0.29972773146864357 0.007477265986084447 0.008629018075622885
1 0.6531426540262728 0.3029215130077104 0.023788002473583703 0.02109980088819463
1 0.7990502296688944 0.30897248091296264 0.010477374018312613 0.014520046410463783
0 0.750346874692208 0.30202486911480264 0.011893943974883303 0.010549926201797899
0 0.7376096147061418 0.2991215894117052 0.008276079360204802 0.007869390104700835
1 0.8700485752431171 0.3063254771867543 0.008155370439974718 0.006235421135352637
1 0.8329286351272116 0.31205635497357154 0.023969068050153863 0.023550784071283692
1 0.7589016518192429 0.2972596482348645 0.008893831550205178 0.004658838408823418
0 0.85795930303713 0.3063390482587347 0.011954296238773199 0.011366880957405068
0 0.22413444575042898 0.2603096209646344 0.006618006768423668 0.008571625875754607
1 0.7225965024054525 0.29196116115591475 0.004778923665756052 0.00682282297695197
1 0.6667478937257852 0.28823088460393925 0.006497263726676916 0.006937595462589652
1 0.12151929400647014 0.2526346374925252 0.005758807008896555 0.008514237647252593
1 0.5337817159833197 0.2764761513267638 0.0064369114627869095 0.006120640706982483
1 0.3317770100261457 0.2642152602941044 0.01177329451278697 0.008915961203815992
1 0.4732074640326529 0.2724302365395026 0.0056984503525565056 0.007697223433511757
1 0.3064605108259053 0.26211381131150213 0.005819159272786534 0.009331192402859845
1 0.6100702911476028 0.28403474443134125 0.008758915041124693 0.014405265982093407
1 0.4814604963919546 0.27174996979768484 0.006738745417720571 0.010205596830785868
1 0.1269159624299599 0.24971103239978631 0.00955776253676191 0.013645699454988142
1 0.18223730711431158 0.24889049020017742 0.007296170680447606 0.00617803290685065
1 0.15401123047390297 0.25111027434756006 0.012195743808300102 0.014634820881784555
0 0.21504527330081163 0.2547764068641102 0.00881927169746477 0.01522228019583427
1 0.3925926798172724 0.2649932371426693 0.007839333288640782 0.013530921012301078
1 0.3319509718082906 0.2560166925968874 0.010672642791282938 0.0055905735928009626
1 0.8307823014158043 0.28851394310184286 0.006617977039356848 0.008571623890071434
1 0.6117443091420867 0.27306279950882617 0.006497263726676805 0.006937595462589707
1 0.633375398482133 0.2724550430449394 0.0064369114627869095 0.006120640706982372
1 0.6862167931389218 0.2759844598043163 0.00569845035255645 0.007697223433511702
1 0.6219269551961158 0.26963781694836975 0.0058795159291265 0.010148206616600819
1 0.9276776459867393 0.2859546371181775 0.008215722703864503 0.007052375890960028
1 0.7528214168908793 0.2685283788946316 0.008215723801977215 0.007052390755493354
1 0.6828260264482607 0.2634426859765122 0.005698450352556561 0.007697223433511757
1 0.27525197524830713 0.23457770373765574 0.00803466151974469 0.004601452166004549
1 0.40118647688075504 0.24216818706278964 0.00889389100833865 0.004658842380189682
1 0.32422689666455684 0.23784886850456585 0.011592228936216975 0.00646497802072693
1 0.31308735810449423 0.23669432134897034 0.009813415498914013 0.00553321310768265
1 0.23876574649152585 0.23173018398442002 0.008954215739386928 0.005475824879180635
1 0.4864292677844249 0.24539873177232524 0.007175432031150786 0.004544061951819417
1 0.4305504818747003 0.24207694746268676 0.010672644987507973 0.0055906033218677265
1 0.5225763848561276 0.24699206284124076 0.008893861279271942 0.004658840394506508
1 0.49680010964417864 0.24527039712219112 0.00889389100833865 0.004658842380189654
1 0.6426473297285727 0.2521383643766508 0.008095015979859621 0.005418436650678593
1 0.5868288982789631 0.2479995955823383 0.009873829417162638 0.006350201563722929
1 0.7915621193940727 0.25839019207450165 0.008034661519744635 0.004601452166004549
1 0.8057692561661955 0.2589286165237047 0.008954186010320053 0.005475822893497406
1 0.7103668651112869 0.2529669459034106 0.00901454047043504 0.006292807378171561
1 0.6140448901076696 0.24776486955360544 0.007597972710089329 0.010262957315904236
1 0.5535611401181085 0.24249347605365001 0.00483928032209624 0.007639837190692916
1 0.7031540958918574 0.2512536474197081 0.00661797484313198 0.008571594161004614
1 0.6919240542725766 0.2513245938413403 0.01017560171773757 0.010435123987093259
1 0.7225164906792767 0.25213640521128955 0.005819159272786534 0.0093311924028599
1 0.5877413211713383 0.24149238309728827 0.007296200409514397 0.006178034892533851
1 0.6237677728182984 0.24471970097861 0.005819159272786423 0.009331192402859873
1 0.14319108315859147 0.21056817122740878 0.009813422931180732 0.005533213604103443
1 0.3352243587573178 0.22339458252215916 0.005758804812671492 0.008514207918185801
1 0.156109410241136 0.21102049772469433 0.008758917237349756 0.014405295711160282
1 0.18691310212277196 0.2089728643911259 0.005698450352556533 0.0076972234335117296
0 0.34056068125107175 0.22128794754598177 0.009678501186058674 0.015279670410019486
1 0.7827374552813061 0.24343293454259088 0.005638095892441575 0.006880238948837658
0 0.8970122421901552 0.25106565034636474 0.005758804812671436 0.008514207918185857
1 0.8583708827072891 0.24232704379299613 0.004839280322096129 0.007639837190692916
1 0.9028687408474454 0.24776223573595194 0.010477376214537482 0.014520076139530491
0 0.4526891630794678 0.20537826832824352 0.008276079360204747 0.007869390104700807
1 0.27936319660601505 0.18477015005501235 0.007175432031150786 0.004544061951819417
0 0.6888900219273038 0.20473437540488143 0.008893831550205067 0.00465883840882339
1 0.747866554648192 0.20703152791557392 0.008034661519744746 0.004601452166004494
1 0.8334786058360437 0.2111077522168761 0.007175491489284425 0.004544065923185708
1 0.19443100474666453 0.15980335983619373 0.004778896132914351 0.006822850720335671
1 0.35224680078512427 0.16829175570992957 0.007175432031150841 0.004544061951819389
0 0.4710289173873244 0.1733519580523701 0.010672644987507973 0.0055906033218677265
1 0.24720489765342546 0.15840215872305868 0.01165255366726517 0.007281960519717912
1 0.6717749552435524 0.18511828638594813 0.008215724900089705 0.007052405620026764
0 0.6608466881210717 0.18110428065514317 0.008095015979859732 0.005418436650678621
1 0.788100211216468 0.18837235705921773 0.015149796352688982 0.008328503875449339
1 0.7753025989665119 0.18628603211172762 0.006376557002671923 0.005303656222308328
1 0.7108316965452485 0.18239035757433666 0.006557620383016882 0.007754609676330515
1 0.6959162758929529 0.17975208567062947 0.00741690932974437 0.0078120038618819665
1 0.6217455663929179 0.17274547322270217 0.004899634782211115 0.00845682167536696
1 0.6771343533691638 0.176855544924239 0.00937666723112518 0.011194714286216018
1 0.714382102905387 0.17523832727580171 0.00901454047043504 0.006292807378171561
0 0.12444443940062139 0.13706636612896184 0.006618004572198646 0.00857159614668776
1 0.7926909115436578 0.17882674865631232 0.007296200409514397 0.006178034892533851
1 0.784498202817292 0.17869004379230627 0.008215724900089705 0.0070524056200267915
1 0.7566041054365826 0.17641641525966462 0.005577741432326477 0.006063254464163559
1 0.1799539661242766 0.13954245598230025 0.009255988039961888 0.009560747302550993
1 0.8529331831365128 0.18736609098813112 0.014095238632991336 0.017200582507560708
0 0.7733586939862962 0.17753549862239387 0.009994538337392722 0.007984170533071128
1 0.973087543236397 0.18553930056049378 0.004899634782211115 0.00845682167536696
1 0.13280392655599838 0.12325688359192746 0.008893861279271886 0.004658840394506522
0 0.6893229669483096 0.15796520277556006 0.008276079360204691 0.007869390104700835
1 0.8322233285680527 0.16381531088821372 0.008215724900089594 0.007052405620026764
1 0.13282698732332232 0.1171007761135541 0.011652553667265114 0.00728196051971787
1 0.4215514721969147 0.13597494161240356 0.008396788280434775 0.009503359074048978
0 0.24860186650773144 0.12196013203866718 0.008893861279271886 0.004658840394506522
1 0.4289150989356775 0.13564576203420425 0.005819159272786478 0.0093311924028599
1 0.576963556416271 0.13609260013920854 0.008095015979859732 0.0054184366506786485
1 0.9730590157311042 0.16254886537404895 0.004778925861981254 0.006822852706018817
1 0.773074543247918 0.1463178026173227 0.01159216947808328 0.006464974049360639
1 0.6651532377098834 0.1403409762471665 0.007477263789859356 0.008628988346556066
1 0.5973662451707415 0.1345817798264194 0.007296200409514397 0.006178034892533796
1 0.8642714385644091 0.15076703851787915 0.00815537043997483 0.00623542113535272
0 0.6050387780080995 0.1359152606085275 0.007658327719260671 0.011079949232844971
0 0.7946452781278492 0.14652703063810998 0.004899634782211115 0.008456821675366988
0 0.8897991483714571 0.15000904353457237 0.007416908780688236 0.0078119964296152755
0 0.7609781119072939 0.1405837294618086 0.009135248841608767 0.007926768915252957
0 0.8031698780248266 0.1421703020005089 0.007356554869629273 0.006995019377207923
0 0.49652273617926024 0.12045700331609141 0.008893889910226271 0.004658827515656286
1 0.5841318857511089 0.12671915840749223 0.009074894930550026 0.007109791862845619
1 0.5953921635095246 0.12623973114715603 0.01073299834951058 0.006407572942008416
1 0.7196987681330802 0.13248995187032503 0.00661797484313198 0.008571594161004642
1 0.7784267792190831 0.13230745780558584 0.006376555904559322 0.005303641357774919
1 0.6417521462626892 0.12399962012086957 0.004899634782211226 0.008456821675366932
1 0.6904181624039281 0.12560811337907227 0.007477263789859356 0.008628988346556052
1 0.11916473665776822 0.08581054455522708 0.008954214641274341 0.005475810014647212
0 0.8138354197669657 0.13220944010175945 0.008336433820319789 0.008686374589374907
1 0.7687872671422928 0.1283795314390091 0.009074894930550026 0.007109791862845605
1 0.7228799439381034 0.12449224396570657 0.008095014881747131 0.005418421786145211
1 0.9729098387637148 0.1411924031283186 0.004778925861981254 0.006822852706018762
1 0.8058841894373059 0.12880478640589002 0.008893830452092577 0.004658823544289981
1 0.24466964639177552 0.09337232683026411 0.009195633579846901 0.008743762817876921
1 0.10747488186544538 0.08626127175830794 0.012075035986182633 0.013000866776969794
1 0.3025384279891845 0.09313244255133979 0.008954244370341091 0.005475812000330357
1 0.24186652678749926 0.08456440411958682 0.009014570199501859 0.006292809363854707
1 0.6062316081247312 0.10808029014755663 0.007416909329744481 0.007812003861882008
1 0.9727748655417823 0.13133116193671107 0.0047789258619809205 0.006822852706018817
0 0.807497792964485 0.11864982942894942 0.007356554869629273 0.006995019377207937
1 0.6417609581418999 0.10634829604211538 0.008893830452092577 0.0046588235442899945
0 0.8265513122059605 0.11786991769750649 0.005819159272786423 0.009331192402859859
0 0.44877082238422794 0.08894237212974002 0.008954244370341091 0.0054758120003303296
1 0.6920104600383943 0.09821032853708081 0.008034660421632145 0.0046014373014711535
1 0.8157969474074909 0.1056573402981182 0.00815536934186234 0.0062354062708192826
1 0.9048457981825075 0.10996311008116169 0.007296200409514175 0.006178034892533837
1 0.8584787127330304 0.10645562172878678 0.007356554869629495 0.006995019377207923
1 0.9276752286962267 0.11066693251578028 0.004839280322096129 0.007639837190692875
1 0.7209750280671562 0.09768189415528163 0.007537618249974232 0.009445972831230137
0 0.3022614091271296 0.0676623553428798 0.009813414400801468 0.005533198243149184
0 0.8267784673918865 0.10310674730105439 0.007537618249974343 0.009445972831230165
0 0.8745853135026651 0.10465785431643826 0.008517498298777348 0.011137342907930559
1 0.12721702028876614 0.04693946655564897 0.007356510276029196 0.00699501639868319
1 0.9724303603432892 0.10093045041631393 0.004899634782211226 0.008456821675366932
1 0.11831602823128357 0.0447029068048722 0.008457143838662237 0.010320358423256466
1 0.6666726257654303 0.07886604227147784 0.006497265922901785 0.006937625191656499
1 0.12711936360548087 0.04241734241473637 0.008155370439974732 0.006235421135352692
1 0.7395473597053075 0.08003895316924958 0.008893830452092577 0.0046588235442899945
0 0.27127833290718795 0.048762022261571836 0.010974417562611138 0.009675529461371485
1 0.6265542256948926 0.06674470991877599 0.008893830452092577 0.0046588235442899945
1 0.369039994386704 0.05200771045211143 0.010115188348545245 0.009618142963319663
1 0.35222508083141413 0.051705617275872716 0.007658268810183333 0.011079952693745412
0 0.4645933021445512 0.05592691069800343 0.013431337375501229 0.008213723447079088
1 0.37907178223507965 0.05062521524389012 0.0074772046062538955 0.008628988091323134
0 0.18587042031974627 0.03607874359491561 0.0089542151903306 0.0054758174469139095
1 0.22920012896902864 0.03979387096407061 0.01189397233130951 0.010549909606814227
0 0.38990244552372644 0.050117089160328004 0.010235897543303396 0.011252115648801193
1 0.4738262451053069 0.05367003720240603 0.007597913801011991 0.010262960776804636
0 0.8183016673852759 0.07175235040334343 0.008095015430803598 0.005418429218411916
1 0.3564163433698364 0.041722825239671024 0.007477204331725773 0.008628984375189795
1 0.31136822019970223 0.03789292227873715 0.006618034301265452 0.008571598132370933
1 0.8584359812077531 0.07196996920435253 0.00895418546126392 0.005475815461230757
1 0.47635943285572313 0.04275548223884314 0.00569845035255645 0.007697223433511716
1 0.6695838554011164 0.05114584826751095 0.006617974843131869 0.008571594161004649
1 0.9721462098794392 0.06971275069510938 0.00477892531292512 0.0068228452737520845
0 0.7951491567565723 0.05789064853997783 0.00661797484313198 0.008571594161004649
1 0.7638181414214871 0.05538745915059565 0.00741690932974437 0.007812003861882001
0 0.7139236655110672 0.05287589435599094 0.007537618799030588 0.009445980263496842
1 0.12130358553715748 0.004262018735904734 0.008034660421632242 0.004601437301471136
1 0.14726093231667048 0.003676318727518475 0.004839235591231866 0.00735263745503695
1 0.10255186942343647 0.0030585853303109504 0.008457143289605992 0.006117170660621901
1 0.09264078705368559 0.0031514406990082082 0.009376705216042974 0.0063028813980164165
1 0.8834151057131827 0.049418334043835596 0.008893830452092577 0.004658823544290001
1 0.23943773610702257 0.00640537922479654 0.008517498024249087 0.011137339191797196
1 0.245693627547688 0.0037369229478528684 0.008276079360204691 0.007473845895705737
1 0.6613627379827769 0.028018717553342697 0.00753761859313451 0.00944597747639683
1 0.7671058225385479 0.03426055936443956 0.00937666805470938 0.01119472543461605
1 0.7908246007245769 0.03461327022533992 0.006738684312418086 0.01020557056261949
1 0.7779062783190142 0.03416093096979804 0.0067990390470613615 0.011022558763426931
1 0.757714890731192 0.03281229469306079 0.00937666805470938 0.01119472543461604
1 0.7491227742196535 0.0322384044653083 0.007658327993788738 0.011079952948978348
1 0.24448821313224134 8.917294557046009e-05 0.013370982640858009 0.00017834589114092017
1 0.8587926568842759 0.03792150994044809 0.00839678876085903 0.009503365577282354
1 0.3683954250410537 0.002472418177903237 0.006376615637221028 0.004944836355806474
1 0.32924105021077293 0.0020842392158701563 0.01251175308363206 0.0041684784317403125
1 0.876436652324221 0.03868948895244211 0.007718682728431903 0.011896941149785761
1 0.4330775392358692 0.0033292266110843353 0.00809501515627531 0.0054184255022785635
1 0.9718017640018156 0.0393120450041452 0.0047789255874528536 0.006822848989885444
0 0.41220795653136766 0.00110507162417753 0.008954244713501314 0.00221014324835506
1 0.9522209660806504 0.03554113455244966 0.009934183551275289 0.007167181635488691
1 0.441451252742347 0.002431786844512163 0.005698450283924517 0.004863573689024326
1 0.45090256903057074 0.0031846138227774497 0.007537559169316976 0.006369227645554899
