1 0.67166668176651 0.9979491233825684 0.008333325386047363 0.004101753234863281
1 0.9100000262260437 0.9975389838218689 0.008333325386047363 0.004922032356262207
1 0.8812500238418579 0.9975389838218689 0.007500052452087402 0.004922032356262207
1 0.7762500047683716 0.9975389838218689 0.009166717529296875 0.004922032356262207
1 0.44874998927116394 0.9975389838218689 0.0091666579246521 0.004922032356262207
0 0.46875 0.9946677684783936 0.005833327770233154 0.007383108139038086
1 0.8174999952316284 0.9926168918609619 0.009999990463256836 0.004922032356262207
1 0.7733333110809326 0.9917965531349182 0.008333325386047363 0.004922032356262207
0 0.4804166555404663 0.9930270910263062 0.005833327770233154 0.007383108139038086
1 0.3608333468437195 0.9926168918609619 0.011666655540466309 0.006562709808349609
1 0.903333306312561 0.9909762144088745 0.009999990463256836 0.004922032356262207
1 0.5179166793823242 0.9909762144088745 0.009166717529296875 0.004922032356262207
1 0.38333332538604736 0.9901558756828308 0.008333325386047363 0.004922032356262207
1 0.31833332777023315 0.991386353969574 0.006666660308837891 0.007383108139038086
1 0.42750000953674316 0.9893355369567871 0.008333325386047363 0.004922032356262207
1 0.38874998688697815 0.9917965531349182 0.005833327770233154 0.009844183921813965
1 0.8345833420753479 0.9897456765174866 0.01250004768371582 0.007383108139038086
1 0.32499998807907104 0.9897456765174866 0.004999995231628418 0.007383108139038086
0 0.6175000071525574 0.9889253377914429 0.006666660308837891 0.007383108139038086
1 0.9416666626930237 0.9868744611740112 0.009999990463256836 0.004922032356262207
1 0.7691666483879089 0.9876948595046997 0.009999990463256836 0.006562709808349609
1 0.6299999952316284 0.9876948595046997 0.008333325386047363 0.006562709808349609
1 0.4449999928474426 0.9856439828872681 0.008333325386047363 0.004101753234863281
1 0.021250000223517418 0.9864643216133118 0.010833334177732468 0.005742430686950684
1 0.4358333349227905 0.9844134449958801 0.004999995231628418 0.006562709808349609
1 0.47333332896232605 0.9823625683784485 0.006666660308837891 0.007383108139038086
1 0.737500011920929 0.9811320900917053 0.006666660308837891 0.006562709808349609
1 0.8708333373069763 0.97826087474823 0.011666655540466309 0.005742430686950684
1 0.5020833760499954 0.977030336856842 0.007500022649765015 0.004922032356262207
1 0.527916669845581 0.9766201972961426 0.009166717529296875 0.005742430686950684
0 0.6787499785423279 0.9778506755828857 0.00583338737487793 0.011484861373901367
1 0.05833333358168602 0.9745693206787109 0.0066666677594184875 0.006562709808349609
1 0.9962499737739563 0.9725184440612793 0.007500052452087402 0.004101753234863281
0 0.6358333230018616 0.9753896594047546 0.008333325386047363 0.009844183921813965
1 0.9516666531562805 0.9721083045005798 0.006666660308837891 0.004922032356262207
1 0.042916666716337204 0.9741591215133667 0.012500002980232239 0.01066446304321289
1 0.9587500095367432 0.9708777666091919 0.00583338737487793 0.005742430686950684
1 0.9662500023841858 0.9700574278831482 0.007500052452087402 0.005742430686950684
1 0.44333332777023315 0.9692370891571045 0.004999995231628418 0.005742430686950684
1 0.6079166531562805 0.9688268899917603 0.007500052452087402 0.006562709808349609
1 0.887499988079071 0.9675964117050171 0.006666660308837891 0.005742430686950684
1 0.46000000834465027 0.9667760729789734 0.009999990463256836 0.005742430686950684
1 0.715833306312561 0.963904857635498 0.006666660308837891 0.004922032356262207
1 0.1262499950826168 0.9680065512657166 0.01083333045244217 0.01312553882598877
1 0.85958331823349 0.9626743197441101 0.009166717529296875 0.005742430686950684
1 0.5241666436195374 0.9630845189094543 0.008333325386047363 0.006562709808349609
1 0.5987499952316284 0.9618539810180664 0.00583338737487793 0.005742430686950684
1 0.8216666579246521 0.9606234431266785 0.006666660308837891 0.004922032356262207
1 0.6729166507720947 0.9606234431266785 0.009166717529296875 0.004922032356262207
1 0.9320833086967468 0.960213303565979 0.007500052452087402 0.005742430686950684
1 0.6183333396911621 0.9598031044006348 0.008333325386047363 0.006562709808349609
1 0.4983333349227905 0.9589827656745911 0.009999990463256836 0.004922032356262207
1 0.5141666531562805 0.9569318890571594 0.006666660308837891 0.004101753234863281
1 0.9674999713897705 0.9577522277832031 0.008333325386047363 0.007383108139038086
1 0.7850000262260437 0.9561115503311157 0.011666655540466309 0.005742430686950684
1 0.5849999785423279 0.955291211605072 0.008333325386047363 0.004101753234863281
1 0.9375 0.9540607333183289 0.008333325386047363 0.004922032356262207
1 0.7979166507720947 0.9540607333183289 0.009166717529296875 0.004922032356262207
1 0.9787499904632568 0.9544708728790283 0.009166717529296875 0.007383108139038086
1 0.9266666769981384 0.9532403349876404 0.009999990463256836 0.004922032356262207
1 0.04874999821186066 0.9544708728790283 0.009166665375232697 0.007383108139038086
1 0.60958331823349 0.9524199962615967 0.007500052452087402 0.004922032356262207
1 0.534166693687439 0.9536505341529846 0.009999990463256836 0.009023785591125488
1 0.54708331823349 0.9499589800834656 0.009166717529296875 0.004922032356262207
1 0.7291666865348816 0.9487284421920776 0.008333325386047363 0.004101753234863281
1 0.7195833325386047 0.9491386413574219 0.007500052452087402 0.004922032356262207
1 0.6287500262260437 0.9483183026313782 0.009166717529296875 0.008203387260437012
1 0.5570833086967468 0.9474979639053345 0.009166717529296875 0.006562709808349609
1 0.872083306312561 0.9462674260139465 0.009166717529296875 0.007383108139038086
1 0.5724999904632568 0.9446267485618591 0.008333325386047363 0.004101753234863281
1 0.7833333611488342 0.9429860711097717 0.008333325386047363 0.004101753234863281
1 0.9566666483879089 0.9425758719444275 0.004999995231628418 0.006562709808349609
0 0.9537500143051147 0.9360131025314331 0.009166717529296875 0.004922032356262207
1 0.6870833039283752 0.9327317476272583 0.009166717529296875 0.006562709808349609
1 0.6966666579246521 0.9319114089012146 0.008333325386047363 0.006562709808349609
1 0.7787500023841858 0.929860532283783 0.00583338737487793 0.005742430686950684
1 0.18791666626930237 0.9343724250793457 0.010833323001861572 0.016406893730163574
1 0.9904166460037231 0.9269893169403076 0.007500052452087402 0.004922032356262207
1 0.8995833396911621 0.9269893169403076 0.00583338737487793 0.006562709808349609
0 0.25583332777023315 0.9286300539970398 0.013333320617675781 0.01312553882598877
1 0.30541667342185974 0.9220672845840454 0.007499992847442627 0.006562709808349609
0 0.9679166674613953 0.9187858700752258 0.007500052452087402 0.004922032356262207
1 0.21833333373069763 0.9269893169403076 0.025000005960464478 0.024610280990600586
0 0.3179166615009308 0.9191960692405701 0.010833323001861572 0.01066446304321289
0 0.257916659116745 0.9142739772796631 0.0091666579246521 0.009023785591125488
1 0.04958333447575569 0.9134536385536194 0.007500000298023224 0.007383108139038086
1 0.0037499999161809683 0.911812961101532 0.007499999832361937 0.005742430686950684
1 0.8654166460037231 0.9093519449234009 0.007500052452087402 0.004101753234863281
1 0.9316666722297668 0.9085316061973572 0.008333325386047363 0.004101753234863281
0 0.6100000143051147 0.9093519449234009 0.009999990463256836 0.005742430686950684
1 0.9574999809265137 0.9060705304145813 0.008333325386047363 0.004101753234863281
1 0.8229166865348816 0.9064807295799255 0.007500052452087402 0.004922032356262207
0 0.28833332657814026 0.9085316061973572 0.008333325386047363 0.009023785591125488
1 0.902916669845581 0.9040197134017944 0.00583338737487793 0.004922032356262207
0 0.34166666865348816 0.9036095142364502 0.008333325386047363 0.004101753234863281
1 0.061249999329447746 0.9060705304145813 0.005833331495523453 0.009023785591125488
1 0.9241666793823242 0.9027891755104065 0.006666660308837891 0.004101753234863281
0 0.21041665971279144 0.9027891755104065 0.007499992847442627 0.007383108139038086
1 0.8725000023841858 0.8990976214408875 0.006666660308837891 0.004922032356262207
0 0.4358333349227905 0.9011484980583191 0.008333325386047363 0.009023785591125488
0 0.24541667103767395 0.8999179601669312 0.010833323001861572 0.006562709808349609
1 0.9333333373069763 0.8974569439888 0.006666660308837891 0.004922032356262207
0 0.4516666531562805 0.8978670835494995 0.009999990463256836 0.009023785591125488
0 0.22583332657814026 0.8999179601669312 0.011666655540466309 0.01312553882598877
1 0.8570833206176758 0.8954060673713684 0.00583338737487793 0.005742430686950684
1 0.18916666507720947 0.9003281593322754 0.011666655540466309 0.01722729206085205
0 0.49000000953674316 0.8941755294799805 0.008333325386047363 0.008203387260437012
0 0.2574999928474426 0.8954060673713684 0.011666655540466309 0.012305140495300293
1 0.9825000166893005 0.8921247124671936 0.006666660308837891 0.007383108139038086
1 0.9750000238418579 0.8904839754104614 0.008333325386047363 0.004101753234863281
1 0.40166667103767395 0.8986874222755432 0.021666646003723145 0.02379000186920166
1 0.8987500071525574 0.8880229592323303 0.004166722297668457 0.007383108139038086
1 0.5354166626930237 0.8867924809455872 0.009166717529296875 0.004922032356262207
0 0.2266666740179062 0.8863822817802429 0.009999990463256836 0.01066446304321289
1 0.5687500238418579 0.8826907277107239 0.007500052452087402 0.006562709808349609
1 0.030833333730697632 0.8818703889846802 0.00833333283662796 0.004922032356262207
0 0.45249998569488525 0.8839212656021118 0.009999990463256836 0.01066446304321289
0 0.46291667222976685 0.8814601898193359 0.007499992847442627 0.007383108139038086
0 0.2750000059604645 0.8798195123672485 0.011666655540466309 0.012305140495300293
0 0.289166659116745 0.8773584961891174 0.009999990463256836 0.009023785591125488
0 0.3945833444595337 0.87571781873703 0.007499992847442627 0.007383108139038086
1 0.9954166412353516 0.872026264667511 0.009166717529296875 0.004922032356262207
1 0.3125 0.8810500502586365 0.023333311080932617 0.024610280990600586
0 0.6441666483879089 0.8703855872154236 0.006666660308837891 0.006562709808349609
0 0.21166667342185974 0.8691550493240356 0.008333325386047363 0.009023785591125488
1 0.004166666883975267 0.8650532960891724 0.008333333767950535 0.005742430686950684
1 0.06458332948386669 0.8638228178024292 0.005833331495523453 0.006562709808349609
0 0.5841666460037231 0.8650532960891724 0.009999990463256836 0.01066446304321289
1 0.05666666850447655 0.8630024790763855 0.0066666677594184875 0.006562709808349609
1 0.534166693687439 0.8601312637329102 0.008333325386047363 0.005742430686950684
1 0.18958333134651184 0.8654634952545166 0.010833323001861572 0.016406893730163574
1 0.6145833134651184 0.8666940331459045 0.01916670799255371 0.022149324417114258
0 0.4079166650772095 0.8601312637329102 0.007499992847442627 0.009023785591125488
1 0.9837499856948853 0.8580803871154785 0.010833382606506348 0.006562709808349609
0 0.7279166579246521 0.8560295104980469 0.00583338737487793 0.007383108139038086
1 0.4283333420753479 0.8638228178024292 0.023333311080932617 0.022969603538513184
1 0.351666659116745 0.8543888330459595 0.008333325386047363 0.004101753234863281
0 0.30541667342185974 0.8564397096633911 0.0091666579246521 0.008203387260437012
1 0.6633333563804626 0.85397869348526 0.006666660308837891 0.004922032356262207
1 0.5454166531562805 0.8556193709373474 0.007500052452087402 0.009844183921813965
0 0.45124998688697815 0.8535684943199158 0.007499992847442627 0.009023785591125488
1 0.3633333444595337 0.8515176177024841 0.008333325386047363 0.004922032356262207
0 0.21291667222976685 0.8547990322113037 0.012499988079071045 0.01312553882598877
0 0.67208331823349 0.849056601524353 0.00583338737487793 0.008203387260437012
1 0.6545833349227905 0.8482362627983093 0.00583338737487793 0.006562709808349609
1 0.543749988079071 0.8474159240722656 0.007500052452087402 0.004922032356262207
1 0.2512499913573265 0.8568498492240906 0.024166658520698547 0.02379000186920166
0 0.6645833253860474 0.8461853861808777 0.007500052452087402 0.005742430686950684
0 0.5212500095367432 0.8461853861808777 0.00583338737487793 0.007383108139038086
0 0.5941666960716248 0.8465955853462219 0.008333325386047363 0.009844183921813965
1 0.3737500011920929 0.8470057249069214 0.0091666579246521 0.01066446304321289
0 0.28958332538604736 0.8457752466201782 0.0091666579246521 0.009844183921813965
0 0.2775000035762787 0.8449549078941345 0.009999990463256836 0.008203387260437012
1 0.6945833563804626 0.8433141708374023 0.004166722297668457 0.006562709808349609
0 0.6183333396911621 0.8445447087287903 0.008333325386047363 0.009023785591125488
0 0.4233333468437195 0.8416734933853149 0.008333325386047363 0.008203387260437012
0 0.3216666579246521 0.8429040312767029 0.008333325386047363 0.01066446304321289
0 0.3062500059604645 0.8433141708374023 0.010833323001861572 0.011484861373901367
0 0.8445833325386047 0.8392124772071838 0.007500052452087402 0.006562709808349609
1 0.37416666746139526 0.8383921384811401 0.008333325386047363 0.004922032356262207
0 0.7016666531562805 0.8383921384811401 0.004999995231628418 0.008203387260437012
0 0.4504166543483734 0.8375717997550964 0.007499992847442627 0.006562709808349609
1 0.9437500238418579 0.8363412618637085 0.007500052452087402 0.009023785591125488
1 0.8100000023841858 0.8355209231376648 0.004999995231628418 0.007383108139038086
0 0.4625000059604645 0.8367514610290527 0.009999990463256836 0.009844183921813965
0 0.5950000286102295 0.8355209231376648 0.006666660308837891 0.009023785591125488
1 0.05666666850447655 0.8338802456855774 0.009999997913837433 0.005742430686950684
1 0.49041667580604553 0.8326497077941895 0.005833327770233154 0.006562709808349609
0 0.47833332419395447 0.8338802456855774 0.008333325386047363 0.009023785591125488
1 0.24291667342185974 0.83223956823349 0.005833327770233154 0.007383108139038086
1 0.5337499976158142 0.8293683528900146 0.007500052452087402 0.004922032356262207
0 0.25833332538604736 0.8318293690681458 0.009999990463256836 0.009844183921813965
1 0.1679166704416275 0.8289581537246704 0.007499992847442627 0.004101753234863281
0 0.6183333396911621 0.8297784924507141 0.008333325386047363 0.007383108139038086
1 0.4008333384990692 0.8367514610290527 0.021666646003723145 0.022969603538513184
1 0.6379166841506958 0.8351107239723206 0.01750004291534424 0.02132892608642578
0 0.9775000214576721 0.8264971375465393 0.008333325386047363 0.005742430686950684
0 0.847083330154419 0.8281378149986267 0.00583338737487793 0.009023785591125488
1 0.3070833384990692 0.8264971375465393 0.007499992847442627 0.005742430686950684
0 0.43541666865348816 0.8256767988204956 0.007499992847442627 0.007383108139038086
0 0.42375001311302185 0.8256767988204956 0.007499992847442627 0.007383108139038086
0 0.28833332657814026 0.8277276158332825 0.011666655540466309 0.011484861373901367
1 0.690416693687439 0.8256767988204956 0.007500052452087402 0.009023785591125488
0 0.9162499904632568 0.8248564600944519 0.007500052452087402 0.01066446304321289
0 0.5570833086967468 0.8232157230377197 0.007500052452087402 0.007383108139038086
0 0.5674999952316284 0.8228055834770203 0.008333325386047363 0.008203387260437012
0 0.4633333384990692 0.8219852447509766 0.008333325386047363 0.006562709808349609
0 0.3191666603088379 0.823625922203064 0.011666655540466309 0.011484861373901367
1 0.8820833563804626 0.8269072771072388 0.015833377838134766 0.01968824863433838
1 0.2199999988079071 0.8289581537246704 0.023333340883255005 0.02379000186920166
0 0.59375 0.8191140294075012 0.00583338737487793 0.007383108139038086
1 0.1379166692495346 0.8195242285728455 0.004166662693023682 0.008203387260437012
0 0.25958332419395447 0.8166530132293701 0.007499992847442627 0.007383108139038086
0 0.24666666984558105 0.8162428140640259 0.008333325386047363 0.006562709808349609
0 0.7366666793823242 0.8141919374465942 0.008333325386047363 0.007383108139038086
1 0.8162500262260437 0.8137817978858948 0.00583338737487793 0.008203387260437012
0 0.7508333325386047 0.8117309212684631 0.006666660308837891 0.005742430686950684
0 0.5691666603088379 0.809269905090332 0.004999995231628418 0.007383108139038086
0 0.4345833361148834 0.8100902438163757 0.0091666579246521 0.009023785591125488
1 0.02791666518896818 0.8084495663642883 0.010833332315087318 0.005742430686950684
0 0.5583333373069763 0.8084495663642883 0.008333325386047363 0.007383108139038086
1 0.31958332657814026 0.8080393671989441 0.007499992847442627 0.006562709808349609
0 0.4620833396911621 0.8076292276382446 0.0091666579246521 0.007383108139038086
0 0.44999998807907104 0.8072190284729004 0.006666660308837891 0.008203387260437012
1 0.8241666555404663 0.804347813129425 0.006666660308837891 0.004101753234863281
0 0.42124998569488525 0.8080393671989441 0.007499992847442627 0.011484861373901367
0 0.90625 0.804347813129425 0.00583338737487793 0.007383108139038086
1 0.6662499904632568 0.8039376735687256 0.00583338737487793 0.009844183921813965
1 0.5337499976158142 0.8014765977859497 0.007500052452087402 0.004922032356262207
0 0.49041667580604553 0.8035274744033813 0.0091666579246521 0.009023785591125488
0 0.6183333396911621 0.8022969365119934 0.006666660308837891 0.008203387260437012
1 0.016666668001562357 0.7998359203338623 0.010000000707805157 0.004922032356262207
1 0.8395833373069763 0.8063986897468567 0.015833377838134766 0.01968824863433838
0 0.75 0.7994257807731628 0.006666660308837891 0.005742430686950684
0 0.2445833384990692 0.800656259059906 0.007499992847442627 0.008203387260437012
1 0.6370833516120911 0.8063986897468567 0.01750004291534424 0.02132892608642578
1 0.2770833373069763 0.7990155816078186 0.007499992847442627 0.006562709808349609
0 0.28833332657814026 0.7981952428817749 0.008333325386047363 0.006562709808349609
0 0.8650000095367432 0.796964704990387 0.004999995231628418 0.007383108139038086
0 0.8550000190734863 0.7973749041557312 0.006666660308837891 0.008203387260437012
0 0.43666666746139526 0.796964704990387 0.008333325386047363 0.009023785591125488
0 0.4241666793823242 0.7961443662643433 0.008333325386047363 0.007383108139038086
1 0.40166667103767395 0.8051681518554688 0.021666646003723145 0.025430679321289062
1 0.13875000178813934 0.7945036888122559 0.004166662693023682 0.005742430686950684
0 0.31833332777023315 0.7949138879776001 0.009999990463256836 0.008203387260437012
1 0.5550000071525574 0.7936833500862122 0.004999995231628418 0.007383108139038086
0 0.7558333277702332 0.7928630113601685 0.004999995231628418 0.009023785591125488
0 0.7020833492279053 0.7928630113601685 0.00583338737487793 0.009023785591125488
0 0.6170833110809326 0.7895815968513489 0.007500052452087402 0.007383108139038086
0 0.793749988079071 0.7883511185646057 0.007500052452087402 0.008203387260437012
0 0.7370833158493042 0.7904019951820374 0.007500052452087402 0.012305140495300293
1 0.22083333134651184 0.7965545654296875 0.023333340883255005 0.024610280990600586
1 0.4675000011920929 0.7846595644950867 0.004999995231628418 0.007383108139038086
0 0.25999999046325684 0.7854799032211304 0.008333325386047363 0.009023785591125488
0 0.44208332896232605 0.7842493653297424 0.007499992847442627 0.008203387260437012
0 0.2462500035762787 0.7863002419471741 0.012499988079071045 0.012305140495300293
0 0.862500011920929 0.7834290266036987 0.008333325386047363 0.009844183921813965
0 0.7587500214576721 0.782608687877655 0.004166722297668457 0.008203387260437012
0 0.28999999165534973 0.7805578112602234 0.008333325386047363 0.007383108139038086
0 0.2787500023841858 0.7805578112602234 0.0091666579246521 0.007383108139038086
0 0.5666666626930237 0.7797374725341797 0.009999990463256836 0.007383108139038086
0 0.4350000023841858 0.7805578112602234 0.009999990463256836 0.009023785591125488
1 0.37458333373069763 0.7801476716995239 0.0091666579246521 0.009844183921813965
0 0.3075000047683716 0.7785069942474365 0.006666660308837891 0.006562709808349609
1 0.047083333134651184 0.7793273329734802 0.005833335220813751 0.008203387260437012
1 0.5874999761581421 0.7850697040557861 0.0183333158493042 0.02132892608642578
0 0.4883333444595337 0.7768662571907043 0.008333325386047363 0.006562709808349609
0 0.42250001430511475 0.778917133808136 0.009999990463256836 0.012305140495300293
0 0.4779166579246521 0.7752255797386169 0.007499992847442627 0.008203387260437012
1 0.6879166960716248 0.7748154401779175 0.00583338737487793 0.009023785591125488
0 0.21250000596046448 0.7719442248344421 0.008333325386047363 0.004922032356262207
1 0.13958333432674408 0.7719442248344421 0.004166662693023682 0.006562709808349609
1 0.24583333730697632 0.7686628103256226 0.008333325386047363 0.004922032356262207
1 0.8791666626930237 0.7748154401779175 0.014999985694885254 0.018867969512939453
0 0.7695833444595337 0.7690730094909668 0.00583338737487793 0.007383108139038086
1 0.4012500047683716 0.7768662571907043 0.020833313465118408 0.022969603538513184
1 0.5433333516120911 0.7690730094909668 0.008333325386047363 0.009023785591125488
0 0.4362500011920929 0.7674323320388794 0.0091666579246521 0.009023785591125488
0 0.4241666793823242 0.7674323320388794 0.009999990463256836 0.009023785591125488
1 0.2958333194255829 0.7633305788040161 0.008333325386047363 0.004101753234863281
0 0.46416667103767395 0.7637407779693604 0.006666660308837891 0.006562709808349609
1 0.6516666412353516 0.7641509175300598 0.004999995231628418 0.009023785591125488
0 0.5799999833106995 0.7629204392433167 0.006666660308837891 0.008203387260437012
1 0.5433333516120911 0.7633305788040161 0.008333325386047363 0.009023785591125488
1 0.4554166793823242 0.7612797617912292 0.007499992847442627 0.004922032356262207
0 0.49041667580604553 0.7612797617912292 0.007499992847442627 0.008203387260437012
0 0.6308333277702332 0.7592288851737976 0.006666660308837891 0.005742430686950684
1 0.3579166531562805 0.7575882077217102 0.007499992847442627 0.004101753234863281
0 0.8616666793823242 0.7584085464477539 0.008333325386047363 0.007383108139038086
0 0.8424999713897705 0.7600492238998413 0.008333325386047363 0.01066446304321289
0 0.64041668176651 0.7588186860084534 0.007500052452087402 0.008203387260437012
0 0.7583333253860474 0.7567678689956665 0.006666660308837891 0.009023785591125488
1 0.8212500214576721 0.7538966536521912 0.00583338737487793 0.006562709808349609
1 0.2541666626930237 0.7526661157608032 0.008333325386047363 0.004101753234863281
1 0.04791666567325592 0.7547169923782349 0.005833335220813751 0.008203387260437012
1 0.7420833110809326 0.7522559762001038 0.009166717529296875 0.004922032356262207
0 0.5558333396911621 0.7551271319389343 0.008333325386047363 0.01066446304321289
0 0.5674999952316284 0.7530763149261475 0.008333325386047363 0.008203387260437012
0 0.793749988079071 0.7518457770347595 0.00583338737487793 0.007383108139038086
1 0.6879166960716248 0.7506152391433716 0.007500052452087402 0.004922032356262207
0 0.5804166793823242 0.7522559762001038 0.00583338737487793 0.009844183921813965
1 0.06208333186805248 0.7506152391433716 0.007499996572732925 0.006562709808349609
0 0.44749999046325684 0.7481542229652405 0.008333325386047363 0.004922032356262207
0 0.8420833349227905 0.7485644221305847 0.00583338737487793 0.007383108139038086
0 0.7333333492279053 0.7485644221305847 0.006666660308837891 0.007383108139038086
1 0.6791666746139526 0.7489745616912842 0.004999995231628418 0.008203387260437012
1 0.14041666686534882 0.7489745616912842 0.004166662693023682 0.008203387260437012
1 0.997083306312561 0.7477440237998962 0.00583338737487793 0.007383108139038086
1 0.6116666793823242 0.7543067932128906 0.0183333158493042 0.020508646965026855
1 0.6883333325386047 0.7444626688957214 0.008333325386047363 0.004101753234863281
1 0.5049999952316284 0.744052529335022 0.009999990463256836 0.004922032356262207
0 0.32624998688697815 0.744052529335022 0.007499992847442627 0.004922032356262207
0 0.778333306312561 0.7432321310043335 0.008333325386047363 0.008203387260437012
1 0.04208333417773247 0.7415914535522461 0.007500000298023224 0.006562709808349609
1 0.8974999785423279 0.7473338842391968 0.014999985694885254 0.01968824863433838
1 0.1820833384990692 0.7407711148262024 0.004166662693023682 0.006562709808349609
0 0.21583333611488342 0.7407711148262024 0.009999990463256836 0.009844183921813965
1 0.79666668176651 0.739130437374115 0.004999995231628418 0.008203387260437012
0 0.8395833373069763 0.7362592220306396 0.007500052452087402 0.005742430686950684
0 0.5737500190734863 0.7358490824699402 0.007500052452087402 0.004922032356262207
1 0.1929166615009308 0.7387202382087708 0.0091666579246521 0.01066446304321289
1 0.5833333134651184 0.7346185445785522 0.008333325386047363 0.004101753234863281
1 0.22458332777023315 0.7358490824699402 0.007499992847442627 0.006562709808349609
1 0.5958333611488342 0.7337982058525085 0.008333325386047363 0.004101753234863281
1 0.972083330154419 0.7337982058525085 0.00583338737487793 0.005742430686950684
0 0.3083333373069763 0.734208345413208 0.008333325386047363 0.006562709808349609
1 0.606249988079071 0.7321575284004211 0.007500052452087402 0.004101753234863281
0 0.753333330154419 0.7313371896743774 0.011666655540466309 0.005742430686950684
1 0.6320833563804626 0.7301066517829895 0.009166717529296875 0.004922032356262207
1 0.8120833039283752 0.7309269905090332 0.007500052452087402 0.008203387260437012
1 0.1941666603088379 0.7288761138916016 0.008333325386047363 0.004101753234863281
0 0.320416659116745 0.7313371896743774 0.012499988079071045 0.01066446304321289
0 0.9379166960716248 0.7255947589874268 0.009166717529296875 0.005742430686950684
1 0.37416666746139526 0.7251845598220825 0.008333325386047363 0.004922032356262207
0 0.023749999701976776 0.7260048985481262 0.007500000298023224 0.006562709808349609
0 0.4050000011920929 0.7255947589874268 0.013333320617675781 0.009023785591125488
0 0.23000000417232513 0.7255947589874268 0.008333325386047363 0.009023785591125488
0 0.21666666865348816 0.7268252372741699 0.011666655540466309 0.011484861373901367
0 0.4320833384990692 0.7235438823699951 0.012499988079071045 0.008203387260437012
1 0.2604166567325592 0.721082866191864 0.007499992847442627 0.004922032356262207
0 0.24791666865348816 0.7227235436439514 0.0091666579246521 0.008203387260437012
1 0.28458333015441895 0.7284659743309021 0.024166643619537354 0.024610280990600586
1 0.9820833206176758 0.717391312122345 0.007500052452087402 0.004101753234863281
1 0.8762500286102295 0.7247744202613831 0.014166712760925293 0.018867969512939453
0 0.3070833384990692 0.7186218500137329 0.007499992847442627 0.008203387260437012
1 0.36500000953674316 0.7182116508483887 0.006666660308837891 0.009023785591125488
1 0.2383333295583725 0.716160774230957 0.008333325386047363 0.004922032356262207
1 0.37458333373069763 0.7169811129570007 0.007499992847442627 0.009844183921813965
0 0.565833330154419 0.7112387418746948 0.008333325386047363 0.006562709808349609
0 0.39375001192092896 0.7128794193267822 0.007499992847442627 0.009844183921813965
0 0.768750011920929 0.7128794193267822 0.00583338737487793 0.011484861373901367
1 0.3375000059604645 0.7083675265312195 0.008333325386047363 0.004101753234863281
1 0.7908333539962769 0.7083675265312195 0.006666660308837891 0.005742430686950684
0 0.42250001430511475 0.7100082039833069 0.006666660308837891 0.009023785591125488
0 0.5554166436195374 0.7095980048179626 0.009166717529296875 0.011484861373901367
0 0.4358333349227905 0.7083675265312195 0.008333325386047363 0.009023785591125488
1 0.7574999928474426 0.7063166499137878 0.006666660308837891 0.006562709808349609
1 0.8725000023841858 0.7046759724617004 0.008333325386047363 0.004922032356262207
0 0.5912500023841858 0.7071369886398315 0.009166717529296875 0.009844183921813965
1 0.4570833444595337 0.7128794193267822 0.020833313465118408 0.02132892608642578
0 0.4779166579246521 0.7046759724617004 0.005833327770233154 0.006562709808349609
0 0.6387500166893005 0.7046759724617004 0.010833382606506348 0.008203387260437012
0 0.49000000953674316 0.7038556337356567 0.008333325386047363 0.008203387260437012
0 0.31958332657814026 0.7034454345703125 0.0091666579246521 0.007383108139038086
1 0.9750000238418579 0.7013945579528809 0.006666660308837891 0.004922032356262207
0 0.2629166543483734 0.7038556337356567 0.007499992847442627 0.009844183921813965
0 0.3058333396911621 0.7005742192268372 0.006666660308837891 0.008203387260437012
0 0.7087500095367432 0.6977030634880066 0.007500052452087402 0.005742430686950684
1 0.05833333358168602 0.6972928643226624 0.009999997913837433 0.004922032356262207
1 0.008333333767950535 0.6948318481445312 0.009999999776482582 0.004922032356262207
0 0.5579166412353516 0.6964725255966187 0.010833382606506348 0.009844183921813965
0 0.7450000047683716 0.6936013102531433 0.006666660308837891 0.005742430686950684
1 0.6783333420753479 0.694421648979187 0.004999995231628418 0.007383108139038086
0 0.5920833349227905 0.6940115094184875 0.007500052452087402 0.006562709808349609
1 0.37708333134651184 0.6948318481445312 0.004166662693023682 0.008203387260437012
1 0.07124999910593033 0.694421648979187 0.007499992847442627 0.007383108139038086
1 0.9883333444595337 0.6923707723617554 0.009999990463256836 0.004922032356262207
1 0.22333332896232605 0.7013945579528809 0.023333340883255005 0.022969603538513184
0 0.7545833587646484 0.6931911110877991 0.007500052452087402 0.008203387260437012
1 0.6108333468437195 0.699343740940094 0.0183333158493042 0.020508646965026855
0 0.43666666746139526 0.6923707723617554 0.006666660308837891 0.006562709808349609
1 0.6879166960716248 0.6931911110877991 0.007500052452087402 0.009844183921813965
0 0.4620833396911621 0.6915504336357117 0.0091666579246521 0.008203387260437012
0 0.6295833587646484 0.6915504336357117 0.009166717529296875 0.009844183921813965
0 0.2608333230018616 0.690730094909668 0.009999990463256836 0.008203387260437012
1 0.9641666412353516 0.6870385408401489 0.008333325386047363 0.005742430686950684
0 0.28125 0.6886792182922363 0.014166653156280518 0.009023785591125488
1 0.37583333253860474 0.6866284012794495 0.006666660308837891 0.006562709808349609
0 0.3100000023841858 0.6862182021141052 0.008333325386047363 0.005742430686950684
1 0.32083332538604736 0.6853978633880615 0.006666660308837891 0.005742430686950684
1 0.5325000286102295 0.6841673254966736 0.008333325386047363 0.004922032356262207
0 0.7079166769981384 0.6825266480445862 0.009166717529296875 0.006562709808349609
0 0.5899999737739563 0.681296169757843 0.008333325386047363 0.005742430686950684
1 0.5425000190734863 0.6804757714271545 0.008333325386047363 0.004101753234863281
1 0.8191666603088379 0.6800656318664551 0.006666660308837891 0.006562709808349609
1 0.4020833373069763 0.6882690787315369 0.020833313465118408 0.022969603538513184
0 0.76583331823349 0.6788350939750671 0.006666660308837891 0.007383108139038086
0 0.7524999976158142 0.6788350939750671 0.009999990463256836 0.007383108139038086
1 0.5791666507720947 0.6788350939750671 0.004999995231628418 0.007383108139038086
1 0.7191666960716248 0.676374077796936 0.008333325386047363 0.004101753234863281
0 0.7754166722297668 0.6767842769622803 0.007500052452087402 0.006562709808349609
0 0.25999999046325684 0.6771944165229797 0.009999990463256836 0.007383108139038086
0 0.4633333384990692 0.676374077796936 0.008333325386047363 0.007383108139038086
1 0.5333333611488342 0.6759638786315918 0.006666660308837891 0.009844183921813965
0 0.2916666567325592 0.6739130616188049 0.006666660308837891 0.005742430686950684
0 0.24791666865348816 0.6759638786315918 0.0091666579246521 0.009844183921813965
0 0.2770833373069763 0.6735028624534607 0.0091666579246521 0.009844183921813965
1 0.04874999821186066 0.6702215075492859 0.007500000298023224 0.004922032356262207
1 0.8541666865348816 0.676374077796936 0.014999985694885254 0.018867969512939453
0 0.737500011920929 0.671451985836029 0.006666660308837891 0.009023785591125488
1 0.6866666674613953 0.668990969657898 0.008333325386047363 0.004101753234863281
0 0.7287499904632568 0.6694011688232422 0.010833382606506348 0.006562709808349609
0 0.7087500095367432 0.6706316471099854 0.009166717529296875 0.009023785591125488
1 0.23458333313465118 0.6698113083839417 0.004166662693023682 0.007383108139038086
0 0.8695833086967468 0.6702215075492859 0.007500052452087402 0.009844183921813965
1 0.5616666674613953 0.6755537390708923 0.0183333158493042 0.020508646965026855
0 0.6779166460037231 0.6694011688232422 0.00583338737487793 0.009844183921813965
0 0.8433333039283752 0.6648892760276794 0.008333325386047363 0.004101753234863281
0 0.76541668176651 0.6652994155883789 0.007500052452087402 0.006562709808349609
1 0.4350000023841858 0.6648892760276794 0.008333325386047363 0.005742430686950684
0 0.4241666793823242 0.6648892760276794 0.008333325386047363 0.007383108139038086
0 0.2162500023841858 0.6644790768623352 0.007499992847442627 0.008203387260437012
0 0.628333330154419 0.6652994155883789 0.008333325386047363 0.011484861373901367
0 0.2304166704416275 0.6616078615188599 0.007499992847442627 0.005742430686950684
0 0.2620833218097687 0.6607875227928162 0.007499992847442627 0.007383108139038086
0 0.24833333492279053 0.6607875227928162 0.008333325386047363 0.007383108139038086
1 0.8170833587646484 0.6591468453407288 0.007500052452087402 0.005742430686950684
1 0.36500000953674316 0.6566858291625977 0.008333325386047363 0.005742430686950684
1 0.9712499976158142 0.6550450921058655 0.007500052452087402 0.004101753234863281
0 0.8087499737739563 0.6583265066146851 0.007500052452087402 0.01066446304321289
1 0.37458333373069763 0.6550450921058655 0.007499992847442627 0.004101753234863281
1 0.3154166638851166 0.6644790768623352 0.02249997854232788 0.022969603538513184
0 0.5662500262260437 0.654634952545166 0.007500052452087402 0.006562709808349609
0 0.5554166436195374 0.654634952545166 0.007500052452087402 0.006562709808349609
0 0.5899999737739563 0.6529942750930786 0.008333325386047363 0.006562709808349609
1 0.4020833373069763 0.6591468453407288 0.020833313465118408 0.02379000186920166
0 0.4229166805744171 0.6505331993103027 0.007499992847442627 0.008203387260437012
0 0.4358333349227905 0.6488925218582153 0.008333325386047363 0.006562709808349609
1 0.9904166460037231 0.6472518444061279 0.009166717529296875 0.004922032356262207
0 0.46291667222976685 0.6468416452407837 0.007499992847442627 0.005742430686950684
0 0.4520833194255829 0.6484823822975159 0.0091666579246521 0.009023785591125488
1 0.8533333539962769 0.6517637372016907 0.014999985694885254 0.018867969512939453
1 0.04833333194255829 0.6456111669540405 0.013333335518836975 0.006562709808349609
0 0.2304166704416275 0.6468416452407837 0.010833323001861572 0.01066446304321289
0 0.8887500166893005 0.6427399516105652 0.007500052452087402 0.007383108139038086
1 0.9954166412353516 0.6398687362670898 0.009166717529296875 0.004922032356262207
1 0.752916693687439 0.6402789354324341 0.00583338737487793 0.007383108139038086
0 0.3229166567325592 0.6406890749931335 0.007499992847442627 0.008203387260437012
0 0.3083333373069763 0.6410992741584778 0.009999990463256836 0.009023785591125488
0 0.565416693687439 0.6394585967063904 0.009166717529296875 0.007383108139038086
1 0.6100000143051147 0.6443806290626526 0.0183333158493042 0.020508646965026855
0 0.8554166555404663 0.6333059668540955 0.007500052452087402 0.006562709808349609
0 0.4891666769981384 0.6316652894020081 0.008333325386047363 0.006562709808349609
0 0.23208333551883698 0.6320754885673523 0.007499992847442627 0.007383108139038086
1 0.8162500262260437 0.6320754885673523 0.007500052452087402 0.009023785591125488
0 0.7079166769981384 0.6312551498413086 0.007500052452087402 0.007383108139038086
0 0.47833332419395447 0.6308449506759644 0.008333325386047363 0.008203387260437012
0 0.2629166543483734 0.6312551498413086 0.007499992847442627 0.009023785591125488
0 0.8762500286102295 0.6304348111152649 0.007500052452087402 0.009023785591125488
1 0.2854166626930237 0.6361771821975708 0.02249997854232788 0.022149324417114258
1 0.9629166722297668 0.6263330578804016 0.007500052452087402 0.004101753234863281
1 0.32374998927116394 0.6275635957717896 0.005833327770233154 0.006562709808349609
0 0.3070833384990692 0.629204273223877 0.007499992847442627 0.009844183921813965
1 0.9787499904632568 0.6255127191543579 0.00583338737487793 0.009023785591125488
0 0.628333330154419 0.6222313642501831 0.008333325386047363 0.007383108139038086
0 0.6033333539962769 0.6226415038108826 0.006666660308837891 0.008203387260437012
1 0.4020833373069763 0.6296144127845764 0.020833313465118408 0.022149324417114258
0 0.847083330154419 0.6214109659194946 0.00583338737487793 0.007383108139038086
1 0.4245833456516266 0.6197702884674072 0.007499992847442627 0.005742430686950684
0 0.4358333349227905 0.6201804876327515 0.008333325386047363 0.008203387260437012
1 0.1445833295583725 0.6189499497413635 0.004166662693023682 0.005742430686950684
1 0.89083331823349 0.6246923804283142 0.014999985694885254 0.018867969512939453
1 0.5408333539962769 0.6193601489067078 0.008333325386047363 0.009844183921813965
0 0.4795833230018616 0.6168990731239319 0.007499992847442627 0.006562709808349609
1 0.3558333218097687 0.6123871803283691 0.008333325386047363 0.004101753234863281
1 0.5608333349227905 0.6197702884674072 0.0183333158493042 0.020508646965026855
0 0.29124999046325684 0.6136177182197571 0.010833323001861572 0.009844183921813965
0 0.3087500035762787 0.6115668416023254 0.007499992847442627 0.009023785591125488
0 0.847083330154419 0.6091058254241943 0.007500052452087402 0.005742430686950684
0 0.6770833134651184 0.6132075190544128 0.007500052452087402 0.013945817947387695
0 0.6270833611488342 0.6103363633155823 0.00583338737487793 0.008203387260437012
0 0.8333333134651184 0.6095160245895386 0.009999990463256836 0.008203387260437012
0 0.3216666579246521 0.611156702041626 0.011666655540466309 0.011484861373901367
0 0.2783333361148834 0.611156702041626 0.009999990463256836 0.011484861373901367
0 0.39666667580604553 0.6074651479721069 0.008333325386047363 0.007383108139038086
1 0.9508333206176758 0.6070549488067627 0.008333325386047363 0.008203387260437012
1 0.1991666704416275 0.605004072189331 0.006666660308837891 0.004101753234863281
1 0.5 0.6041837334632874 0.008333325386047363 0.004101753234863281
0 0.4612500071525574 0.6054142713546753 0.010833323001861572 0.008203387260437012
1 0.9733333587646484 0.6013125777244568 0.008333325386047363 0.004922032356262207
0 0.8837500214576721 0.6037735939025879 0.00583338737487793 0.009844183921813965
1 0.0533333346247673 0.6013125777244568 0.009999997913837433 0.004922032356262207
1 0.8145833611488342 0.6025430560112 0.00583338737487793 0.009023785591125488
0 0.24708333611488342 0.6029532551765442 0.007499992847442627 0.009844183921813965
1 0.22499999403953552 0.6091058254241943 0.023333340883255005 0.022149324417114258
1 0.2620833218097687 0.5992617011070251 0.007499992847442627 0.005742430686950684
1 0.06083333306014538 0.6000820398330688 0.004999998956918716 0.007383108139038086
1 0.9945833086967468 0.5992617011070251 0.004166722297668457 0.007383108139038086
0 0.28125 0.5984413623809814 0.010833323001861572 0.009023785591125488
0 0.3933333456516266 0.5976210236549377 0.004999995231628418 0.009023785591125488
1 0.8704166412353516 0.6013125777244568 0.014166712760925293 0.018047571182250977
0 0.6616666913032532 0.5951599478721619 0.008333325386047363 0.005742430686950684
1 0.43041667342185974 0.5988515019416809 0.020833313465118408 0.02132892608642578
0 0.5329166650772095 0.5910582542419434 0.007500052452087402 0.009023785591125488
0 0.46291667222976685 0.589417576789856 0.007499992847442627 0.005742430686950684
1 0.9624999761581421 0.5902379155158997 0.004999995231628418 0.009023785591125488
0 0.4870833456516266 0.5873667001724243 0.010833323001861572 0.006562709808349609
1 0.06333333440124989 0.5861361622810364 0.008333336561918259 0.004101753234863281
1 0.684166669845581 0.5840853452682495 0.004999995231628418 0.008203387260437012
0 0.6766666769981384 0.5865463614463806 0.006666660308837891 0.01312553882598877
1 0.04625000059604645 0.5824446082115173 0.009166665375232697 0.004922032356262207
1 0.036666665226221085 0.5824446082115173 0.0066666677594184875 0.004922032356262207
1 0.02708333358168602 0.5828548073768616 0.009166665375232697 0.005742430686950684
1 0.8075000047683716 0.5824446082115173 0.004999995231628418 0.008203387260437012
0 0.6262500286102295 0.583264946937561 0.007500052452087402 0.009844183921813965
0 0.8541666865348816 0.5824446082115173 0.008333325386047363 0.009844183921813965
1 0.015416666865348816 0.5816242694854736 0.010833334177732468 0.008203387260437012
0 0.8645833134651184 0.5816242694854736 0.007500052452087402 0.009844183921813965
1 0.07708333432674408 0.5791632533073425 0.005833327770233154 0.006562709808349609
0 0.8933333158493042 0.5799835920333862 0.008333325386047363 0.011484861373901367
1 0.8295833468437195 0.5791632533073425 0.015833377838134766 0.01968824863433838
0 0.8462499976158142 0.5713699460029602 0.009166717529296875 0.007383108139038086
1 0.3108333349227905 0.5689089298248291 0.008333325386047363 0.004101753234863281
1 0.059166666120290756 0.5705496072769165 0.00833333283662796 0.007383108139038086
0 0.8837500214576721 0.5705496072769165 0.007500052452087402 0.009023785591125488
1 0.14624999463558197 0.5656275749206543 0.004166662693023682 0.005742430686950684
1 0.26875001192092896 0.5623461604118347 0.005833327770233154 0.005742430686950684
1 0.008333333767950535 0.5570139288902283 0.011666666716337204 0.008203387260437012
1 0.9520833492279053 0.5533223748207092 0.004166722297668457 0.005742430686950684
0 0.23333333432674408 0.5545529127120972 0.008333325386047363 0.008203387260437012
1 0.21791666746139526 0.5541427135467529 0.005833327770233154 0.007383108139038086
0 0.3108333349227905 0.5525020360946655 0.008333325386047363 0.007383108139038086
1 0.023749999701976776 0.5516816973686218 0.007500000298023224 0.005742430686950684
0 0.778333306312561 0.5504512190818787 0.011666655540466309 0.006562709808349609
1 0.39791667461395264 0.5500410199165344 0.007499992847442627 0.005742430686950684
1 0.8550000190734863 0.548400342464447 0.008333325386047363 0.004101753234863281
1 0.824999988079071 0.548400342464447 0.011666655540466309 0.005742430686950684
1 0.7662500143051147 0.548400342464447 0.009166717529296875 0.009023785591125488
0 0.43666666746139526 0.5479901432991028 0.008333325386047363 0.008203387260437012
1 0.07833333313465118 0.5463494658470154 0.008333340287208557 0.004922032356262207
1 0.20374999940395355 0.5508613586425781 0.010833323001861572 0.015586495399475098
1 0.057500001043081284 0.5455291271209717 0.0066666677594184875 0.004922032356262207
0 0.3258333206176758 0.548400342464447 0.006666660308837891 0.012305140495300293
1 0.8075000047683716 0.544708788394928 0.009999990463256836 0.006562709808349609
1 0.7758333086967468 0.54347825050354 0.004999995231628418 0.005742430686950684
1 0.7545833587646484 0.5442985892295837 0.004166722297668457 0.007383108139038086
1 0.06833333522081375 0.5418375730514526 0.006666660308837891 0.005742430686950684
0 0.6262500286102295 0.5414273738861084 0.010833382606506348 0.009844183921813965
1 0.5320833325386047 0.5414273738861084 0.007500052452087402 0.009844183921813965
0 0.23416666686534882 0.5414273738861084 0.008333325386047363 0.009844183921813965
0 0.22083333134651184 0.5418375730514526 0.013333320617675781 0.012305140495300293
0 0.7279166579246521 0.5389663577079773 0.007500052452087402 0.008203387260437012
0 0.7704166769981384 0.5373256802558899 0.00583338737487793 0.006562709808349609
1 0.8045833110809326 0.5344544649124146 0.00583338737487793 0.007383108139038086
0 0.4254166781902313 0.5352748036384583 0.0091666579246521 0.009023785591125488
1 0.4579166769981384 0.5410172343254089 0.020833313465118408 0.022149324417114258
1 0.6837499737739563 0.5344544649124146 0.007500052452087402 0.01066446304321289
0 0.8924999833106995 0.5319934487342834 0.004999995231628418 0.009023785591125488
0 0.6016666889190674 0.5299425721168518 0.006666660308837891 0.008203387260437012
1 0.5833333134651184 0.536095142364502 0.0183333158493042 0.020508646965026855
0 0.6362500190734863 0.5295324325561523 0.009166717529296875 0.009023785591125488
1 0.07999999821186066 0.526661217212677 0.008333340287208557 0.004922032356262207
0 0.2841666638851166 0.5254306793212891 0.011666655540466309 0.007383108139038086
1 0.8270833492279053 0.5299425721168518 0.015833377838134766 0.018047571182250977
0 0.25083333253860474 0.5246103405952454 0.006666660308837891 0.007383108139038086
0 0.8508333563804626 0.5233798027038574 0.008333325386047363 0.008203387260437012
0 0.3420833349227905 0.52173912525177 0.007499992847442627 0.004922032356262207
1 0.3883333206176758 0.5205085873603821 0.006666660308837891 0.004101753234863281
1 0.07124999910593033 0.5213289856910706 0.009166672825813293 0.005742430686950684
0 0.9520833492279053 0.5188679099082947 0.009166717529296875 0.007383108139038086
0 0.41083332896232605 0.5196882486343384 0.008333325386047363 0.009023785591125488
1 0.3787499964237213 0.5188679099082947 0.0091666579246521 0.009023785591125488
0 0.6116666793823242 0.5164068937301636 0.006666660308837891 0.005742430686950684
0 0.6012499928474426 0.5159966945648193 0.007500052452087402 0.006562709808349609
0 0.4645833373069763 0.5172272324562073 0.0091666579246521 0.01066446304321289
0 0.5420833230018616 0.5143560171127319 0.00583338737487793 0.008203387260437012
1 0.9700000286102295 0.5114848017692566 0.008333325386047363 0.004101753234863281
1 0.06624999642372131 0.5110746622085571 0.005833327770233154 0.004922032356262207
1 0.0341666666790843 0.5106644630432129 0.011666664853692055 0.005742430686950684
1 0.2279166728258133 0.518047571182251 0.02416667342185974 0.022149324417114258
0 0.8704166412353516 0.5102543234825134 0.007500052452087402 0.008203387260437012
1 0.8125 0.5098441243171692 0.004999995231628418 0.007383108139038086
0 0.2512499988079071 0.5118950009346008 0.010833323001861572 0.011484861373901367
0 0.8308333158493042 0.5102543234825134 0.008333325386047363 0.009844183921813965
0 0.8912500143051147 0.508613646030426 0.00583338737487793 0.008203387260437012
1 0.5416666865348816 0.5065627694129944 0.006666660308837891 0.005742430686950684
0 0.4104166626930237 0.5073831081390381 0.007499992847442627 0.009023785591125488
0 0.398333340883255 0.5069729089736938 0.009999990463256836 0.008203387260437012
0 0.5112500190734863 0.5057424306869507 0.00583338737487793 0.007383108139038086
1 0.4308333396911621 0.5127153396606445 0.019999980926513672 0.02132892608642578
1 0.8033333420753479 0.5053322315216064 0.006666660308837891 0.008203387260437012
0 0.565833330154419 0.5061525702476501 0.006666660308837891 0.009844183921813965
0 0.4895833432674408 0.5045118927955627 0.007499992847442627 0.006562709808349609
0 0.4541666805744171 0.5045118927955627 0.011666655540466309 0.008203387260437012
0 0.6008333563804626 0.5036915391683578 0.006666660308837891 0.0082034170627594
1 0.5833333134651184 0.5094339847564697 0.0183333158493042 0.01968824863433838
0 0.5558333396911621 0.5020508617162704 0.009999990463256836 0.006562739610671997
1 0.005833333358168602 0.5020508617162704 0.011666666716337204 0.006562739610671997
0 0.6262500286102295 0.5012305229902267 0.007500052452087402 0.006562739610671997
1 0.8462499976158142 0.5057424455881119 0.015833377838134766 0.017227262258529663
1 0.8304166793823242 0.5 0.00583338737487793 0.007383108139038086
1 0.7833333611488342 0.4991796612739563 0.004999995231628418 0.007383108139038086
0 0.7908333539962769 0.49794915318489075 0.008333325386047363 0.008203446865081787
1 0.6879166960716248 0.49712876975536346 0.00583338737487793 0.0082034170627594
0 0.2658333480358124 0.4950779378414154 0.008333325386047363 0.007383108139038086
0 0.25083333253860474 0.49466776847839355 0.006666660308837891 0.006562769412994385
0 0.4091666638851166 0.49302706122398376 0.009999990463256836 0.008203446865081787
0 0.398333340883255 0.49302706122398376 0.008333325386047363 0.008203446865081787
0 0.4891666769981384 0.49138638377189636 0.008333325386047363 0.006562769412994385
0 0.625 0.48974570631980896 0.006666660308837891 0.006562769412994385
1 0.9783333539962769 0.4876948297023773 0.008333325386047363 0.004101693630218506
1 0.9641666412353516 0.4868744909763336 0.008333325386047363 0.004101693630218506
0 0.6354166865348816 0.48892533779144287 0.00583338737487793 0.008203446865081787
0 0.5516666769981384 0.48892533779144287 0.004999995231628418 0.008203446865081787
1 0.9549999833106995 0.4868744909763336 0.004999995231628418 0.005742430686950684
1 0.5204166769981384 0.4860541522502899 0.010833382606506348 0.005742430686950684
0 0.7420833110809326 0.4835931062698364 0.007500052452087402 0.005742430686950684
0 0.24958333373069763 0.4840032756328583 0.005833327770233154 0.008203446865081787
1 0.9800000190734863 0.4811320900917053 0.008333325386047363 0.004101693630218506
1 0.89041668176651 0.481952428817749 0.004166722297668457 0.007383108139038086
1 0.9679166674613953 0.48031172156333923 0.009166717529296875 0.005742430686950684
1 0.8100000023841858 0.481952428817749 0.006666660308837891 0.009023785591125488
1 0.67208331823349 0.4815422594547272 0.007500052452087402 0.008203446865081787
1 0.22833333909511566 0.488515168428421 0.023333340883255005 0.022149324417114258
1 0.9579166769981384 0.4790812134742737 0.009166717529296875 0.004922091960906982
0 0.2829166650772095 0.4811320900917053 0.0091666579246521 0.009023785591125488
1 0.24375000596046448 0.47785070538520813 0.007499992847442627 0.004101693630218506
0 0.40958333015441895 0.47867104411125183 0.0091666579246521 0.007383108139038086
1 0.30416667461395264 0.47703036665916443 0.008333325386047363 0.004101693630218506
0 0.8504166603088379 0.47785070538520813 0.00583338737487793 0.007383108139038086
0 0.6120833158493042 0.47826087474823 0.00583338737487793 0.008203446865081787
1 0.824999988079071 0.4823625981807709 0.014999985694885254 0.018047571182250977
0 0.737500011920929 0.47620999813079834 0.006666660308837891 0.005742430686950684
0 0.7024999856948853 0.47620999813079834 0.006666660308837891 0.005742430686950684
1 0.5820833444595337 0.4831829369068146 0.01750004291534424 0.01968824863433838
1 0.8424999713897705 0.4749794900417328 0.008333325386047363 0.004922091960906982
1 0.5433333516120911 0.4733388125896454 0.006666660308837891 0.004922091960906982
1 0.08041666448116302 0.47210827469825745 0.009166672825813293 0.005742430686950684
1 0.5683333277702332 0.47128793597221375 0.004999995231628418 0.009023785591125488
1 0.0033333334140479565 0.46882691979408264 0.006666666828095913 0.004101693630218506
1 0.746666669845581 0.46554553508758545 0.008333325386047363 0.004101693630218506
1 0.6608333587646484 0.4651353657245636 0.006666660308837891 0.006562769412994385
1 0.67208331823349 0.46308448910713196 0.007500052452087402 0.004101693630218506
0 0.46291667222976685 0.4643150269985199 0.007499992847442627 0.006562769412994385
0 0.8858333230018616 0.4643150269985199 0.008333325386047363 0.008203446865081787
1 0.8475000262260437 0.46390482783317566 0.006666660308837891 0.007383108139038086
0 0.7241666913032532 0.4643150269985199 0.006666660308837891 0.008203446865081787
0 0.31333333253860474 0.4651353657245636 0.009999990463256836 0.00984412431716919
1 0.02708333358168602 0.46226415038108826 0.007500000298023224 0.004101693630218506
0 0.8954166769981384 0.46308448910713196 0.00583338737487793 0.007383108139038086
0 0.8383333086967468 0.4634946584701538 0.006666660308837891 0.008203446865081787
1 0.9633333086967468 0.4618539810180664 0.009999990463256836 0.006562769412994385
1 0.8016666769981384 0.46144381165504456 0.006666660308837891 0.007383108139038086
1 0.004999999888241291 0.460213303565979 0.009999999776482582 0.004922091960906982
1 0.9470833539962769 0.460213303565979 0.00583338737487793 0.006562769412994385
0 0.5637500286102295 0.4618539810180664 0.009166717529296875 0.011484801769256592
1 0.4579166769981384 0.4585725963115692 0.005833327770233154 0.008203446865081787
1 0.7191666960716248 0.4577522575855255 0.004999995231628418 0.008203446865081787
0 0.809166669845581 0.45898276567459106 0.006666660308837891 0.012305140495300293
0 0.3383333384990692 0.45570138096809387 0.009999990463256836 0.005742430686950684
0 0.6808333396911621 0.4585725963115692 0.006666660308837891 0.01312553882598877
1 0.5299999713897705 0.4569319188594818 0.008333325386047363 0.00984412431716919
1 0.6712499856948853 0.455291211605072 0.007500052452087402 0.008203446865081787
0 0.5404166579246521 0.45816242694854736 0.007500052452087402 0.01394587755203247
1 0.3816666603088379 0.4585725963115692 0.008333325386047363 0.014766216278076172
1 0.8237500190734863 0.45816242694854736 0.015833377838134766 0.017227232456207275
0 0.8575000166893005 0.45324036478996277 0.006666660308837891 0.009023785591125488
0 0.2370833307504654 0.45242002606391907 0.005833327770233154 0.007383108139038086
1 0.6287500262260437 0.45734208822250366 0.01750004291534424 0.018867909908294678
0 0.3266666531562805 0.4528301954269409 0.008333325386047363 0.00984412431716919
1 0.28958332538604736 0.4585725963115692 0.02249997854232788 0.021328985691070557
0 0.22166666388511658 0.4536505341529846 0.009999990463256836 0.011484801769256592
0 0.48875001072883606 0.4499589800834656 0.007499992847442627 0.005742430686950684
0 0.43666666746139526 0.4503691494464874 0.008333325386047363 0.006562769412994385
0 0.5537499785423279 0.4507793188095093 0.010833382606506348 0.009023785591125488
1 0.4045833349227905 0.45734208822250366 0.020833313465118408 0.022149324417114258
0 0.6912500262260437 0.4384741485118866 0.007500052452087402 0.007383108139038086
1 0.28458333015441895 0.4376538097858429 0.007499992847442627 0.005742430686950684
0 0.2666666805744171 0.4376538097858429 0.006666660308837891 0.005742430686950684
1 0.0054166666232049465 0.43724364042282104 0.009166666306555271 0.004922091960906982
1 0.9674999713897705 0.4376538097858429 0.004999995231628418 0.007383108139038086
0 0.35374999046325684 0.4368334710597992 0.007499992847442627 0.005742430686950684
1 0.49041667580604553 0.4360131323337555 0.005833327770233154 0.007383108139038086
1 0.47708332538604736 0.4360131323337555 0.005833327770233154 0.007383108139038086
0 0.4633333384990692 0.43642330169677734 0.008333325386047363 0.008203446865081787
0 0.398333340883255 0.4360131323337555 0.009999990463256836 0.009023785591125488
1 0.5416666865348816 0.43396225571632385 0.004999995231628418 0.008203446865081787
1 0.028749999590218067 0.43232157826423645 0.007499998435378075 0.004922091960906982
1 0.6958333253860474 0.43150123953819275 0.006666660308837891 0.004922091960906982
0 0.6108333468437195 0.4351927936077118 0.006666660308837891 0.012305140495300293
1 0.38208332657814026 0.433552086353302 0.0091666579246521 0.009023785591125488
0 0.875 0.4327317476272583 0.004999995231628418 0.009023785591125488
1 0.8420833349227905 0.43478259444236755 0.014166712760925293 0.018047571182250977
1 0.5299999713897705 0.43068090081214905 0.008333325386047363 0.00984412431716919
0 0.7583333253860474 0.42698934674263 0.009999990463256836 0.007383108139038086
1 0.38208332657814026 0.4278096854686737 0.0091666579246521 0.009023785591125488
1 0.37166666984558105 0.4286300241947174 0.008333325386047363 0.01066446304321289
0 0.6329166889190674 0.42657917737960815 0.009166717529296875 0.008203446865081787
1 0.04333333298563957 0.4245283007621765 0.0066666677594184875 0.004101693630218506
0 0.6008333563804626 0.42575880885124207 0.011666655540466309 0.008203446865081787
0 0.5525000095367432 0.4245283007621765 0.006666660308837891 0.005742430686950684
1 0.9958333373069763 0.4237079620361328 0.008333325386047363 0.005742430686950684
1 0.581250011920929 0.4310910701751709 0.01750004291534424 0.02050858736038208
1 0.7900000214576721 0.422067254781723 0.006666660308837891 0.004101693630218506
0 0.29875001311302185 0.42493847012519836 0.007499992847442627 0.00984412431716919
0 0.2529166638851166 0.42493847012519836 0.0091666579246521 0.00984412431716919
1 0.7799999713897705 0.4245283007621765 0.008333325386047363 0.01066446304321289
1 0.43166667222976685 0.42986053228378296 0.019999980926513672 0.021328985691070557
1 0.320416659116745 0.42986053228378296 0.02249997854232788 0.021328985691070557
0 0.2666666805744171 0.422067254781723 0.008333325386047363 0.005742430686950684
0 0.23791666328907013 0.4237079620361328 0.007499992847442627 0.009023785591125488
1 0.7262499928474426 0.4204265773296356 0.007500052452087402 0.005742430686950684
0 0.2279166728258133 0.42001640796661377 0.0091666579246521 0.004922091960906982
0 0.7079166769981384 0.42083674669265747 0.007500052452087402 0.008203446865081787
0 0.06624999828636646 0.4134536385536194 0.009166669100522995 0.006562769412994385
1 0.028333335183560848 0.4093519151210785 0.00833333469927311 0.004922091960906982
0 0.9241666793823242 0.4060705602169037 0.006666660308837891 0.006562769412994385
0 0.8500000238418579 0.40155866742134094 0.008333325386047363 0.004101693630218506
0 0.021666666492819786 0.4019688367843628 0.00833333283662796 0.006562769412994385
1 0.7024999856948853 0.39827728271484375 0.008333325386047363 0.004101693630218506
1 0.909583330154419 0.39417555928230286 0.004166722297668457 0.005742430686950684
0 0.28583332896232605 0.3921246826648712 0.008333325386047363 0.004922091960906982
0 0.6991666555404663 0.3896636664867401 0.006666660308837891 0.006562769412994385
0 0.8045833110809326 0.39007383584976196 0.00583338737487793 0.009023785591125488
1 0.6424999833106995 0.38679245114326477 0.006666660308837891 0.004101693630218506
0 0.918749988079071 0.38761278986930847 0.00583338737487793 0.007383108139038086
1 0.6775000095367432 0.38679245114326477 0.006666660308837891 0.007383108139038086
0 0.5854166746139526 0.3863822817802429 0.007500052452087402 0.008203446865081787
1 0.7362499833106995 0.3843314051628113 0.004166722297668457 0.007383108139038086
0 0.46291667222976685 0.3843314051628113 0.007499992847442627 0.007383108139038086
0 0.8545833230018616 0.3831008970737457 0.00583338737487793 0.006562769412994385
1 0.8204166889190674 0.3880229592323303 0.014166712760925293 0.018047571182250977
0 0.39916667342185974 0.382280558347702 0.006666660308837891 0.006562769412994385
1 0.9958333373069763 0.3806398808956146 0.008333325386047363 0.004922091960906982
1 0.6770833134651184 0.3806398808956146 0.00583338737487793 0.006562769412994385
0 0.5387499928474426 0.382280558347702 0.007500052452087402 0.00984412431716919
1 0.9825000166893005 0.3794093430042267 0.011666655540466309 0.005742430686950684
0 0.7099999785423279 0.37981951236724854 0.004999995231628418 0.008203446865081787
1 0.5291666388511658 0.37899917364120483 0.008333325386047363 0.00984412431716919
0 0.6329166889190674 0.378589004278183 0.007500052452087402 0.01066446304321289
1 0.6037499904632568 0.3814602196216583 0.01750004291534424 0.018047571182250977
0 0.5620833039283752 0.3744872808456421 0.00583338737487793 0.007383108139038086
1 0.997083306312561 0.37161606550216675 0.00583338737487793 0.006562769412994385
0 0.8441666960716248 0.3703855574131012 0.004999995231628418 0.007383108139038086
1 0.43166667222976685 0.3769483268260956 0.019999980926513672 0.02050858736038208
1 0.37041667103767395 0.3687448799610138 0.007499992847442627 0.004101693630218506
0 0.8833333253860474 0.37079572677612305 0.006666660308837891 0.00984412431716919
0 0.4104166626930237 0.3695652186870575 0.0091666579246521 0.007383108139038086
1 0.013333333656191826 0.3679245412349701 0.00833333283662796 0.004101693630218506
1 0.8037499785423279 0.367104172706604 0.007500052452087402 0.005742430686950684
0 0.3141666650772095 0.3679245412349701 0.008333325386047363 0.009023785591125488
1 0.2916666567325592 0.37325677275657654 0.021666646003723145 0.021328985691070557
1 0.23208333551883698 0.37161606550216675 0.02250000834465027 0.021328985691070557
0 0.5754166841506958 0.3621821105480194 0.007500052452087402 0.005742430686950684
1 0.8191666603088379 0.3646431565284729 0.014999985694885254 0.017227232456207275
0 0.45249998569488525 0.3580803871154785 0.008333325386047363 0.007383108139038086
0 0.1629166603088379 0.3564397096633911 0.005833327770233154 0.007383108139038086
0 0.032499998807907104 0.3543888330459595 0.0066666677594184875 0.008203446865081787
1 0.017500000074505806 0.3515176475048065 0.0066666677594184875 0.004101693630218506
0 0.31458333134651184 0.3523379862308502 0.007499992847442627 0.009023785591125488
1 0.7879166603088379 0.3494667708873749 0.00583338737487793 0.006562769412994385
0 0.2549999952316284 0.3502871096134186 0.006666660308837891 0.008203446865081787
1 0.5562499761581421 0.3547990024089813 0.01750004291534424 0.018867909908294678
0 0.23999999463558197 0.3494667708873749 0.008333325386047363 0.008203446865081787
0 0.8141666650772095 0.3470057547092438 0.006666660308837891 0.008203446865081787
1 0.6758333444595337 0.3470057547092438 0.004999995231628418 0.008203446865081787
0 0.7616666555404663 0.345365047454834 0.006666660308837891 0.006562769412994385
1 0.3804166615009308 0.34659555554389954 0.0091666579246521 0.01066446304321289
0 0.4266666769981384 0.34331420063972473 0.006666660308837891 0.005742430686950684
0 0.9666666388511658 0.34249386191368103 0.008333325386047363 0.005742430686950684
0 0.7408333420753479 0.34331420063972473 0.006666660308837891 0.007383108139038086
1 0.4050000011920929 0.3494667708873749 0.019999980926513672 0.01968824863433838
0 0.7079166769981384 0.34249386191368103 0.009166717529296875 0.007383108139038086
1 0.06083333306014538 0.3412633240222931 0.006666664034128189 0.006562769412994385
0 0.3908333480358124 0.3396226465702057 0.008333325386047363 0.004922091960906982
0 0.3291666805744171 0.34085315465927124 0.008333325386047363 0.009023785591125488
1 0.8570833206176758 0.34331420063972473 0.014166712760925293 0.017227232456207275
1 0.2929166555404663 0.345365047454834 0.02249997854232788 0.021328985691070557
0 0.8424999713897705 0.3396226465702057 0.006666660308837891 0.011484801769256592
1 0.8033333420753479 0.34003281593322754 0.006666660308837891 0.012305140495300293
0 0.2241666615009308 0.3396226465702057 0.008333325386047363 0.011484801769256592
0 0.8329166769981384 0.33757176995277405 0.007500052452087402 0.009023785591125488
0 0.26875001192092896 0.33757176995277405 0.010833323001861572 0.009023785591125488
0 0.2395833283662796 0.33675143122673035 0.007499992847442627 0.007383108139038086
0 0.5958333611488342 0.3363412618637085 0.004999995231628418 0.008203446865081787
1 0.2016666680574417 0.33347004652023315 0.008333325386047363 0.004101693630218506
1 0.6662499904632568 0.3347005844116211 0.00583338737487793 0.011484801769256592
0 0.6758333444595337 0.33429041504859924 0.008333325386047363 0.012305140495300293
0 0.6979166865348816 0.33100903034210205 0.00583338737487793 0.007383108139038086
0 0.4375 0.3305988609790802 0.008333325386047363 0.006562769412994385
0 0.7104166746139526 0.33018869161605835 0.009166717529296875 0.007383108139038086
1 0.5395833253860474 0.33018869161605835 0.00583338737487793 0.009023785591125488
1 0.9666666388511658 0.3289581537246704 0.004999995231628418 0.008203446865081787
1 0.95333331823349 0.32690730690956116 0.008333325386047363 0.004101693630218506
1 0.6254166960716248 0.3330598771572113 0.01750004291534424 0.018047571182250977
1 0.528333306312561 0.327317476272583 0.008333325386047363 0.00984412431716919
1 0.9424999952316284 0.3248564302921295 0.006666660308837891 0.006562769412994385
0 0.7541666626930237 0.32280558347702026 0.008333325386047363 0.005742430686950684
1 0.07625000178813934 0.3223954141139984 0.007499992847442627 0.004922091960906982
0 0.8125 0.3232157528400421 0.008333325386047363 0.008203446865081787
1 0.9608333110809326 0.31952419877052307 0.008333325386047363 0.004101693630218506
0 0.7404166460037231 0.3199343681335449 0.007500052452087402 0.008203446865081787
1 0.05874999985098839 0.3170631527900696 0.007500000298023224 0.004101693630218506
1 0.8704166412353516 0.3162428140640259 0.00583338737487793 0.007383108139038086
1 0.4050000011920929 0.32280558347702026 0.019999980926513672 0.02050858736038208
0 0.8604166507720947 0.31583264470100403 0.00583338737487793 0.008203446865081787
1 0.8366666436195374 0.31952419877052307 0.014999985694885254 0.017227232456207275
1 0.7699999809265137 0.31583264470100403 0.004999995231628418 0.00984412431716919
0 0.6070833206176758 0.3129614293575287 0.007500052452087402 0.007383108139038086
1 0.32249999046325684 0.31952419877052307 0.021666646003723145 0.02050858736038208
1 0.6670833230018616 0.31255125999450684 0.007500052452087402 0.008203446865081787
0 0.3004166781902313 0.31255125999450684 0.0091666579246521 0.00984412431716919
0 0.2874999940395355 0.3105004131793976 0.008333325386047363 0.005742430686950684
0 0.2549999952316284 0.3113207519054413 0.006666660308837891 0.007383108139038086
1 0.6429166793823242 0.31091058254241943 0.004166722297668457 0.008203446865081787
1 0.0416666679084301 0.3105004131793976 0.005000002682209015 0.007383108139038086
1 0.9491666555404663 0.30844953656196594 0.008333325386047363 0.004922091960906982
0 0.550000011920929 0.31009024381637573 0.008333325386047363 0.008203446865081787
0 0.7591666579246521 0.3080393671989441 0.008333325386047363 0.005742430686950684
1 0.5166666507720947 0.3063986897468567 0.008333325386047363 0.004101693630218506
0 0.22750000655651093 0.30844953656196594 0.009999990463256836 0.008203446865081787
0 0.6012499928474426 0.30680885910987854 0.007500052452087402 0.008203446865081787
0 0.85916668176651 0.30352747440338135 0.006666660308837891 0.006562769412994385
0 0.8799999952316284 0.3039376437664032 0.006666660308837891 0.009023785591125488
0 0.5945833325386047 0.3031173050403595 0.00583338737487793 0.009023785591125488
1 0.5787500143051147 0.30598852038383484 0.01750004291534424 0.018047571182250977
1 0.528333306312561 0.30188679695129395 0.008333325386047363 0.00984412431716919
1 0.8483333587646484 0.2998359203338623 0.004999995231628418 0.007383108139038086
0 0.8212500214576721 0.3006562888622284 0.00583338737487793 0.009023785591125488
1 0.5370833277702332 0.3031173050403595 0.007500052452087402 0.01394587755203247
1 0.32875001430511475 0.29860541224479675 0.0091666579246521 0.008203446865081787
0 0.7383333444595337 0.2973749041557312 0.008333325386047363 0.007383108139038086
1 0.60958331823349 0.2965545654296875 0.00583338737487793 0.007383108139038086
0 0.30000001192092896 0.29696473479270935 0.008333325386047363 0.008203446865081787
0 0.48750001192092896 0.29450368881225586 0.008333325386047363 0.006562769412994385
0 0.476666659116745 0.29450368881225586 0.008333325386047363 0.008203446865081787
0 0.877916693687439 0.29368335008621216 0.009166717529296875 0.008203446865081787
0 0.4620833396911621 0.2924528419971466 0.007499992847442627 0.005742430686950684
1 0.8354166746139526 0.29696473479270935 0.014166712760925293 0.016406893730163574
0 0.24124999344348907 0.2932731807231903 0.0091666579246521 0.009023785591125488
1 0.38333332538604736 0.29450368881225586 0.008333325386047363 0.01312553882598877
1 0.034166667610406876 0.29040196537971497 0.0066666677594184875 0.006562769412994385
1 0.9904166460037231 0.28958162665367126 0.007500052452087402 0.006562769412994385
1 0.4050000011920929 0.2965545654296875 0.019999980926513672 0.02050858736038208
0 0.596666693687439 0.28876128792762756 0.008333325386047363 0.006562769412994385
0 0.7504166960716248 0.2858900725841522 0.007500052452087402 0.005742430686950684
1 0.7770833373069763 0.28178834915161133 0.00583338737487793 0.007383108139038086
0 0.6854166388511658 0.28260868787765503 0.007500052452087402 0.009023785591125488
1 0.2645833194255829 0.28876128792762756 0.02249997854232788 0.021328985691070557
1 0.24041666090488434 0.2801476716995239 0.007499992847442627 0.005742430686950684
0 0.4612500071525574 0.2801476716995239 0.010833323001861572 0.009023785591125488
1 0.815416693687439 0.2780967950820923 0.009166717529296875 0.006562769412994385
1 0.6508333086967468 0.27686628699302673 0.008333325386047363 0.004101693630218506
1 0.6245833039283752 0.2842493951320648 0.01750004291534424 0.018867909908294678
1 0.527916669845581 0.2756357789039612 0.007500052452087402 0.00984412431716919
1 0.9487500190734863 0.26948317885398865 0.009166717529296875 0.005742430686950684
1 0.7570833563804626 0.27030351758003235 0.00583338737487793 0.01066446304321289
0 0.25874999165534973 0.26866284012794495 0.0091666579246521 0.007383108139038086
1 0.04541666805744171 0.2674323320388794 0.005833335220813751 0.004922091960906982
0 0.30250000953674316 0.2682526707649231 0.004999995231628418 0.008203446865081787
1 0.9787499904632568 0.2649712860584259 0.007500052452087402 0.006562769412994385
1 0.9683333039283752 0.26210007071495056 0.008333325386047363 0.004101693630218506
1 0.9608333110809326 0.2633306086063385 0.011666655540466309 0.006562769412994385
1 0.40583333373069763 0.2698933482170105 0.019999980926513672 0.01968824863433838
1 0.37416666746139526 0.26702216267585754 0.008333325386047363 0.01394587755203247
1 0.20874999463558197 0.2625102400779724 0.004166662693023682 0.008203446865081787
1 0.05000000074505806 0.25963905453681946 0.00833333283662796 0.004101693630218506
1 0.6262500286102295 0.2584085464477539 0.00583338737487793 0.004922091960906982
1 0.34333333373069763 0.25635766983032227 0.008333325386047363 0.004101693630218506
0 0.3174999952316284 0.25717800855636597 0.008333325386047363 0.005742430686950684
0 0.3283333480358124 0.25799834728240967 0.009999990463256836 0.009023785591125488
0 0.19958333671092987 0.25635766983032227 0.007499992847442627 0.005742430686950684
0 0.30000001192092896 0.2567678391933441 0.009999990463256836 0.008203446865081787
1 0.8166666626930237 0.2538966238498688 0.006666660308837891 0.004101693630218506
1 0.3087500035762787 0.2538966238498688 0.007499992847442627 0.004101693630218506
0 0.2562499940395355 0.2567678391933441 0.007499992847442627 0.00984412431716919
1 0.034583333879709244 0.25471699237823486 0.009166665375232697 0.005742430686950684
0 0.2708333432674408 0.254306823015213 0.006666660308837891 0.006562769412994385
1 0.23499999940395355 0.2592288926243782 0.023333340883255005 0.021328970789909363
1 0.052916668355464935 0.25143560767173767 0.005833335220813751 0.007383108139038086
1 0.4858333468437195 0.2514356002211571 0.006666660308837891 0.012305155396461487
0 0.7954166531562805 0.24815422296524048 0.00583338737487793 0.009023785591125488
1 0.6949999928474426 0.24610336124897003 0.008333325386047363 0.004922062158584595
1 0.4033333361148834 0.24774405360221863 0.004999995231628418 0.008203446865081787
1 0.9770833253860474 0.24569319188594818 0.004166722297668457 0.005742400884628296
1 0.9691666960716248 0.24487285315990448 0.006666660308837891 0.0041017234325408936
1 0.6812499761581421 0.24487285315990448 0.007500052452087402 0.0041017234325408936
1 0.78125 0.24528302252292633 0.00583338737487793 0.006562769412994385
1 0.8195833563804626 0.24323216080665588 0.007500052452087402 0.0041017234325408936
0 0.6708333492279053 0.24405249953269958 0.008333325386047363 0.005742400884628296
1 0.9829166531562805 0.2415914684534073 0.007500052452087402 0.0041017234325408936
0 0.6487500071525574 0.24200163781642914 0.007500052452087402 0.004922062158584595
0 0.4087499976158142 0.24569319188594818 0.0091666579246521 0.013945847749710083
1 0.6070833206176758 0.239130437374115 0.007500052452087402 0.0041017234325408936
1 0.5983333587646484 0.23872026801109314 0.008333325386047363 0.004922062158584595
1 0.9449999928474426 0.23625922203063965 0.006666660308837891 0.004922062158584595
1 0.7074999809265137 0.2284659594297409 0.008333325386047363 0.005742400884628296
1 0.6979166865348816 0.227645605802536 0.007500052452087402 0.0041017234325408936
1 0.5799999833106995 0.2284659594297409 0.004999995231628418 0.007383108139038086
1 0.0729166641831398 0.22313371300697327 0.009166672825813293 0.004922062158584595
1 0.8983333110809326 0.22108285129070282 0.008333325386047363 0.0041017234325408936
1 0.36500000953674316 0.21862182021141052 0.008333325386047363 0.0041017234325408936
1 0.3412500023841858 0.21698112785816193 0.007499992847442627 0.0041017234325408936
1 0.9383333325386047 0.21657095849514008 0.008333325386047363 0.004922062158584595
1 0.027499999850988388 0.21534045040607452 0.0066666677594184875 0.0041017234325408936
1 0.49666666984558105 0.21739129722118378 0.006666660308837891 0.00984412431716919
0 0.31333333253860474 0.21493026614189148 0.009999990463256836 0.004922062158584595
1 0.06541666574776173 0.21493026614189148 0.009166669100522995 0.004922062158584595
1 0.8820833563804626 0.21287940442562103 0.00583338737487793 0.0041017234325408936
0 0.2933333218097687 0.21246923506259918 0.008333325386047363 0.004922062158584595
1 0.4416666626930237 0.21287940442562103 0.006666660308837891 0.007383108139038086
1 0.4491666555404663 0.21287940442562103 0.006666660308837891 0.009023785591125488
1 0.6145833134651184 0.20795734226703644 0.007500052452087402 0.0041017234325408936
0 0.23333333432674408 0.2083675116300583 0.008333325386047363 0.004922062158584595
1 0.21833333373069763 0.2075471729040146 0.008333325386047363 0.004922062158584595
1 0.011250000447034836 0.20631664991378784 0.007500000298023224 0.0041017234325408936
1 0.43666666746139526 0.20549631118774414 0.004999995231628418 0.005742400884628296
1 0.04374999925494194 0.205906480550766 0.005833335220813751 0.006562769412994385
1 0.08958332985639572 0.20303528010845184 0.007499992847442627 0.0041017234325408936
1 0.07583333551883698 0.2026250958442688 0.01000000536441803 0.004922062158584595
0 0.036249998956918716 0.19975389540195465 0.009166665375232697 0.005742400884628296
1 0.7950000166893005 0.1960623413324356 0.009999990463256836 0.004922062158584595
1 0.8995833396911621 0.1952420026063919 0.004166722297668457 0.006562769412994385
1 0.6579166650772095 0.19237080216407776 0.00583338737487793 0.0041017234325408936
1 0.2874999940395355 0.1936013102531433 0.006666660308837891 0.008203446865081787
1 0.64041668176651 0.19073010981082916 0.00583338737487793 0.0041017234325408936
1 0.8237500190734863 0.1944216638803482 0.009166717529296875 0.013125509023666382
1 0.809166669845581 0.18908941745758057 0.009999990463256836 0.005742400884628296
1 0.2541666626930237 0.19073010981082916 0.004999995231628418 0.009023785591125488
0 0.15416666865348816 0.1903199404478073 0.004999995231628418 0.008203446865081787
1 0.9962499737739563 0.18867924809455872 0.007500052452087402 0.006562769412994385
1 0.7912499904632568 0.18826907873153687 0.00583338737487793 0.007383108139038086
1 0.007083333446644247 0.18334700167179108 0.007499999599531293 0.0041017234325408936
0 0.6708333492279053 0.18293683230876923 0.008333325386047363 0.004922062158584595
1 0.7270833253860474 0.18580803275108337 0.007500052452087402 0.013945847749710083
0 0.73458331823349 0.18416735529899597 0.007500052452087402 0.01230517029762268
1 0.7145833373069763 0.18211649358272552 0.007500052452087402 0.00984412431716919
1 0.8987500071525574 0.17924527823925018 0.004166722297668457 0.005742400884628296
1 0.8299999833106995 0.17801477015018463 0.009999990463256836 0.006562769412994385
1 0.8087499737739563 0.17555373907089233 0.00583338737487793 0.006562769412994385
1 0.5645833611488342 0.172682523727417 0.007500052452087402 0.0041017234325408936
1 0.04541666805744171 0.1710418313741684 0.007500000298023224 0.0041017234325408936
0 0.73416668176651 0.1669401079416275 0.008333325386047363 0.007383108139038086
1 0.7229166626930237 0.16652993857860565 0.00583338737487793 0.006562769412994385
1 0.706250011920929 0.1652994304895401 0.007500052452087402 0.005742400884628296
1 0.8533333539962769 0.1652994304895401 0.004999995231628418 0.007383108139038086
1 0.8458333611488342 0.16570959985256195 0.006666660308837891 0.008203446865081787
0 0.6233333349227905 0.1636587381362915 0.009999990463256836 0.005742400884628296
0 0.6979166865348816 0.16324856877326965 0.00583338737487793 0.006562769412994385
1 0.02666666731238365 0.15627562999725342 0.00833333283662796 0.0041017234325408936
1 0.07999999821186066 0.15463495254516602 0.008333340287208557 0.0041017234325408936
1 0.949999988079071 0.15422476828098297 0.009999990463256836 0.004922062158584595
1 0.7441666722297668 0.15381459891796112 0.006666660308837891 0.005742400884628296
1 0.8970833420753479 0.15176373720169067 0.004166722297668457 0.008203446865081787
0 0.8208333253860474 0.15053322911262512 0.008333325386047363 0.009023785591125488
1 0.9683333039283752 0.14725184440612793 0.008333325386047363 0.0041017234325408936
0 0.8054166436195374 0.14848236739635468 0.00583338737487793 0.008203446865081787
1 0.06958333402872086 0.14766201376914978 0.005833327770233154 0.006562769412994385
0 0.6754166483879089 0.14725184440612793 0.00583338737487793 0.007383108139038086
0 0.3141666650772095 0.14602133631706238 0.009999990463256836 0.004922062158584595
1 0.9574999809265137 0.14479081332683563 0.008333325386047363 0.0041017234325408936
1 0.09583333134651184 0.1435602903366089 0.01000000536441803 0.004922062158584595
1 0.6462500095367432 0.14273995161056519 0.00583338737487793 0.01148483157157898
1 0.8962500095367432 0.13822805881500244 0.004166722297668457 0.005742400884628296
0 0.7112500071525574 0.1378178894519806 0.009166717529296875 0.008203446865081787
1 0.03166666720062494 0.13740770518779755 0.005000000819563866 0.007383108139038086
1 0.8104166388511658 0.13658736646175385 0.007500052452087402 0.007383108139038086
1 0.02250000089406967 0.13658736646175385 0.00833333283662796 0.007383108139038086
0 0.19083333015441895 0.13330598175525665 0.008333325386047363 0.0041017234325408936
1 0.7920833230018616 0.13330598175525665 0.009166717529296875 0.005742400884628296
1 0.8420833349227905 0.1287940889596939 0.007500052452087402 0.006562769412994385
1 0.2654166519641876 0.1296144425868988 0.007499992847442627 0.008203446865081787
1 0.8333333134651184 0.12756358087062836 0.006666660308837891 0.007383108139038086
1 0.4583333432674408 0.1271534115076065 0.006666660308837891 0.008203446865081787
0 0.7145833373069763 0.12592288851737976 0.009166717529296875 0.007383108139038086
1 0.34583333134651184 0.12469237670302391 0.009999990463256836 0.004922069609165192
0 0.07833333313465118 0.1255127228796482 0.008333340287208557 0.006562761962413788
1 0.8954166769981384 0.12428219243884087 0.004166722297668457 0.005742408335208893
0 0.8112499713897705 0.12510254979133606 0.010833382606506348 0.007383108139038086
1 0.8029166460037231 0.12428219616413116 0.004166722297668457 0.007383108139038086
1 0.9895833134651184 0.12305168062448502 0.00583338737487793 0.006562754511833191
1 0.7875000238418579 0.12141099572181702 0.006666660308837891 0.004922062158584595
1 0.0054166666232049465 0.11936013400554657 0.010833333246409893 0.00574241578578949
1 0.09749999642372131 0.11648892611265182 0.006666660308837891 0.004922062158584595
1 0.33500000834465027 0.11525841057300568 0.008333325386047363 0.0041017234325408936
1 0.36666667461395264 0.11115668714046478 0.008333325386047363 0.00574241578578949
1 0.05041666701436043 0.11156685650348663 0.007500000298023224 0.006562754511833191
1 0.6604166626930237 0.10746513307094574 0.007500052452087402 0.004922062158584595
1 0.6770833134651184 0.10787530988454819 0.00583338737487793 0.007383093237876892
1 0.8570833206176758 0.10746513307094574 0.00583338737487793 0.008203446865081787
1 0.03750000149011612 0.10705496370792389 0.005000002682209015 0.007383108139038086
0 0.6225000023841858 0.10500410199165344 0.009999990463256836 0.004922062158584595
1 0.9900000095367432 0.10500410199165344 0.008333325386047363 0.006562754511833191
0 0.840833306312561 0.10459393262863159 0.006666660308837891 0.007383108139038086
1 0.8291666507720947 0.10336340963840485 0.006666660308837891 0.006562754511833191
1 0.9779166579246521 0.10254307091236115 0.009166717529296875 0.006562754511833191
1 0.6454166769981384 0.102953240275383 0.00583338737487793 0.007383108139038086
0 0.07583333551883698 0.102953240275383 0.011666670441627502 0.007383108139038086
1 0.7262499928474426 0.1021328940987587 0.004166722297668457 0.007383093237876892
1 0.893750011920929 0.0988515168428421 0.004166722297668457 0.00574241578578949
1 0.031250000931322575 0.0988515168428421 0.004166668280959129 0.00574241578578949
1 0.012083332985639572 0.09392944723367691 0.00416666641831398 0.007383093237876892
1 0.9545833468437195 0.08982773125171661 0.007500052452087402 0.0041017234325408936
1 0.746666669845581 0.09187858551740646 0.004999995231628418 0.008203446865081787
1 0.5024999976158142 0.08900738507509232 0.008333325386047363 0.0041017234325408936
0 0.7329166531562805 0.08900738507509232 0.007500052452087402 0.00574241578578949
0 0.09333333373069763 0.08941755443811417 0.011666670441627502 0.006562754511833191
1 0.02458333410322666 0.08736669272184372 0.007500000298023224 0.0041017234325408936
0 0.8037499785423279 0.08736669272184372 0.00583338737487793 0.007383093237876892
1 0.6700000166893005 0.08326496928930283 0.008333325386047363 0.00574241578578949
0 0.777916669845581 0.08367514610290527 0.007500052452087402 0.009844139218330383
1 0.768750011920929 0.08203445374965668 0.009166717529296875 0.006562754511833191
1 0.7574999928474426 0.08203445374965668 0.006666660308837891 0.006562754511833191
1 0.7195833325386047 0.07629204541444778 0.010833382606506348 0.008203446865081787
1 0.31958332657814026 0.07629204541444778 0.005833327770233154 0.009844139218330383
1 0.9695833325386047 0.07424118369817734 0.00583338737487793 0.007383093237876892
1 0.8416666388511658 0.07506152242422104 0.004999995231628418 0.009023785591125488
1 0.8370833396911621 0.07465135306119919 0.004166722297668457 0.008203446865081787
0 0.07999999821186066 0.07219032198190689 0.008333340287208557 0.006562754511833191
1 0.8208333253860474 0.07219032198190689 0.004999995231628418 0.008203446865081787
1 0.6324999928474426 0.0689089447259903 0.008333325386047363 0.004922062158584595
0 0.6795833110809326 0.07013946026563644 0.00583338737487793 0.009023785591125488
1 0.5325000286102295 0.068088598549366 0.008333325386047363 0.004922062158584595
1 0.6212499737739563 0.0672682523727417 0.007500052452087402 0.004922062158584595
1 0.2887499928474426 0.06767842173576355 0.005833327770233154 0.00574241578578949
1 0.06249999813735485 0.06767842173576355 0.004999998956918716 0.00574241578578949
1 0.9883333444595337 0.0672682523727417 0.009999990463256836 0.006562754511833191
1 0.9370833039283752 0.0664479061961174 0.007500052452087402 0.004922062158584595
1 0.79666668176651 0.068088598549366 0.004999995231628418 0.008203446865081787
1 0.9787499904632568 0.06439704447984695 0.007500052452087402 0.0041017234325408936
1 0.5495833158493042 0.0648072212934494 0.00583338737487793 0.006562754511833191
1 0.7666666507720947 0.06193601153790951 0.004999995231628418 0.0073830969631671906
1 0.746666669845581 0.06070549786090851 0.004999995231628418 0.008203446865081787
1 0.5404166579246521 0.06029532477259636 0.007500052452087402 0.007383100688457489
1 0.5162500143051147 0.05988515168428421 0.007500052452087402 0.006562754511833191
1 0.1808333396911621 0.06152584031224251 0.004999995231628418 0.009844131767749786
1 0.9770833253860474 0.05783428996801376 0.00583338737487793 0.0041017234325408936
0 0.20499999821186066 0.0631665289402008 0.011666655540466309 0.014766201376914978
1 0.7379166483879089 0.05906480737030506 0.00583338737487793 0.009844135493040085
1 0.731249988079071 0.05865463428199291 0.00583338737487793 0.009023789316415787
1 0.9674999713897705 0.056603774428367615 0.009999990463256836 0.006562754511833191
1 0.47999998927116394 0.057013947516679764 0.008333325386047363 0.009023793041706085
1 0.4345833361148834 0.05496308580040932 0.0091666579246521 0.004922069609165192
1 0.89041668176651 0.05332239717245102 0.004166722297668457 0.006562754511833191
1 0.05000000074505806 0.05250205099582672 0.0066666677594184875 0.004922069609165192
1 0.6945833563804626 0.05373256653547287 0.00583338737487793 0.009023793041706085
1 0.6166666746139526 0.050451189279556274 0.008333325386047363 0.0041017234325408936
1 0.6883333325386047 0.05209187790751457 0.004999995231628418 0.009023793041706085
1 0.07458333671092987 0.05086136236786842 0.015833333134651184 0.008203446865081787
1 0.6770833134651184 0.050041016191244125 0.00583338737487793 0.008203446865081787
1 0.4583333432674408 0.049630843102931976 0.006666660308837891 0.007383100688457489
0 0.8999999761581421 0.04799015447497368 0.011666655540466309 0.005742408335208893
1 0.03708333149552345 0.04552912339568138 0.007500000298023224 0.005742408335208893
1 0.06291666440665722 0.042657915502786636 0.005833331495523453 0.006562754511833191
1 0.8895833492279053 0.03896636515855789 0.004166722297668457 0.005742408335208893
1 0.09375 0.03814602270722389 0.007499992847442627 0.0041017234325408936
1 0.3108333349227905 0.036915503442287445 0.009999990463256836 0.006562754511833191
0 0.7441666722297668 0.03568498883396387 0.008333325386047363 0.009023791179060936
0 0.4583333432674408 0.032813780941069126 0.008333325386047363 0.004922067746520042
1 0.09083333611488342 0.031993438489735126 0.01000000536441803 0.004922067746520042
1 0.398333340883255 0.031173093244433403 0.004999995231628418 0.008203443139791489
0 0.70333331823349 0.029942575842142105 0.006666660308837891 0.007383100688457489
0 0.012500000186264515 0.029942575842142105 0.006666665896773338 0.007383100688457489
0 0.8829166889190674 0.02912223245948553 0.00583338737487793 0.010664479807019234
1 0.038333334028720856 0.02584085240960121 0.0066666677594184875 0.005742412060499191
1 0.2979166805744171 0.02091878652572632 0.007499992847442627 0.0041017234325408936
1 0.00958333327434957 0.021739130839705467 0.009166665840893984 0.005742412060499191
1 0.2862499952316284 0.01968826912343502 0.0091666579246521 0.004922065883874893
1 0.6029166579246521 0.018457751721143723 0.007500052452087402 0.0041017234325408936
1 0.9462500214576721 0.018457751721143723 0.00583338737487793 0.005742412060499191
1 0.6137499809265137 0.019688268657773733 0.004166722297668457 0.008203444071114063
0 0.5587499737739563 0.018047580029815435 0.009166717529296875 0.004922066815197468
1 0.2133333384990692 0.02050861343741417 0.008333325386047363 0.009844135493040085
1 0.05666666850447655 0.017227236181497574 0.0066666677594184875 0.0032813772559165955
1 0.4712499976158142 0.017227235715836287 0.0091666579246521 0.004922066815197468
1 0.9666666388511658 0.015996718779206276 0.008333325386047363 0.0041017234325408936
1 0.9291666746139526 0.01476620091125369 0.009999990463256836 0.004922066815197468
0 0.24250000715255737 0.013945856597274542 0.008333325386047363 0.004922066815197468
1 0.16875000298023224 0.014766201842576265 0.005833327770233154 0.008203445933759212
1 0.07666666805744171 0.011894996277987957 0.008333340287208557 0.004101721569895744
0 0.8029166460037231 0.012715340126305819 0.00583338737487793 0.007383099757134914
1 0.6004166603088379 0.011484823189675808 0.007500052452087402 0.004922067746520042
1 0.8324999809265137 0.00984413456171751 0.006666660308837891 0.00656275637447834
1 0.17374999821186066 0.008613618090748787 0.005833327770233154 0.005742412060499191
1 0.4166666567325592 0.008203445002436638 0.009999990463256836 0.00656275637447834
1 0.010416666977107525 0.006972928298637271 0.007500000298023224 0.004101722035557032
1 0.7587500214576721 0.007383100688457489 0.004166722297668457 0.00656275637447834
0 0.503333330154419 0.00656275637447834 0.009999990463256836 0.008203445002436638
1 0.7870833277702332 0.0049220670480281115 0.004166722297668457 0.006562755908817053
1 0.7195833325386047 0.0024610336404293776 0.007500052452087402 0.004922067280858755
1 0.40291666984558105 0.006152584217488766 0.0091666579246521 0.012305168434977531
1 0.3583333194255829 0.0036915503442287445 0.006666660308837891 0.007383100688457489
