1 0.3975195770842276 0.9870380365736604 0.010226408726323133 0.007532206838863131
1 0.0007777776504003012 0.9226493272935368 0.0015555553008006024 0.012066765279349245
1 0.5795480764402992 0.9644220137667705 0.011488229831099317 0.00984810105974765
1 0.0402286552335869 0.9143898012745991 0.012561740430595617 0.00994546462321999
1 0.21480721987249743 0.9285466700473065 0.01139408200051023 0.008738836404194927
1 0.40495093115491176 0.9441152418287155 0.022976588500357997 0.019696331642763965
1 0.8944486374145977 0.9870153930316352 0.028024140681126908 0.025969213936729574
1 0.8627815962498928 0.9855550109338109 0.029097547371910504 0.028889978132378147
1 0.8311616043549515 0.9822120551921005 0.028118357973467956 0.030069675119248962
1 0.8000783701391365 0.9788340101153865 0.028024140681126686 0.028960286325654616
1 0.6755570188618842 0.9675403698900906 0.028024140681126686 0.028960286325654505
1 0.52321994021656 0.9526060687649393 0.028024140681126686 0.028960286325654616
1 0.43255969553009616 0.943824602386957 0.026856467406939588 0.027753656760322598
1 0.2549962830586015 0.9266023632052899 0.023447644706029475 0.025242919352292725
1 0.46320040896198444 0.946044638284208 0.025877208546745023 0.028765567276550663
1 0.3435096252988873 0.935189113226782 0.02695067461393591 0.028862926801102695
1 0.2844693181736302 0.929834368995176 0.02695067461393591 0.028862926801102806
1 0.16643583721481747 0.918570248204188 0.026856437718735998 0.027753654067709133
1 0.1369156836521889 0.9158928760883851 0.025782971651545125 0.02765629454315721
1 0.07841212440462891 0.910586812965362 0.026856437718735957 0.027753654067709355
1 0.0045417879867413 0.8887958272222092 0.0061209885597559195 0.009361311514828663
1 0.21837726321835355 0.8992470051412103 0.011676713706844116 0.012066765279349134
1 0.4122310021324377 0.915710970278941 0.011168521137665921 0.01862538225792021
1 0.2186884353891046 0.8892144200006571 0.010226408726323077 0.007532206838863131
1 0.5924595115901561 0.9270266464033861 0.012336135035445728 0.019832006438024963
1 0.8017370985180574 0.9465663403832633 0.028024140681126908 0.028960286325654616
1 0.2576342109213098 0.895541317653271 0.023447644706029558 0.025242919352292503
1 0.08163387777135442 0.879019811145499 0.023353430076982262 0.024133648638359317
1 0.6778466628358657 0.9342120478104421 0.02695061523752862 0.02886292141587543
1 0.6166594532644303 0.9286625872223462 0.02695061523752873 0.02886292141587543
1 0.5259520752862646 0.9204357531721404 0.025877208546745134 0.028765567276550774
1 0.49535850018875066 0.9176610255707061 0.02695061523752862 0.02886292141587543
1 0.46534866286228993 0.9143802739106026 0.02685643771873597 0.027753654067709355
1 0.4352918356424732 0.911654227417751 0.026856467406939644 0.027753656760322598
1 0.3172112213919588 0.9009447389545393 0.026856467406939644 0.02775365676032293
1 0.28715434963983655 0.8982186884227673 0.026856467406939644 0.02775365676032293
1 0.14013744815199075 0.8843258752782521 0.02480374247955422 0.028668207751998853
1 0.08776484974685049 0.8577774723666916 0.011394082000510258 0.008738836404194594
1 0.22218286435524898 0.8671740490729634 0.009529781572462426 0.011872046230245403
1 0.23247494486682363 0.8669896297537922 0.010791672138990765 0.014188064589171545
1 0.2331815342180032 0.858669688813092 0.010320615933319371 0.008641476879642673
1 0.767811711085778 0.9065998223729699 0.010603247639653146 0.011969405754797324
1 0.8973234843239022 0.9228175725045469 0.026950615237528508 0.02886292141587543
1 0.29042321774313656 0.8660970525922443 0.023447644706029447 0.025242919352292725
1 0.17234263318082577 0.8553875668216462 0.023447644706029502 0.025242919352292836
1 0.865703551805368 0.9193907909817631 0.028118357973467956 0.030069675119248962
0 0.834620317589553 0.9160127459050493 0.03017107281550846 0.029155005374758236
1 0.6795053318383794 0.9019443726930917 0.02695061523752873 0.02886292141587532
1 0.6494484600862572 0.8992183221613196 0.026950615237528508 0.028862921415875098
1 0.5281475070105774 0.8882167605096793 0.02695061523752862 0.02886292141587543
1 0.49809063525845526 0.8854907099779072 0.02695061523752862 0.02886292141587543
1 0.46808079793199453 0.8822099583178038 0.026856437718736026 0.027753654067709355
1 0.34946352486839377 0.8714517968238502 0.025783001339748757 0.0276562972357709
1 0.2603663459910144 0.8633710020604721 0.025783001339748784 0.0276562972357709
1 0.11330234089967038 0.8500328239363473 0.02578297165154511 0.02765629454315721
1 0.4178365881250138 0.8497063746557663 0.011074313930669655 0.017516112217140223
1 0.769677343081179 0.8782634475972328 0.012336135035445728 0.01983200643802474
1 0.597528334860933 0.8609733683253218 0.011168521137665866 0.01862538225792021
1 0.2635410018446456 0.8323586956471366 0.02237417863883867 0.025145559827740582
1 0.1459971354718284 0.8216978882925077 0.023447644706029502 0.025242919352292614
1 0.6210031537331506 0.8647792315325867 0.02685640803053213 0.027753651375095334
1 0.5308325384767839 0.8566010799372705 0.02685640803053224 0.027753651375095334
1 0.5007756667246617 0.8538750294054985 0.026856408030532408 0.027753651375095334
1 0.44066189353221363 0.8484229256493407 0.026856467406939644 0.027753656760322598
1 0.3225812792816992 0.837713437186129 0.026856467406939644 0.02775365676032282
1 0.292524407529577 0.8349873866543569 0.026856467406939644 0.02775365676032282
1 0.175517289034457 0.8243752604083108 0.026856437718735998 0.02775365406770902
1 0.11701371494279522 0.8190691959389806 0.025782971651545125 0.02765629454315721
1 0.8985396672733654 0.8893918315239394 0.028024140681126686 0.028960286325654616
1 0.8674093294540524 0.8865684214676154 0.028024140681126686 0.028960286325654838
1 0.8051486538154262 0.8809216013549674 0.028024140681126686 0.028960286325654505
1 0.7122943437028786 0.8725000482556577 0.026950615237528397 0.02886292141587543
1 0.6511071341314434 0.8669505876675615 0.02695061523752873 0.02886292141587532
1 0.3521485563346002 0.8398361162514414 0.025877208546745023 0.028765567276550774
1 0.587538855266551 0.8321206845703581 0.0073829088144882205 0.011677332566368714
1 0.420474515987722 0.8186453291037474 0.011074313930669655 0.017516112217140334
1 0.5996295593782497 0.8298636457036405 0.012241927828449461 0.018722736397244866
1 0.5883867604708977 0.8221367791920811 0.011299815417106451 0.007629560978187566
1 0.2957461720293788 0.803420385844224 0.023353437499033125 0.02413364931151274
1 0.14868216693803482 0.790082207720099 0.023353437499033153 0.02413364931151274
1 0.09071533330201939 0.7848248236861983 0.02568877928865064 0.02654702584868418
1 0.5324912074792976 0.8243334048199198 0.026856408030532353 0.027753651375095334
1 0.5029710390725672 0.8216560313578101 0.025783001339748757 0.0276562972357709
1 0.47291416732044494 0.818929980826038 0.025783001339748757 0.0276562972357709
1 0.4433940286019182 0.8162526100565419 0.026856467406939588 0.027753656760322598
1 0.35537031579172956 0.8082691748177159 0.026856467406939588 0.02775365676032293
1 0.3253134143514038 0.8055431215933302 0.026856467406939644 0.02775365676032282
1 0.26680986994794564 0.8002370598166137 0.025783001339748812 0.0276562972357709
1 0.17824942410416159 0.792204944815512 0.02685643771873597 0.027753654067709133
1 0.1197458500124998 0.7868988803461818 0.025782971651545125 0.02765629454315721
1 0.9001983362758791 0.8571241564065887 0.028024140681126575 0.028960286325654616
1 0.869067998456566 0.8543007463502647 0.028024140681126575 0.028960286325654838
1 0.7144897754271915 0.8402810555931965 0.028024140681126686 0.028960286325654616
1 0.6838961409532702 0.8375063226065349 0.02695061523752873 0.02886292141587543
1 0.15449474561170187 0.7280089151311516 0.022279971431842294 0.02403628978696082
1 0.7747004587348907 0.7809057278483835 0.012241927828449461 0.018722736397244866
1 0.2715489875970942 0.7380663483267074 0.022374178638838615 0.025145559827740915
1 0.3595727004072828 0.7460497835655333 0.026856467406939588 0.02775365676032282
1 0.30106912631562105 0.7407437190962036 0.025783001339748757 0.0276562972357709
1 0.18406199297639925 0.7301315915038505 0.02578297165154511 0.0276562945431571
1 0.1255584337288393 0.7248255283808274 0.026856437718735957 0.027753654067709133
1 0.023212865640071273 0.7071591859752459 0.006120988559755913 0.009361311514828996
1 0.6570152913530085 0.7719088862776385 0.026856408030532464 0.027753651375095334
1 0.6269584196008864 0.7691828357458663 0.02685640803053213 0.027753651375095667
1 0.5378612704117105 0.7611020436751021 0.026856408030532353 0.027753651375095667
1 0.4782371216066872 0.7562533140780175 0.025877208546745023 0.028765567276550774
1 0.44818024985456495 0.7535272635462453 0.02587720854674508 0.02876556727655044
1 0.8090040911522782 0.7845758514987533 0.02792993347413042 0.02785101628487474
1 0.7182967131741125 0.7763490174485475 0.02685640803053224 0.027753651375095334
1 0.6871192667086289 0.7740803017890208 0.02695061523752873 0.02886292141587543
1 0.9029789709355147 0.7925401291022249 0.02695061523752862 0.02886292141587543
1 0.07223512434997265 0.6903658403116895 0.010980096638328343 0.016406723423545988
1 0.24622983750768773 0.7050286629962039 0.01098009663832833 0.016406723423545766
1 0.4277387760254843 0.7203729989868148 0.01098009663832833 0.016406723423545766
1 0.0997025654499392 0.6917391646343548 0.023353437499033153 0.02413364931151296
1 0.33273759315496243 0.7117567322236285 0.02335343749903318 0.02413364931151274
1 0.18665281219293692 0.6996252403486288 0.025688764444548817 0.026547024502377337
1 0.15762229786183496 0.6975512437382059 0.02578297165154511 0.0276562945431571
1 0.36172099883989384 0.7143854232308486 0.025688794132752435 0.026547027194990802
1 0.3037070491356568 0.7096827329205919 0.0257830013397487 0.0276562972357709
1 0.2747236434507255 0.7070540419133717 0.025783001339748757 0.0276562972357709
1 0.5399624305099473 0.7299923750446009 0.025783001339748757 0.0276562972357709
1 0.5104423214796241 0.7273150069677186 0.026856408030532353 0.027753651375095556
1 0.4798015834022046 0.7250949090014467 0.02587720854674508 0.02876556727655044
1 0.4502814446836778 0.7224175382319507 0.026950674613935965 0.028862926801102584
1 0.7198611699269575 0.7451906717483838 0.02685640803053224 0.027753651375095556
1 0.6892675948294433 0.7424159441469496 0.025783001339748535 0.0276562972357709
1 0.6597003228192149 0.7402932057052297 0.02695061523752873 0.02886292141587532
1 0.8728763271472475 0.7585096908908479 0.028024140681126908 0.028960286325654616
1 0.8423298606959041 0.7551802688926161 0.02685640803053224 0.027753651375095556
1 0.8111524142304205 0.7529115532330894 0.02695061523752873 0.028862921415875098
1 0.9041008772162293 0.7602237715299847 0.028024140681126908 0.028960286325654838
1 0.02748952060325967 0.6695395821479097 0.006309413059093466 0.011579970349203217
1 0.10229338466647686 0.6612328134791332 0.023447644706029475 0.025242919352292836
1 0.7772926739378614 0.7185403000019868 0.01331545327204764 0.01882010130702383
1 0.30639208060186324 0.6780670523481831 0.02335343749903318 0.02413364931151274
1 0.1892436314094746 0.6691188891934072 0.02578297165154511 0.0276562945431571
1 0.13078717576541277 0.6632581910499941 0.026762230511739662 0.026644384026929258
1 0.33532841237150013 0.6812503810684067 0.0257830013397487 0.0276562972357709
1 0.160354437974212 0.6653808687689999 0.02578297165154511 0.0276562945431571
1 0.5420636499845912 0.6988827117993269 0.02685640803053224 0.027753651375095334
1 0.4824866098257386 0.6934792878054452 0.025783001339748757 0.0276562972357709
1 0.6913687549276802 0.7113062755164483 0.026856408030532464 0.027753651375095556
1 0.8438943174487491 0.7240219231924527 0.02685640803053224 0.027753651375095667
1 0.812763979629436 0.7211985131361287 0.02685640803053224 0.027753651375095556
1 0.7214727947023803 0.7134776370366505 0.02695061523752873 0.02886292141587543
1 0.904638976548054 0.728413371908472 0.02792993347413042 0.027851016284874852
1 0.8745350011924338 0.7262419563970899 0.028024140681126686 0.028960286325654616
0 0.09311327288382915 0.641955436676271 0.00952979641656422 0.011872047576551914
1 0.08074991914988996 0.6346858470068563 0.011205657501172722 0.0065201775698207065
1 0.08155071570806585 0.6252566360253762 0.011676713706844116 0.012066765279349245
1 0.10542093320558449 0.6307751417496108 0.022279978853893212 0.024036290460114462
1 0.3379663351915359 0.6501893948927953 0.023447644706029447 0.025242919352292503
1 0.2794156524537035 0.6454380248202625 0.026762260199943266 0.026644386719543056
1 0.19188155422951036 0.6380579030177956 0.02578297165154511 0.0276562945431571
1 0.162898148544579 0.6354292120105756 0.02578297165154511 0.027656294543157434
1 0.13391472801554583 0.6328005196570484 0.02578297165154511 0.0276562945431571
1 0.455020557290154 0.6602468861184515 0.025688794132752435 0.026547027194991024
1 0.36694974087646726 0.6528180859000154 0.025783001339748812 0.027656297235770677
1 0.30898289981840094 0.6475607011929614 0.025783001339748757 0.0276562972357709
1 0.5447015778472994 0.667821666247308 0.026856408030532353 0.027753651375095667
1 0.5146447060951773 0.6650956157155361 0.026856408030532353 0.027753651375095667
1 0.7229901478517271 0.6828739263568768 0.02685640803053224 0.027753651375095667
1 0.6934699794449968 0.6801965528947671 0.025783001339748868 0.027656297235770566
1 0.6634131076928744 0.677470502362995 0.025783001339748868 0.0276562972357709
1 0.6333562359407523 0.674744451831223 0.025783001339748646 0.02765629723577101
1 0.8143284363822809 0.6900401674359651 0.02685640803053224 0.027753651375095334
1 0.24303216071629125 0.6153093729014185 0.012750179774035003 0.012164124803900833
0 0.4079496025916146 0.628589952635132 0.016253219767286387 0.015784251005525607
1 0.08423574717427226 0.5936409554529675 0.007100247419950467 0.008349400998600709
1 0.10796464377595151 0.6008234849911864 0.022279978853893212 0.02403629046011424
1 0.34055715440807355 0.6196830437375735 0.02335343749903318 0.02413364931151274
1 0.19442526479987737 0.6081062462593712 0.02578297165154511 0.02765629454315721
1 0.16544185911494602 0.605477555252151 0.02578297165154511 0.02765629454315721
1 0.1364584385859129 0.6028488628986242 0.02578297165154511 0.02765629454315721
1 0.3115737190349386 0.6170543500377398 0.02568879413275249 0.026547027194991024
1 0.2820064716702412 0.6149316736650408 0.026856467406939644 0.02775365676032282
1 0.516162059244524 0.6344919050357625 0.026762200823535975 0.026644381334315792
1 0.48713151522521847 0.6324179057327259 0.026856467406939644 0.02775365676032282
1 0.45707464347309623 0.6296918552009538 0.026856467406939644 0.02775365676032282
1 0.3695876636965031 0.6217570997244037 0.025783001339748812 0.0276562972357709
1 0.5462660346001444 0.6366633205471447 0.026856408030532353 0.027753651375095334
1 0.6950344361978416 0.6490382071946035 0.025783001339748646 0.0276562972357709
1 0.6665406302548038 0.6470128282774357 0.02909754737191028 0.029057640464979273
1 0.8470232359971114 0.6617051724157184 0.026856408030532464 0.027753651375095334
1 0.8164296015231902 0.6589304394290567 0.02792993347413042 0.02785101628487474
1 0.9083046578182155 0.6661453035866273 0.02685640803053224 0.027753651375095334
1 0.8777110827207015 0.6633705759851929 0.02792993347413042 0.02785101628487474
1 0.6043012800399209 0.583797873334833 0.007288701607491399 0.01056806252558895
1 0.43961940099830926 0.5677439430625618 0.0110743139306696 0.017516112217140334
1 0.260304503261065 0.5520396317242575 0.011168521137665921 0.018625382257920098
1 0.11421974827621767 0.5399081422052949 0.022279978853893198 0.02403629046011424
1 0.6109776045459018 0.5816087366273803 0.02297658850035811 0.019696331642764076
1 0.3452020598075535 0.5586216616648543 0.022279971431842294 0.02403628978696082
1 0.1716969487711104 0.5445622111199528 0.02578297165154511 0.02765629454315721
1 0.14212970644908546 0.5424394753708467 0.026950644925732237 0.028862924108489008
1 0.7904337934907818 0.5956490214590865 0.02297658850035811 0.019696331642764298
1 0.31675535746801387 0.5560416477272965 0.02568879413275249 0.026547027194991024
1 0.2877248431369119 0.5539676511168736 0.025783001339748757 0.0276562972357709
1 0.4617666524760742 0.5680758381078446 0.025688794132752435 0.026547027194991135
1 0.3742325690959829 0.5606957176516845 0.026856467406939644 0.02775365676032282
1 0.5509580732913262 0.575047306146649 0.027835726267134153 0.026741746244094866
1 0.5208540385592983 0.5728758852500396 0.025783001339748757 0.02765629723577101
1 0.4918235242281965 0.5708018886396167 0.025877208546745023 0.028765567276550774
1 0.6991897121672243 0.5873735103392184 0.0256887941327526 0.026547027194991135
1 0.6696224995334028 0.5852507772827258 0.026856408030532464 0.027753651375095667
1 0.7287569892201253 0.5894961894045309 0.02685640803053224 0.027753651375095556
1 0.8190218116834882 0.5965650709590672 0.026856408030532464 0.027753651375095334
1 0.9103601052567145 0.6037312526617482 0.02685640803053224 0.027753651375095556
1 0.8803032335045923 0.6010052021299761 0.02685640803053224 0.027753651375095334
1 0.4301666544375227 0.5389399390698741 0.012467548067701117 0.008836195928746848
1 0.44244574831768263 0.5344642980525758 0.010885889431332063 0.015297453382766002
1 0.14584108049221028 0.5114758473734802 0.02227997143184232 0.024036289786960874
1 0.11622672210196383 0.5099078053480178 0.025688779288650612 0.02654702584868418
1 0.3773130126999454 0.5307927406555359 0.02325922020669191 0.023024260517918393
1 0.20273445548308577 0.5166358725559821 0.02676223051173965 0.02664438402692937
1 0.17428776798764806 0.5140558599647311 0.02568876444454879 0.026547024502377226
1 0.3482825034115159 0.5287186846687059 0.025688794132752435 0.026547027194991024
1 0.3187623350047855 0.526041311206596 0.026762260199943322 0.026644386719542945
1 0.2903156623534495 0.5234612999616519 0.02568879413275249 0.026547027194990913
1 0.5524283228371747 0.5449982304872654 0.02568879413275249 0.026547027194990913
1 0.5229081544304442 0.5423208570251556 0.026762200823535975 0.02664438133431546
1 0.493340892221645 0.5401981793061499 0.02578297165154514 0.0276562945431571
1 0.4643574716926119 0.5375694869526231 0.025783001339748757 0.0276562972357709
1 0.700707065316571 0.5567697996594447 0.025783001339748646 0.0276562972357709
1 0.820539164832835 0.5659613602792937 0.026762200823535975 0.02664438133431546
1 0.8517166112983187 0.5682300759388204 0.02685640803053224 0.027753651375095445
1 0.9119246264286393 0.5725728529704048 0.02685640803053224 0.027753651375095667
1 0.8376774261679747 0.5552191835496938 0.00630938337088971 0.011579967656589418
1 0.25540105386365664 0.49514265176721284 0.010509040432656935 0.010860135714017283
1 0.2664182868654918 0.4927883127523506 0.0110743139306696 0.017516112217140334
1 0.25566511738823705 0.4856647610234568 0.009152942659132246 0.007434847314311099
1 0.1767843749545169 0.48465883822669664 0.023259220206691966 0.023024260517918282
1 0.11930717074859874 0.480004768975462 0.02461531322145974 0.02644966632413215
1 0.2923226398902211 0.49346096344095147 0.022279971431842405 0.02403628978696082
1 0.14780095442548374 0.48203014587316967 0.025782971651545084 0.02765629454315721
1 0.35082621398188296 0.4987670279102814 0.02568879413275238 0.02654702719499097
1 0.321842778608748 0.49613833421044756 0.025688794132752435 0.026547027194990913
1 0.4958846078346846 0.5102464631713182 0.025782971651545195 0.027656294543157267
1 0.466364454272056 0.5075690910555153 0.026856467406939588 0.02775365676032282
1 0.5550191420537124 0.5144918793320437 0.025783001339748646 0.0276562972357709
1 0.525498973646982 0.5118145058699339 0.02685640803053224 0.0277536513750955
1 0.6431370323826936 0.5213660418374761 0.025783001339748646 0.027656297235770788
1 0.7328651565433373 0.528386186945943 0.026856408030532464 0.027753651375095445
1 0.853186855801495 0.5381810596558441 0.026856408030532464 0.027753651375095445
1 0.9133948709318154 0.5425238366874283 0.02685640803053224 0.027753651375095334
1 0.22830186319998153 0.4703275491991643 0.00798528898780379 0.006228101688778409
1 0.8834793162935282 0.5381338068739774 0.027139042258202406 0.031081609938453325
1 0.594982644376972 0.5024663075871981 0.009435633741873284 0.010762781574692681
1 0.7883467241727554 0.5183269552496492 0.009341421492204738 0.00965345215750546
1 0.6068849214679969 0.5024279572430584 0.009435633741873284 0.010762781574692626
1 0.6281471016897048 0.5004438312368014 0.006309388413562322 0.011580027032996765
1 0.09881859317406216 0.44740522917418557 0.012147774955187984 0.01761341236528502
1 0.27012967827405465 0.4618246564130873 0.011074308887997153 0.017516052840732987
1 0.1793280880462202 0.4547071517800686 0.023259225249364385 0.023024319894325573
1 0.12185088131896579 0.4500531122170376 0.026762240313168997 0.026644325996828755
1 0.38186370837109274 0.4708406583118003 0.02218575918217358 0.022926960369773708
1 0.20835861470008776 0.45678117942500196 0.025688759401876343 0.02654696512596999
1 0.15088140055078245 0.45212713918881753 0.02470953527255787 0.027558937711218923
1 0.3533699295949224 0.46881531177544966 0.025688789090079878 0.026546967818583678
1 0.323849761188192 0.46613793831333983 0.024615323022889046 0.0264496082940317
1 0.2942825163448308 0.46401523225243735 0.025783001339748757 0.027656297235770844
1 0.9634063222007159 0.5140826485401843 0.006120963914224675 0.009361368198622433
1 0.8009370496000736 0.5038187344770251 0.011168521137665866 0.01862538225792021
1 0.5274588747471227 0.48236883675044084 0.02568878909007999 0.026546967818583733
1 0.49847542452988597 0.4797401417043002 0.025688759401876315 0.0265469651259701
1 0.468908164842423 0.4776174342970908 0.026856467406939588 0.027753656760322765
1 0.5564893865568886 0.48444286304906736 0.02792993347413053 0.027851016284874797
1 0.6746641536806646 0.49404301670986467 0.025783001339748757 0.0276562972357709
1 0.6456336418708988 0.49196899041123804 0.025877213589417414 0.02876562665295801
1 0.7047681315576212 0.4962144025330431 0.025877213589417636 0.02876562665295801
1 0.8235268243831015 0.5053086090135674 0.02685640803053224 0.027753651375095445
1 0.884318589607241 0.509145393020993 0.02783572122446165 0.02674168686768752
1 0.8542146117302842 0.5069740071978146 0.025783001339748757 0.027656297235770844
1 0.10287828569483204 0.41870891075841915 0.013221226178277035 0.017710770543529986
1 0.1254209469309746 0.4207534493304016 0.022185754139501038 0.02292690099336636
1 0.18182469501308907 0.4253101300420341 0.025688759401876315 0.026546965125970046
1 0.15337800751765132 0.42273011745078304 0.024615323022889102 0.0264496082940317
1 0.32639347427989523 0.4361862518667118 0.022279966389169847 0.024036230410553527
1 0.21085522166695664 0.42738415768696747 0.02578297165154511 0.027656294543157156
1 0.29794680162855935 0.4336062406217676 0.025688789090080044 0.02654696781858379
1 0.3838706884292006 0.4408402921028962 0.025783001339748812 0.027656297235770844
1 0.35542401577786464 0.4382602808579521 0.026856467406939644 0.027753656760322765
1 0.529465825117027 0.45236846784892315 0.026762195780863474 0.02664432195790828
1 0.49994567155439834 0.44969109573312016 0.025688759401876315 0.026546965125970046
1 0.4709151449005308 0.4476170680881868 0.025783001339748646 0.027656297235770844
1 0.6767182695518104 0.46348798848498063 0.026762195780863474 0.02664432195790828
1 0.7358056531136984 0.4682880653153793 0.026856408030532464 0.027753651375095445
1 0.7062855440833752 0.4656106972384968 0.025783001339748646 0.027656297235770844
1 0.6472452072699144 0.4602559503142773 0.025783001339748868 0.0276562972357709
1 0.8250441775324482 0.47470489833379376 0.026762195780863363 0.026644321957908335
1 0.8852521332863617 0.47904766998015075 0.026762195780863363 0.026644321957908335
1 0.9164295772305091 0.48131641532788116 0.02685640803053213 0.02775365137509561
1 0.15841832757622343 0.3633814092661205 0.022185754139501107 0.02292690099336636
1 0.2662824905389768 0.3670160244164077 0.010603252682325703 0.011969465131204393
1 0.12992453024492584 0.3613560610468864 0.025688766823927206 0.026546965799123412
1 0.359880496678007 0.3794175576196071 0.02325922020669191 0.023024260517918282
1 0.21589554172552877 0.36803544950230493 0.025688759401876343 0.026546965125969935
1 0.18691212119649558 0.3654067571487779 0.025688759401876343 0.026546965125970046
1 0.3018665494951063 0.37471483762114677 0.025688789090079933 0.026546967818583622
1 0.38944774152136813 0.3815402636805096 0.02676225515727082 0.0266443273431356
1 0.3314809004633018 0.37628287897345564 0.02676225515727082 0.0266443273431356
1 0.5340165479550418 0.3924164178860047 0.02568878909007999 0.026546967818583733
1 0.5050330977378049 0.389787722839864 0.02568875940187626 0.0265469651259701
1 0.5630941658896418 0.3939357794760376 0.02568878909007999 0.02654696781858379
1 0.6511649551364611 0.40136454731365645 0.025783001339748646 0.027656297235770844
1 0.7393300134880203 0.407684020807519 0.027835721224461873 0.02674168686768752
1 0.8865824579228037 0.4188035414435765 0.029982653358843425 0.02693640591679136
1 0.8586724589286558 0.416272204575681 0.02568878909007999 0.026546967818583678
1 0.8290581376486641 0.4147041659159857 0.026950620280201232 0.02886298079228261
1 0.9140784121783623 0.4134722668577899 0.013823591507491129 0.012261538319632892
1 0.8459422679683385 0.40058537785634185 0.007006064858485095 0.007240074274027342
1 0.26846792533509456 0.34765158781892636 0.011205657501172694 0.0065201775698205955
1 0.16086782841825795 0.33453905223667957 0.02218575918217358 0.022926960369773652
1 0.45595653908081635 0.35627213690437387 0.012053562705519216 0.016504082948097742
1 0.18936162203853008 0.336564400119337 0.025688759401876315 0.02654696512596999
1 0.13300498008125 0.3314530546991109 0.026762225469067202 0.026644324650521967
1 0.33397750743017063 0.3468858572354212 0.022185759182173526 0.022926960369773652
1 0.21843925481723203 0.3380837630556768 0.025688759401876315 0.026546965125969935
1 0.3043631564619751 0.3453178158831123 0.025783001339748757 0.027656297235770844
1 0.3914547190581397 0.3515399271598092 0.02568878909007999 0.02654696781858379
1 0.36247131337320837 0.3489112361525891 0.02568878909007999 0.026546967818583733
1 0.5064091325126485 0.36084800628587116 0.02568875940187637 0.0265469651259701
1 0.477425741671819 0.3582193166249579 0.02568878909007999 0.026546967818583733
1 0.5360234983249459 0.362416048984487 0.026762195780863585 0.02664432195790828
1 0.6822024741712022 0.3734382397841962 0.026762195780863474 0.02664432195790828
1 0.7118168548276014 0.3750062838291188 0.025688789090079767 0.026546967818583678
1 0.8299916219513774 0.3846064374899161 0.0256887890900801 0.026546967818583622
1 0.8896628743598987 0.38890053206661074 0.026762195780863696 0.026644321957908446
1 0.8606323625501331 0.38682650576798416 0.026856408030532464 0.027753651375095445
1 0.7870446429944775 0.36170758980337026 0.008079471549268802 0.0073374284133518874
1 0.10901339486495973 0.3018893672187932 0.011582506499847808 0.010957495238569204
1 0.2814450347915395 0.31585151761555 0.010603252682325814 0.011969465131204449
1 0.1354073747984501 0.3031653623782637 0.022185754139501065 0.022926900993366472
1 0.11025671472839849 0.29361813572857265 0.010226403683650645 0.007532147462455785
1 0.44669218480982753 0.32524950107290196 0.01186513820618168 0.01428542411372341
1 0.16390116841872227 0.30519071026092104 0.02568875940187637 0.026546965125970046
1 0.3353535422050143 0.3179461406814283 0.02218575413950108 0.02292690099336636
1 0.22088875565926652 0.30924140602623595 0.025688759401876343 0.026546965125970046
1 0.19190533513023333 0.306612713672709 0.025688759401876315 0.0265469651259701
1 0.30632303039524855 0.3158721143828018 0.026762255157270765 0.026644327343135654
1 0.3643840837029837 0.32002016967266855 0.026762255157270876 0.0266443273431356
1 0.3934145929914131 0.32209422565949875 0.02470953527255787 0.027558937711218923
1 0.5089528456043518 0.33089631983924306 0.02568875940187626 0.026546965125970046
1 0.5670139137561887 0.33504437647541674 0.02568878909007999 0.026546967818583678
1 0.5380305080712573 0.33241568546819655 0.02568878909007999 0.026546967818583678
1 0.713192889602445 0.34606656727512597 0.025688789090079878 0.026546967818583678
1 0.6841623777926792 0.34399254097649934 0.025783001339748868 0.027656297235770844
1 0.7428072702588442 0.3476346113200486 0.026762195780863363 0.026644321957908335
1 0.8319986316976888 0.3546060739736257 0.026762195780863474 0.026644321957908335
1 0.891669881584874 0.358900198238524 0.025688789090079767 0.02654696781858379
1 0.8621026095746454 0.3567774597968042 0.026856408030532464 0.027753651375095445
1 0.9212370967400314 0.3610229016068129 0.02685640803053224 0.027753651375095445
1 0.11328007264476964 0.2771243511641008 0.011299869750841504 0.007629506987007706
1 0.4599419637752873 0.30297600137555747 0.010226403683650576 0.0075321474624558404
1 0.4483694245154308 0.29913175813594933 0.012467548067701117 0.008836195928746737
1 0.11408087172428176 0.26769511049441713 0.009435589209567913 0.010762777535772261
1 0.1944019420971022 0.27721569193467444 0.023259225249364412 0.023024319894325573
1 0.1658610423519957 0.2757450087606106 0.024521110773220334 0.02534027887684459
1 0.13736724754203433 0.27371963085317286 0.02568876682392722 0.026546965799123468
1 0.28562748492711 0.2793412438785545 0.010603252682325703 0.011969465131204338
1 0.4607427603334632 0.2935467903940775 0.010509040432656935 0.010860135714017227
1 0.3958640963547839 0.29325183894185425 0.022185759182173637 0.022926960369773652
1 0.3094034765205473 0.2859691076984497 0.02568878909007999 0.026546967818583678
1 0.3663910612397553 0.29001983315196816 0.025688789090080044 0.026546967818583678
1 0.48241895560555675 0.2994252731488889 0.02568878909007999 0.026546967818583678
1 0.5399432461914928 0.30352464598386597 0.026762195780863585 0.02664432195790828
1 0.511496558696055 0.300944633392615 0.02568875940187637 0.026546965125970046
1 0.5695576268478921 0.3050926900287887 0.02568878909007999 0.026546967818583733
1 0.7892500444801178 0.3166340086951121 0.007288701607491732 0.01056806252558884
1 0.7157366026941482 0.3161148808284979 0.0256887890900801 0.026546967818583733
1 0.744767114503914 0.31818890712712444 0.025783001339748646 0.027656297235770844
1 0.8334688787222011 0.3245570280024457 0.026762195780863363 0.026644321957908224
1 0.8936768319547782 0.32889982933700634 0.026762195780863696 0.02664432195790828
1 0.11547548210292971 0.24490535648217943 0.008833179348048462 0.01621200572074874
1 0.16840475544369896 0.24579332231398254 0.02218575413950108 0.02292690099336636
1 0.1399109581124014 0.24376797409474843 0.025688766823927206 0.02654696579912344
1 0.3113633504538207 0.2565234061981392 0.022185754139501024 0.02292690099336636
1 0.22588196959300427 0.2504473625501669 0.02568875940187637 0.02654696512596999
1 0.19689854906397108 0.24781867019664 0.025688759401876343 0.026546965125970018
1 0.36888767072796036 0.26062278172573 0.02559457684041122 0.02543763840139654
1 0.3398571589181946 0.2585487554271035 0.02568878909007999 0.026546967818583678
1 0.3979181800163899 0.26269683771256025 0.025688789090080044 0.026546967818583678
1 0.6361606069688055 0.2787152311428521 0.008833164503946778 0.01621200437444198
1 0.6259156622702688 0.2783449884460434 0.012147715578780693 0.01761340698005759
1 0.4838892026300692 0.2693762271777088 0.025688789090079933 0.026546967818583622
1 0.542486959283196 0.2735729595372379 0.026762195780863363 0.02664432195790828
1 0.5129668057205674 0.27089558742143505 0.025688759401876315 0.026546965125970046
1 0.81239645708852 0.2924634427861298 0.008833164503946778 0.016212004374442035
1 0.801125152447627 0.29144117585617546 0.012053503329111925 0.01650407756287048
1 0.5710278738724044 0.2750436440576086 0.0256887890900801 0.026546967818583678
1 0.7172068497186608 0.2860658348573179 0.0256887890900801 0.026546967818583678
1 0.687639575187096 0.28394312610380174 0.026856408030532464 0.027753651375095445
1 0.8649959974988359 0.2972340325630377 0.026762195780863585 0.026644321957908335
1 0.8354758884685127 0.2945566644861553 0.027835721224461873 0.02674168686768763
1 0.924667247386021 0.3015281568279361 0.0256887890900801 0.026546967818583733
1 0.8946103756338988 0.298802106296164 0.025688789090079767 0.026546967818583678
1 0.1398367014191788 0.21916815799142858 0.007194459669619263 0.009458730415787958
1 0.4832310875929554 0.245282401759874 0.006215174903225373 0.010470682771707762
1 0.800090218730376 0.27178466337765206 0.008173683798937792 0.008446757830539109
1 0.17129677769999416 0.21810896704195387 0.012147776215856054 0.0176134272093868
1 0.14499700749483632 0.21572367215349988 0.011074310148665223 0.017516067684834824
1 0.6575084269259557 0.25661727262992806 0.006215176163893443 0.010470697615809599
1 0.4002734711300919 0.23496378041210286 0.014200494839900935 0.01669880199720164
1 0.4895119664909723 0.24138060331585276 0.012147776215856054 0.017613427209386828
1 0.879065141204225 0.2716812837528151 0.0063093858922261825 0.011579997344793036
1 0.6636479899708057 0.25437943862348394 0.012053503329111925 0.01650407756287045
1 0.6899948650401296 0.2562100836474462 0.013221241022378871 0.017710771889836857
1 0.7480559480360683 0.2603581416299266 0.015368173156760534 0.01790549093894067
1 0.8662778200240107 0.2694036454262321 0.013127028772710103 0.01660144247264972
1 0.9265329400184974 0.2731917725933246 0.015368173156760423 0.01790549093894067
1 0.6822836661933049 0.23874271326160273 0.011205600646101543 0.006520201872796866
1 0.8768910980620668 0.24633210243824344 0.008173683798937792 0.008446757830539081
1 0.584514544717593 0.2181378008099149 0.009529843470205801 0.011872081303676202
1 0.6835555227391565 0.2237668700382887 0.011299810374434172 0.007629501601780386
1 0.5566802169582279 0.2083472050370478 0.012467548067701117 0.008836195928746793
1 0.38751608009738714 0.19412248334945498 0.009435574365466048 0.010762776189465334
1 0.6490449298502179 0.2161654163581016 0.006120963914224675 0.009361368198622405
1 0.20824828596364103 0.1778635369907608 0.018588541670129494 0.018197566819982885
1 0.1691141032975364 0.17375526983062423 0.008833194192150284 0.016212007067055667
1 0.33676226815136157 0.18672462416050883 0.010980096638328385 0.016406723423545877
1 0.39326022722247667 0.19017199029905593 0.010000842820806322 0.017418693316181122
1 0.6980100879574473 0.2127813066487971 0.008833164503946667 0.01621200437444198
1 0.7050346925701506 0.21285949100127924 0.01000090219721339 0.017418698701408386
1 0.7416265135986795 0.21506036387794839 0.012147715578780693 0.017613406980057644
1 0.12308943181728095 0.11704128692441529 0.01237332097393054 0.007726865165252825
1 0.13660189442565823 0.11714895967669492 0.013446787041121344 0.007824224689804746
1 0.1749452539349612 0.11783189457797327 0.01909673928198022 0.01163900921781906
1 0.15884335570273467 0.11637151012411204 0.012655965144987763 0.011054854089967744
1 0.7061294878430888 0.15538867116357108 0.014708692451751548 0.010140244395037856
1 0.7470622780045475 0.1574243322739562 0.01694983683580209 0.011444292861328836
1 0.6826075653673733 0.15213744297669607 0.014897114429752945 0.012358873541208543
1 0.7029375966357255 0.14839197816420813 0.011488234873771708 0.009848160436154746
1 0.6858093641231537 0.14627957554426374 0.01625315723920895 0.01578420851004378
1 0.7076083073818279 0.14434412828187082 0.01363516700815337 0.010042879485258643
1 0.8609246414205091 0.160485099793634 0.014200436093827706 0.016698804034025266
1 0.8394083320743381 0.15909259220369457 0.01663000371654766 0.020221496490588797
1 0.7969595838044645 0.15580157621498442 0.017797739518812472 0.021428168551402477
1 0.7586261853737701 0.14226406703885736 0.009152998253534883 0.007434808167232992
1 0.6757913172126541 0.12413151196285638 0.009247209242535748 0.008544122740318336
1 0.7203869973017423 0.12761725071169586 0.014708692451751548 0.010140244395037856
1 0.7891826809628484 0.13273890597651916 0.00826789604860656 0.009556087247726247
1 0.7569788770763444 0.12981813639564324 0.01470869245175177 0.010140244395037815
1 0.7371198438979244 0.12801699326927352 0.017929031276916918 0.010432317583466327
1 0.46777564612714645 0.10247057332012688 0.007006006742746207 0.007240083732901817
1 0.4033209322293042 0.0971836988669686 0.009247149866128568 0.008544117355091002
1 0.7483912079152248 0.1290392655844551 0.010603251421657744 0.01196945028710264
1 0.8441175767462152 0.13548557081225848 0.01470869245175177 0.010140244395037828
1 0.20795122130820431 0.07946436637152965 0.013917860612230853 0.013370843433843788
1 0.17822409053892063 0.07285568514575522 0.011299871011509616 0.007629521831109529
1 0.4386323241977549 0.09535591187747208 0.012750183556039296 0.012164169336206482
1 0.6574397286896627 0.10458122972158476 0.014802903440752302 0.011249558968123186
1 0.7337966615627907 0.10982973360127427 0.012561760317369774 0.009945525345933973
1 0.6650952488974267 0.10359876172654203 0.010603251421657522 0.011969450287102626
1 0.6150851323475497 0.10018089006353648 0.00971826796954356 0.014090740138050548
1 0.7822437148249194 0.11254690396147199 0.014991326679421713 0.013468202958395667
1 0.8532333767385 0.11730861560362918 0.014897115690421181 0.012358888385310351
1 0.8404931604224521 0.11447632741255442 0.017138258813803597 0.01366292200749955
1 0.7034485824384379 0.09142714596543125 0.011488234873771708 0.009848160436154718
1 0.6658774482159795 0.08801957876179568 0.011676658112441118 0.012066804426427241
1 0.789024159444153 0.09639387369401134 0.008362107037607425 0.010665401820811576
1 0.09132232175003532 0.032555888278405026 0.012750176133988406 0.012164168663053074
1 0.798977896455292 0.08108758299777463 0.010414828182988112 0.009750806296830103
1 0.6184482427038892 0.0669499237974147 0.010791674029993148 0.014188086855324238
1 0.7592598894748592 0.0774853021302625 0.017044047194468726 0.012553600012363303
1 0.8888473374146035 0.08644375253558789 0.013540955388818499 0.008933557490122326
1 0.8495718221602279 0.08399947073287435 0.014802903440752413 0.011249558968123186
1 0.8350801193177622 0.08268512522926426 0.01158244586277235 0.010957475009240103
1 0.6831484525748925 0.05660893821616434 0.010509039802322984 0.010860128291966378
1 0.6912935706335477 0.056229804577326584 0.013729378627488131 0.011152201480394856
1 0.6219140778173826 0.05161413324040908 0.015085538298756362 0.014577524953531956
1 0.802632213868695 0.06353315754674926 0.00630938652256019 0.01158000476684401
1 0.8499586950175901 0.06670763216323226 0.01275018308328879 0.012164163769668314
1 0.858546364099918 0.06748650390217675 0.010980097268662337 0.01640673084559678
1 0.7302778785156928 0.04299754927596919 0.00728870066199061 0.010568051392512455
1 0.7421330516880523 0.04351383766324496 0.018117454200419214 0.012650957862713363
1 0.7195903830298587 0.04146929841810909 0.011676657797274337 0.012066800715401803
1 0.7571614578759096 0.04487686023651734 0.016158945304707073 0.014674882803882024
1 0.7073397645647022 0.039240344583239294 0.01079167434516004 0.014188090566349704
1 0.7128583794711603 0.02520860161539656 0.014708692254772227 0.010140242075646927
1 0.9176822480002587 0.03987286020732497 0.011394023018061694 0.00873883565774939
1 0.8607888433211794 0.03471283233220931 0.013540955152443579 0.008933554706853253
1 0.8451765686018557 0.03385578830161544 0.012561760080994744 0.009945522562664889
1 0.7495444114295959 0.026300160614797646 0.012750183240872182 0.012164165625181033
1 0.6827544019290686 0.023037211849253517 0.011074309045580488 0.017516054696245745
1 0.6218969329071171 0.013605125669815086 0.010414827946612859 0.009750803513561019
1 0.36272200753640427 0.003055114630115326 0.011356943746001213 0.006110229260230652
