1 0.8143224716186523 0.9965694546699524 0.006003379821777344 0.006861090660095215
1 0.8473413586616516 0.9952830076217651 0.012006878852844238 0.006003379821777344
0 0.6427958607673645 0.9961406588554382 0.007718682289123535 0.007718682289123535
1 0.2988850772380829 0.994425356388092 0.007718682289123535 0.004288196563720703
1 0.051457975059747696 0.994854211807251 0.008576326072216034 0.0051457881927490234
1 0.7718696594238281 0.9935677647590637 0.008576273918151855 0.004288196563720703
0 0.141938254237175 0.994425356388092 0.007718682289123535 0.006003379821777344
1 0.04245283082127571 0.994854211807251 0.007718697190284729 0.006861090660095215
1 0.16380788385868073 0.9927101135253906 0.00857633352279663 0.004288196563720703
1 0.7405660152435303 0.9901372194290161 0.007718682289123535 0.004288196563720703
1 0.7126929759979248 0.9901372194290161 0.008576273918151855 0.004288196563720703
1 0.703687846660614 0.9901372194290161 0.007718682289123535 0.004288196563720703
1 0.552744448184967 0.9914236664772034 0.004288196563720703 0.006861090660095215
1 0.49228131771087646 0.9901372194290161 0.00857633352279663 0.004288196563720703
1 0.8126072287559509 0.9884219765663147 0.007718682289123535 0.004288196563720703
0 0.07246997952461243 0.9862778782844543 0.009433954954147339 0.0051457881927490234
1 0.08104631304740906 0.9849914312362671 0.004288166761398315 0.006003379821777344
1 0.8962264060974121 0.9828473329544067 0.006861090660095215 0.0051457881927490234
1 0.8117495775222778 0.9807032346725464 0.007718682289123535 0.006003379821777344
1 0.7092624306678772 0.9768438935279846 0.006861090660095215 0.0051457881927490234
0 0.9837049841880798 0.9742709994316101 0.008576273918151855 0.006861090660095215
1 0.4095197319984436 0.9734134078025818 0.009433984756469727 0.0051457881927490234
1 0.03473413363099098 0.9669811129570007 0.007718697190284729 0.006003379821777344
0 0.9725557565689087 0.9438250660896301 0.008576273918151855 0.004288196563720703
0 0.4275300204753876 0.9412521719932556 0.006003439426422119 0.007718682289123535
0 0.7628644704818726 0.9361063241958618 0.012864470481872559 0.011149287223815918
1 0.08876501023769379 0.9335334300994873 0.009433954954147339 0.009433984756469727
1 0.00514579750597477 0.9262435436248779 0.01029159501194954 0.0051457881927490234
0 0.343910813331604 0.9189537167549133 0.00857633352279663 0.007718682289123535
0 0.18953688442707062 0.9198113083839417 0.00857633352279663 0.009433984756469727
1 0.9961406588554382 0.9189537167549133 0.007718682289123535 0.009433984756469727
0 0.24442538619041443 0.9180960655212402 0.006861060857772827 0.007718682289123535
0 0.13078902661800385 0.9180960655212402 0.007718682289123535 0.009433984756469727
1 0.038164664059877396 0.9172384142875671 0.007718697190284729 0.009433984756469727
0 0.4176672399044037 0.916380763053894 0.00857633352279663 0.009433984756469727
0 0.7358490824699402 0.9129502773284912 0.008576273918151855 0.006003379821777344
1 0.1303602010011673 0.9099485278129578 0.00857633352279663 0.0051457881927490234
0 0.3096054792404175 0.9108061790466309 0.006861090660095215 0.008576273918151855
1 0.833619236946106 0.9082332849502563 0.008576273918151855 0.0051457881927490234
1 0.2915951907634735 0.9082332849502563 0.0051457881927490234 0.006861090660095215
1 0.822898805141449 0.9073756337165833 0.009433984756469727 0.006861090660095215
1 0.4228130280971527 0.906089186668396 0.00857633352279663 0.004288196563720703
0 0.6732418537139893 0.9073756337165833 0.0051457881927490234 0.008576273918151855
0 0.9502573013305664 0.9073756337165833 0.008576273918151855 0.010291576385498047
0 0.9356775283813477 0.906089186668396 0.006861090660095215 0.009433984756469727
1 0.661663830280304 0.9069468379020691 0.009433984756469727 0.01457977294921875
1 0.3953687846660614 0.9103773832321167 0.022298455238342285 0.023156046867370605
1 0.8233276009559631 0.9000857472419739 0.008576273918151855 0.006003379821777344
1 0.9146655201911926 0.9013721942901611 0.021440863609313965 0.022298455238342285
0 0.43481990694999695 0.8936535120010376 0.00857633352279663 0.006861090660095215
1 0.7019725441932678 0.8919382691383362 0.004288196563720703 0.006861090660095215
1 0.7225557565689087 0.8915094137191772 0.004288196563720703 0.007718682289123535
0 0.18953688442707062 0.8915094137191772 0.00857633352279663 0.007718682289123535
1 0.8233276009559631 0.8872212767601013 0.008576273918151855 0.004288196563720703
0 0.8053173422813416 0.8893653750419617 0.006861090660095215 0.008576273918151855
0 0.7615780234336853 0.8897941708564758 0.0051457881927490234 0.009433984756469727
0 0.17324185371398926 0.89022296667099 0.00857633352279663 0.010291576385498047
1 0.9000857472419739 0.8897941708564758 0.006003379821777344 0.011149287223815918
1 0.8923670649528503 0.8872212767601013 0.006003379821777344 0.006003379821777344
1 0.30188679695129395 0.8885077238082886 0.006861090660095215 0.008576273918151855
0 0.921955406665802 0.8863636255264282 0.006861090660095215 0.006003379821777344
1 0.4794168174266815 0.8872212767601013 0.0051457881927490234 0.009433984756469727
0 0.416809618473053 0.8867924809455872 0.00857633352279663 0.008576273918151855
1 0.141938254237175 0.8846483826637268 0.007718682289123535 0.01457977294921875
1 0.6487993001937866 0.8786449432373047 0.006003379821777344 0.009433984756469727
1 0.9433962106704712 0.8717838525772095 0.0051457881927490234 0.007718682289123535
1 0.8190394639968872 0.8713550567626953 0.0051457881927490234 0.008576273918151855
0 0.5162950158119202 0.8713550567626953 0.006861090660095215 0.008576273918151855
1 0.5381646752357483 0.8773584961891174 0.021440863609313965 0.022298455238342285
1 0.7109776735305786 0.875643253326416 0.022298455238342285 0.022298455238342285
1 0.624356746673584 0.8666380643844604 0.006861090660095215 0.006003379821777344
1 0.1552315652370453 0.8666380643844604 0.0051457881927490234 0.006003379821777344
1 0.8837907314300537 0.8722127079963684 0.021440863609313965 0.022298455238342285
0 0.5793310403823853 0.8589193820953369 0.007718682289123535 0.007718682289123535
1 0.8683533668518066 0.8537735939025879 0.007718682289123535 0.004288196563720703
1 0.6783876419067383 0.8524871468544006 0.008576273918151855 0.0051457881927490234
0 0.5578902363777161 0.8533447980880737 0.007718682289123535 0.008576273918151855
0 0.7015437483787537 0.8512006998062134 0.006861090660095215 0.007718682289123535
1 0.14065180718898773 0.854631245136261 0.010291606187820435 0.01457977294921875
1 0.9558318853378296 0.849056601524353 0.006003379821777344 0.008576273918151855
0 0.025728987529873848 0.8464837074279785 0.008576329797506332 0.006861090660095215
0 0.41723841428756714 0.8417667150497437 0.007718682289123535 0.006003379821777344
1 0.5373070240020752 0.8473413586616516 0.021440863609313965 0.022298455238342285
0 0.5879073739051819 0.8400514721870422 0.009433984756469727 0.009433984756469727
1 0.8829330801963806 0.8426243662834167 0.021440863609313965 0.021440863609313965
0 0.1603773534297943 0.833619236946106 0.00857633352279663 0.006861090660095215
0 0.3597770035266876 0.8289022445678711 0.007718682289123535 0.006003379821777344
1 0.14022298157215118 0.8276157975196838 0.006003439426422119 0.008576273918151855
1 0.31003430485725403 0.8276157975196838 0.006003439426422119 0.010291576385498047
1 0.5981989502906799 0.8250429034233093 0.009433984756469727 0.006861090660095215
0 0.7431389093399048 0.8237564563751221 0.007718682289123535 0.006003379821777344
1 0.01329331030137837 0.8211835622787476 0.011149229016155005 0.007718682289123535
0 0.48713549971580505 0.8233276009559631 0.00857633352279663 0.01543736457824707
0 0.20240136981010437 0.8203259110450745 0.00857633352279663 0.011149287223815918
1 0.6565179824829102 0.8186106085777283 0.006003379821777344 0.009433984756469727
1 0.22298456728458405 0.8241852521896362 0.02058318257331848 0.022298455238342285
1 0.3370497524738312 0.8220411539077759 0.02058321237564087 0.021440863609313965
0 0.2564322352409363 0.8151801228523254 0.010291576385498047 0.007718682289123535
1 0.03730703145265579 0.8177530169487 0.007718697190284729 0.01457977294921875
0 0.39922812581062317 0.8130360245704651 0.007718682289123535 0.006861090660095215
1 0.010720411548390985 0.8134648203849792 0.007718696724623442 0.007718682289123535
1 0.46397942304611206 0.812178373336792 0.010291576385498047 0.006861090660095215
0 0.36749571561813354 0.8113207817077637 0.009433984756469727 0.0051457881927490234
1 0.016295025125145912 0.8048884868621826 0.008576329797506332 0.006003379821777344
1 0.2997426986694336 0.8023155927658081 0.007718682289123535 0.004288196563720703
1 0.7457118630409241 0.801886796951294 0.004288196563720703 0.006861090660095215
1 0.4549742639064789 0.8006003499031067 0.007718682289123535 0.004288196563720703
1 0.8391938209533691 0.8001715540885925 0.004288196563720703 0.006861090660095215
0 0.24485419690608978 0.8014580011367798 0.009433954954147339 0.009433984756469727
0 0.35934820771217346 0.7997426986694336 0.00857633352279663 0.007718682289123535
0 0.833190381526947 0.7980274558067322 0.007718682289123535 0.007718682289123535
0 0.5398799180984497 0.7975986003875732 0.009433984756469727 0.006861090660095215
0 0.5025728791952133 0.7975986003875732 0.008576303720474243 0.006861090660095215
1 0.017152657732367516 0.7967410087585449 0.01029159501194954 0.0051457881927490234
0 0.5977701544761658 0.796312153339386 0.008576273918151855 0.006003379821777344
1 0.48627787828445435 0.796312153339386 0.00857633352279663 0.009433984756469727
1 0.4751286506652832 0.7958833575248718 0.00857633352279663 0.010291576385498047
0 0.5857632756233215 0.7941681146621704 0.006861090660095215 0.008576273918151855
1 0.29931390285491943 0.791166365146637 0.00857633352279663 0.004288196563720703
1 0.4849914312362671 0.7903087735176086 0.007718682289123535 0.009433984756469727
0 0.9318181872367859 0.7894511222839355 0.009433984756469727 0.009433984756469727
0 0.18910805881023407 0.7873070240020752 0.007718682289123535 0.006861090660095215
1 0.9035162925720215 0.7890223264694214 0.009433984756469727 0.012006878852844238
1 0.7096912264823914 0.786878228187561 0.006003379821777344 0.011149287223815918
1 0.33662092685699463 0.7920240163803101 0.02144080400466919 0.023156046867370605
1 0.8181818127632141 0.7834476828575134 0.008576273918151855 0.009433984756469727
1 0.8284733891487122 0.7825900316238403 0.008576273918151855 0.009433984756469727
0 0.5981989502906799 0.7800171375274658 0.007718682289123535 0.006003379821777344
0 0.5866209268569946 0.7804459929466248 0.008576273918151855 0.006861090660095215
0 0.8572041392326355 0.7765865921974182 0.007718682289123535 0.006003379821777344
0 0.7319896817207336 0.7774442434310913 0.011149287223815918 0.007718682289123535
1 0.28945112228393555 0.7697255611419678 0.007718682289123535 0.004288196563720703
0 0.4005145728588104 0.7667238712310791 0.00857633352279663 0.0051457881927490234
0 0.46226415038108826 0.765866219997406 0.00857633352279663 0.0051457881927490234
1 0.016295025125145912 0.7650085687637329 0.01029159501194954 0.008576273918151855
0 0.7877358198165894 0.760720431804657 0.007718682289123535 0.0051457881927490234
1 0.8769297003746033 0.7594339847564697 0.007718682289123535 0.004288196563720703
1 0.03730703145265579 0.7534305453300476 0.009433962404727936 0.012864470481872559
1 0.26543739438056946 0.7465694546699524 0.004288136959075928 0.007718682289123535
1 0.3113207519054413 0.7367066740989685 0.0051457881927490234 0.008576273918151855
1 0.03859348222613335 0.7345626354217529 0.006861060857772827 0.009433984756469727
0 0.5707547068595886 0.7337049841880798 0.007718682289123535 0.011149287223815918
0 0.48627787828445435 0.7315608859062195 0.0051457881927490234 0.008576273918151855
1 0.8842195272445679 0.7285591959953308 0.0051457881927490234 0.006003379821777344
1 0.6436535120010376 0.7294167876243591 0.006003379821777344 0.009433984756469727
1 0.8177530169487 0.7272727489471436 0.006003379821777344 0.008576273918151855
1 0.3357633054256439 0.7337049841880798 0.02144080400466919 0.021440863609313965
1 0.8267581462860107 0.7259863018989563 0.008576273918151855 0.009433984756469727
1 0.18567752838134766 0.7234134078025818 0.007718682289123535 0.004288196563720703
0 0.15308748185634613 0.724699854850769 0.009433954954147339 0.006861090660095215
1 0.20583190023899078 0.7225557565689087 0.00857633352279663 0.004288196563720703
1 0.6440823078155518 0.7208404541015625 0.008576273918151855 0.004288196563720703
1 0.8160377144813538 0.7191252112388611 0.007718682289123535 0.004288196563720703
1 0.031732416711747646 0.7195540070533752 0.006861062720417976 0.0051457881927490234
1 0.4528301954269409 0.7161235213279724 0.00857633352279663 0.0051457881927490234
1 0.16380788385868073 0.7165523171424866 0.00857633352279663 0.007718682289123535
1 0.8134648203849792 0.7096912264823914 0.007718682289123535 0.004288196563720703
0 0.002572898752987385 0.708833634853363 0.00514579750597477 0.009433984756469727
0 0.8344768285751343 0.7075471878051758 0.006861090660095215 0.008576273918151855
1 0.510291576385498 0.7062607407569885 0.008576273918151855 0.006003379821777344
1 0.13936534523963928 0.708833634853363 0.009433954954147339 0.011149287223815918
0 0.7885934710502625 0.7079759836196899 0.011149287223815918 0.011149287223815918
1 0.48627787828445435 0.7062607407569885 0.0051457881927490234 0.007718682289123535
1 0.47384220361709595 0.7058318853378296 0.007718682289123535 0.010291576385498047
1 0.656089186668396 0.703687846660614 0.0051457881927490234 0.007718682289123535
1 0.30789023637771606 0.7045454382896423 0.00857633352279663 0.009433984756469727
1 0.6427958607673645 0.7019725441932678 0.006003379821777344 0.009433984756469727
1 0.8151801228523254 0.7006860971450806 0.007718682289123535 0.008576273918151855
0 0.34262436628341675 0.6989708542823792 0.006003439426422119 0.006861090660095215
1 0.39236706495285034 0.703687846660614 0.02144080400466919 0.021440863609313965
0 0.6951115131378174 0.6925386190414429 0.006003379821777344 0.007718682289123535
0 0.6831046342849731 0.692967414855957 0.006003379821777344 0.008576273918151855
1 0.760720431804657 0.6963979601860046 0.022298455238342285 0.020583152770996094
1 0.8765008449554443 0.6955403089523315 0.022298455238342285 0.022298455238342285
1 0.3096054792404175 0.6796740889549255 0.0051457881927490234 0.009433984756469727
1 0.29931390285491943 0.6801029443740845 0.00857633352279663 0.010291576385498047
0 0.7667238712310791 0.6753859519958496 0.006861090660095215 0.006003379821777344
0 0.7560034394264221 0.6762435436248779 0.011149287223815918 0.007718682289123535
0 0.552744448184967 0.6758147478103638 0.006003379821777344 0.008576273918151855
0 0.9103773832321167 0.6736706495285034 0.007718682289123535 0.006003379821777344
1 0.004288164433091879 0.6732418537139893 0.008576328866183758 0.0051457881927490234
1 0.6415094137191772 0.671955406665802 0.0051457881927490234 0.007718682289123535
0 0.16166380047798157 0.6710977554321289 0.007718682289123535 0.006003379821777344
0 0.9253859519958496 0.6702401638031006 0.008576273918151855 0.011149287223815918
1 0.8241852521896362 0.6689537167549133 0.008576273918151855 0.008576273918151855
1 0.8151801228523254 0.6689537167549133 0.006003379821777344 0.008576273918151855
0 0.4275300204753876 0.6680960655212402 0.006003439426422119 0.008576273918151855
0 0.39751285314559937 0.666809618473053 0.007718682289123535 0.006003379821777344
1 0.8679245114326477 0.666809618473053 0.006861090660095215 0.012864470481872559
0 0.5553173422813416 0.6625214219093323 0.009433984756469727 0.007718682289123535
0 0.8396226167678833 0.6590909361839294 0.006861090660095215 0.006003379821777344
0 0.15994854271411896 0.6590909361839294 0.007718682289123535 0.006003379821777344
1 0.8739279508590698 0.6578044891357422 0.010291576385498047 0.0051457881927490234
0 0.8499142527580261 0.6578044891357422 0.010291576385498047 0.006861090660095215
0 0.21569468080997467 0.6569468379020691 0.007718682289123535 0.006861090660095215
1 0.5180103182792664 0.6539450883865356 0.006861090660095215 0.006003379821777344
0 0.5308747887611389 0.6522298455238342 0.008576273918151855 0.004288196563720703
0 0.38679245114326477 0.6539450883865356 0.010291576385498047 0.007718682289123535
1 0.47126930952072144 0.6492281556129456 0.009433984756469727 0.0051457881927490234
0 0.3074614107608795 0.6505146026611328 0.007718682289123535 0.009433984756469727
0 0.2808747887611389 0.6483705043792725 0.007718682289123535 0.0051457881927490234
1 0.6933962106704712 0.6449399590492249 0.006003379821777344 0.008576273918151855
0 0.4618353247642517 0.6445111632347107 0.006003439426422119 0.007718682289123535
1 0.6406518220901489 0.6440823078155518 0.0051457881927490234 0.008576273918151855
1 0.19382503628730774 0.6505146026611328 0.02058318257331848 0.021440863609313965
1 0.7015437483787537 0.6445111632347107 0.006861090660095215 0.011149287223815918
1 0.48456260561943054 0.6415094137191772 0.0051457881927490234 0.008576273918151855
0 0.4699828326702118 0.6406518220901489 0.0051457881927490234 0.008576273918151855
0 0.05188679322600365 0.6406518220901489 0.006003431975841522 0.012006878852844238
1 0.6410806179046631 0.6355059742927551 0.009433984756469727 0.0051457881927490234
0 0.23113207519054413 0.6367924809455872 0.007718682289123535 0.007718682289123535
0 0.5390223264694214 0.6363636255264282 0.007718682289123535 0.008576273918151855
1 0.5034305304288864 0.6427958607673645 0.02058318257331848 0.021440863609313965
0 0.567324161529541 0.6367924809455872 0.009433984756469727 0.012864470481872559
0 0.147084042429924 0.6333619356155396 0.009433954954147339 0.006003379821777344
1 0.019725557416677475 0.6312178373336792 0.006861064583063126 0.006861090660095215
1 0.00600343057885766 0.6303601861000061 0.008576328866183758 0.0051457881927490234
1 0.7830188870429993 0.6179245114326477 0.008576273918151855 0.004288196563720703
0 0.5381646752357483 0.6196398138999939 0.006003379821777344 0.007718682289123535
0 0.7937392592430115 0.6174957156181335 0.007718682289123535 0.0051457881927490234
1 0.4716981053352356 0.6187821626663208 0.00857633352279663 0.009433984756469727
1 0.6397941708564758 0.614922821521759 0.0051457881927490234 0.008576273918151855
1 0.2075471729040146 0.6106346249580383 0.0051457881927490234 0.006861090660095215
1 0.41895368695259094 0.6162092685699463 0.02144080400466919 0.021440863609313965
1 0.7002573013305664 0.6110634803771973 0.021440863609313965 0.021440863609313965
0 0.8349056839942932 0.604202389717102 0.007718682289123535 0.011149287223815918
1 0.02744425367563963 0.5921955108642578 0.008576327934861183 0.004288196563720703
1 0.27186962962150574 0.5853344798088074 0.00857633352279663 0.004288196563720703
1 0.48970839381217957 0.5801886916160583 0.00857633352279663 0.004288196563720703
1 0.7006860971450806 0.5759004950523376 0.006861090660095215 0.004288196563720703
1 0.7384219765663147 0.5750429034233093 0.008576273918151855 0.004288196563720703
0 0.011149228317663074 0.5754716992378235 0.00857632840052247 0.006861090660095215
1 0.8379073739051819 0.5733276009559631 0.008576273918151855 0.004288196563720703
0 0.8143224716186523 0.5754716992378235 0.007718682289123535 0.008576273918151855
1 0.8837907314300537 0.5724700093269348 0.007718682289123535 0.004288196563720703
1 0.9442538619041443 0.5690394639968872 0.006861090660095215 0.006003379821777344
0 0.42409947514533997 0.5660377144813538 0.009433984756469727 0.008576273918151855
1 0.1436535120010376 0.5630360245704651 0.009433954954147339 0.006003379821777344
0 0.013293310068547726 0.5626072287559509 0.006003430113196373 0.008576273918151855
1 0.47212693095207214 0.5617495775222778 0.004288136959075928 0.008576273918151855
1 0.5630360245704651 0.5600343346595764 0.011149287223815918 0.008576273918151855
1 0.28430530428886414 0.5604631304740906 0.006003439426422119 0.009433984756469727
1 0.6380789279937744 0.5578902363777161 0.0051457881927490234 0.009433984756469727
1 0.22126929461956024 0.5638936758041382 0.02058318257331848 0.021440863609313965
1 0.4807032644748688 0.5548884868621826 0.009433984756469727 0.0051457881927490234
1 0.4699828326702118 0.5553173422813416 0.00857633352279663 0.007718682289123535
1 0.692967414855957 0.5561749339103699 0.01372218132019043 0.012864470481872559
1 0.8190394639968872 0.5484562516212463 0.008576273918151855 0.006003379821777344
1 0.8083190321922302 0.5475986003875732 0.007718682289123535 0.004288196563720703
0 0.5793310403823853 0.5484562516212463 0.007718682289123535 0.006003379821777344
1 0.03516295179724693 0.5497426986694336 0.00514579564332962 0.008576273918151855
1 0.2667238414287567 0.5403087735176086 0.00857633352279663 0.0051457881927490234
1 0.007289879722520709 0.5403087735176086 0.007718695793300867 0.0051457881927490234
0 0.2971698045730591 0.5385934710502625 0.007718682289123535 0.008576273918151855
1 0.45797598361968994 0.5360205769538879 0.00857633352279663 0.0051457881927490234
1 0.14022298157215118 0.5360205769538879 0.004288166761398315 0.008576273918151855
0 0.4815608859062195 0.5334476828575134 0.006003439426422119 0.008576273918151855
1 0.2971698045730591 0.5308747887611389 0.009433984756469727 0.0051457881927490234
1 0.023156089708209038 0.5300171375274658 0.008576329797506332 0.0051457881927490234
1 0.7877358198165894 0.5287306904792786 0.007718682289123535 0.004288196563720703
1 0.16509434580802917 0.5373070240020752 0.021440833806991577 0.021440863609313965
0 0.4691252112388611 0.5287306904792786 0.00857633352279663 0.011149287223815918
1 0.4798456132411957 0.5248713493347168 0.007718682289123535 0.0051457881927490234
0 0.41252145171165466 0.5227272510528564 0.010291576385498047 0.007718682289123535
0 0.5797598361968994 0.5188679099082947 0.008576273918151855 0.006861090660095215
0 0.1702401340007782 0.5162950158119202 0.007718682289123535 0.006861090660095215
0 0.9193825125694275 0.5150085687637329 0.006861090660095215 0.007718682289123535
1 0.29759863018989563 0.5124356746673584 0.00857633352279663 0.004288196563720703
0 0.32675814628601074 0.5111492276191711 0.00857633352279663 0.008576273918151855
1 0.009005146101117134 0.5077186822891235 0.009433962404727936 0.0051457881927490234
0 0.2971698045730591 0.505145788192749 0.009433984756469727 0.010291576385498047
1 0.6475128531455994 0.5017152279615402 0.006861090660095215 0.008576303720474243
1 0.6329330801963806 0.5021440982818604 0.0051457881927490234 0.009433984756469727
0 0.32504287362098694 0.49957118928432465 0.006861090660095215 0.007718712091445923
1 0.5343053340911865 0.49614065885543823 0.006861090660095215 0.009433984756469727
1 0.46869638562202454 0.49142366647720337 0.009433984756469727 0.0051457881927490234
0 0.6380789279937744 0.48799315094947815 0.010291576385498047 0.0051457881927490234
1 0.838336169719696 0.49442538619041443 0.021440863609313965 0.02144080400466919
0 0.4618353247642517 0.4849914312362671 0.009433984756469727 0.007718682289123535
1 0.30789023637771606 0.4815608859062195 0.0051457881927490234 0.007718682289123535
1 0.6050600409507751 0.4777015447616577 0.009433984756469727 0.0051457881927490234
0 0.14236706495285034 0.4815608859062195 0.00857633352279663 0.01457977294921875
1 0.02787306997925043 0.47298455238342285 0.00771869532763958 0.004288136959075928
1 0.6325042843818665 0.4734133780002594 0.004288196563720703 0.00857633352279663
0 0.3237564265727997 0.47298455238342285 0.006003439426422119 0.007718682289123535
0 0.775300145149231 0.47041165828704834 0.010291576385498047 0.007718682289123535
1 0.8151801228523254 0.46955403685569763 0.006003379821777344 0.009433984756469727
0 0.6247856020927429 0.4674099385738373 0.007718682289123535 0.00857633352279663
1 0.5274442434310913 0.4725557565689087 0.020583152770996094 0.02058321237564087
1 0.008576328866183758 0.45969125628471375 0.01029159501194954 0.0051457881927490234
1 0.864922821521759 0.4652658700942993 0.019725561141967773 0.02144080400466919
1 0.2980274558067322 0.4541166424751282 0.007718682289123535 0.007718682289123535
1 0.018010292202234268 0.4532589912414551 0.006861064583063126 0.006003439426422119
0 0.2675814628601074 0.4493996500968933 0.010291576385498047 0.0051457881927490234
1 0.6659519672393799 0.44897085428237915 0.009433984756469727 0.006003439426422119
0 0.3314751386642456 0.4476843774318695 0.007718682289123535 0.0051457881927490234
1 0.4802744388580322 0.44897085428237915 0.0051457881927490234 0.009433984756469727
0 0.41809606552124023 0.44639793038368225 0.007718682289123535 0.006003439426422119
0 0.3224699795246124 0.44639793038368225 0.0051457881927490234 0.009433984756469727
1 0.6475128531455994 0.445111483335495 0.0051457881927490234 0.00857633352279663
1 0.6316466331481934 0.445111483335495 0.004288196563720703 0.00857633352279663
1 0.2482847198843956 0.4511149227619171 0.021440818905830383 0.02058321237564087
1 0.47641509771347046 0.44382503628730774 0.006003439426422119 0.007718682289123535
1 0.6217838525772095 0.4403945207595825 0.008576273918151855 0.004288136959075928
1 0.817324161529541 0.4408233165740967 0.0051457881927490234 0.00857633352279663
1 0.6445111632347107 0.43910807371139526 0.007718682289123535 0.00857633352279663
0 0.33919382095336914 0.4343910813331604 0.007718682289123535 0.006003439426422119
1 0.013293310534209013 0.4262435734272003 0.00943396333605051 0.0051457881927490234
1 0.1710977703332901 0.4176672399044037 0.007718682289123535 0.0051457881927490234
1 0.02401372231543064 0.41809606552124023 0.01029159501194954 0.006003439426422119
1 0.5167238712310791 0.4086620807647705 0.004288196563720703 0.007718682289123535
0 0.2234133780002594 0.40394511818885803 0.011149227619171143 0.00857633352279663
1 0.03945111483335495 0.400943398475647 0.006861060857772827 0.006003439426422119
0 0.02401372231543064 0.400943398475647 0.008576329797506332 0.007718682289123535
1 0.14065180718898773 0.4005145728588104 0.0051457881927490234 0.00857633352279663
1 0.02615780383348465 0.3945111632347107 0.007718697190284729 0.0051457881927490234
1 0.3057461380958557 0.39579761028289795 0.007718682289123535 0.009433984756469727
1 0.47813037037849426 0.3936535120010376 0.004288136959075928 0.00857633352279663
0 0.1578044593334198 0.3910806179046631 0.006861060857772827 0.006861090660095215
1 0.19210977852344513 0.3970840573310852 0.02058318257331848 0.02058321237564087
1 0.6445111632347107 0.38979417085647583 0.004288196563720703 0.007718682289123535
1 0.014150943607091904 0.3872212767601013 0.007718697190284729 0.004288136959075928
0 0.421955406665802 0.38593482971191406 0.006861090660095215 0.00857633352279663
1 0.6312178373336792 0.3872212767601013 0.006861090660095215 0.012864470481872559
1 0.583619236946106 0.3820754587650299 0.01457977294921875 0.009433984756469727
0 0.21655231714248657 0.37821611762046814 0.009433954954147339 0.0051457881927490234
0 0.15823327004909515 0.377787321805954 0.009433954954147339 0.007718682289123535
1 0.039022296667099 0.3752143979072571 0.006003431975841522 0.009433984756469727
1 0.4935677647590637 0.36921098828315735 0.011149227619171143 0.006003439426422119
1 0.04674099385738373 0.3696397840976715 0.004288166761398315 0.00857633352279663
1 0.5034305453300476 0.36578044295310974 0.006861090660095215 0.011149227619171143
0 0.1710977703332901 0.36492282152175903 0.007718682289123535 0.009433984756469727
0 0.6843910813331604 0.3627787232398987 0.006861090660095215 0.00857633352279663
1 0.6638078689575195 0.361921101808548 0.0051457881927490234 0.00857633352279663
1 0.4644082188606262 0.361921101808548 0.009433984756469727 0.010291576385498047
1 0.33018869161605835 0.3662092685699463 0.02058321237564087 0.02058321237564087
1 0.2765866219997406 0.3580617606639862 0.007718682289123535 0.004288136959075928
1 0.009862778941169381 0.3546312153339386 0.007718696724623442 0.004288136959075928
0 0.2259862720966339 0.3473413288593292 0.006003439426422119 0.00857633352279663
1 0.13979417085647583 0.343910813331604 0.0051457881927490234 0.00857633352279663
1 0.30703258514404297 0.3413379192352295 0.0051457881927490234 0.00857633352279663
0 0.29759863018989563 0.33662092685699463 0.0051457881927490234 0.009433984756469727
1 0.04674099385738373 0.3361921012401581 0.004288166761398315 0.00857633352279663
1 0.2465694695711136 0.3404802680015564 0.021440833806991577 0.02058321237564087
0 0.11749570816755295 0.33104631304740906 0.00857633352279663 0.0051457881927490234
0 0.28130361437797546 0.33018869161605835 0.00857633352279663 0.0051457881927490234
0 0.09819897264242172 0.3314751386642456 0.006003424525260925 0.007718682289123535
1 0.7680103182792664 0.31775298714637756 0.007718682289123535 0.004288136959075928
1 0.8606346249580383 0.32504287362098694 0.021440863609313965 0.02058321237564087
1 0.4742709994316101 0.31260719895362854 0.00857633352279663 0.004288136959075928
0 0.3066037595272064 0.3113207519054413 0.009433984756469727 0.013722121715545654
1 0.19039450585842133 0.3147512972354889 0.02058318257331848 0.02058321237564087
1 0.017152657732367516 0.30617496371269226 0.008576329797506332 0.0051457881927490234
1 0.7688679099082947 0.3031732439994812 0.007718682289123535 0.004288136959075928
1 0.32933104038238525 0.3113207519054413 0.02058321237564087 0.02058321237564087
0 0.8310462832450867 0.30102914571762085 0.008576273918151855 0.0051457881927490234
1 0.64022296667099 0.3031732439994812 0.007718682289123535 0.01457977294921875
0 0.13078902661800385 0.2954545319080353 0.006003439426422119 0.007718682289123535
1 0.7178387641906738 0.30102914571762085 0.020583152770996094 0.02058321237564087
0 0.8409090638160706 0.2924528419971466 0.009433984756469727 0.006861090660095215
0 0.7774442434310913 0.29202401638031006 0.011149287223815918 0.009433984756469727
1 0.004716981202363968 0.2864494025707245 0.009433962404727936 0.0051457881927490234
0 0.8190394639968872 0.2881646752357483 0.0051457881927490234 0.010291576385498047
0 0.807032585144043 0.28387650847435 0.006861090660095215 0.00857633352279663
1 0.7787306904792786 0.27787306904792786 0.006861090660095215 0.00857633352279663
0 0.5750429034233093 0.2774442434310913 0.006003379821777344 0.007718682289123535
1 0.3289022445678711 0.28387650847435 0.019725561141967773 0.02058321237564087
1 0.6325042843818665 0.27701544761657715 0.004288196563720703 0.00857633352279663
1 0.46312177181243896 0.27787306904792786 0.00857633352279663 0.010291576385498047
1 0.7877358198165894 0.27444252371788025 0.004288196563720703 0.00857633352279663
1 0.038164664059877396 0.2714408338069916 0.006003431975841522 0.006003439426422119
0 0.6843910813331604 0.26629501581192017 0.010291576385498047 0.007718682289123535
1 0.1595197319984436 0.2650085687637329 0.0051457881927490234 0.00857633352279663
0 0.7298456430435181 0.26200684905052185 0.008576273918151855 0.004288136959075928
1 0.19253858923912048 0.2632932960987091 0.006003439426422119 0.00857633352279663
0 0.21783876419067383 0.25557461380958557 0.010291606187820435 0.006861090660095215
0 0.49142366647720337 0.2560034394264221 0.0051457881927490234 0.009433984756469727
0 0.3314751386642456 0.25771868228912354 0.007718682289123535 0.01457977294921875
1 0.4150943458080292 0.2560034319758415 0.006861090660095215 0.012864485383033752
1 0.023156089708209038 0.2508576139807701 0.008576329797506332 0.004288151860237122
1 0.6646655201911926 0.25214406847953796 0.0051457881927490234 0.00857633352279663
1 0.8036020398139954 0.25 0.006861090660095215 0.006003439426422119
1 0.7482847571372986 0.25042883306741714 0.006003379821777344 0.006861075758934021
1 0.6578044891357422 0.2517152801156044 0.0051457881927490234 0.009433969855308533
1 0.8704974055290222 0.25042882561683655 0.0051457881927490234 0.00857633352279663
1 0.8143224716186523 0.2491423711180687 0.004288196563720703 0.007718697190284729
0 0.5510291457176208 0.24785591661930084 0.011149287223815918 0.006861060857772827
1 0.833619236946106 0.2474271059036255 0.0051457881927490234 0.007718682289123535
1 0.8580617308616638 0.2465694695711136 0.009433984756469727 0.009433954954147339
0 0.020154373720288277 0.24356774985790253 0.007718697190284729 0.0051457881927490234
0 0.7174099683761597 0.24313893914222717 0.011149287223815918 0.007718682289123535
1 0.8044596910476685 0.24228130280971527 0.0051457881927490234 0.007718682289123535
1 0.854631245136261 0.24056604504585266 0.004288196563720703 0.007718682289123535
1 0.028301886282861233 0.23713549971580505 0.006861062720417976 0.004288166761398315
1 0.2907375693321228 0.23156088590621948 0.0051457881927490234 0.010291606187820435
0 0.6217838525772095 0.2251286506652832 0.008576273918151855 0.004288166761398315
0 0.8276157975196838 0.22469982504844666 0.008576273918151855 0.0051457881927490234
1 0.1728130429983139 0.22298456728458405 0.004288166761398315 0.00857633352279663
1 0.3481989800930023 0.21912521123886108 0.0051457881927490234 0.007718682289123535
1 0.5231561064720154 0.21869640052318573 0.006861090660095215 0.00857633352279663
1 0.00600343057885766 0.21655231714248657 0.01200686115771532 0.006003439426422119
1 0.3876500725746155 0.21740995347499847 0.0051457881927490234 0.009433954954147339
1 0.8083190321922302 0.21526587009429932 0.006003379821777344 0.00857633352279663
0 0.019296741113066673 0.20711834728717804 0.009433962404727936 0.007718682289123535
0 0.8357632756233215 0.20583190023899078 0.009433984756469727 0.00857633352279663
1 0.8726415038108826 0.20411664247512817 0.007718682289123535 0.00857633352279663
1 0.8945111632347107 0.20283019542694092 0.0051457881927490234 0.009433954954147339
0 0.8602058291435242 0.20325900614261627 0.006861090660095215 0.01200684905052185
1 0.006432246882468462 0.1985420286655426 0.007718696258962154 0.004288166761398315
1 0.9103773832321167 0.1993996500968933 0.009433984756469727 0.012864500284194946
1 0.8992281556129456 0.1951114982366562 0.007718682289123535 0.004288166761398315
1 0.19039450585842133 0.19382503628730774 0.00857633352279663 0.0051457881927490234
0 0.16509434580802917 0.1942538619041443 0.009433954954147339 0.006003439426422119
0 0.05445969104766846 0.19339622557163239 0.007718697190284729 0.006003439426422119
0 0.5218696594238281 0.19168096780776978 0.007718682289123535 0.007718682289123535
1 0.6492281556129456 0.1818181872367859 0.006861090660095215 0.0051457881927490234
1 0.02744425553828478 0.17838765680789948 0.010291596874594688 0.0051457881927490234
1 0.17624357342720032 0.17710119485855103 0.006003439426422119 0.004288166761398315
1 0.14965695142745972 0.16895368695259094 0.007718682289123535 0.0051457881927490234
1 0.5823327898979187 0.1676672399044037 0.008576273918151855 0.004288166761398315
1 0.6080617308616638 0.16680960357189178 0.006861090660095215 0.004288166761398315
1 0.6337907314300537 0.16595196723937988 0.006861090660095215 0.004288166761398315
1 0.6620926260948181 0.16509434580802917 0.008576273918151855 0.004288166761398315
1 0.760720431804657 0.16166380047798157 0.008576273918151855 0.004288166761398315
1 0.013293310068547726 0.15651801228523254 0.00771869532763958 0.004288166761398315
0 0.210977703332901 0.15351629257202148 0.00857633352279663 0.006861060857772827
0 0.6432247161865234 0.15094339847564697 0.008576273918151855 0.006861060857772827
1 0.2701543867588043 0.14965695142745972 0.00857633352279663 0.004288166761398315
1 0.17667238414287567 0.15008576214313507 0.010291606187820435 0.0051457881927490234
0 0.8181818127632141 0.1479416787624359 0.0051457881927490234 0.007718682289123535
1 0.7975986003875732 0.1479416787624359 0.006861090660095215 0.007718682289123535
0 0.7765865921974182 0.14837050437927246 0.006003379821777344 0.00857633352279663
1 0.6942538619041443 0.147084042429924 0.006003379821777344 0.007718682289123535
0 0.8589193820953369 0.1453687846660614 0.011149287223815918 0.006003439426422119
1 0.7349914312362671 0.14579759538173676 0.006861090660095215 0.006861060857772827
1 0.31432247161865234 0.14408233761787415 0.004288136959075928 0.00857633352279663
1 0.00943396263755858 0.14065180718898773 0.008576329331845045 0.0051457881927490234
0 0.9249570965766907 0.13979417085647583 0.004288196563720703 0.00857633352279663
1 0.8434820175170898 0.1427958905696869 0.012864470481872559 0.016295015811920166
0 0.8267581462860107 0.13850772380828857 0.0051457881927490234 0.007718682289123535
1 0.7006860971450806 0.13507719337940216 0.006861090660095215 0.006003439426422119
0 0.8554888367652893 0.13550600409507751 0.006003379821777344 0.01200684905052185
1 0.16809605062007904 0.1303602010011673 0.006861060857772827 0.00857633352279663
1 0.15566037595272064 0.12821611762046814 0.009433954954147339 0.011149227619171143
0 0.4159519672393799 0.12478559464216232 0.010291576385498047 0.006003424525260925
1 0.7079759836196899 0.12521441280841827 0.006003379821777344 0.00857633352279663
1 0.19382503628730774 0.12478559464216232 0.006861060857772827 0.007718697190284729
1 0.006432246882468462 0.12478559464216232 0.007718696258962154 0.007718697190284729
1 0.3893653452396393 0.12392795830965042 0.006861090660095215 0.007718697190284729
1 0.38164666295051575 0.12392795830965042 0.006861090660095215 0.007718697190284729
0 0.9965694546699524 0.12435678020119667 0.0051457881927490234 0.010291598737239838
1 0.43825042247772217 0.12264150753617287 0.0051457881927490234 0.008576326072216034
1 0.7971698045730591 0.12221269309520721 0.006003379821777344 0.009433954954147339
1 0.4725557565689087 0.12178387120366096 0.006861090660095215 0.008576326072216034
1 0.4931389391422272 0.11535163223743439 0.00857633352279663 0.004288166761398315
1 0.3323327600955963 0.11192109435796738 0.006003439426422119 0.004288166761398315
0 0.10334476828575134 0.10849056392908096 0.007718697190284729 0.006003424525260925
1 0.5240136981010437 0.10677529871463776 0.006861090660095215 0.004288166761398315
1 0.6037735939025879 0.10591766983270645 0.008576273918151855 0.004288166761398315
0 0.4618353247642517 0.10291595011949539 0.007718682289123535 0.005145803093910217
0 0.8863636255264282 0.10077186673879623 0.009433984756469727 0.007718697190284729
1 0.5827615857124329 0.10205832123756409 0.009433984756469727 0.012006863951683044
0 0.6037735939025879 0.09605488926172256 0.008576273918151855 0.00857633352279663
1 0.4751286506652832 0.09391080588102341 0.00857633352279663 0.004288166761398315
1 0.010720411548390985 0.0921955406665802 0.007718696724623442 0.007718697190284729
1 0.0034305318258702755 0.09176672250032425 0.006861063651740551 0.006861060857772827
0 0.6222127079963684 0.09005145728588104 0.009433984756469727 0.005145803093910217
1 0.8533447980880737 0.08619210869073868 0.006861090660095215 0.007718697190284729
1 0.2341337949037552 0.08018867671489716 0.00857633352279663 0.004288166761398315
1 0.12178387492895126 0.08147513121366501 0.005145803093910217 0.006861060857772827
1 0.2997426986694336 0.07847341150045395 0.007718682289123535 0.004288166761398315
0 0.6903945207595825 0.07847341150045395 0.006861090660095215 0.007718697190284729
1 0.6376500725746155 0.07590051740407944 0.007718682289123535 0.004288166761398315
0 0.343910813331604 0.07632932811975479 0.00857633352279663 0.005145803093910217
0 0.059605490416288376 0.07504288107156754 0.006003431975841522 0.007718697190284729
0 0.16680960357189178 0.07075471431016922 0.006003439426422119 0.007718697190284729
1 0.03730703145265579 0.07118353247642517 0.006003431975841522 0.00857633352279663
1 0.21740995347499847 0.06132075376808643 0.007718682289123535 0.0077186934649944305
1 0.5947684645652771 0.05831903964281082 0.006003379821777344 0.006861060857772827
1 0.10034305602312088 0.053602058440446854 0.00857633352279663 0.006003431975841522
1 0.1852487176656723 0.05274442583322525 0.00857633352279663 0.006003431975841522
1 0.312178373336792 0.05017152801156044 0.006861090660095215 0.004288166761398315
1 0.11406517773866653 0.05188679322600365 0.00857633352279663 0.009433962404727936
1 0.14108061790466309 0.05102916061878204 0.007718682289123535 0.009433962404727936
1 0.10506003350019455 0.05188679322600365 0.007718697190284729 0.011149227619171143
0 0.12650085985660553 0.048885077238082886 0.009433954954147339 0.006861060857772827
0 0.838765025138855 0.046312179416418076 0.008576273918151855 0.006861060857772827
1 0.994854211807251 0.04416809603571892 0.0051457881927490234 0.007718697190284729
1 0.8211835622787476 0.04416809603571892 0.004288196563720703 0.007718697190284729
0 0.7161235213279724 0.04245283082127571 0.008576273918151855 0.004288166761398315
1 0.2375643253326416 0.04502572864294052 0.0051457881927490234 0.009433962404727936
1 0.8134648203849792 0.04245283082127571 0.006003379821777344 0.006003431975841522
1 0.3494854271411896 0.04245283082127571 0.011149227619171143 0.009433962404727936
1 0.9532589912414551 0.03859348222613335 0.004288196563720703 0.006861060857772827
1 0.3747856020927429 0.04030874744057655 0.0051457881927490234 0.010291598737239838
1 0.44639793038368225 0.03730703145265579 0.006003439426422119 0.006003431975841522
1 0.3481989800930023 0.03473413363099098 0.010291576385498047 0.009433962404727936
0 0.7178387641906738 0.03001715149730444 0.006861090660095215 0.008576327934861183
0 0.2358490526676178 0.027873070910573006 0.00857633352279663 0.004288163036108017
1 0.9939965605735779 0.027444254606962204 0.0051457881927490234 0.006861064583063126
0 0.28387650847435 0.025300171226263046 0.00857633352279663 0.004288163036108017
1 0.9524013996124268 0.021440822631120682 0.004288196563720703 0.006861064583063126
0 0.5746140480041504 0.01886792480945587 0.0051457881927490234 0.008576329797506332
0 0.8752143979072571 0.0162950255908072 0.009433984756469727 0.005145798437297344
1 0.5857632756233215 0.016723841428756714 0.008576273918151855 0.011149227619171143
1 0.1951114982366562 0.00300171528942883 0.006003439426422119 0.00600343057885766
