1 0.9414802065404475 0.9977856510186005 0.0068846815834767644 0.0044286979627989375
1 0.955249569707401 0.9973427812223207 0.0068846815834767644 0.005314437555358724
1 0.05249569707401033 0.9601417183348095 0.008605851979345954 0.008857395925597875
1 0.9677280550774526 0.9534986713906112 0.00946643717728055 0.00974313551815766
1 0.4556798623063683 0.9468556244464128 0.00946643717728055 0.005314437555358724
0 0.5692771084337349 0.9472984942426926 0.011187607573149742 0.007971656333038087
0 0.7160068846815835 0.9455270150575731 0.008605851979345954 0.007971656333038087
1 0.8037865748709122 0.941541186891054 0.008605851979345954 0.005314437555358724
0 0.9203958691910499 0.941541186891054 0.00774526678141136 0.0070859167404783
1 0.6316695352839932 0.9424269264836138 0.010327022375215147 0.008857395925597875
1 0.10585197934595525 0.937555358724535 0.008605851979345954 0.0044286979627989375
1 0.4556798623063683 0.937112488928255 0.00946643717728055 0.005314437555358724
0 0.1884681583476764 0.937112488928255 0.008605851979345954 0.005314437555358724
1 0.4789156626506024 0.9353410097431355 0.00774526678141136 0.005314437555358724
1 0.6312392426850258 0.9344552701505757 0.00946643717728055 0.005314437555358724
0 0.6092943201376936 0.9340124003542959 0.008605851979345954 0.0044286979627989375
1 0.7822719449225474 0.9344552701505757 0.0051635111876075735 0.008857395925597875
0 0.8270223752151463 0.9313551815766165 0.008605851979345954 0.0044286979627989375
1 0.3093803786574871 0.9313551815766165 0.00774526678141136 0.006200177147918512
0 0.1351118760757315 0.9317980513728964 0.010327022375215147 0.0070859167404783
0 0.7013769363166954 0.9326837909654562 0.0068846815834767644 0.010628875110717449
0 0.6462994836488812 0.9295837023914969 0.008605851979345954 0.007971656333038087
0 0.8330464716006885 0.929140832595217 0.008605851979345954 0.010628875110717449
0 0.2654905335628227 0.9193976970770593 0.00946643717728055 0.005314437555358724
1 0.21600688468158347 0.9193976970770593 0.010327022375215147 0.005314437555358724
0 0.18287435456110154 0.9185119574844995 0.00946643717728055 0.0070859167404783
0 0.39672977624784855 0.9171833480956598 0.0068846815834767644 0.006200177147918512
0 0.6867469879518072 0.9154118689105403 0.008605851979345954 0.007971656333038087
0 0.3851118760757315 0.91674047829938 0.012908777969018933 0.010628875110717449
0 0.7319277108433735 0.9140832595217007 0.00774526678141136 0.0070859167404783
1 0.4440619621342513 0.9136403897254207 0.008605851979345954 0.006200177147918512
0 0.8330464716006885 0.9114260407440212 0.0068846815834767644 0.008857395925597875
1 0.4522375215146299 0.9114260407440212 0.004302925989672977 0.008857395925597875
1 0.21557659208261618 0.9114260407440212 0.006024096385542169 0.008857395925597875
1 0.8042168674698795 0.9092116917626218 0.00774526678141136 0.00974313551815766
1 0.7938898450946644 0.9092116917626218 0.006024096385542169 0.00974313551815766
1 0.10154905335628227 0.9092116917626218 0.0051635111876075735 0.00974313551815766
0 0.6183304647160068 0.9074402125775022 0.00774526678141136 0.015057573073516387
1 0.7925989672977625 0.9007971656333038 0.008605851979345954 0.005314437555358724
1 0.33304647160068845 0.9100974313551816 0.022375215146299483 0.023914968999114262
0 0.3102409638554217 0.9030115146147033 0.00774526678141136 0.00974313551815766
1 0.8033562822719449 0.9003542958370239 0.00946643717728055 0.006200177147918512
0 0.3674698795180723 0.9012400354295838 0.008605851979345954 0.007971656333038087
0 0.8485370051635112 0.8972542072630647 0.008605851979345954 0.0070859167404783
1 0.004733218588640275 0.8976970770593445 0.00946643717728055 0.00974313551815766
0 0.7220309810671256 0.8866253321523472 0.008605851979345954 0.005314437555358724
0 0.9251290877796902 0.8866253321523472 0.0068846815834767644 0.0070859167404783
1 0.7728055077452668 0.8857395925597874 0.008605851979345954 0.005314437555358724
0 0.33648881239242684 0.887511071744907 0.010327022375215147 0.008857395925597875
0 0.4819277108433735 0.8852967227635076 0.0068846815834767644 0.006200177147918512
0 0.3098106712564544 0.8866253321523472 0.008605851979345954 0.008857395925597875
0 0.7147160068846816 0.8844109831709478 0.00774526678141136 0.006200177147918512
0 0.6570567986230637 0.8844109831709478 0.00774526678141136 0.006200177147918512
1 0.7319277108433735 0.8835252435783879 0.00774526678141136 0.006200177147918512
0 0.8287435456110155 0.8817537643932684 0.013769363166953529 0.00974313551815766
0 0.8459552495697074 0.8799822852081488 0.0068846815834767644 0.007971656333038087
1 0.7921686746987951 0.8782108060230293 0.00946643717728055 0.00974313551815766
0 0.28657487091222034 0.87466784765279 0.008605851979345954 0.0044286979627989375
1 0.6277969018932874 0.8768821966341895 0.00946643717728055 0.015943312666076175
1 0.16049913941480207 0.8795394154118689 0.02323580034423408 0.021257750221434897
1 0.21815834767641998 0.8795394154118689 0.02495697074010327 0.023029229406554472
1 0.2345094664371773 0.8733392382639504 0.00774526678141136 0.012400354295837024
0 0.6721170395869192 0.8702391496899912 0.0068846815834767644 0.00974313551815766
1 0.443631669535284 0.8573959255978743 0.00774526678141136 0.005314437555358724
1 0.3653184165232358 0.8565101860053145 0.006024096385542169 0.005314437555358724
0 0.17943201376936316 0.8556244464127547 0.00774526678141136 0.008857395925597875
1 0.27538726333907054 0.854295837023915 0.0051635111876075735 0.007971656333038087
0 0.8304647160068847 0.8520814880425155 0.008605851979345954 0.0070859167404783
1 0.443631669535284 0.8507528786536758 0.00946643717728055 0.006200177147918512
1 0.2663511187607573 0.8476527900797166 0.00774526678141136 0.005314437555358724
1 0.6269363166953529 0.8472099202834367 0.006024096385542169 0.00974313551815766
0 0.10456110154905336 0.8494242692648362 0.00946643717728055 0.015943312666076175
0 0.1944922547332186 0.8436669619131976 0.0068846815834767644 0.007971656333038087
1 0.12994836488812392 0.8507528786536758 0.022375215146299483 0.022143489813994686
1 0.28657487091222034 0.8418954827280779 0.010327022375215147 0.00974313551815766
1 0.7831325301204819 0.8356953055801595 0.0051635111876075735 0.007971656333038087
1 0.2663511187607573 0.8197519929140833 0.006024096385542169 0.00974313551815766
1 0.8029259896729777 0.8170947741364039 0.0051635111876075735 0.00974313551815766
0 0.1949225473321859 0.8139946855624446 0.00774526678141136 0.008857395925597875
1 0.7990533562822719 0.812223206377325 0.006024096385542169 0.008857395925597875
0 0.3098106712564544 0.8131089459698848 0.010327022375215147 0.012400354295837024
0 0.8326161790017211 0.8091231178033658 0.006024096385542169 0.007971656333038087
0 0.5111876075731497 0.8091231178033658 0.0068846815834767644 0.007971656333038087
0 0.6432874354561101 0.8064658990256864 0.00774526678141136 0.006200177147918512
0 0.443631669535284 0.8007085916740478 0.006024096385542169 0.008857395925597875
0 0.08433734939759036 0.7971656333038086 0.010327022375215147 0.005314437555358724
1 0.39070567986230637 0.7922940655447298 0.008605851979345954 0.0044286979627989375
1 0.47117039586919107 0.79140832595217 0.00774526678141136 0.0044286979627989375
1 0.6265060240963856 0.7896368467670505 0.008605851979345954 0.0044286979627989375
1 0.6140275387263339 0.7896368467670505 0.00774526678141136 0.0044286979627989375
1 0.5537865748709122 0.7900797165633304 0.00774526678141136 0.005314437555358724
1 0.8184165232358004 0.7891939769707705 0.008605851979345954 0.005314437555358724
0 0.7775387263339071 0.7900797165633304 0.00774526678141136 0.0070859167404783
1 0.8481067125645438 0.7883082373782108 0.00774526678141136 0.005314437555358724
1 0.17254733218588642 0.7803365810451727 0.00774526678141136 0.005314437555358724
0 0.26118760757314974 0.7790079716563331 0.00774526678141136 0.006200177147918512
0 0.35714285714285715 0.7763507528786536 0.008605851979345954 0.006200177147918512
1 0.10240963855421686 0.7652790079716564 0.008605851979345954 0.005314437555358724
0 0.5559380378657487 0.7621789193976971 0.008605851979345954 0.006200177147918512
0 0.6523235800344234 0.7608503100088574 0.012048192771084338 0.010628875110717449
1 0.2667814113597246 0.7599645704162976 0.0051635111876075735 0.008857395925597875
1 0.7999139414802066 0.754207263064659 0.006024096385542169 0.00974313551815766
0 0.919104991394148 0.7537643932683791 0.0051635111876075735 0.010628875110717449
0 0.6256454388984509 0.7537643932683791 0.008605851979345954 0.010628875110717449
0 0.1342512908777969 0.7506643046944198 0.010327022375215147 0.007971656333038087
0 0.6157487091222031 0.7519929140832595 0.00774526678141136 0.015943312666076175
0 0.09208261617900172 0.7449069973427812 0.008605851979345954 0.005314437555358724
0 0.6708261617900172 0.7444641275465014 0.00774526678141136 0.006200177147918512
0 0.7405335628227194 0.7449069973427812 0.00946643717728055 0.008857395925597875
0 0.6996557659208261 0.7444641275465014 0.008605851979345954 0.007971656333038087
1 0.20438898450946644 0.7426926483613817 0.006024096385542169 0.0044286979627989375
0 0.8257314974182444 0.7435783879539415 0.011187607573149742 0.007971656333038087
1 0.4221170395869191 0.7400354295837024 0.006024096385542169 0.0044286979627989375
0 0.46471600688468157 0.7391496899911426 0.008605851979345954 0.0044286979627989375
1 0.43846815834767644 0.7395925597874224 0.006024096385542169 0.005314437555358724
0 0.21987951807228914 0.7373782108060231 0.00774526678141136 0.006200177147918512
1 0.3287435456110155 0.7347209920283436 0.010327022375215147 0.006200177147918512
0 0.5077452667814114 0.7320637732506643 0.008605851979345954 0.006200177147918512
0 0.4784853700516351 0.7329495128432241 0.010327022375215147 0.007971656333038087
1 0.4419104991394148 0.7316209034543845 0.00774526678141136 0.005314437555358724
0 0.4677280550774527 0.7320637732506643 0.00774526678141136 0.007971656333038087
0 0.6820137693631669 0.7302922940655447 0.00774526678141136 0.006200177147918512
0 0.9049053356282272 0.7302922940655447 0.011187607573149742 0.007971656333038087
0 0.8270223752151463 0.7298494242692648 0.008605851979345954 0.0070859167404783
0 0.7388123924268503 0.7302922940655447 0.011187607573149742 0.007971656333038087
0 0.7104130808950087 0.7302922940655447 0.00946643717728055 0.007971656333038087
1 0.2663511187607573 0.7307351638618246 0.006024096385542169 0.008857395925597875
1 0.11316695352839931 0.7302922940655447 0.004302925989672977 0.007971656333038087
0 0.23537005163511188 0.7276350752878654 0.00946643717728055 0.006200177147918512
1 0.4419104991394148 0.7254207263064659 0.00774526678141136 0.005314437555358724
0 0.3889845094664372 0.7245349867139061 0.008605851979345954 0.005314437555358724
1 0.5344234079173839 0.7245349867139061 0.0051635111876075735 0.008857395925597875
1 0.27581755593803786 0.7232063773250664 0.006024096385542169 0.006200177147918512
0 0.193631669535284 0.7214348981399469 0.0068846815834767644 0.007971656333038087
0 0.153184165232358 0.7205491585473871 0.008605851979345954 0.006200177147918512
1 0.7986230636833046 0.7192205491585474 0.0068846815834767644 0.0070859167404783
0 0.6695352839931153 0.7147918511957484 0.008605851979345954 0.0070859167404783
0 0.8855421686746988 0.7139061116031886 0.008605851979345954 0.0070859167404783
0 0.5555077452667814 0.7156775907883083 0.011187607573149742 0.010628875110717449
0 0.5352839931153184 0.7139061116031886 0.010327022375215147 0.0070859167404783
1 0.0034423407917383822 0.704162976085031 0.0068846815834767644 0.012400354295837024
0 0.6523235800344234 0.6997342781222321 0.008605851979345954 0.0070859167404783
1 0.27538726333907054 0.6997342781222321 0.0068846815834767644 0.008857395925597875
0 0.552065404475043 0.6984056687333924 0.00774526678141136 0.007971656333038087
1 0.45309810671256456 0.6961913197519929 0.00774526678141136 0.008857395925597875
1 0.6243545611015491 0.6948627103631533 0.00774526678141136 0.00974313551815766
1 0.4414802065404475 0.6953055801594331 0.008605851979345954 0.010628875110717449
0 0.5055938037865749 0.6930912311780336 0.006024096385542169 0.007971656333038087
0 0.17857142857142858 0.6948627103631533 0.00774526678141136 0.013286093888396812
0 0.19406196213425128 0.691762621789194 0.00946643717728055 0.010628875110717449
0 0.6140275387263339 0.6913197519929141 0.00774526678141136 0.015057573073516387
0 0.5193631669535284 0.6780336581045173 0.00774526678141136 0.007971656333038087
1 0.423407917383821 0.670947741364039 0.008605851979345954 0.0044286979627989375
0 0.19535283993115318 0.6727192205491586 0.0068846815834767644 0.00974313551815766
0 0.17943201376936316 0.6736049601417183 0.00946643717728055 0.011514614703277236
1 0.7878657487091222 0.6651904340124003 0.006024096385542169 0.008857395925597875
1 0.26506024096385544 0.6647475642161205 0.0068846815834767644 0.00974313551815766
1 0.7831325301204819 0.6594331266607617 0.0051635111876075735 0.00974313551815766
0 0.6131669535283993 0.662533215234721 0.00774526678141136 0.015943312666076175
0 0.8115318416523236 0.654118689105403 0.0068846815834767644 0.007971656333038087
1 0.24139414802065404 0.6465899025686448 0.00946643717728055 0.005314437555358724
1 0.5559380378657487 0.6408325952170062 0.008605851979345954 0.006200177147918512
0 0.536144578313253 0.6395039858281665 0.008605851979345954 0.008857395925597875
1 0.5623924268502581 0.6390611160318866 0.006024096385542169 0.00974313551815766
1 0.4406196213425129 0.6359610274579274 0.008605851979345954 0.010628875110717449
0 0.8261617900172117 0.6359610274579274 0.008605851979345954 0.012400354295837024
0 0.17814113597246128 0.6341895482728078 0.0068846815834767644 0.010628875110717449
1 0.7478485370051635 0.6319751992914083 0.0068846815834767644 0.007971656333038087
1 0.229776247848537 0.629317980513729 0.008605851979345954 0.0044286979627989375
1 0.15877796901893287 0.6390611160318866 0.021514629948364887 0.023914968999114262
0 0.6746987951807228 0.6306465899025686 0.008605851979345954 0.010628875110717449
1 0.78184165232358 0.629317980513729 0.006024096385542169 0.00974313551815766
0 0.6123063683304647 0.6319751992914083 0.00774526678141136 0.015057573073516387
0 0.3653184165232358 0.6275465013286093 0.00774526678141136 0.006200177147918512
1 0.8395008605851979 0.62488928255093 0.006024096385542169 0.007971656333038087
0 0.6940619621342513 0.62533215234721 0.00774526678141136 0.008857395925597875
0 0.8545611015490534 0.6240035429583702 0.008605851979345954 0.00974313551815766
1 0.7633390705679862 0.6213463241806909 0.008605851979345954 0.0044286979627989375
1 0.7534423407917383 0.6213463241806909 0.00774526678141136 0.0044286979627989375
1 0.8924268502581756 0.6200177147918512 0.008605851979345954 0.005314437555358724
0 0.5365748709122203 0.6071744906997343 0.006024096385542169 0.007971656333038087
1 0.25860585197934594 0.6009743135518157 0.00774526678141136 0.0044286979627989375
1 0.21772805507745266 0.6014171833480957 0.010327022375215147 0.005314437555358724
1 0.3050774526678141 0.600088573959256 0.00774526678141136 0.0044286979627989375
1 0.3493975903614458 0.5992028343666962 0.008605851979345954 0.0044286979627989375
1 0.3601549053356282 0.5987599645704162 0.00946643717728055 0.005314437555358724
0 0.2710843373493976 0.5987599645704162 0.010327022375215147 0.008857395925597875
1 0.7452667814113597 0.5947741364038972 0.008605851979345954 0.0044286979627989375
1 0.3313253012048193 0.5956598759964571 0.0068846815834767644 0.006200177147918512
1 0.8033562822719449 0.5938883968113374 0.006024096385542169 0.0044286979627989375
1 0.4139414802065404 0.5961027457927369 0.0068846815834767644 0.008857395925597875
1 0.31540447504302926 0.5956598759964571 0.006024096385542169 0.007971656333038087
0 0.4827882960413081 0.5952170062001771 0.012048192771084338 0.008857395925597875
1 0.39629948364888123 0.5952170062001771 0.006024096385542169 0.008857395925597875
1 0.4604130808950086 0.5947741364038972 0.0051635111876075735 0.00974313551815766
0 0.4238382099827883 0.5938883968113374 0.006024096385542169 0.007971656333038087
1 0.754302925989673 0.5930026572187777 0.006024096385542169 0.007971656333038087
1 0.846815834767642 0.5934455270150576 0.0051635111876075735 0.010628875110717449
0 0.46815834767641995 0.5934455270150576 0.008605851979345954 0.010628875110717449
1 0.43201376936316693 0.591674047829938 0.0051635111876075735 0.008857395925597875
1 0.3816695352839931 0.5912311780336581 0.00774526678141136 0.007971656333038087
1 0.33820998278829606 0.5934455270150576 0.0068846815834767644 0.012400354295837024
1 0.18330464716006883 0.591674047829938 0.010327022375215147 0.012400354295837024
1 0.6721170395869192 0.5885739592559788 0.0051635111876075735 0.007971656333038087
1 0.7396729776247849 0.587688219663419 0.006024096385542169 0.007971656333038087
1 0.7198795180722891 0.587245349867139 0.006024096385542169 0.0070859167404783
1 0.6553356282271945 0.587688219663419 0.00946643717728055 0.007971656333038087
1 0.7598967297762479 0.5854738706820195 0.0068846815834767644 0.005314437555358724
1 0.7478485370051635 0.5863596102745793 0.0051635111876075735 0.0070859167404783
0 0.5839070567986231 0.5859167404782993 0.006024096385542169 0.007971656333038087
1 0.29388984509466437 0.5828166519043402 0.006024096385542169 0.0070859167404783
0 0.4664371772805508 0.5806023029229407 0.012048192771084338 0.00974313551815766
0 0.5654044750430293 0.579273693534101 0.0068846815834767644 0.008857395925597875
1 0.7732358003442341 0.5757307351638619 0.00946643717728055 0.005314437555358724
0 0.12435456110154905 0.570859167404783 0.00946643717728055 0.006200177147918512
0 0.16394148020654045 0.5704162976085031 0.00774526678141136 0.0070859167404783
1 0.7814113597246127 0.5704162976085031 0.0051635111876075735 0.008857395925597875
1 0.6209122203098106 0.5735163861824624 0.00946643717728055 0.015057573073516387
0 0.6110154905335629 0.5735163861824624 0.008605851979345954 0.015057573073516387
0 0.21686746987951808 0.5677590788308238 0.008605851979345954 0.005314437555358724
0 0.49440619621342513 0.5651018600531443 0.00774526678141136 0.005314437555358724
0 0.5322719449225474 0.5646589902568645 0.012908777969018933 0.007971656333038087
1 0.9969879518072289 0.5659875996457041 0.006024096385542169 0.012400354295837024
0 0.8102409638554217 0.562444641275465 0.00774526678141136 0.0070859167404783
0 0.8498278829604131 0.5620017714791852 0.00946643717728055 0.007971656333038087
0 0.382960413080895 0.5540301151461471 0.010327022375215147 0.007971656333038087
1 0.4027538726333907 0.5513728963684676 0.008605851979345954 0.0044286979627989375
0 0.5516351118760757 0.5513728963684676 0.008605851979345954 0.006200177147918512
0 0.2641996557659208 0.5522586359610274 0.008605851979345954 0.00974313551815766
0 0.822289156626506 0.5478299379982285 0.00774526678141136 0.007971656333038087
0 0.8102409638554217 0.5487156775907883 0.011187607573149742 0.00974313551815766
1 0.10370051635111877 0.5482728077945084 0.004302925989672977 0.008857395925597875
1 0.2728055077452668 0.5469441984056688 0.0051635111876075735 0.00974313551815766
1 0.4470740103270224 0.5429583702391497 0.004302925989672977 0.008857395925597875
0 0.3102409638554217 0.5425155004428698 0.006024096385542169 0.007971656333038087
0 0.1944922547332186 0.5442869796279893 0.008605851979345954 0.011514614703277236
1 0.7271944922547332 0.5429583702391497 0.0051635111876075735 0.010628875110717449
1 0.4401893287435456 0.5411868910540301 0.006024096385542169 0.0070859167404783
1 0.9328743545611016 0.5411868910540301 0.0051635111876075735 0.010628875110717449
1 0.790447504302926 0.5394154118689105 0.004302925989672977 0.008857395925597875
1 0.32960413080895007 0.546058458813109 0.022375215146299483 0.022143489813994686
0 0.5641135972461274 0.5367581930912312 0.00774526678141136 0.008857395925597875
0 0.6790017211703959 0.5354295837023915 0.0068846815834767644 0.007971656333038087
0 0.8820998278829604 0.5345438441098317 0.0068846815834767644 0.007971656333038087
1 0.8846815834767642 0.5256864481842338 0.0068846815834767644 0.006200177147918512
0 0.5348537005163512 0.520814880425155 0.00774526678141136 0.0070859167404783
0 0.7048192771084337 0.5199291408325952 0.008605851979345954 0.0070859167404783
1 0.6123063683304647 0.5172719220549159 0.004302925989672977 0.008857395925597875
1 0.32960413080895007 0.5172719220549159 0.008605851979345954 0.008857395925597875
0 0.8945783132530121 0.516386182462356 0.00774526678141136 0.008857395925597875
1 0.4987091222030981 0.516386182462356 0.006024096385542169 0.008857395925597875
1 0.7934595524956971 0.5155004428697962 0.008605851979345954 0.008857395925597875
1 0.4496557659208262 0.5177147918511957 0.00946643717728055 0.015057573073516387
1 0.4380378657487091 0.5150575730735164 0.008605851979345954 0.011514614703277236
1 0.18631669535283993 0.5194862710363153 0.021514629948364887 0.022143489813994686
1 0.608433734939759 0.5115146147032772 0.008605851979345954 0.00974313551815766
1 0.30120481927710846 0.5177147918511957 0.020654044750430294 0.022143489813994686
0 0.5817555938037866 0.503985828166519 0.008605851979345954 0.0070859167404783
1 0.9083476764199656 0.5026572187776793 0.00774526678141136 0.006200177147918512
1 0.6833046471600689 0.5017714791851196 0.0068846815834767644 0.0044286979627989375
1 0.7801204819277109 0.5004428697962799 0.00946643717728055 0.005314437555358724
1 0.439328743545611 0.4991142604074402 0.004302925989672977 0.007971656333038087
1 0.39802065404475045 0.4973427812223206 0.006024096385542169 0.007971656333038087
0 0.3489672977624785 0.4920283436669619 0.006024096385542169 0.007971656333038087
1 0.5929432013769363 0.4920283436669619 0.0068846815834767644 0.00974313551815766
1 0.4410499139414802 0.49069973427812225 0.004302925989672977 0.0070859167404783
1 0.7517211703958692 0.48981399468556247 0.006024096385542169 0.0070859167404783
0 0.6252151462994836 0.4893711248892825 0.006024096385542169 0.007971656333038087
1 0.8214285714285714 0.48848538529672275 0.006024096385542169 0.007971656333038087
0 0.47289156626506024 0.48848538529672275 0.00774526678141136 0.007971656333038087
0 0.10585197934595525 0.491585473870682 0.008605851979345954 0.015943312666076175
0 0.27710843373493976 0.4893711248892825 0.008605851979345954 0.015057573073516387
1 0.8446643717728055 0.4840566873339238 0.004302925989672977 0.007971656333038087
1 0.7650602409638554 0.4871567759078831 0.0068846815834767644 0.0141718334809566
0 0.4496557659208262 0.4867139061116032 0.00774526678141136 0.015057573073516387
0 0.6200516351118761 0.4844995571302037 0.00774526678141136 0.0141718334809566
0 0.8218588640275387 0.47741364038972545 0.008605851979345954 0.010628875110717449
1 0.10929432013769363 0.4641275465013286 0.0051635111876075735 0.008857395925597875
1 0.27452667814113596 0.46279893711248893 0.0051635111876075735 0.00974313551815766
1 0.09380378657487091 0.46014171833480955 0.0068846815834767644 0.0044286979627989375
1 0.5047332185886403 0.46058458813108943 0.00774526678141136 0.0070859167404783
0 0.7048192771084337 0.45969884853852966 0.0068846815834767644 0.008857395925597875
1 0.4509466437177281 0.46014171833480955 0.0051635111876075735 0.00974313551815766
1 0.6054216867469879 0.4579273693534101 0.004302925989672977 0.008857395925597875
1 0.4027538726333907 0.4557130203720106 0.008605851979345954 0.0044286979627989375
0 0.16652323580034423 0.4565987599645704 0.006024096385542169 0.007971656333038087
1 0.5946643717728055 0.4530558015943313 0.008605851979345954 0.0044286979627989375
1 0.5542168674698795 0.4534986713906112 0.010327022375215147 0.005314437555358724
1 0.4470740103270224 0.4552701505757307 0.006024096385542169 0.008857395925597875
1 0.4376075731497418 0.4565987599645704 0.00946643717728055 0.011514614703277236
0 0.6183304647160068 0.45172719220549157 0.00774526678141136 0.008857395925597875
0 0.842512908777969 0.4503985828166519 0.008605851979345954 0.007971656333038087
1 0.814974182444062 0.4481842338352524 0.0068846815834767644 0.005314437555358724
1 0.9952667814113597 0.44906997342781224 0.00946643717728055 0.008857395925597875
1 0.7676419965576592 0.4419840566873339 0.008605851979345954 0.012400354295837024
0 0.9328743545611016 0.42825509300265724 0.0068846815834767644 0.007971656333038087
0 0.3244406196213425 0.4193976970770593 0.008605851979345954 0.006200177147918512
0 0.29733218588640276 0.41984056687333926 0.00946643717728055 0.0070859167404783
0 0.7999139414802066 0.41098317094774134 0.00774526678141136 0.005314437555358724
1 0.8881239242685026 0.4096545615589017 0.008605851979345954 0.0044286979627989375
0 0.3326161790017212 0.4092116917626218 0.011187607573149742 0.0070859167404783
1 0.28528399311531843 0.4061116031886625 0.006024096385542169 0.0044286979627989375
0 0.1932013769363167 0.4078830823737821 0.006024096385542169 0.007971656333038087
0 0.6932013769363167 0.40478299379982285 0.00946643717728055 0.005314437555358724
1 0.26376936316695354 0.40478299379982285 0.00946643717728055 0.005314437555358724
1 0.10327022375215146 0.4038972542072631 0.008605851979345954 0.010628875110717449
1 0.055507745266781414 0.4007971656333038 0.004302925989672977 0.007971656333038087
1 0.6092943201376936 0.39991142604074403 0.0051635111876075735 0.00974313551815766
0 0.5972461273666093 0.39946855624446415 0.0051635111876075735 0.008857395925597875
0 0.193631669535284 0.3963684676705049 0.0068846815834767644 0.007971656333038087
1 0.6992254733218589 0.3950398582816652 0.004302925989672977 0.008857395925597875
0 0.898881239242685 0.3937112488928255 0.006024096385542169 0.007971656333038087
0 0.30679862306368333 0.39459698848538527 0.00774526678141136 0.00974313551815766
0 0.3790877796901893 0.39193976970770594 0.00774526678141136 0.006200177147918512
0 0.3270223752151463 0.3906111603188663 0.008605851979345954 0.005314437555358724
1 0.9599827882960413 0.3852967227635075 0.00774526678141136 0.005314437555358724
1 0.9677280550774526 0.3857395925597874 0.006024096385542169 0.007971656333038087
0 0.9238382099827883 0.3848538529672276 0.00774526678141136 0.011514614703277236
0 0.8838209982788297 0.38131089459698847 0.008605851979345954 0.007971656333038087
0 0.3885542168674699 0.3795394154118689 0.00774526678141136 0.006200177147918512
0 0.3502581755593804 0.37865367581930914 0.008605851979345954 0.006200177147918512
1 0.2641996557659208 0.3777679362267493 0.008605851979345954 0.0044286979627989375
0 0.23967297762478484 0.37643932683790965 0.00946643717728055 0.005314437555358724
1 0.27667814113597244 0.3755535872453499 0.004302925989672977 0.0070859167404783
1 0.8132530120481928 0.37378210806023027 0.008605851979345954 0.005314437555358724
0 0.689328743545611 0.3733392382639504 0.008605851979345954 0.007971656333038087
0 0.6320998278829604 0.3728963684676705 0.00774526678141136 0.008857395925597875
1 0.055507745266781414 0.3724534986713906 0.004302925989672977 0.007971656333038087
1 0.6037005163511188 0.37023914968999116 0.004302925989672977 0.008857395925597875
1 0.43631669535283996 0.36891054030115145 0.008605851979345954 0.011514614703277236
0 0.3347676419965577 0.3653675819309123 0.0068846815834767644 0.007971656333038087
0 0.24010327022375216 0.3622674933569531 0.008605851979345954 0.005314437555358724
1 0.7874354561101549 0.36315323294951285 0.008605851979345954 0.010628875110717449
0 0.5012908777969018 0.36049601417183347 0.00946643717728055 0.0070859167404783
0 0.8037865748709122 0.3569530558015943 0.008605851979345954 0.008857395925597875
1 0.7943201376936316 0.354295837023915 0.0068846815834767644 0.005314437555358724
1 0.8278829604130808 0.3520814880425155 0.0068846815834767644 0.006200177147918512
1 0.7650602409638554 0.3525243578387954 0.008605851979345954 0.0070859167404783
1 0.21385542168674698 0.3520814880425155 0.006024096385542169 0.006200177147918512
0 0.6845955249569707 0.3520814880425155 0.00774526678141136 0.007971656333038087
1 0.8197074010327022 0.34986713906111605 0.004302925989672977 0.0070859167404783
1 0.7358003442340791 0.3489813994685562 0.008605851979345954 0.005314437555358724
1 0.10413080895008606 0.34809565987599644 0.008605851979345954 0.0070859167404783
1 0.9922547332185886 0.34809565987599644 0.008605851979345954 0.008857395925597875
1 0.7452667814113597 0.345881310894597 0.008605851979345954 0.006200177147918512
0 0.1932013769363167 0.34809565987599644 0.00774526678141136 0.012400354295837024
1 0.7689328743545611 0.3432240921169176 0.006024096385542169 0.00974313551815766
0 0.7022375215146299 0.34233835252435785 0.0068846815834767644 0.007971656333038087
0 0.8326161790017211 0.3410097431355182 0.00774526678141136 0.008857395925597875
1 0.10456110154905336 0.34056687333923824 0.006024096385542169 0.007971656333038087
0 0.2646299483648881 0.34278122232063774 0.00946643717728055 0.0141718334809566
0 0.31884681583476765 0.3379096545615589 0.006024096385542169 0.007971656333038087
1 0.7775387263339071 0.3356953055801594 0.00946643717728055 0.0141718334809566
0 0.6742685025817556 0.3317094774136404 0.006024096385542169 0.007971656333038087
0 0.12822719449225473 0.31930912311780335 0.008605851979345954 0.0044286979627989375
0 0.30679862306368333 0.31930912311780335 0.00774526678141136 0.00974313551815766
1 0.5783132530120482 0.3157661647475642 0.0051635111876075735 0.007971656333038087
1 0.5697074010327022 0.31399468556244464 0.008605851979345954 0.0044286979627989375
1 0.38080895008605853 0.3148804251550044 0.004302925989672977 0.007971656333038087
1 0.10370051635111877 0.31355181576616475 0.00774526678141136 0.010628875110717449
0 0.26506024096385544 0.31399468556244464 0.008605851979345954 0.013286093888396812
0 0.5258175559380379 0.31133746678476526 0.010327022375215147 0.00974313551815766
1 0.27538726333907054 0.31310894596988487 0.008605851979345954 0.015057573073516387
1 0.49354561101549055 0.3091231178033658 0.004302925989672977 0.008857395925597875
0 0.44664371772805506 0.31178033658104515 0.008605851979345954 0.0141718334809566
1 0.15705679862306368 0.3153232949512843 0.021514629948364887 0.021257750221434897
1 0.4367469879518072 0.3073516386182462 0.006024096385542169 0.0070859167404783
0 0.9165232358003442 0.30868024800708593 0.010327022375215147 0.011514614703277236
1 0.3270223752151463 0.31355181576616475 0.020654044750430294 0.021257750221434897
1 0.6041308089500861 0.30868024800708593 0.0068846815834767644 0.013286093888396812
1 0.5817555938037866 0.30558015943312666 0.0051635111876075735 0.008857395925597875
1 0.8093803786574871 0.3051372896368468 0.006024096385542169 0.011514614703277236
1 0.8395008605851979 0.3029229406554473 0.004302925989672977 0.008857395925597875
1 0.42986230636833045 0.29849424269264835 0.004302925989672977 0.008857395925597875
1 0.8777969018932874 0.2891939769707706 0.0068846815834767644 0.006200177147918512
1 0.6080034423407917 0.2816651904340124 0.004302925989672977 0.008857395925597875
0 0.4664371772805508 0.2807794508414526 0.010327022375215147 0.0070859167404783
0 0.16394148020654045 0.2807794508414526 0.006024096385542169 0.008857395925597875
1 0.12822719449225473 0.2865367581930912 0.020654044750430294 0.022143489813994686
1 0.7766781411359724 0.2785651018600531 0.00774526678141136 0.00974313551815766
0 0.4612736660929432 0.2754650132860939 0.008605851979345954 0.008857395925597875
0 0.3111015490533563 0.2736935341009743 0.00946643717728055 0.005314437555358724
1 0.4006024096385542 0.2728077945084145 0.00774526678141136 0.005314437555358724
1 0.4199655765920826 0.27192205491585475 0.008605851979345954 0.005314437555358724
0 0.8231497418244407 0.2652790079716563 0.00774526678141136 0.006200177147918512
1 0.7844234079173839 0.262621789193977 0.004302925989672977 0.007971656333038087
1 0.12478485370051635 0.262621789193977 0.0051635111876075735 0.007971656333038087
1 0.5223752151462995 0.25907883082373784 0.0068846815834767644 0.006200177147918512
0 0.3790877796901893 0.2604074402125775 0.004302925989672977 0.008857395925597875
1 0.3029259896729776 0.2599645704162976 0.0051635111876075735 0.00974313551815766
1 0.7766781411359724 0.25863596102745795 0.004302925989672977 0.008857395925597875
1 0.7650602409638554 0.258193091231178 0.008605851979345954 0.007971656333038087
0 0.463855421686747 0.25907883082373784 0.0051635111876075735 0.00974313551815766
1 0.29604130808950085 0.2595217006200177 0.0051635111876075735 0.010628875110717449
1 0.7964716006884681 0.2577502214348981 0.004302925989672977 0.008857395925597875
1 0.4978485370051635 0.2577502214348981 0.006024096385542169 0.008857395925597875
1 0.8291738382099828 0.25642161204605846 0.006024096385542169 0.00974313551815766
1 0.7250430292598967 0.2550930026572188 0.00774526678141136 0.0070859167404783
0 0.12994836488812392 0.25863596102745795 0.008605851979345954 0.015943312666076175
1 0.6346815834767642 0.254207263064659 0.004302925989672977 0.008857395925597875
1 0.8679001721170396 0.2524357838795394 0.011187607573149742 0.0070859167404783
1 0.8132530120481928 0.2524357838795394 0.0051635111876075735 0.0070859167404783
0 0.8962994836488812 0.25155004428697963 0.012908777969018933 0.0070859167404783
1 0.7646299483648882 0.25155004428697963 0.00774526678141136 0.0070859167404783
0 0.5223752151462995 0.25066430469441986 0.0068846815834767644 0.0070859167404783
0 0.6398450946643718 0.2524357838795394 0.00774526678141136 0.015943312666076175
1 0.8093803786574871 0.24446412754650132 0.006024096385542169 0.0070859167404783
1 0.8911359724612736 0.24357838795394154 0.004302925989672977 0.008857395925597875
0 0.8679001721170396 0.24313551815766166 0.011187607573149742 0.007971656333038087
0 0.2147160068846816 0.23472099202834368 0.006024096385542169 0.008857395925597875
1 0.16695352839931152 0.2325066430469442 0.0068846815834767644 0.0044286979627989375
1 0.29259896729776247 0.23383525243578387 0.008605851979345954 0.008857395925597875
1 0.5111876075731497 0.22896368467670505 0.008605851979345954 0.0044286979627989375
1 0.7728055077452668 0.22364924712134632 0.008605851979345954 0.0044286979627989375
1 0.8037865748709122 0.22276350752878654 0.008605851979345954 0.0044286979627989375
1 0.8657487091222031 0.22143489813994685 0.008605851979345954 0.005314437555358724
1 0.8549913941480206 0.22143489813994685 0.00946643717728055 0.005314437555358724
1 0.5697074010327022 0.22143489813994685 0.0068846815834767644 0.005314437555358724
1 0.4238382099827883 0.22320637732506643 0.004302925989672977 0.008857395925597875
1 0.5907917383820999 0.22143489813994685 0.00774526678141136 0.0070859167404783
1 0.5611015490533563 0.22099202834366696 0.0051635111876075735 0.006200177147918512
1 0.41351118760757316 0.22143489813994685 0.004302925989672977 0.0070859167404783
0 0.05464716006884682 0.22232063773250665 0.004302925989672977 0.008857395925597875
1 0.6996557659208261 0.22187776793622674 0.0051635111876075735 0.00974313551815766
1 0.7938898450946644 0.21966341895482727 0.006024096385542169 0.008857395925597875
1 0.43373493975903615 0.22054915854738708 0.0068846815834767644 0.010628875110717449
1 0.8244406196213425 0.2187776793622675 0.0051635111876075735 0.010628875110717449
1 0.31841652323580033 0.2174490699734278 0.0051635111876075735 0.007971656333038087
1 0.7844234079173839 0.21612046058458814 0.00774526678141136 0.0070859167404783
1 0.5232358003442341 0.21700620017714792 0.0068846815834767644 0.008857395925597875
1 0.4853700516351119 0.21523472099202834 0.0051635111876075735 0.0070859167404783
1 0.7732358003442341 0.21479185119574845 0.00946643717728055 0.007971656333038087
1 0.29259896729776247 0.21612046058458814 0.0051635111876075735 0.010628875110717449
1 0.14156626506024098 0.2121346324180691 0.00946643717728055 0.00974313551815766
1 0.3842512908777969 0.2112488928255093 0.00774526678141136 0.00974313551815766
1 0.3313253012048193 0.20947741364038971 0.0051635111876075735 0.006200177147918512
0 0.3132530120481928 0.21390611160318868 0.008605851979345954 0.015057573073516387
0 0.3429432013769363 0.21302037201062887 0.011187607573149742 0.015057573073516387
1 0.7951807228915663 0.20903454384410983 0.0051635111876075735 0.008857395925597875
1 0.4814974182444062 0.20682019486271036 0.004302925989672977 0.006200177147918512
1 0.8687607573149742 0.20637732506643047 0.004302925989672977 0.008857395925597875
1 0.8373493975903614 0.20637732506643047 0.0068846815834767644 0.010628875110717449
1 0.8253012048192772 0.20637732506643047 0.0051635111876075735 0.010628875110717449
1 0.891566265060241 0.2032772364924712 0.008605851979345954 0.015057573073516387
0 0.4810671256454389 0.1904340124003543 0.010327022375215147 0.005314437555358724
1 0.5077452667814114 0.18910540301151463 0.0068846815834767644 0.007971656333038087
0 0.5408777969018933 0.1824623560673162 0.006024096385542169 0.008857395925597875
0 0.6402753872633391 0.17847652790079716 0.008605851979345954 0.006200177147918512
1 0.05679862306368331 0.1705048715677591 0.008605851979345954 0.0044286979627989375
1 0.33390705679862304 0.1678476527900797 0.008605851979345954 0.0044286979627989375
1 0.4036144578313253 0.16696191319751993 0.008605851979345954 0.0044286979627989375
1 0.5111876075731497 0.16519043401240036 0.008605851979345954 0.0044286979627989375
1 0.5417383820998278 0.1629760850310009 0.004302925989672977 0.008857395925597875
0 0.08003442340791739 0.1616474756421612 0.008605851979345954 0.006200177147918512
1 0.21385542168674698 0.15721877767936226 0.00774526678141136 0.0044286979627989375
0 0.06712564543889846 0.15987599645704162 0.008605851979345954 0.00974313551815766
1 0.25559380378657487 0.15677590788308238 0.008605851979345954 0.005314437555358724
0 0.5219449225473322 0.15323294951284322 0.00946643717728055 0.005314437555358724
1 0.08390705679862306 0.1550044286979628 0.00946643717728055 0.008857395925597875
1 0.5611015490533563 0.15146147032772364 0.008605851979345954 0.005314437555358724
0 0.19879518072289157 0.15013286093888398 0.012048192771084338 0.006200177147918512
0 0.12048192771084337 0.14968999114260406 0.010327022375215147 0.010628875110717449
1 0.8937177280550774 0.14614703277236493 0.00774526678141136 0.005314437555358724
1 0.8674698795180723 0.14481842338352524 0.008605851979345954 0.0044286979627989375
1 0.8941480206540448 0.13906111603188662 0.008605851979345954 0.005314437555358724
1 0.4440619621342513 0.13773250664304695 0.008605851979345954 0.0044286979627989375
1 0.7646299483648882 0.13817537643932684 0.006024096385542169 0.0070859167404783
1 0.8244406196213425 0.1421612046058459 0.013769363166953529 0.01682905225863596
1 0.7448364888123924 0.13241806908768822 0.006024096385542169 0.00974313551815766
0 0.8567125645438899 0.12577502214348982 0.00774526678141136 0.005314437555358724
1 0.6501721170395869 0.12223206377325066 0.006024096385542169 0.0070859167404783
1 0.6867469879518072 0.1204605845881311 0.0068846815834767644 0.0070859167404783
1 0.8024956970740104 0.1195748449955713 0.00774526678141136 0.0070859167404783
1 0.13123924268502582 0.1195748449955713 0.006024096385542169 0.008857395925597875
1 0.21815834767641998 0.11868910540301152 0.004302925989672977 0.008857395925597875
1 0.2069707401032702 0.11824623560673161 0.00774526678141136 0.007971656333038087
1 0.13941480206540446 0.1191319751992914 0.0068846815834767644 0.00974313551815766
1 0.1944922547332186 0.11824623560673161 0.008605851979345954 0.00974313551815766
1 0.9952667814113597 0.11558901682905226 0.00774526678141136 0.007971656333038087
1 0.362736660929432 0.11603188662533215 0.006024096385542169 0.008857395925597875
0 0.16179001721170397 0.11514614703277236 0.008605851979345954 0.0070859167404783
1 0.3528399311531842 0.11558901682905226 0.0068846815834767644 0.00974313551815766
1 0.4113597246127367 0.11470327723649247 0.0051635111876075735 0.00974313551815766
1 0.2676419965576592 0.112488928255093 0.010327022375215147 0.005314437555358724
0 0.24225473321858865 0.112488928255093 0.00946643717728055 0.005314437555358724
0 0.5589500860585198 0.10850310008857396 0.011187607573149742 0.006200177147918512
1 0.9935456110154905 0.10761736049601417 0.00946643717728055 0.006200177147918512
1 0.2332185886402754 0.10407440212577503 0.0068846815834767644 0.0044286979627989375
0 0.7086919104991394 0.10451727192205491 0.00774526678141136 0.0070859167404783
0 0.9070567986230637 0.10097431355181577 0.008605851979345954 0.0070859167404783
1 0.5060240963855421 0.09964570416297608 0.0068846815834767644 0.0044286979627989375
1 0.8377796901893287 0.09920283436669619 0.00774526678141136 0.005314437555358724
0 0.10240963855421686 0.09920283436669619 0.0068846815834767644 0.0070859167404783
1 0.16006884681583478 0.09698848538529672 0.008605851979345954 0.0044286979627989375
1 0.14931153184165233 0.09743135518157661 0.00946643717728055 0.005314437555358724
1 0.2887263339070568 0.09477413640389726 0.00774526678141136 0.005314437555358724
1 0.6785714285714286 0.091674047829938 0.004302925989672977 0.007971656333038087
0 0.8360585197934596 0.09034543844109831 0.00946643717728055 0.0070859167404783
1 0.6876075731497419 0.08901682905225863 0.0068846815834767644 0.006200177147918512
1 0.0959552495697074 0.08768821966341896 0.006024096385542169 0.0070859167404783
1 0.18459552495697074 0.08281665190434012 0.00774526678141136 0.006200177147918512
1 0.08993115318416524 0.07927369353410098 0.006024096385542169 0.006200177147918512
1 0.20438898450946644 0.07883082373782108 0.006024096385542169 0.012400354295837024
1 0.9944061962134251 0.07395925597874226 0.011187607573149742 0.006200177147918512
1 0.28012048192771083 0.07484499557130203 0.006024096385542169 0.007971656333038087
0 0.23235800344234078 0.07395925597874226 0.008605851979345954 0.006200177147918512
1 0.5813253012048193 0.07351638618246235 0.00774526678141136 0.0070859167404783
1 0.22117039586919104 0.07617360496014172 0.0068846815834767644 0.012400354295837024
0 0.6682444061962134 0.07218777679362268 0.00774526678141136 0.007971656333038087
1 0.6161790017211703 0.06864481842338352 0.008605851979345954 0.0044286979627989375
0 0.10886402753872633 0.06953055801594331 0.00774526678141136 0.006200177147918512
1 0.7706540447504303 0.06953055801594331 0.006024096385542169 0.007971656333038087
0 0.8567125645438899 0.06598759964570416 0.00774526678141136 0.006200177147918512
1 0.2706540447504303 0.06288751107174491 0.012908777969018933 0.0070859167404783
0 0.7857142857142857 0.0566873339238264 0.008605851979345954 0.0070859167404783
0 0.18803786574870912 0.05845881310894597 0.012908777969018933 0.012400354295837024
1 0.18072289156626506 0.05491585473870682 0.008605851979345954 0.005314437555358724
0 0.6252151462994836 0.05580159433126661 0.006024096385542169 0.008857395925597875
0 0.8162650602409639 0.05491585473870682 0.006024096385542169 0.008857395925597875
1 0.22805507745266781 0.05270150575730735 0.008605851979345954 0.0044286979627989375
1 0.9961273666092944 0.05270150575730735 0.004302925989672977 0.007971656333038087
1 0.774526678141136 0.05004428697962799 0.008605851979345954 0.0044286979627989375
1 0.9939759036144579 0.04074402125775022 0.0051635111876075735 0.008857395925597875
1 0.8373493975903614 0.04030115146147033 0.0068846815834767644 0.007971656333038087
0 0.06368330464716007 0.03720106288751107 0.0051635111876075735 0.010628875110717449
1 0.05679862306368331 0.03720106288751107 0.0051635111876075735 0.010628875110717449
1 0.08864027538726334 0.03454384410983171 0.0068846815834767644 0.0070859167404783
0 0.07099827882960413 0.03675819309123118 0.00774526678141136 0.011514614703277236
1 0.9802065404475043 0.030558015943312665 0.008605851979345954 0.011514614703277236
1 0.1346815834767642 0.024357838795394153 0.006024096385542169 0.006200177147918512
1 0.12392426850258176 0.023472099202834367 0.008605851979345954 0.0044286979627989375
1 0.09982788296041308 0.023472099202834367 0.0068846815834767644 0.0044286979627989375
1 0.1764199655765921 0.023029229406554472 0.008605851979345954 0.005314437555358724
1 0.3709122203098107 0.018600531443755536 0.008605851979345954 0.005314437555358724
1 0.4388984509466437 0.017271922054915855 0.008605851979345954 0.0044286979627989375
1 0.41437177280550774 0.017271922054915855 0.00774526678141136 0.0044286979627989375
1 0.4690189328743546 0.016386182462356066 0.008605851979345954 0.0044286979627989375
0 0.45740103270223753 0.014614703277236492 0.006024096385542169 0.007971656333038087
0 0.6402753872633391 0.0070859167404783 0.0068846815834767644 0.0070859167404783
0 0.39500860585197933 0.005757307351638618 0.0068846815834767644 0.006200177147918512
1 0.8554216867469879 0.006200177147918512 0.0051635111876075735 0.008857395925597875
0 0.7091222030981067 0.0044286979627989375 0.0068846815834767644 0.008857395925597875