1 0.8143224699828473 0.9965694682675815 0.006003430531732418 0.00686106346483705
1 0.8473413379073756 0.9952830188679245 0.012006861063464836 0.006003430531732418
0 0.6427958833619211 0.9961406518010292 0.007718696397941681 0.007718696397941681
1 0.298885077186964 0.9944253859348199 0.007718696397941681 0.004288164665523156
1 0.051457975986277875 0.9948542024013722 0.008576329331046312 0.005145797598627788
1 0.7718696397941681 0.9935677530017153 0.008576329331046312 0.004288164665523156
0 0.14193825042881647 0.9944253859348199 0.007718696397941681 0.006003430531732418
1 0.04245283018867924 0.9948542024013722 0.007718696397941681 0.00686106346483705
1 0.16380789022298456 0.9927101200686106 0.008576329331046312 0.004288164665523156
1 0.7405660377358491 0.9901372212692967 0.007718696397941681 0.004288164665523156
1 0.7126929674099486 0.9901372212692967 0.008576329331046312 0.004288164665523156
1 0.7036878216123499 0.9901372212692967 0.007718696397941681 0.004288164665523156
1 0.5527444253859348 0.9914236706689536 0.004288164665523156 0.00686106346483705
1 0.4922813036020583 0.9901372212692967 0.008576329331046312 0.004288164665523156
1 0.8126072041166381 0.9884219554030875 0.007718696397941681 0.004288164665523156
0 0.07246998284734134 0.9862778730703259 0.009433962264150943 0.005145797598627788
1 0.08104631217838765 0.9849914236706689 0.004288164665523156 0.006003430531732418
1 0.8962264150943396 0.9828473413379074 0.00686106346483705 0.005145797598627788
1 0.8117495711835334 0.9807032590051458 0.007718696397941681 0.006003430531732418
1 0.70926243567753 0.9768439108061749 0.00686106346483705 0.005145797598627788
0 0.983704974271012 0.9742710120068611 0.008576329331046312 0.00686106346483705
1 0.4095197255574614 0.9734133790737565 0.009433962264150943 0.005145797598627788
1 0.034734133790737566 0.9669811320754716 0.007718696397941681 0.006003430531732418
0 0.9725557461406518 0.9438250428816467 0.008576329331046312 0.004288164665523156
0 0.42753001715265865 0.9412521440823327 0.006003430531732418 0.007718696397941681
0 0.7628644939965694 0.9361063464837049 0.012864493996569469 0.011149228130360206
1 0.08876500857632934 0.9335334476843911 0.009433962264150943 0.009433962264150943
1 0.005145797598627788 0.9262435677530018 0.010291595197255575 0.005145797598627788
0 0.3439108061749571 0.9189536878216124 0.008576329331046312 0.007718696397941681
0 0.1895368782161235 0.9198113207547169 0.008576329331046312 0.009433962264150943
1 0.9961406518010292 0.9189536878216124 0.007718696397941681 0.009433962264150943
0 0.2444253859348199 0.9180960548885078 0.00686106346483705 0.007718696397941681
0 0.13078902229845626 0.9180960548885078 0.007718696397941681 0.009433962264150943
1 0.03816466552315609 0.9172384219554031 0.007718696397941681 0.009433962264150943
0 0.4176672384219554 0.9163807890222985 0.008576329331046312 0.009433962264150943
0 0.7358490566037735 0.9129502572898799 0.008576329331046312 0.006003430531732418
1 0.13036020583190394 0.9099485420240138 0.008576329331046312 0.005145797598627788
0 0.3096054888507719 0.9108061749571184 0.00686106346483705 0.008576329331046312
1 0.8336192109777015 0.9082332761578045 0.008576329331046312 0.005145797598627788
1 0.2915951972555746 0.9082332761578045 0.005145797598627788 0.00686106346483705
1 0.8228987993138936 0.9073756432246999 0.009433962264150943 0.00686106346483705
1 0.4228130360205832 0.9060891938250428 0.008576329331046312 0.004288164665523156
0 0.6732418524871355 0.9073756432246999 0.005145797598627788 0.008576329331046312
0 0.9502572898799314 0.9073756432246999 0.008576329331046312 0.010291595197255575
0 0.9356775300171527 0.9060891938250428 0.00686106346483705 0.009433962264150943
1 0.6616638078902229 0.9069468267581475 0.009433962264150943 0.014579759862778732
1 0.395368782161235 0.910377358490566 0.022298456260720412 0.023156089193825044
1 0.823327615780446 0.9000857632933105 0.008576329331046312 0.006003430531732418
1 0.9146655231560892 0.9013722126929674 0.02144082332761578 0.022298456260720412
0 0.434819897084048 0.8936535162950258 0.008576329331046312 0.00686106346483705
1 0.7019725557461407 0.8919382504288165 0.004288164665523156 0.00686106346483705
1 0.7225557461406518 0.8915094339622641 0.004288164665523156 0.007718696397941681
0 0.1895368782161235 0.8915094339622641 0.008576329331046312 0.007718696397941681
1 0.823327615780446 0.8872212692967409 0.008576329331046312 0.004288164665523156
0 0.8053173241852487 0.8893653516295026 0.00686106346483705 0.008576329331046312
0 0.7615780445969125 0.8897941680960549 0.005145797598627788 0.009433962264150943
0 0.1732418524871355 0.8902229845626072 0.008576329331046312 0.010291595197255575
1 0.9000857632933105 0.8897941680960549 0.006003430531732418 0.011149228130360206
1 0.8923670668953688 0.8872212692967409 0.006003430531732418 0.006003430531732418
1 0.3018867924528302 0.888507718696398 0.00686106346483705 0.008576329331046312
0 0.9219554030874786 0.8863636363636364 0.00686106346483705 0.006003430531732418
1 0.4794168096054888 0.8872212692967409 0.005145797598627788 0.009433962264150943
0 0.41680960548885077 0.8867924528301887 0.008576329331046312 0.008576329331046312
1 0.14193825042881647 0.8846483704974271 0.007718696397941681 0.014579759862778732
1 0.6487993138936535 0.8786449399656947 0.006003430531732418 0.009433962264150943
1 0.9433962264150944 0.8717838765008576 0.005145797598627788 0.007718696397941681
1 0.8190394511149228 0.8713550600343053 0.005145797598627788 0.008576329331046312
0 0.516295025728988 0.8713550600343053 0.00686106346483705 0.008576329331046312
1 0.5381646655231561 0.8773584905660378 0.02144082332761578 0.022298456260720412
1 0.7109777015437393 0.8756432246998285 0.022298456260720412 0.022298456260720412
1 0.6243567753001715 0.8666380789022299 0.00686106346483705 0.006003430531732418
1 0.15523156089193826 0.8666380789022299 0.005145797598627788 0.006003430531732418
1 0.8837907375643225 0.87221269296741 0.02144082332761578 0.022298456260720412
0 0.5793310463121784 0.8589193825042881 0.007718696397941681 0.007718696397941681
1 0.8683533447684391 0.8537735849056604 0.007718696397941681 0.004288164665523156
1 0.6783876500857633 0.8524871355060034 0.008576329331046312 0.005145797598627788
0 0.5578902229845626 0.8533447684391081 0.007718696397941681 0.008576329331046312
0 0.7015437392795884 0.8512006861063465 0.00686106346483705 0.007718696397941681
1 0.14065180102915953 0.8546312178387651 0.010291595197255575 0.014579759862778732
1 0.9558319039451115 0.8490566037735849 0.006003430531732418 0.008576329331046312
0 0.025728987993138937 0.8464837049742711 0.008576329331046312 0.00686106346483705
0 0.41723842195540306 0.8417667238421955 0.007718696397941681 0.006003430531732418
1 0.5373070325900514 0.8473413379073756 0.02144082332761578 0.022298456260720412
0 0.5879073756432247 0.8400514579759862 0.009433962264150943 0.009433962264150943
1 0.8829331046312179 0.8426243567753001 0.02144082332761578 0.02144082332761578
0 0.16037735849056603 0.8336192109777015 0.008576329331046312 0.00686106346483705
0 0.3597770154373928 0.8289022298456261 0.007718696397941681 0.006003430531732418
1 0.1402229845626072 0.8276157804459692 0.006003430531732418 0.008576329331046312
1 0.3100343053173242 0.8276157804459692 0.006003430531732418 0.010291595197255575
1 0.5981989708404802 0.8250428816466552 0.009433962264150943 0.00686106346483705
0 0.7431389365351629 0.8237564322469982 0.007718696397941681 0.006003430531732418
1 0.013293310463121783 0.8211835334476844 0.011149228130360206 0.007718696397941681
0 0.48713550600343053 0.823327615780446 0.008576329331046312 0.015437392795883362
0 0.20240137221269297 0.8203259005145798 0.008576329331046312 0.011149228130360206
1 0.6565180102915952 0.8186106346483705 0.006003430531732418 0.009433962264150943
1 0.22298456260720412 0.8241852487135506 0.02058319039451115 0.022298456260720412
1 0.33704974271012006 0.8220411663807891 0.02058319039451115 0.02144082332761578
0 0.2564322469982847 0.815180102915952 0.010291595197255575 0.007718696397941681
1 0.037307032590051456 0.8177530017152659 0.007718696397941681 0.014579759862778732
0 0.3992281303602058 0.8130360205831904 0.007718696397941681 0.00686106346483705
1 0.01072041166380789 0.8134648370497427 0.007718696397941681 0.007718696397941681
1 0.46397941680960547 0.8121783876500858 0.010291595197255575 0.00686106346483705
0 0.36749571183533447 0.8113207547169812 0.009433962264150943 0.005145797598627788
1 0.016295025728987993 0.8048885077186964 0.008576329331046312 0.006003430531732418
1 0.2997427101200686 0.8023156089193825 0.007718696397941681 0.004288164665523156
1 0.7457118353344768 0.8018867924528302 0.004288164665523156 0.00686106346483705
1 0.4549742710120069 0.8006003430531733 0.007718696397941681 0.004288164665523156
1 0.8391938250428816 0.8001715265866209 0.004288164665523156 0.00686106346483705
0 0.2448542024013722 0.8014579759862779 0.009433962264150943 0.009433962264150943
0 0.35934819897084047 0.7997427101200686 0.008576329331046312 0.007718696397941681
0 0.8331903945111492 0.7980274442538593 0.007718696397941681 0.007718696397941681
0 0.5398799313893653 0.7975986277873071 0.009433962264150943 0.00686106346483705
0 0.5025728987993139 0.7975986277873071 0.008576329331046312 0.00686106346483705
1 0.017152658662092625 0.7967409948542024 0.010291595197255575 0.005145797598627788
0 0.597770154373928 0.7963121783876501 0.008576329331046312 0.006003430531732418
1 0.4862778730703259 0.7963121783876501 0.008576329331046312 0.009433962264150943
1 0.4751286449399657 0.7958833619210978 0.008576329331046312 0.010291595197255575
0 0.5857632933104632 0.7941680960548885 0.00686106346483705 0.008576329331046312
1 0.2993138936535163 0.7911663807890223 0.008576329331046312 0.004288164665523156
1 0.48499142367066894 0.7903087478559176 0.007718696397941681 0.009433962264150943
0 0.9318181818181818 0.7894511149228131 0.009433962264150943 0.009433962264150943
0 0.18910806174957118 0.7873070325900514 0.007718696397941681 0.00686106346483705
1 0.9035162950257289 0.7890222984562607 0.009433962264150943 0.012006861063464836
1 0.7096912521440824 0.7868782161234992 0.006003430531732418 0.011149228130360206
1 0.33662092624356776 0.7920240137221269 0.02144082332761578 0.023156089193825044
1 0.8181818181818182 0.7834476843910806 0.008576329331046312 0.009433962264150943
1 0.8284734133790738 0.782590051457976 0.008576329331046312 0.009433962264150943
0 0.5981989708404802 0.7800171526586621 0.007718696397941681 0.006003430531732418
0 0.5866209262435678 0.7804459691252144 0.008576329331046312 0.00686106346483705
0 0.8572041166380789 0.7765866209262435 0.007718696397941681 0.006003430531732418
0 0.7319897084048027 0.7774442538593482 0.011149228130360206 0.007718696397941681
1 0.28945111492281306 0.7697255574614065 0.007718696397941681 0.004288164665523156
0 0.40051457975986277 0.7667238421955404 0.008576329331046312 0.005145797598627788
0 0.46226415094339623 0.7658662092624356 0.008576329331046312 0.005145797598627788
1 0.016295025728987993 0.7650085763293311 0.010291595197255575 0.008576329331046312
0 0.7877358490566038 0.7607204116638079 0.007718696397941681 0.005145797598627788
1 0.8769296740994854 0.7594339622641509 0.007718696397941681 0.004288164665523156
1 0.037307032590051456 0.7534305317324185 0.009433962264150943 0.012864493996569469
1 0.26543739279588335 0.7465694682675815 0.004288164665523156 0.007718696397941681
1 0.3113207547169811 0.7367066895368782 0.005145797598627788 0.008576329331046312
1 0.038593481989708404 0.7345626072041166 0.00686106346483705 0.009433962264150943
0 0.5707547169811321 0.733704974271012 0.007718696397941681 0.011149228130360206
0 0.4862778730703259 0.7315608919382505 0.005145797598627788 0.008576329331046312
1 0.8842195540308748 0.7285591766723842 0.005145797598627788 0.006003430531732418
1 0.6436535162950258 0.7294168096054888 0.006003430531732418 0.009433962264150943
1 0.8177530017152659 0.7272727272727273 0.006003430531732418 0.008576329331046312
1 0.3357632933104631 0.733704974271012 0.02144082332761578 0.02144082332761578
1 0.8267581475128645 0.7259862778730704 0.008576329331046312 0.009433962264150943
1 0.18567753001715265 0.7234133790737565 0.007718696397941681 0.004288164665523156
0 0.15308747855917668 0.7246998284734134 0.009433962264150943 0.00686106346483705
1 0.2058319039451115 0.7225557461406518 0.008576329331046312 0.004288164665523156
1 0.644082332761578 0.7208404802744426 0.008576329331046312 0.004288164665523156
1 0.8160377358490566 0.7191252144082333 0.007718696397941681 0.004288164665523156
1 0.03173241852487135 0.7195540308747856 0.00686106346483705 0.005145797598627788
1 0.4528301886792453 0.7161234991423671 0.008576329331046312 0.005145797598627788
1 0.16380789022298456 0.7165523156089194 0.008576329331046312 0.007718696397941681
1 0.8134648370497427 0.7096912521440824 0.007718696397941681 0.004288164665523156
0 0.002572898799313894 0.7088336192109777 0.005145797598627788 0.009433962264150943
0 0.8344768439108061 0.7075471698113207 0.00686106346483705 0.008576329331046312
1 0.5102915951972555 0.7062607204116638 0.008576329331046312 0.006003430531732418
1 0.13936535162950256 0.7088336192109777 0.009433962264150943 0.011149228130360206
0 0.7885934819897084 0.7079759862778731 0.011149228130360206 0.011149228130360206
1 0.4862778730703259 0.7062607204116638 0.005145797598627788 0.007718696397941681
1 0.47384219554030876 0.7058319039451115 0.007718696397941681 0.010291595197255575
1 0.6560891938250428 0.7036878216123499 0.005145797598627788 0.007718696397941681
1 0.3078902229845626 0.7045454545454546 0.008576329331046312 0.009433962264150943
1 0.6427958833619211 0.7019725557461407 0.006003430531732418 0.009433962264150943
1 0.815180102915952 0.7006861063464837 0.007718696397941681 0.008576329331046312
0 0.3426243567753002 0.6989708404802745 0.006003430531732418 0.00686106346483705
1 0.39236706689536877 0.7036878216123499 0.02144082332761578 0.02144082332761578
0 0.6951114922813036 0.6925385934819898 0.006003430531732418 0.007718696397941681
0 0.6831046312178388 0.692967409948542 0.006003430531732418 0.008576329331046312
1 0.7607204116638079 0.6963979416809606 0.022298456260720412 0.02058319039451115
1 0.8765008576329331 0.6955403087478559 0.022298456260720412 0.022298456260720412
1 0.3096054888507719 0.6796740994854202 0.005145797598627788 0.009433962264150943
1 0.2993138936535163 0.6801029159519726 0.008576329331046312 0.010291595197255575
0 0.7667238421955404 0.6753859348198971 0.00686106346483705 0.006003430531732418
0 0.7560034305317325 0.6762435677530018 0.011149228130360206 0.007718696397941681
0 0.5527444253859348 0.6758147512864494 0.006003430531732418 0.008576329331046312
0 0.910377358490566 0.6736706689536878 0.007718696397941681 0.006003430531732418
1 0.004288164665523156 0.6732418524871355 0.008576329331046312 0.005145797598627788
1 0.6415094339622641 0.6719554030874786 0.005145797598627788 0.007718696397941681
0 0.16166380789022297 0.6710977701543739 0.007718696397941681 0.006003430531732418
0 0.9253859348198971 0.6702401372212693 0.008576329331046312 0.011149228130360206
1 0.8241852487135506 0.6689536878216124 0.008576329331046312 0.008576329331046312
1 0.815180102915952 0.6689536878216124 0.006003430531732418 0.008576329331046312
0 0.42753001715265865 0.6680960548885078 0.006003430531732418 0.008576329331046312
0 0.3975128644939966 0.6668096054888508 0.007718696397941681 0.006003430531732418
1 0.8679245283018868 0.6668096054888508 0.00686106346483705 0.012864493996569469
0 0.5553173241852487 0.6625214408233276 0.009433962264150943 0.007718696397941681
0 0.839622641509434 0.6590909090909091 0.00686106346483705 0.006003430531732418
0 0.15994854202401373 0.6590909090909091 0.007718696397941681 0.006003430531732418
1 0.8739279588336192 0.6578044596912521 0.010291595197255575 0.005145797598627788
0 0.8499142367066895 0.6578044596912521 0.010291595197255575 0.00686106346483705
0 0.21569468267581476 0.6569468267581475 0.007718696397941681 0.00686106346483705
1 0.5180102915951973 0.6539451114922813 0.00686106346483705 0.006003430531732418
0 0.5308747855917667 0.652229845626072 0.008576329331046312 0.004288164665523156
0 0.3867924528301887 0.6539451114922813 0.010291595197255575 0.007718696397941681
1 0.4712692967409949 0.6492281303602059 0.009433962264150943 0.005145797598627788
0 0.3074614065180103 0.6505145797598628 0.007718696397941681 0.009433962264150943
0 0.2808747855917667 0.6483704974271012 0.007718696397941681 0.005145797598627788
1 0.6933962264150944 0.6449399656946827 0.006003430531732418 0.008576329331046312
0 0.4618353344768439 0.6445111492281304 0.006003430531732418 0.007718696397941681
1 0.6406518010291595 0.644082332761578 0.005145797598627788 0.008576329331046312
1 0.19382504288164665 0.6505145797598628 0.02058319039451115 0.02144082332761578
1 0.7015437392795884 0.6445111492281304 0.00686106346483705 0.011149228130360206
1 0.48456260720411665 0.6415094339622641 0.005145797598627788 0.008576329331046312
0 0.4699828473413379 0.6406518010291595 0.005145797598627788 0.008576329331046312
0 0.05188679245283019 0.6406518010291595 0.006003430531732418 0.012006861063464836
1 0.6410806174957119 0.6355060034305318 0.009433962264150943 0.005145797598627788
0 0.23113207547169812 0.6367924528301887 0.007718696397941681 0.007718696397941681
0 0.5390222984562607 0.6363636363636364 0.007718696397941681 0.008576329331046312
1 0.5034305317324185 0.6427958833619211 0.02058319039451115 0.02144082332761578
0 0.5673241852487135 0.6367924528301887 0.009433962264150943 0.012864493996569469
0 0.14708404802744426 0.6333619210977701 0.009433962264150943 0.006003430531732418
1 0.01972555746140652 0.6312178387650086 0.00686106346483705 0.00686106346483705
1 0.006003430531732418 0.630360205831904 0.008576329331046312 0.005145797598627788
1 0.7830188679245284 0.6179245283018868 0.008576329331046312 0.004288164665523156
0 0.5381646655231561 0.619639794168096 0.006003430531732418 0.007718696397941681
0 0.7937392795883362 0.6174957118353345 0.007718696397941681 0.005145797598627788
1 0.4716981132075472 0.6187821612349914 0.008576329331046312 0.009433962264150943
1 0.6397941680960549 0.6149228130360206 0.005145797598627788 0.008576329331046312
1 0.20754716981132076 0.6106346483704974 0.005145797598627788 0.00686106346483705
1 0.41895368782161235 0.6162092624356775 0.02144082332761578 0.02144082332761578
1 0.7002572898799314 0.6110634648370498 0.02144082332761578 0.02144082332761578
0 0.8349056603773585 0.6042024013722127 0.007718696397941681 0.011149228130360206
1 0.0274442538593482 0.5921955403087479 0.008576329331046312 0.004288164665523156
1 0.2718696397941681 0.5853344768439108 0.008576329331046312 0.004288164665523156
1 0.4897084048027444 0.5801886792452831 0.008576329331046312 0.004288164665523156
1 0.7006861063464837 0.5759005145797599 0.00686106346483705 0.004288164665523156
1 0.7384219554030875 0.5750428816466552 0.008576329331046312 0.004288164665523156
0 0.011149228130360206 0.5754716981132075 0.008576329331046312 0.00686106346483705
1 0.8379073756432247 0.573327615780446 0.008576329331046312 0.004288164665523156
0 0.8143224699828473 0.5754716981132075 0.007718696397941681 0.008576329331046312
1 0.8837907375643225 0.5724699828473413 0.007718696397941681 0.004288164665523156
1 0.9442538593481989 0.5690394511149228 0.00686106346483705 0.006003430531732418
0 0.4240994854202401 0.5660377358490566 0.009433962264150943 0.008576329331046312
1 0.14365351629502573 0.5630360205831904 0.009433962264150943 0.006003430531732418
0 0.013293310463121783 0.5626072041166381 0.006003430531732418 0.008576329331046312
1 0.47212692967409947 0.5617495711835334 0.004288164665523156 0.008576329331046312
1 0.5630360205831904 0.5600343053173242 0.011149228130360206 0.008576329331046312
1 0.28430531732418524 0.5604631217838765 0.006003430531732418 0.009433962264150943
1 0.6380789022298456 0.5578902229845626 0.005145797598627788 0.009433962264150943
1 0.22126929674099485 0.5638936535162951 0.02058319039451115 0.02144082332761578
1 0.4807032590051458 0.5548885077186964 0.009433962264150943 0.005145797598627788
1 0.4699828473413379 0.5553173241852487 0.008576329331046312 0.007718696397941681
1 0.692967409948542 0.5561749571183533 0.0137221269296741 0.012864493996569469
1 0.8190394511149228 0.5484562607204116 0.008576329331046312 0.006003430531732418
1 0.8083190394511149 0.5475986277873071 0.007718696397941681 0.004288164665523156
0 0.5793310463121784 0.5484562607204116 0.007718696397941681 0.006003430531732418
1 0.03516295025728988 0.5497427101200686 0.005145797598627788 0.008576329331046312
1 0.2667238421955403 0.5403087478559176 0.008576329331046312 0.005145797598627788
1 0.007289879931389366 0.5403087478559176 0.007718696397941681 0.005145797598627788
0 0.2971698113207547 0.5385934819897084 0.007718696397941681 0.008576329331046312
1 0.45797598627787306 0.5360205831903945 0.008576329331046312 0.005145797598627788
1 0.1402229845626072 0.5360205831903945 0.004288164665523156 0.008576329331046312
0 0.4815608919382504 0.5334476843910806 0.006003430531732418 0.008576329331046312
1 0.2971698113207547 0.5308747855917667 0.009433962264150943 0.005145797598627788
1 0.023156089193825044 0.5300171526586621 0.008576329331046312 0.005145797598627788
1 0.7877358490566038 0.5287307032590052 0.007718696397941681 0.004288164665523156
1 0.1650943396226415 0.5373070325900514 0.02144082332761578 0.02144082332761578
0 0.4691252144082333 0.5287307032590052 0.008576329331046312 0.011149228130360206
1 0.4798456260720412 0.5248713550600344 0.007718696397941681 0.005145797598627788
0 0.4125214408233276 0.5227272727272727 0.010291595197255575 0.007718696397941681
0 0.5797598627787307 0.5188679245283019 0.008576329331046312 0.00686106346483705
0 0.1702401372212693 0.516295025728988 0.007718696397941681 0.00686106346483705
0 0.9193825042881647 0.5150085763293311 0.00686106346483705 0.007718696397941681
1 0.29759862778730706 0.5124356775300172 0.008576329331046312 0.004288164665523156
0 0.32675814751286447 0.5111492281303602 0.008576329331046312 0.008576329331046312
1 0.009005145797598629 0.5077186963979416 0.009433962264150943 0.005145797598627788
0 0.2971698113207547 0.5051457975986278 0.009433962264150943 0.010291595197255575
1 0.6475128644939966 0.5017152658662093 0.00686106346483705 0.008576329331046312
1 0.6329331046312179 0.5021440823327615 0.005145797598627788 0.009433962264150943
0 0.32504288164665524 0.4995711835334477 0.00686106346483705 0.007718696397941681
1 0.5343053173241853 0.4961406518010292 0.00686106346483705 0.009433962264150943
1 0.46869639794168094 0.4914236706689537 0.009433962264150943 0.005145797598627788
0 0.6380789022298456 0.4879931389365352 0.010291595197255575 0.005145797598627788
1 0.8383361921097771 0.4944253859348199 0.02144082332761578 0.02144082332761578
0 0.4618353344768439 0.48499142367066894 0.009433962264150943 0.007718696397941681
1 0.3078902229845626 0.4815608919382504 0.005145797598627788 0.007718696397941681
1 0.6050600343053173 0.4777015437392796 0.009433962264150943 0.005145797598627788
0 0.1423670668953688 0.4815608919382504 0.008576329331046312 0.014579759862778732
1 0.027873070325900515 0.4729845626072041 0.007718696397941681 0.004288164665523156
1 0.6325042881646655 0.4734133790737564 0.004288164665523156 0.008576329331046312
0 0.3237564322469983 0.4729845626072041 0.006003430531732418 0.007718696397941681
0 0.7753001715265866 0.47041166380789023 0.010291595197255575 0.007718696397941681
1 0.815180102915952 0.4695540308747856 0.006003430531732418 0.009433962264150943
0 0.6247855917667239 0.467409948542024 0.007718696397941681 0.008576329331046312
1 0.5274442538593482 0.4725557461406518 0.02058319039451115 0.02058319039451115
1 0.008576329331046312 0.45969125214408235 0.010291595197255575 0.005145797598627788
1 0.8649228130360206 0.4652658662092624 0.01972555746140652 0.02144082332761578
1 0.29802744425385935 0.45411663807890223 0.007718696397941681 0.007718696397941681
1 0.018010291595197257 0.4532590051457976 0.00686106346483705 0.006003430531732418
0 0.26758147512864494 0.44939965694682676 0.010291595197255575 0.005145797598627788
1 0.6659519725557461 0.44897084048027447 0.009433962264150943 0.006003430531732418
0 0.33147512864493994 0.44768439108061747 0.007718696397941681 0.005145797598627788
1 0.48027444253859347 0.44897084048027447 0.005145797598627788 0.009433962264150943
0 0.4180960548885077 0.44639794168096053 0.007718696397941681 0.006003430531732418
0 0.32246998284734135 0.44639794168096053 0.005145797598627788 0.009433962264150943
1 0.6475128644939966 0.4451114922813036 0.005145797598627788 0.008576329331046312
1 0.6316466552315609 0.4451114922813036 0.004288164665523156 0.008576329331046312
1 0.24828473413379074 0.451114922813036 0.02144082332761578 0.02058319039451115
1 0.47641509433962265 0.44382504288164665 0.006003430531732418 0.007718696397941681
1 0.6217838765008576 0.4403945111492281 0.008576329331046312 0.004288164665523156
1 0.8173241852487135 0.44082332761578047 0.005145797598627788 0.008576329331046312
1 0.6445111492281304 0.4391080617495712 0.007718696397941681 0.008576329331046312
0 0.33919382504288165 0.4343910806174957 0.007718696397941681 0.006003430531732418
1 0.013293310463121783 0.4262435677530017 0.009433962264150943 0.005145797598627788
1 0.17109777015437394 0.4176672384219554 0.007718696397941681 0.005145797598627788
1 0.024013722126929673 0.4180960548885077 0.010291595197255575 0.006003430531732418
1 0.5167238421955404 0.40866209262435677 0.004288164665523156 0.007718696397941681
0 0.22341337907375644 0.4039451114922813 0.011149228130360206 0.008576329331046312
1 0.03945111492281304 0.4009433962264151 0.00686106346483705 0.006003430531732418
0 0.024013722126929673 0.4009433962264151 0.008576329331046312 0.007718696397941681
1 0.14065180102915953 0.40051457975986277 0.005145797598627788 0.008576329331046312
1 0.026157804459691254 0.39451114922813035 0.007718696397941681 0.005145797598627788
1 0.305746140651801 0.3957975986277873 0.007718696397941681 0.009433962264150943
1 0.4781303602058319 0.3936535162950257 0.004288164665523156 0.008576329331046312
0 0.15780445969125215 0.3910806174957118 0.00686106346483705 0.00686106346483705
1 0.19210977701543738 0.39708404802744424 0.02058319039451115 0.02058319039451115
1 0.6445111492281304 0.3897941680960549 0.004288164665523156 0.007718696397941681
1 0.014150943396226415 0.387221269296741 0.007718696397941681 0.004288164665523156
0 0.4219554030874786 0.38593481989708406 0.00686106346483705 0.008576329331046312
1 0.6312178387650086 0.387221269296741 0.00686106346483705 0.012864493996569469
1 0.5836192109777015 0.38207547169811323 0.014579759862778732 0.009433962264150943
0 0.21655231560891938 0.37821612349914235 0.009433962264150943 0.005145797598627788
0 0.15823327615780447 0.37778730703259006 0.009433962264150943 0.007718696397941681
1 0.03902229845626072 0.3752144082332762 0.006003430531732418 0.009433962264150943
1 0.4935677530017153 0.36921097770154376 0.011149228130360206 0.006003430531732418
1 0.046740994854202404 0.36963979416809606 0.004288164665523156 0.008576329331046312
1 0.5034305317324185 0.36578044596912523 0.00686106346483705 0.011149228130360206
0 0.17109777015437394 0.3649228130360206 0.007718696397941681 0.009433962264150943
0 0.6843910806174958 0.362778730703259 0.00686106346483705 0.008576329331046312
1 0.6638078902229846 0.36192109777015435 0.005145797598627788 0.008576329331046312
1 0.4644082332761578 0.36192109777015435 0.009433962264150943 0.010291595197255575
1 0.330188679245283 0.36620926243567753 0.02058319039451115 0.02058319039451115
1 0.2765866209262436 0.35806174957118353 0.007718696397941681 0.004288164665523156
1 0.00986277873070326 0.354631217838765 0.007718696397941681 0.004288164665523156
0 0.22598627787307032 0.34734133790737565 0.006003430531732418 0.008576329331046312
1 0.13979416809605488 0.3439108061749571 0.005145797598627788 0.008576329331046312
1 0.307032590051458 0.34133790737564323 0.005145797598627788 0.008576329331046312
0 0.29759862778730706 0.33662092624356776 0.005145797598627788 0.009433962264150943
1 0.046740994854202404 0.3361921097770154 0.004288164665523156 0.008576329331046312
1 0.24656946826758147 0.3404802744425386 0.02144082332761578 0.02058319039451115
0 0.11749571183533447 0.33104631217838765 0.008576329331046312 0.005145797598627788
0 0.28130360205831906 0.330188679245283 0.008576329331046312 0.005145797598627788
0 0.09819897084048028 0.33147512864493994 0.006003430531732418 0.007718696397941681
1 0.7680102915951973 0.3177530017152659 0.007718696397941681 0.004288164665523156
1 0.8606346483704974 0.32504288164665524 0.02144082332761578 0.02058319039451115
1 0.47427101200686106 0.31260720411663806 0.008576329331046312 0.004288164665523156
0 0.30660377358490565 0.3113207547169811 0.009433962264150943 0.0137221269296741
1 0.19039451114922812 0.31475128644939965 0.02058319039451115 0.02058319039451115
1 0.017152658662092625 0.30617495711835335 0.008576329331046312 0.005145797598627788
1 0.7688679245283019 0.3031732418524871 0.007718696397941681 0.004288164665523156
1 0.3293310463121784 0.3113207547169811 0.02058319039451115 0.02058319039451115
0 0.8310463121783876 0.30102915951972553 0.008576329331046312 0.005145797598627788
1 0.6402229845626072 0.3031732418524871 0.007718696397941681 0.014579759862778732
0 0.13078902229845626 0.29545454545454547 0.006003430531732418 0.007718696397941681
1 0.7178387650085764 0.30102915951972553 0.02058319039451115 0.02058319039451115
0 0.8409090909090909 0.29245283018867924 0.009433962264150943 0.00686106346483705
0 0.7774442538593482 0.29202401372212694 0.011149228130360206 0.009433962264150943
1 0.0047169811320754715 0.2864493996569468 0.009433962264150943 0.005145797598627788
0 0.8190394511149228 0.2881646655231561 0.005145797598627788 0.010291595197255575
0 0.807032590051458 0.28387650085763294 0.00686106346483705 0.008576329331046312
1 0.7787307032590052 0.27787307032590053 0.00686106346483705 0.008576329331046312
0 0.5750428816466552 0.2774442538593482 0.006003430531732418 0.007718696397941681
1 0.32890222984562606 0.28387650085763294 0.01972555746140652 0.02058319039451115
1 0.6325042881646655 0.2770154373927959 0.004288164665523156 0.008576329331046312
1 0.4631217838765009 0.27787307032590053 0.008576329331046312 0.010291595197255575
1 0.7877358490566038 0.274442538593482 0.004288164665523156 0.008576329331046312
1 0.03816466552315609 0.27144082332761577 0.006003430531732418 0.006003430531732418
0 0.6843910806174958 0.266295025728988 0.010291595197255575 0.007718696397941681
1 0.1595197255574614 0.26500857632933106 0.005145797598627788 0.008576329331046312
0 0.7298456260720412 0.2620068610634648 0.008576329331046312 0.004288164665523156
1 0.1925385934819897 0.26329331046312177 0.006003430531732418 0.008576329331046312
0 0.21783876500857632 0.2555746140651801 0.010291595197255575 0.00686106346483705
0 0.4914236706689537 0.2560034305317324 0.005145797598627788 0.009433962264150943
0 0.33147512864493994 0.2577186963979417 0.007718696397941681 0.014579759862778732
1 0.41509433962264153 0.2560034305317324 0.00686106346483705 0.012864493996569469
1 0.023156089193825044 0.25085763293310465 0.008576329331046312 0.004288164665523156
1 0.6646655231560892 0.2521440823327616 0.005145797598627788 0.008576329331046312
1 0.8036020583190394 0.25 0.00686106346483705 0.006003430531732418
1 0.7482847341337907 0.2504288164665523 0.006003430531732418 0.00686106346483705
1 0.6578044596912521 0.25171526586620924 0.005145797598627788 0.009433962264150943
1 0.8704974271012007 0.2504288164665523 0.005145797598627788 0.008576329331046312
1 0.8143224699828473 0.24914236706689538 0.004288164665523156 0.007718696397941681
0 0.5510291595197255 0.2478559176672384 0.011149228130360206 0.00686106346483705
1 0.8336192109777015 0.24742710120068612 0.005145797598627788 0.007718696397941681
1 0.8580617495711835 0.24656946826758147 0.009433962264150943 0.009433962264150943
0 0.020154373927958835 0.24356775300171526 0.007718696397941681 0.005145797598627788
0 0.717409948542024 0.24313893653516294 0.011149228130360206 0.007718696397941681
1 0.8044596912521441 0.24228130360205832 0.005145797598627788 0.007718696397941681
1 0.8546312178387651 0.24056603773584906 0.004288164665523156 0.007718696397941681
1 0.02830188679245283 0.23713550600343053 0.00686106346483705 0.004288164665523156
1 0.29073756432247 0.23156089193825044 0.005145797598627788 0.010291595197255575
0 0.6217838765008576 0.2251286449399657 0.008576329331046312 0.004288164665523156
0 0.8276157804459692 0.22469982847341338 0.008576329331046312 0.005145797598627788
1 0.17281303602058318 0.22298456260720412 0.004288164665523156 0.008576329331046312
1 0.3481989708404803 0.21912521440823327 0.005145797598627788 0.007718696397941681
1 0.5231560891938251 0.21869639794168097 0.00686106346483705 0.008576329331046312
1 0.006003430531732418 0.21655231560891938 0.012006861063464836 0.006003430531732418
1 0.3876500857632933 0.217409948542024 0.005145797598627788 0.009433962264150943
1 0.8083190394511149 0.21526586620926244 0.006003430531732418 0.008576329331046312
0 0.019296740994854202 0.20711835334476844 0.009433962264150943 0.007718696397941681
0 0.8357632933104632 0.2058319039451115 0.009433962264150943 0.008576329331046312
1 0.8726415094339622 0.20411663807890223 0.007718696397941681 0.008576329331046312
1 0.8945111492281304 0.2028301886792453 0.005145797598627788 0.009433962264150943
0 0.8602058319039451 0.2032590051457976 0.00686106346483705 0.012006861063464836
1 0.006432246998284734 0.19854202401372212 0.007718696397941681 0.004288164665523156
1 0.910377358490566 0.19939965694682676 0.009433962264150943 0.012864493996569469
1 0.8992281303602059 0.1951114922813036 0.007718696397941681 0.004288164665523156
1 0.19039451114922812 0.19382504288164665 0.008576329331046312 0.005145797598627788
0 0.1650943396226415 0.19425385934819897 0.009433962264150943 0.006003430531732418
0 0.05445969125214408 0.19339622641509435 0.007718696397941681 0.006003430531732418
0 0.5218696397941681 0.1916809605488851 0.007718696397941681 0.007718696397941681
1 0.6492281303602059 0.18181818181818182 0.00686106346483705 0.005145797598627788
1 0.0274442538593482 0.1783876500857633 0.010291595197255575 0.005145797598627788
1 0.1762435677530017 0.17710120068610635 0.006003430531732418 0.004288164665523156
1 0.14965694682675815 0.16895368782161235 0.007718696397941681 0.005145797598627788
1 0.5823327615780446 0.1676672384219554 0.008576329331046312 0.004288164665523156
1 0.6080617495711835 0.16680960548885077 0.00686106346483705 0.004288164665523156
1 0.6337907375643225 0.16595197255574615 0.00686106346483705 0.004288164665523156
1 0.6620926243567753 0.1650943396226415 0.008576329331046312 0.004288164665523156
1 0.7607204116638079 0.16166380789022297 0.008576329331046312 0.004288164665523156
1 0.013293310463121783 0.1565180102915952 0.007718696397941681 0.004288164665523156
0 0.2109777015437393 0.153516295025729 0.008576329331046312 0.00686106346483705
0 0.6432246998284734 0.1509433962264151 0.008576329331046312 0.00686106346483705
1 0.2701543739279588 0.14965694682675815 0.008576329331046312 0.004288164665523156
1 0.17667238421955403 0.15008576329331047 0.010291595197255575 0.005145797598627788
0 0.8181818181818182 0.14794168096054888 0.005145797598627788 0.007718696397941681
1 0.7975986277873071 0.14794168096054888 0.00686106346483705 0.007718696397941681
0 0.7765866209262435 0.1483704974271012 0.006003430531732418 0.008576329331046312
1 0.6942538593481989 0.14708404802744426 0.006003430531732418 0.007718696397941681
0 0.8589193825042881 0.145368782161235 0.011149228130360206 0.006003430531732418
1 0.7349914236706689 0.1457975986277873 0.00686106346483705 0.00686106346483705
1 0.31432246998284735 0.14408233276157806 0.004288164665523156 0.008576329331046312
1 0.009433962264150943 0.14065180102915953 0.008576329331046312 0.005145797598627788
0 0.9249571183533448 0.13979416809605488 0.004288164665523156 0.008576329331046312
1 0.8434819897084048 0.1427958833619211 0.012864493996569469 0.016295025728987993
0 0.8267581475128645 0.13850771869639794 0.005145797598627788 0.007718696397941681
1 0.7006861063464837 0.1350771869639794 0.00686106346483705 0.006003430531732418
0 0.8554888507718696 0.13550600343053174 0.006003430531732418 0.012006861063464836
1 0.1680960548885077 0.13036020583190394 0.00686106346483705 0.008576329331046312
1 0.15566037735849056 0.12821612349914235 0.009433962264150943 0.011149228130360206
0 0.4159519725557461 0.12478559176672384 0.010291595197255575 0.006003430531732418
1 0.7079759862778731 0.12521440823327615 0.006003430531732418 0.008576329331046312
1 0.19382504288164665 0.12478559176672384 0.00686106346483705 0.007718696397941681
1 0.006432246998284734 0.12478559176672384 0.007718696397941681 0.007718696397941681
1 0.3893653516295026 0.1239279588336192 0.00686106346483705 0.007718696397941681
1 0.3816466552315609 0.1239279588336192 0.00686106346483705 0.007718696397941681
0 0.9965694682675815 0.12435677530017153 0.005145797598627788 0.010291595197255575
1 0.43825042881646653 0.12264150943396226 0.005145797598627788 0.008576329331046312
1 0.7971698113207547 0.12221269296740996 0.006003430531732418 0.009433962264150943
1 0.4725557461406518 0.12178387650085763 0.00686106346483705 0.008576329331046312
1 0.49313893653516294 0.1153516295025729 0.008576329331046312 0.004288164665523156
1 0.3323327615780446 0.11192109777015437 0.006003430531732418 0.004288164665523156
0 0.10334476843910806 0.10849056603773585 0.007718696397941681 0.006003430531732418
1 0.5240137221269296 0.10677530017152659 0.00686106346483705 0.004288164665523156
1 0.6037735849056604 0.10591766723842196 0.008576329331046312 0.004288164665523156
0 0.4618353344768439 0.10291595197255575 0.007718696397941681 0.005145797598627788
0 0.8863636363636364 0.10077186963979416 0.009433962264150943 0.007718696397941681
1 0.5827615780445969 0.10205831903945112 0.009433962264150943 0.012006861063464836
0 0.6037735849056604 0.09605488850771869 0.008576329331046312 0.008576329331046312
1 0.4751286449399657 0.09391080617495712 0.008576329331046312 0.004288164665523156
1 0.01072041166380789 0.09219554030874785 0.007718696397941681 0.007718696397941681
1 0.003430531732418525 0.09176672384219554 0.00686106346483705 0.00686106346483705
0 0.62221269296741 0.09005145797598628 0.009433962264150943 0.005145797598627788
1 0.8533447684391081 0.08619210977701544 0.00686106346483705 0.007718696397941681
1 0.23413379073756432 0.08018867924528301 0.008576329331046312 0.004288164665523156
1 0.12178387650085763 0.08147512864493997 0.005145797598627788 0.00686106346483705
1 0.2997427101200686 0.07847341337907375 0.007718696397941681 0.004288164665523156
0 0.6903945111492281 0.07847341337907375 0.00686106346483705 0.007718696397941681
1 0.6376500857632933 0.07590051457975987 0.007718696397941681 0.004288164665523156
0 0.3439108061749571 0.07632933104631218 0.008576329331046312 0.005145797598627788
0 0.05960548885077187 0.07504288164665524 0.006003430531732418 0.007718696397941681
0 0.16680960548885077 0.07075471698113207 0.006003430531732418 0.007718696397941681
1 0.037307032590051456 0.0711835334476844 0.006003430531732418 0.008576329331046312
1 0.217409948542024 0.06132075471698113 0.007718696397941681 0.007718696397941681
1 0.5947684391080618 0.058319039451114926 0.006003430531732418 0.00686106346483705
1 0.10034305317324185 0.05360205831903945 0.008576329331046312 0.006003430531732418
1 0.18524871355060035 0.05274442538593482 0.008576329331046312 0.006003430531732418
1 0.31217838765008576 0.050171526586620926 0.00686106346483705 0.004288164665523156
1 0.11406518010291596 0.05188679245283019 0.008576329331046312 0.009433962264150943
1 0.14108061749571182 0.05102915951972556 0.007718696397941681 0.009433962264150943
1 0.10506003430531732 0.05188679245283019 0.007718696397941681 0.011149228130360206
0 0.12650085763293312 0.04888507718696398 0.009433962264150943 0.00686106346483705
0 0.8387650085763293 0.04631217838765009 0.008576329331046312 0.00686106346483705
1 0.9948542024013722 0.04416809605488851 0.005145797598627788 0.007718696397941681
1 0.8211835334476844 0.04416809605488851 0.004288164665523156 0.007718696397941681
0 0.7161234991423671 0.04245283018867924 0.008576329331046312 0.004288164665523156
1 0.23756432246998285 0.04502572898799314 0.005145797598627788 0.009433962264150943
1 0.8134648370497427 0.04245283018867924 0.006003430531732418 0.006003430531732418
1 0.34948542024013723 0.04245283018867924 0.011149228130360206 0.009433962264150943
1 0.9532590051457976 0.038593481989708404 0.004288164665523156 0.00686106346483705
1 0.3747855917667238 0.04030874785591767 0.005145797598627788 0.010291595197255575
1 0.44639794168096053 0.037307032590051456 0.006003430531732418 0.006003430531732418
1 0.3481989708404803 0.034734133790737566 0.010291595197255575 0.009433962264150943
0 0.7178387650085764 0.030017152658662092 0.00686106346483705 0.008576329331046312
0 0.2358490566037736 0.027873070325900515 0.008576329331046312 0.004288164665523156
1 0.9939965694682675 0.0274442538593482 0.005145797598627788 0.00686106346483705
0 0.28387650085763294 0.02530017152658662 0.008576329331046312 0.004288164665523156
1 0.9524013722126929 0.02144082332761578 0.004288164665523156 0.00686106346483705
0 0.5746140651801029 0.018867924528301886 0.005145797598627788 0.008576329331046312
0 0.8752144082332761 0.016295025728987993 0.009433962264150943 0.005145797598627788
1 0.5857632933104632 0.01672384219554031 0.008576329331046312 0.011149228130360206
1 0.1951114922813036 0.003001715265866209 0.006003430531732418 0.006003430531732418