1 0.07487091222030981 0.9964028776978417 0.0051635111876075735 0.007194244604316547
0 0.8304647160068847 0.9959532374100719 0.013769363166953529 0.008093525179856115
0 0.806368330464716 0.9959532374100719 0.008605851979345954 0.008093525179856115
1 0.6140275387263339 0.9941546762589928 0.00774526678141136 0.0044964028776978415
1 0.9913941480206541 0.9937050359712231 0.008605851979345954 0.00539568345323741
1 0.9806368330464716 0.9941546762589928 0.011187607573149742 0.006294964028776978
1 0.3024956970740103 0.9865107913669064 0.00946643717728055 0.00539568345323741
1 0.17426850258175558 0.970773381294964 0.006024096385542169 0.0044964028776978415
1 0.4991394148020654 0.9685251798561151 0.0068846815834767644 0.0035971223021582736
1 0.5658347676419966 0.9680755395683454 0.00774526678141136 0.0044964028776978415
1 0.0068846815834767644 0.9676258992805755 0.010327022375215147 0.00539568345323741
1 0.4449225473321859 0.9590827338129496 0.008605851979345954 0.0044964028776978415
1 0.06712564543889846 0.9446942446043165 0.008605851979345954 0.009892086330935251
1 0.9634251290877797 0.9433453237410072 0.00946643717728055 0.01079136690647482
0 0.4836488812392427 0.9348021582733813 0.008605851979345954 0.006294964028776978
0 0.3993115318416523 0.9343525179856115 0.010327022375215147 0.007194244604316547
0 0.20438898450946644 0.9339028776978417 0.00774526678141136 0.006294964028776978
0 0.9165232358003442 0.9334532374100719 0.008605851979345954 0.007194244604316547
1 0.4591222030981067 0.9330035971223022 0.00946643717728055 0.006294964028776978
1 0.4483648881239243 0.9325539568345323 0.008605851979345954 0.00539568345323741
1 0.2848537005163511 0.9325539568345323 0.008605851979345954 0.00539568345323741
0 0.1927710843373494 0.9334532374100719 0.008605851979345954 0.007194244604316547
0 0.8588640275387264 0.9325539568345323 0.008605851979345954 0.007194244604316547
0 0.5129087779690189 0.9334532374100719 0.012048192771084338 0.008992805755395683
0 0.14845094664371772 0.9334532374100719 0.00774526678141136 0.008992805755395683
0 0.7435456110154905 0.9325539568345323 0.008605851979345954 0.008992805755395683
0 0.6858864027538726 0.9321043165467626 0.008605851979345954 0.009892086330935251
1 0.37478485370051634 0.9312050359712231 0.006024096385542169 0.008093525179856115
1 0.2740963855421687 0.9267086330935251 0.00946643717728055 0.011690647482014389
1 0.021944922547332185 0.9253597122302158 0.00774526678141136 0.008992805755395683
1 0.7366609294320138 0.9222122302158273 0.008605851979345954 0.0044964028776978415
1 0.7082616179001722 0.9222122302158273 0.008605851979345954 0.0044964028776978415
1 0.4591222030981067 0.9231115107913669 0.00946643717728055 0.006294964028776978
1 0.28528399311531843 0.9231115107913669 0.00946643717728055 0.006294964028776978
1 0.10757314974182444 0.924910071942446 0.008605851979345954 0.009892086330935251
1 0.44793459552495696 0.9240107913669064 0.00946643717728055 0.009892086330935251
1 0.0068846815834767644 0.9177158273381295 0.010327022375215147 0.006294964028776978
1 0.8816695352839932 0.924910071942446 0.021514629948364887 0.022482014388489208
0 0.7030981067125646 0.91681654676259 0.008605851979345954 0.006294964028776978
1 0.6510327022375215 0.9253597122302158 0.021514629948364887 0.023381294964028777
1 0.5382960413080895 0.9253597122302158 0.02323580034423408 0.023381294964028777
0 0.4737521514629948 0.9172661870503597 0.00774526678141136 0.007194244604316547
1 0.31153184165232356 0.924910071942446 0.022375215146299483 0.022482014388489208
1 0.1716867469879518 0.9258093525179856 0.02323580034423408 0.024280575539568347
0 0.5047332185886403 0.91681654676259 0.012908777969018933 0.008093525179856115
0 0.36187607573149744 0.9163669064748201 0.00774526678141136 0.007194244604316547
1 0.7779690189328744 0.9046762589928058 0.010327022375215147 0.00539568345323741
0 0.3696213425129088 0.9037769784172662 0.012908777969018933 0.007194244604316547
0 0.14629948364888123 0.9046762589928058 0.010327022375215147 0.008992805755395683
0 0.887263339070568 0.9028776978417267 0.008605851979345954 0.007194244604316547
0 0.653184165232358 0.9033273381294964 0.012048192771084338 0.008093525179856115
0 0.5421686746987951 0.9028776978417267 0.008605851979345954 0.007194244604316547
0 0.20524956970740102 0.9028776978417267 0.00774526678141136 0.007194244604316547
1 0.45869191049913943 0.9033273381294964 0.008605851979345954 0.009892086330935251
1 0.4483648881239243 0.9033273381294964 0.008605851979345954 0.009892086330935251
0 0.7147160068846816 0.9015287769784173 0.006024096385542169 0.008093525179856115
0 0.9178141135972461 0.9006294964028777 0.00774526678141136 0.009892086330935251
1 0.7913080895008606 0.8983812949640287 0.006024096385542169 0.008992805755395683
0 0.7276247848537005 0.8992805755395683 0.00774526678141136 0.01079136690647482
0 0.7452667814113597 0.8983812949640287 0.0068846815834767644 0.012589928057553957
1 0.4578313253012048 0.8965827338129496 0.008605851979345954 0.01079136690647482
0 0.6174698795180723 0.8943345323741008 0.00774526678141136 0.015287769784172662
0 0.1364027538726334 0.8884892086330936 0.00774526678141136 0.007194244604316547
1 0.22762478485370052 0.8952338129496403 0.021514629948364887 0.022482014388489208
0 0.9023235800344234 0.8893884892086331 0.00946643717728055 0.012589928057553957
0 0.8154044750430293 0.887589928057554 0.00774526678141136 0.008992805755395683
0 0.7293459552495697 0.887589928057554 0.00774526678141136 0.008992805755395683
1 0.6790017211703959 0.8943345323741008 0.022375215146299483 0.022482014388489208
0 0.6441480206540448 0.8862410071942446 0.00774526678141136 0.006294964028776978
0 0.47289156626506024 0.8871402877697842 0.00774526678141136 0.008093525179856115
0 0.3898450946643718 0.8857913669064749 0.008605851979345954 0.00539568345323741
0 0.3614457831325301 0.8866906474820144 0.008605851979345954 0.007194244604316547
1 0.3111015490533563 0.8943345323741008 0.021514629948364887 0.022482014388489208
0 0.20395869191049915 0.8866906474820144 0.0068846815834767644 0.007194244604316547
0 0.5684165232358004 0.885341726618705 0.011187607573149742 0.008093525179856115
1 0.1561962134251291 0.8763489208633094 0.00774526678141136 0.0044964028776978415
1 0.7788296041308089 0.8754496402877698 0.008605851979345954 0.0044964028776978415
1 0.005593803786574871 0.8767985611510791 0.011187607573149742 0.007194244604316547
1 0.35370051635111877 0.875 0.0068846815834767644 0.00539568345323741
1 0.2469879518072289 0.875 0.0068846815834767644 0.00539568345323741
0 0.3158347676419966 0.8736510791366906 0.008605851979345954 0.006294964028776978
0 0.13855421686746988 0.8745503597122302 0.010327022375215147 0.008093525179856115
0 0.20223752151462995 0.8736510791366906 0.012048192771084338 0.008093525179856115
0 0.17598967297762477 0.8732014388489209 0.00774526678141136 0.007194244604316547
1 0.8859724612736661 0.8718525179856115 0.00774526678141136 0.006294964028776978
0 0.7026678141135972 0.872751798561151 0.011187607573149742 0.008093525179856115
0 0.5129087779690189 0.8723021582733813 0.008605851979345954 0.007194244604316547
0 0.34165232358003444 0.872751798561151 0.012048192771084338 0.008093525179856115
0 0.5017211703958692 0.8718525179856115 0.008605851979345954 0.008093525179856115
0 0.7418244406196214 0.8714028776978417 0.010327022375215147 0.008992805755395683
0 0.713855421686747 0.8714028776978417 0.00774526678141136 0.008992805755395683
0 0.5434595524956971 0.8700539568345323 0.006024096385542169 0.008093525179856115
0 0.8575731497418244 0.8700539568345323 0.00946643717728055 0.009892086330935251
0 0.5701376936316696 0.8700539568345323 0.00946643717728055 0.009892086330935251
1 0.45740103270223753 0.8615107913669064 0.00774526678141136 0.00539568345323741
0 0.6166092943201377 0.8637589928057554 0.00774526678141136 0.015287769784172662
1 0.2267641996557659 0.864658273381295 0.021514629948364887 0.022482014388489208
0 0.1932013769363167 0.8565647482014388 0.00774526678141136 0.006294964028776978
0 0.13726333907056798 0.8574640287769785 0.00774526678141136 0.008093525179856115
0 0.8868330464716007 0.8561151079136691 0.00774526678141136 0.007194244604316547
1 0.648881239242685 0.8637589928057554 0.022375215146299483 0.022482014388489208
1 0.3674698795180723 0.8637589928057554 0.022375215146299483 0.022482014388489208
0 0.20438898450946644 0.8570143884892086 0.00946643717728055 0.008992805755395683
0 0.33390705679862304 0.8552158273381295 0.008605851979345954 0.007194244604316547
0 0.3059380378657487 0.8556654676258992 0.00946643717728055 0.008093525179856115
0 0.9040447504302926 0.8552158273381295 0.011187607573149742 0.008992805755395683
0 0.5615318416523236 0.85431654676259 0.012908777969018933 0.007194244604316547
0 0.5116179001721171 0.85431654676259 0.00946643717728055 0.007194244604316547
0 0.4827882960413081 0.8430755395683454 0.010327022375215147 0.006294964028776978
0 0.7091222030981067 0.8426258992805755 0.012048192771084338 0.007194244604316547
0 0.1927710843373494 0.8430755395683454 0.008605851979345954 0.008093525179856115
0 0.8162650602409639 0.8421762589928058 0.00946643717728055 0.008093525179856115
0 0.5675559380378657 0.8421762589928058 0.011187607573149742 0.008093525179856115
0 0.3717728055077453 0.841726618705036 0.008605851979345954 0.007194244604316547
0 0.3442340791738382 0.841726618705036 0.008605851979345954 0.007194244604316547
1 0.010327022375215147 0.8421762589928058 0.008605851979345954 0.009892086330935251
0 0.9130808950086059 0.8412769784172662 0.012048192771084338 0.009892086330935251
0 0.8876936316695353 0.8390287769784173 0.006024096385542169 0.008992805755395683
0 0.4578313253012048 0.8381294964028777 0.0068846815834767644 0.014388489208633094
0 0.7994836488812392 0.8340827338129496 0.008605851979345954 0.015287769784172662
0 0.11833046471600689 0.8345323741007195 0.00774526678141136 0.01618705035971223
1 0.09767641996557659 0.829136690647482 0.00774526678141136 0.00539568345323741
0 0.2573149741824441 0.8268884892086331 0.008605851979345954 0.0044964028776978415
1 0.4401893287435456 0.8264388489208633 0.00946643717728055 0.00539568345323741
0 0.1927710843373494 0.8273381294964028 0.008605851979345954 0.007194244604316547
0 0.6983648881239243 0.8268884892086331 0.006024096385542169 0.008093525179856115
1 0.17082616179001722 0.8349820143884892 0.021514629948364887 0.024280575539568347
0 0.9006024096385542 0.8264388489208633 0.006024096385542169 0.008992805755395683
1 0.8502581755593803 0.8340827338129496 0.022375215146299483 0.024280575539568347
1 0.7349397590361446 0.8340827338129496 0.022375215146299483 0.024280575539568347
0 0.6428571428571429 0.8246402877697842 0.008605851979345954 0.00539568345323741
1 0.5068846815834768 0.83318345323741 0.020654044750430294 0.022482014388489208
0 0.3046471600688468 0.8259892086330936 0.008605851979345954 0.008093525179856115
0 0.5417383820998278 0.8259892086330936 0.00774526678141136 0.009892086330935251
0 0.3704819277108434 0.8246402877697842 0.00946643717728055 0.007194244604316547
1 0.004733218588640275 0.8183453237410072 0.00946643717728055 0.00539568345323741
0 0.2284853700516351 0.8138489208633094 0.012908777969018933 0.007194244604316547
0 0.13769363166953527 0.8133992805755396 0.0068846815834767644 0.006294964028776978
1 0.0193631669535284 0.8138489208633094 0.011187607573149742 0.007194244604316547
0 0.4126506024096386 0.8125 0.00946643717728055 0.008093525179856115
0 0.34165232358003444 0.8125 0.010327022375215147 0.008093525179856115
0 0.4827882960413081 0.8111510791366906 0.008605851979345954 0.007194244604316547
0 0.12865748709122204 0.8120503597122302 0.006024096385542169 0.008992805755395683
1 0.008605851979345954 0.8107014388489209 0.010327022375215147 0.006294964028776978
0 0.4006024096385542 0.8107014388489209 0.00774526678141136 0.008093525179856115
0 0.5688468158347676 0.8093525179856115 0.008605851979345954 0.008992805755395683
1 0.44664371772805506 0.8098021582733813 0.008605851979345954 0.009892086330935251
1 0.2870051635111876 0.8093525179856115 0.004302925989672977 0.008992805755395683
1 0.020654044750430294 0.8053057553956835 0.008605851979345954 0.006294964028776978
0 0.5546471600688468 0.8071043165467626 0.00774526678141136 0.011690647482014389
1 0.628657487091222 0.8048561151079137 0.004302925989672977 0.008992805755395683
1 0.6148881239242685 0.8044064748201439 0.006024096385542169 0.009892086330935251
1 0.7969018932874354 0.8012589928057554 0.0068846815834767644 0.008992805755395683
0 0.21901893287435456 0.7981115107913669 0.006024096385542169 0.008093525179856115
1 0.1703958691910499 0.8053057553956835 0.020654044750430294 0.022482014388489208
0 0.1364027538726334 0.7985611510791367 0.00946643717728055 0.008992805755395683
0 0.725473321858864 0.7972122302158273 0.0068846815834767644 0.008093525179856115
1 0.6764199655765921 0.8035071942446043 0.022375215146299483 0.022482014388489208
0 0.9470740103270223 0.7945143884892086 0.00774526678141136 0.006294964028776978
1 0.8790877796901894 0.8026079136690647 0.02323580034423408 0.022482014388489208
1 0.5567986230636833 0.7954136690647482 0.008605851979345954 0.008093525179856115
1 0.5352839931153184 0.8026079136690647 0.022375215146299483 0.022482014388489208
1 0.9978485370051635 0.7945143884892086 0.004302925989672977 0.008093525179856115
0 0.8429432013769363 0.7954136690647482 0.00946643717728055 0.009892086330935251
0 0.39070567986230637 0.7940647482014388 0.012048192771084338 0.007194244604316547
1 0.16910499139414803 0.7886690647482014 0.00774526678141136 0.00539568345323741
1 0.007314974182444062 0.7823741007194245 0.014629948364888123 0.008992805755395683
1 0.8085197934595525 0.7787769784172662 0.00946643717728055 0.00539568345323741
1 0.790447504302926 0.7787769784172662 0.00946643717728055 0.00539568345323741
1 0.7775387263339071 0.7783273381294964 0.00774526678141136 0.0044964028776978415
1 0.7538726333907056 0.7787769784172662 0.0068846815834767644 0.00539568345323741
1 0.5339931153184165 0.7783273381294964 0.00774526678141136 0.0044964028776978415
1 0.49698795180722893 0.7787769784172662 0.00774526678141136 0.00539568345323741
1 0.42771084337349397 0.7787769784172662 0.010327022375215147 0.00539568345323741
1 0.019793459552495698 0.7760791366906474 0.008605851979345954 0.008992805755395683
1 0.00774526678141136 0.7697841726618705 0.0068846815834767644 0.00539568345323741
1 0.18588640275387264 0.766636690647482 0.0068846815834767644 0.0044964028776978415
1 0.012478485370051634 0.7657374100719424 0.00774526678141136 0.0044964028776978415
1 0.3433734939759036 0.7639388489208633 0.008605851979345954 0.0044964028776978415
1 0.020654044750430294 0.7652877697841727 0.0068846815834767644 0.01079136690647482
1 0.3037865748709122 0.7621402877697842 0.010327022375215147 0.008093525179856115
1 0.009036144578313253 0.7567446043165468 0.00946643717728055 0.006294964028776978
0 0.6501721170395869 0.7513489208633094 0.00774526678141136 0.006294964028776978
0 0.3958691910499139 0.7513489208633094 0.012048192771084338 0.006294964028776978
0 0.882960413080895 0.7491007194244604 0.008605851979345954 0.007194244604316547
0 0.9139414802065404 0.7486510791366906 0.0068846815834767644 0.008093525179856115
0 0.7082616179001722 0.7495503597122302 0.010327022375215147 0.009892086330935251
0 0.5684165232358004 0.747751798561151 0.00946643717728055 0.011690647482014389
1 0.5305507745266781 0.7423561151079137 0.004302925989672977 0.006294964028776978
1 0.4578313253012048 0.7437050359712231 0.0051635111876075735 0.008992805755395683
1 0.7874354561101549 0.7432553956834532 0.0051635111876075735 0.009892086330935251
1 0.7964716006884681 0.7423561151079137 0.00946643717728055 0.009892086330935251
0 0.6247848537005164 0.7419064748201439 0.008605851979345954 0.008992805755395683
1 0.4449225473321859 0.7428057553956835 0.008605851979345954 0.01079136690647482
0 0.1166092943201377 0.7423561151079137 0.00946643717728055 0.009892086330935251
1 0.7827022375215146 0.7383093525179856 0.004302925989672977 0.008992805755395683
1 0.310671256454389 0.7437050359712231 0.022375215146299483 0.02158273381294964
0 0.1919104991394148 0.7369604316546763 0.008605851979345954 0.008093525179856115
1 0.1703958691910499 0.7446043165467626 0.020654044750430294 0.023381294964028777
0 0.004302925989672977 0.737410071942446 0.008605851979345954 0.008992805755395683
1 0.5051635111876076 0.7423561151079137 0.024096385542168676 0.022482014388489208
1 0.8476764199655766 0.7414568345323741 0.022375215146299483 0.022482014388489208
0 0.6970740103270223 0.7347122302158273 0.008605851979345954 0.008992805755395683
0 0.3610154905335628 0.733363309352518 0.00946643717728055 0.006294964028776978
1 0.12392426850258176 0.7306654676258992 0.008605851979345954 0.0044964028776978415
1 0.35456110154905335 0.7279676258992805 0.008605851979345954 0.0044964028776978415
1 0.4027538726333907 0.7275179856115108 0.0068846815834767644 0.00539568345323741
1 0.45438898450946646 0.7266187050359713 0.008605851979345954 0.00539568345323741
0 0.21557659208261618 0.7279676258992805 0.00774526678141136 0.008093525179856115
0 0.7913080895008606 0.7248201438848921 0.006024096385542169 0.007194244604316547
0 0.3145438898450947 0.7216726618705036 0.00774526678141136 0.006294964028776978
0 0.36790017211703957 0.7212230215827338 0.012908777969018933 0.007194244604316547
0 0.5658347676419966 0.7203237410071942 0.00774526678141136 0.007194244604316547
0 0.2723752151462995 0.7198741007194245 0.00946643717728055 0.006294964028776978
0 0.5103270223752151 0.7198741007194245 0.008605851979345954 0.008093525179856115
0 0.4806368330464716 0.7198741007194245 0.011187607573149742 0.009892086330935251
1 0.10800344234079173 0.7194244604316546 0.004302925989672977 0.008992805755395683
0 0.6807228915662651 0.7185251798561151 0.008605851979345954 0.008992805755395683
1 0.7973321858864028 0.7162769784172662 0.004302925989672977 0.008093525179856115
1 0.7865748709122203 0.7153776978417267 0.0051635111876075735 0.008093525179856115
0 0.2633390705679862 0.7140287769784173 0.008605851979345954 0.00539568345323741
1 0.11703958691910499 0.7149280575539568 0.008605851979345954 0.01079136690647482
1 0.8154044750430293 0.7099820143884892 0.00774526678141136 0.0044964028776978415
1 0.5817555938037866 0.710431654676259 0.008605851979345954 0.00539568345323741
1 0.7844234079173839 0.7095323741007195 0.00946643717728055 0.008992805755395683
1 0.1703958691910499 0.7153776978417267 0.020654044750430294 0.022482014388489208
0 0.20051635111876076 0.7059352517985612 0.012048192771084338 0.007194244604316547
1 0.33820998278829606 0.7131294964028777 0.022375215146299483 0.023381294964028777
0 0.47074010327022375 0.704136690647482 0.008605851979345954 0.007194244604316547
1 0.7026678141135972 0.7113309352517986 0.021514629948364887 0.023381294964028777
1 0.8756454388984509 0.7113309352517986 0.021514629948364887 0.025179856115107913
0 0.6398450946643718 0.7027877697841727 0.00946643717728055 0.008093525179856115
0 0.5 0.7027877697841727 0.010327022375215147 0.008093525179856115
0 0.794750430292599 0.6946942446043165 0.006024096385542169 0.008093525179856115
0 0.1746987951807229 0.6942446043165468 0.008605851979345954 0.007194244604316547
0 0.7259036144578314 0.6901978417266187 0.00774526678141136 0.006294964028776978
0 0.39629948364888123 0.6910971223021583 0.011187607573149742 0.008093525179856115
0 0.3145438898450947 0.6915467625899281 0.00946643717728055 0.008992805755395683
0 0.5654044750430293 0.689748201438849 0.008605851979345954 0.007194244604316547
0 0.8808089500860585 0.6883992805755396 0.00774526678141136 0.006294964028776978
0 0.8519793459552496 0.6879496402877698 0.008605851979345954 0.007194244604316547
0 0.5081755593803786 0.6892985611510791 0.012908777969018933 0.009892086330935251
0 0.7086919104991394 0.6875 0.006024096385542169 0.008093525179856115
0 0.6802925989672978 0.6875 0.006024096385542169 0.008093525179856115
1 0.45438898450946646 0.6848021582733813 0.008605851979345954 0.009892086330935251
1 0.443631669535284 0.6848021582733813 0.00946643717728055 0.009892086330935251
1 0.7839931153184165 0.6839028776978417 0.008605851979345954 0.009892086330935251
1 0.907487091222031 0.6798561151079137 0.004302925989672977 0.007194244604316547
1 0.45438898450946646 0.6758093525179856 0.008605851979345954 0.0044964028776978415
1 0.22547332185886404 0.6848021582733813 0.020654044750430294 0.022482014388489208
1 0.7839931153184165 0.6753597122302158 0.008605851979345954 0.00539568345323741
0 0.16609294320137694 0.677158273381295 0.012048192771084338 0.008992805755395683
1 0.33691910499139416 0.6830035971223022 0.021514629948364887 0.022482014388489208
0 0.5542168674698795 0.6731115107913669 0.008605851979345954 0.006294964028776978
1 0.5322719449225474 0.6812050359712231 0.021514629948364887 0.022482014388489208
0 0.4987091222030981 0.6735611510791367 0.00774526678141136 0.007194244604316547
0 0.3674698795180723 0.6726618705035972 0.008605851979345954 0.00539568345323741
1 0.8166953528399311 0.6803057553956835 0.020654044750430294 0.022482014388489208
0 0.6673838209982789 0.6735611510791367 0.00946643717728055 0.008992805755395683
0 0.7250430292598967 0.6713129496402878 0.00946643717728055 0.006294964028776978
1 0.6445783132530121 0.6803057553956835 0.020654044750430294 0.024280575539568347
1 0.16566265060240964 0.6650179856115108 0.00774526678141136 0.006294964028776978
0 0.14759036144578314 0.664568345323741 0.00774526678141136 0.007194244604316547
0 0.1764199655765921 0.6627697841726619 0.008605851979345954 0.008992805755395683
0 0.39759036144578314 0.6605215827338129 0.008605851979345954 0.006294964028776978
0 0.5370051635111877 0.6591726618705036 0.008605851979345954 0.007194244604316547
0 0.2332185886402754 0.6600719424460432 0.0068846815834767644 0.008992805755395683
0 0.7065404475043029 0.6587230215827338 0.008605851979345954 0.008093525179856115
0 0.8218588640275387 0.6573741007194245 0.010327022375215147 0.008992805755395683
0 0.5645438898450946 0.658273381294964 0.010327022375215147 0.01079136690647482
1 0.2723752151462995 0.6578237410071942 0.00774526678141136 0.009892086330935251
0 0.9246987951807228 0.6537769784172662 0.00946643717728055 0.007194244604316547
1 0.7835628227194492 0.654226618705036 0.00774526678141136 0.009892086330935251
0 0.7379518072289156 0.6546762589928058 0.00774526678141136 0.012589928057553957
1 0.11833046471600689 0.6506294964028777 0.00774526678141136 0.0044964028776978415
1 0.4845094664371773 0.6506294964028777 0.0068846815834767644 0.006294964028776978
1 0.45438898450946646 0.6492805755395683 0.008605851979345954 0.01079136690647482
1 0.0051635111876075735 0.6470323741007195 0.0068846815834767644 0.006294964028776978
1 0.7831325301204819 0.64568345323741 0.008605851979345954 0.00539568345323741
1 0.19793459552495696 0.6546762589928058 0.020654044750430294 0.023381294964028777
1 0.3640275387263339 0.6528776978417267 0.020654044750430294 0.02158273381294964
0 0.5654044750430293 0.6434352517985612 0.0068846815834767644 0.006294964028776978
0 0.7224612736660929 0.6438848920863309 0.00774526678141136 0.008992805755395683
0 0.7065404475043029 0.6425359712230215 0.0068846815834767644 0.006294964028776978
0 0.5279690189328744 0.6429856115107914 0.012908777969018933 0.007194244604316547
1 0.6437177280550774 0.6501798561151079 0.020654044750430294 0.023381294964028777
0 0.10068846815834767 0.6371402877697842 0.008605851979345954 0.0044964028776978415
1 0.2538726333907057 0.6344424460431655 0.008605851979345954 0.0044964028776978415
1 0.20352839931153185 0.6330935251798561 0.006024096385542169 0.007194244604316547
0 0.3683304647160069 0.6317446043165468 0.008605851979345954 0.006294964028776978
1 0.858433734939759 0.6299460431654677 0.00774526678141136 0.0044964028776978415
0 0.8016351118760757 0.6308453237410072 0.00774526678141136 0.006294964028776978
0 0.6957831325301205 0.6299460431654677 0.00774526678141136 0.006294964028776978
0 0.4789156626506024 0.6303956834532374 0.00946643717728055 0.007194244604316547
0 0.637263339070568 0.6290467625899281 0.00774526678141136 0.006294964028776978
0 0.7056798623063684 0.6281474820143885 0.0068846815834767644 0.006294964028776978
0 0.8205679862306369 0.6276978417266187 0.00774526678141136 0.007194244604316547
0 0.907487091222031 0.6276978417266187 0.00946643717728055 0.008992805755395683
0 0.878657487091222 0.6276978417266187 0.010327022375215147 0.008992805755395683
0 0.648881239242685 0.6281474820143885 0.008605851979345954 0.009892086330935251
0 0.5344234079173839 0.6285971223021583 0.013769363166953529 0.01079136690647482
1 0.2723752151462995 0.6281474820143885 0.00774526678141136 0.009892086330935251
1 0.7783993115318416 0.6182553956834532 0.004302925989672977 0.008093525179856115
1 0.1699655765920826 0.6254496402877698 0.019793459552495698 0.022482014388489208
0 0.6114457831325302 0.6209532374100719 0.00774526678141136 0.015287769784172662
1 0.3360585197934596 0.6245503597122302 0.021514629948364887 0.022482014388489208
0 0.10671256454388985 0.6160071942446043 0.008605851979345954 0.00539568345323741
1 0.5051635111876076 0.6218525179856115 0.025817555938037865 0.022482014388489208
1 0.38683304647160066 0.6137589928057554 0.00774526678141136 0.006294964028776978
0 0.3623063683304647 0.6133093525179856 0.008605851979345954 0.00539568345323741
1 0.6712564543889845 0.6209532374100719 0.024096385542168676 0.022482014388489208
0 0.637263339070568 0.6133093525179856 0.00774526678141136 0.007194244604316547
0 0.47030981067125643 0.6128597122302158 0.00946643717728055 0.006294964028776978
0 0.5555077452667814 0.6133093525179856 0.012908777969018933 0.008992805755395683
0 0.5262478485370051 0.6128597122302158 0.011187607573149742 0.008093525179856115
0 0.7228915662650602 0.6115107913669064 0.008605851979345954 0.007194244604316547
1 0.2848537005163511 0.5890287769784173 0.0068846815834767644 0.00539568345323741
1 0.9952667814113597 0.5890287769784173 0.00946643717728055 0.01079136690647482
0 0.6686746987951807 0.5849820143884892 0.008605851979345954 0.0044964028776978415
1 0.6088640275387264 0.5849820143884892 0.00774526678141136 0.0044964028776978415
1 0.8631669535283993 0.5840827338129496 0.0068846815834767644 0.0044964028776978415
1 0.8253012048192772 0.5840827338129496 0.008605851979345954 0.0044964028776978415
0 0.7616179001721171 0.5845323741007195 0.008605851979345954 0.00539568345323741
1 0.9935456110154905 0.5809352517985612 0.00774526678141136 0.00539568345323741
0 0.3674698795180723 0.5723920863309353 0.010327022375215147 0.008093525179856115
0 0.31282271944922546 0.5723920863309353 0.011187607573149742 0.009892086330935251
0 0.4793459552495697 0.5701438848920863 0.008605851979345954 0.007194244604316547
1 0.004302925989672977 0.5692446043165468 0.008605851979345954 0.00539568345323741
1 0.7913080895008606 0.5656474820143885 0.00946643717728055 0.00539568345323741
0 0.7314974182444062 0.5669964028776978 0.012048192771084338 0.009892086330935251
0 0.9070567986230637 0.5656474820143885 0.0068846815834767644 0.008992805755395683
1 0.78184165232358 0.5642985611510791 0.00774526678141136 0.008093525179856115
0 0.4423407917383821 0.5656474820143885 0.008605851979345954 0.01079136690647482
0 0.6097246127366609 0.5620503597122302 0.00774526678141136 0.014388489208633094
1 0.7908777969018933 0.5566546762589928 0.008605851979345954 0.00539568345323741
0 0.3024956970740103 0.5575539568345323 0.00774526678141136 0.007194244604316547
0 0.3575731497418244 0.5562050359712231 0.00774526678141136 0.006294964028776978
1 0.5025817555938038 0.5625 0.022375215146299483 0.022482014388489208
0 0.7194492254733219 0.5535071942446043 0.008605851979345954 0.008093525179856115
1 0.6419965576592083 0.5611510791366906 0.022375215146299483 0.023381294964028777
0 0.8932874354561101 0.552158273381295 0.0068846815834767644 0.007194244604316547
1 0.8128227194492255 0.5598021582733813 0.021514629948364887 0.022482014388489208
1 0.9913941480206541 0.5490107913669064 0.0051635111876075735 0.008093525179856115
0 0.2306368330464716 0.5445143884892086 0.0068846815834767644 0.006294964028776978
0 0.17555938037865748 0.5454136690647482 0.008605851979345954 0.008093525179856115
0 0.24268502581755594 0.54181654676259 0.008605851979345954 0.0044964028776978415
0 0.16265060240963855 0.5440647482014388 0.0068846815834767644 0.008992805755395683
0 0.21729776247848537 0.5431654676258992 0.006024096385542169 0.008992805755395683
0 0.5348537005163512 0.5400179856115108 0.00774526678141136 0.006294964028776978
0 0.7616179001721171 0.5368705035971223 0.008605851979345954 0.00539568345323741
1 0.6114457831325302 0.5350719424460432 0.004302925989672977 0.008992805755395683
1 0.14156626506024098 0.5386690647482014 0.021514629948364887 0.02158273381294964
0 0.21901893287435456 0.529226618705036 0.00774526678141136 0.006294964028776978
1 0.6075731497418244 0.5319244604316546 0.0068846815834767644 0.013489208633093525
1 0.37736660929432014 0.5247302158273381 0.00774526678141136 0.0044964028776978415
1 0.5073149741824441 0.5296762589928058 0.00774526678141136 0.01618705035971223
0 0.891566265060241 0.5224820143884892 0.0068846815834767644 0.008992805755395683
0 0.8640275387263339 0.5211330935251799 0.008605851979345954 0.006294964028776978
0 0.5985370051635112 0.5202338129496403 0.00774526678141136 0.006294964028776978
1 0.014629948364888123 0.5148381294964028 0.008605851979345954 0.006294964028776978
1 0.004733218588640275 0.5143884892086331 0.00946643717728055 0.00539568345323741
1 0.45309810671256456 0.5071942446043165 0.00774526678141136 0.007194244604316547
0 0.7319277108433735 0.5076438848920863 0.00946643717728055 0.009892086330935251
0 0.9049053356282272 0.5058453237410072 0.00774526678141136 0.009892086330935251
0 0.7891566265060241 0.5040467625899281 0.008605851979345954 0.011690647482014389
0 0.16351118760757316 0.5013489208633094 0.0068846815834767644 0.006294964028776978
1 0.19707401032702238 0.5080935251798561 0.020654044750430294 0.02158273381294964
0 0.173407917383821 0.5004496402877698 0.00946643717728055 0.008093525179856115
1 0.12779690189328743 0.49865107913669066 0.00774526678141136 0.0044964028776978415
1 0.7788296041308089 0.4995503597122302 0.008605851979345954 0.009892086330935251
0 0.5232358003442341 0.49505395683453235 0.008605851979345954 0.006294964028776978
1 0.3756454388984509 0.49460431654676257 0.00946643717728055 0.00539568345323741
0 0.45051635111876076 0.493705035971223 0.00946643717728055 0.00539568345323741
1 0.6966437177280551 0.5013489208633094 0.021514629948364887 0.022482014388489208
1 0.5864888123924269 0.49235611510791366 0.006024096385542169 0.0044964028776978415
0 0.8614457831325302 0.4932553956834532 0.008605851979345954 0.008093525179856115
0 0.6230636833046471 0.4919064748201439 0.008605851979345954 0.00539568345323741
1 0.5692771084337349 0.4919064748201439 0.006024096385542169 0.00539568345323741
1 0.9931153184165232 0.49235611510791366 0.012048192771084338 0.008093525179856115
0 0.30120481927710846 0.4851618705035971 0.008605851979345954 0.008093525179856115
0 0.3674698795180723 0.483363309352518 0.008605851979345954 0.009892086330935251
0 0.23235800344234078 0.483363309352518 0.0068846815834767644 0.009892086330935251
0 0.11833046471600689 0.48381294964028776 0.006024096385542169 0.01079136690647482
0 0.5335628227194492 0.48111510791366907 0.008605851979345954 0.007194244604316547
0 0.4789156626506024 0.48111510791366907 0.00774526678141136 0.007194244604316547
1 0.0068846815834767644 0.47886690647482016 0.008605851979345954 0.0044964028776978415
1 0.4509466437177281 0.4784172661870504 0.0051635111876075735 0.008992805755395683
0 0.7293459552495697 0.4784172661870504 0.011187607573149742 0.01079136690647482
0 0.27323580034423406 0.47931654676258995 0.00774526678141136 0.014388489208633094
1 0.7878657487091222 0.4743705035971223 0.006024096385542169 0.009892086330935251
1 0.4419104991394148 0.4721223021582734 0.006024096385542169 0.00539568345323741
1 0.1699655765920826 0.4797661870503597 0.021514629948364887 0.02068345323741007
0 0.19104991394148021 0.4716726618705036 0.008605851979345954 0.006294964028776978
0 0.6183304647160068 0.47347122302158273 0.00774526678141136 0.015287769784172662
0 0.3838209982788296 0.4685251798561151 0.008605851979345954 0.007194244604316547
1 0.33433734939759036 0.4761690647482014 0.019793459552495698 0.022482014388489208
1 0.9888123924268503 0.4685251798561151 0.0051635111876075735 0.008992805755395683
1 0.9961273666092944 0.4653776978417266 0.00774526678141136 0.006294964028776978
0 0.7164371772805508 0.4653776978417266 0.006024096385542169 0.008093525179856115
0 0.6613597246127366 0.46447841726618705 0.00774526678141136 0.006294964028776978
0 0.11402753872633391 0.4635791366906475 0.00774526678141136 0.006294964028776978
1 0.8386402753872634 0.47032374100719426 0.021514629948364887 0.02158273381294964
1 0.229776247848537 0.4572841726618705 0.0068846815834767644 0.006294964028776978
1 0.9883820998278829 0.4577338129496403 0.004302925989672977 0.008992805755395683
0 0.39457831325301207 0.4545863309352518 0.00774526678141136 0.006294964028776978
1 0.286144578313253 0.4523381294964029 0.004302925989672977 0.008992805755395683
1 0.6067125645438899 0.44919064748201437 0.008605851979345954 0.0044964028776978415
1 0.4427710843373494 0.4505395683453237 0.004302925989672977 0.007194244604316547
0 0.22547332185886404 0.45008992805755393 0.008605851979345954 0.008093525179856115
1 0.45180722891566266 0.44919064748201437 0.008605851979345954 0.009892086330935251
0 0.8446643717728055 0.44694244604316546 0.00946643717728055 0.008992805755395683
1 0.2736660929432014 0.44739208633093525 0.008605851979345954 0.009892086330935251
1 0.6187607573149742 0.4464928057553957 0.0051635111876075735 0.009892086330935251
1 0.5757314974182444 0.44289568345323743 0.0068846815834767644 0.0044964028776978415
1 0.14113597246127366 0.45143884892086333 0.020654044750430294 0.02158273381294964
1 0.5262478485370051 0.44154676258992803 0.00774526678141136 0.00539568345323741
0 0.4410499139414802 0.44244604316546765 0.00774526678141136 0.007194244604316547
1 0.9926850258175559 0.44199640287769787 0.014629948364888123 0.008093525179856115
0 0.19535283993115318 0.44064748201438847 0.008605851979345954 0.00539568345323741
1 0.33390705679862304 0.447841726618705 0.020654044750430294 0.02158273381294964
1 0.6166092943201377 0.44064748201438847 0.00774526678141136 0.008992805755395683
1 0.6062822719449226 0.44109712230215825 0.00946643717728055 0.009892086330935251
0 0.5223752151462995 0.43615107913669066 0.008605851979345954 0.007194244604316547
1 0.6665232358003442 0.44244604316546765 0.021514629948364887 0.02158273381294964
0 0.7177280550774526 0.43390287769784175 0.008605851979345954 0.006294964028776978
0 0.6338209982788297 0.43390287769784175 0.00946643717728055 0.006294964028776978
0 0.14371772805507746 0.43435251798561153 0.008605851979345954 0.007194244604316547
1 0.995697074010327 0.4294064748201439 0.008605851979345954 0.009892086330935251
1 0.004733218588640275 0.427158273381295 0.00946643717728055 0.00539568345323741
1 0.2641996557659208 0.41052158273381295 0.008605851979345954 0.0044964028776978415
0 0.23709122203098107 0.41097122302158273 0.00774526678141136 0.00539568345323741
0 0.29001721170395867 0.4091726618705036 0.010327022375215147 0.00539568345323741
1 0.6678141135972461 0.40197841726618705 0.0068846815834767644 0.00539568345323741
1 0.7771084337349398 0.4006294964028777 0.008605851979345954 0.0044964028776978415
1 0.8592943201376936 0.3988309352517986 0.00774526678141136 0.0044964028776978415
0 0.39371772805507743 0.3970323741007194 0.00774526678141136 0.006294964028776978
0 0.33907056798623064 0.39748201438848924 0.0068846815834767644 0.007194244604316547
1 0.11833046471600689 0.39568345323741005 0.004302925989672977 0.008992805755395683
1 0.5946643717728055 0.391636690647482 0.008605851979345954 0.0044964028776978415
0 0.6428571428571429 0.3920863309352518 0.008605851979345954 0.007194244604316547
1 0.45008605851979344 0.3920863309352518 0.008605851979345954 0.008992805755395683
1 0.2809810671256454 0.3925359712230216 0.00774526678141136 0.009892086330935251
0 0.8136833046471601 0.38893884892086333 0.00774526678141136 0.008093525179856115
1 0.6097246127366609 0.38893884892086333 0.00774526678141136 0.009892086330935251
1 0.6028399311531841 0.38848920863309355 0.004302925989672977 0.008992805755395683
0 0.1351118760757315 0.38669064748201437 0.008605851979345954 0.007194244604316547
1 0.9027538726333907 0.385341726618705 0.0051635111876075735 0.008093525179856115
1 0.4401893287435456 0.38489208633093525 0.006024096385542169 0.007194244604316547
0 0.7857142857142857 0.3857913669064748 0.008605851979345954 0.01079136690647482
1 0.004302925989672977 0.37949640287769787 0.008605851979345954 0.00539568345323741
1 0.9961273666092944 0.37904676258992803 0.00774526678141136 0.006294964028776978
1 0.5542168674698795 0.3862410071942446 0.022375215146299483 0.022482014388489208
0 0.7155765920826161 0.3772482014388489 0.00946643717728055 0.009892086330935251
0 0.8580034423407917 0.37410071942446044 0.008605851979345954 0.008992805755395683
0 0.21729776247848537 0.37095323741007197 0.00774526678141136 0.006294964028776978
1 0.5124784853700516 0.37050359712230213 0.004302925989672977 0.008992805755395683
0 0.2289156626506024 0.36960431654676257 0.008605851979345954 0.008992805755395683
1 0.006454388984509466 0.3682553956834532 0.006024096385542169 0.009892086330935251
0 0.3334767641996558 0.3642086330935252 0.00774526678141136 0.007194244604316547
0 0.4246987951807229 0.36285971223021585 0.00774526678141136 0.006294964028776978
1 0.1153184165232358 0.36510791366906475 0.008605851979345954 0.01079136690647482
0 0.6660929432013769 0.35701438848920863 0.008605851979345954 0.00539568345323741
1 0.19535283993115318 0.3642086330935252 0.020654044750430294 0.02158273381294964
1 0.12693631669535285 0.3556654676258993 0.006024096385542169 0.0044964028776978415
1 0.7766781411359724 0.35701438848920863 0.004302925989672977 0.008992805755395683
1 0.004733218588640275 0.35611510791366907 0.00946643717728055 0.007194244604316547
1 0.6032702237521514 0.35656474820143885 0.0068846815834767644 0.013489208633093525
1 0.38812392426850256 0.3606115107913669 0.020654044750430294 0.02158273381294964
1 0.3463855421686747 0.352068345323741 0.00774526678141136 0.0044964028776978415
0 0.30120481927710846 0.35386690647482016 0.010327022375215147 0.008093525179856115
0 0.1523235800344234 0.3534172661870504 0.008605851979345954 0.007194244604316547
1 0.49698795180722893 0.358363309352518 0.021514629948364887 0.02068345323741007
1 0.7835628227194492 0.3516187050359712 0.00774526678141136 0.01079136690647482
1 0.7061101549053356 0.34577338129496404 0.00774526678141136 0.0044964028776978415
0 0.7990533562822719 0.3462230215827338 0.00774526678141136 0.008992805755395683
1 0.8635972461273667 0.3516187050359712 0.02323580034423408 0.02158273381294964
1 0.898881239242685 0.3430755395683453 0.00774526678141136 0.006294964028776978
1 0.45051635111876076 0.33318345323741005 0.004302925989672977 0.008093525179856115
1 0.2822719449225473 0.3327338129496403 0.0068846815834767644 0.012589928057553957
1 0.14027538726333907 0.33678057553956836 0.022375215146299483 0.02068345323741007
1 0.6153184165232358 0.3295863309352518 0.0051635111876075735 0.008093525179856115
1 0.601118760757315 0.329136690647482 0.004302925989672977 0.008992805755395683
1 0.9939759036144579 0.3268884892086331 0.012048192771084338 0.006294964028776978
1 0.7740963855421686 0.32598920863309355 0.00774526678141136 0.009892086330935251
1 0.387263339070568 0.3318345323741007 0.020654044750430294 0.02158273381294964
0 0.560671256454389 0.3232913669064748 0.006024096385542169 0.008093525179856115
1 0.9926850258175559 0.32014388489208634 0.00774526678141136 0.00539568345323741
0 0.2134251290877797 0.3205935251798561 0.008605851979345954 0.008093525179856115
1 0.0051635111876075735 0.31564748201438847 0.010327022375215147 0.00539568345323741
1 0.8343373493975904 0.322841726618705 0.021514629948364887 0.02158273381294964
0 0.8562822719449226 0.31564748201438847 0.008605851979345954 0.008992805755395683
0 0.20008605851979347 0.3142985611510791 0.00774526678141136 0.006294964028776978
1 0.11617900172117039 0.31339928057553956 0.008605851979345954 0.0044964028776978415
1 0.6058519793459552 0.3129496402877698 0.0068846815834767644 0.00539568345323741
1 0.975473321858864 0.30890287769784175 0.004302925989672977 0.008093525179856115
1 0.4044750430292599 0.30710431654676257 0.008605851979345954 0.0044964028776978415
1 0.018502581755593803 0.30890287769784175 0.00774526678141136 0.009892086330935251
1 0.1157487091222031 0.302158273381295 0.00946643717728055 0.00539568345323741
1 0.7422547332185886 0.29991007194244607 0.00774526678141136 0.0044964028776978415
1 0.2740963855421687 0.302158273381295 0.004302925989672977 0.008992805755395683
1 0.16824440619621342 0.30755395683453235 0.021514629948364887 0.02158273381294964
0 0.8132530120481928 0.29991007194244607 0.0051635111876075735 0.008093525179856115
1 0.017641996557659207 0.29856115107913667 0.00774526678141136 0.00539568345323741
1 0.43717728055077454 0.29991007194244607 0.008605851979345954 0.011690647482014389
1 0.35972461273666095 0.3039568345323741 0.020654044750430294 0.02158273381294964
1 0.7831325301204819 0.29676258992805754 0.010327022375215147 0.01079136690647482
1 0.4965576592082616 0.30080935251798563 0.020654044750430294 0.02068345323741007
1 0.020223752151462996 0.29136690647482016 0.004302925989672977 0.007194244604316547
0 0.8950086058519794 0.29136690647482016 0.0051635111876075735 0.008992805755395683
0 0.096815834767642 0.29001798561151076 0.00774526678141136 0.006294964028776978
1 0.6635111876075731 0.2972122302158273 0.022375215146299483 0.022482014388489208
1 0.008605851979345954 0.2873201438848921 0.008605851979345954 0.006294964028776978
1 0.862736660929432 0.2931654676258993 0.021514629948364887 0.02158273381294964
1 0.018502581755593803 0.2823741007194245 0.006024096385542169 0.008992805755395683
1 0.44793459552495696 0.2751798561151079 0.004302925989672977 0.007194244604316547
1 0.018502581755593803 0.2733812949640288 0.006024096385542169 0.00539568345323741
0 0.7263339070567987 0.2738309352517986 0.008605851979345954 0.008093525179856115
1 0.13941480206540446 0.27922661870503596 0.020654044750430294 0.02068345323741007
1 0.35929432013769363 0.2751798561151079 0.021514629948364887 0.02158273381294964
1 0.3459552495697074 0.2643884892086331 0.008605851979345954 0.00539568345323741
1 0.17728055077452667 0.2652877697841727 0.0051635111876075735 0.008992805755395683
0 0.31368330464716004 0.26348920863309355 0.006024096385542169 0.008992805755395683
1 0.8623063683304647 0.260341726618705 0.008605851979345954 0.0044964028776978415
1 0.6622203098106713 0.26843525179856115 0.021514629948364887 0.022482014388489208
0 0.648881239242685 0.25764388489208634 0.010327022375215147 0.006294964028776978
1 0.7035283993115319 0.2558453237410072 0.006024096385542169 0.006294964028776978
0 0.1949225473321859 0.2558453237410072 0.011187607573149742 0.006294964028776978
1 0.8334767641996558 0.26348920863309355 0.021514629948364887 0.023381294964028777
1 0.7882960413080895 0.25449640287769787 0.010327022375215147 0.00539568345323741
1 0.17685025817555938 0.25539568345323743 0.004302925989672977 0.007194244604316547
0 0.1364027538726334 0.25539568345323743 0.006024096385542169 0.008992805755395683
0 0.30206540447504304 0.2517985611510791 0.0051635111876075735 0.01079136690647482
1 0.5240963855421686 0.24910071942446044 0.010327022375215147 0.007194244604316547
0 0.35800344234079173 0.2504496402877698 0.0068846815834767644 0.009892086330935251
1 0.020654044750430294 0.25 0.0051635111876075735 0.008992805755395683
1 0.6888984509466437 0.2446043165467626 0.006024096385542169 0.007194244604316547
1 0.6385542168674698 0.24550359712230216 0.0051635111876075735 0.008992805755395683
1 0.6316695352839932 0.24550359712230216 0.0051635111876075735 0.008992805755395683
1 0.8631669535283993 0.24100719424460432 0.010327022375215147 0.007194244604316547
0 0.47117039586919107 0.24505395683453238 0.00774526678141136 0.015287769784172662
0 0.7207401032702238 0.23471223021582735 0.00774526678141136 0.007194244604316547
0 0.10025817555938038 0.2275179856115108 0.00946643717728055 0.00539568345323741
1 0.387263339070568 0.22302158273381295 0.0068846815834767644 0.00539568345323741
0 0.34036144578313254 0.22302158273381295 0.00774526678141136 0.00539568345323741
0 0.43459552495697074 0.22077338129496402 0.010327022375215147 0.006294964028776978
1 0.14199655765920827 0.21267985611510792 0.0068846815834767644 0.006294964028776978
0 0.8493975903614458 0.210431654676259 0.008605851979345954 0.00539568345323741
1 0.286144578313253 0.210431654676259 0.004302925989672977 0.008992805755395683
1 0.4978485370051635 0.20908273381294964 0.006024096385542169 0.008093525179856115
1 0.32358003442340794 0.20953237410071943 0.0051635111876075735 0.008992805755395683
1 0.48623063683304646 0.20548561151079137 0.0051635111876075735 0.006294964028776978
1 0.3876936316695353 0.20593525179856115 0.00774526678141136 0.008992805755395683
0 0.16437177280550774 0.20548561151079137 0.0068846815834767644 0.009892086330935251
1 0.6566265060240963 0.2018884892086331 0.012048192771084338 0.006294964028776978
1 0.7099827882960413 0.19874100719424462 0.008605851979345954 0.008992805755395683
1 0.8080895008605852 0.19649280575539568 0.0051635111876075735 0.009892086330935251
1 0.8321858864027539 0.19514388489208634 0.0068846815834767644 0.01079136690647482
1 0.6802925989672978 0.1928956834532374 0.00774526678141136 0.008093525179856115
1 0.8687607573149742 0.19154676258992806 0.00774526678141136 0.014388489208633094
0 0.8476764199655766 0.19019784172661872 0.008605851979345954 0.011690647482014389
0 0.6721170395869192 0.17535971223021582 0.0068846815834767644 0.007194244604316547
1 0.013769363166953529 0.16996402877697842 0.0051635111876075735 0.007194244604316547
1 0.12177280550774526 0.16546762589928057 0.006024096385542169 0.00539568345323741
1 0.5778829604130808 0.16411870503597123 0.00774526678141136 0.0044964028776978415
1 0.1501721170395869 0.16366906474820145 0.011187607573149742 0.008992805755395683
1 0.3261617900172117 0.16052158273381295 0.0068846815834767644 0.0044964028776978415
1 0.9858003442340791 0.16052158273381295 0.00946643717728055 0.006294964028776978
1 0.995697074010327 0.1560251798561151 0.008605851979345954 0.006294964028776978
1 0.520223752151463 0.15377697841726617 0.004302925989672977 0.008992805755395683
1 0.2534423407917384 0.15017985611510792 0.00774526678141136 0.00539568345323741
1 0.14414802065404475 0.15242805755395683 0.006024096385542169 0.009892086330935251
1 0.1566265060240964 0.14883093525179855 0.0068846815834767644 0.006294964028776978
0 0.9685886402753873 0.147931654676259 0.00774526678141136 0.008093525179856115
1 0.407487091222031 0.14613309352517986 0.00774526678141136 0.0044964028776978415
0 0.9337349397590361 0.1443345323741007 0.008605851979345954 0.0044964028776978415
0 0.995697074010327 0.1452338129496403 0.0051635111876075735 0.008093525179856115
0 0.685025817555938 0.1389388489208633 0.010327022375215147 0.009892086330935251
1 0.14500860585197933 0.13758992805755396 0.006024096385542169 0.008992805755395683
1 0.6686746987951807 0.13534172661870503 0.0068846815834767644 0.008093525179856115
1 0.2104130808950086 0.13444244604316546 0.00946643717728055 0.006294964028776978
1 0.23580034423407917 0.13399280575539568 0.013769363166953529 0.007194244604316547
1 0.306368330464716 0.13219424460431656 0.0068846815834767644 0.00539568345323741
0 0.9677280550774526 0.13174460431654678 0.00774526678141136 0.006294964028776978
1 0.1381239242685026 0.1335431654676259 0.006024096385542169 0.009892086330935251
1 0.18029259896729777 0.12949640287769784 0.00774526678141136 0.007194244604316547
0 0.12736660929432014 0.13174460431654678 0.008605851979345954 0.011690647482014389
1 0.6940619621342513 0.12859712230215828 0.006024096385542169 0.007194244604316547
1 0.7779690189328744 0.12679856115107913 0.013769363166953529 0.007194244604316547
1 0.8192771084337349 0.13084532374100719 0.013769363166953529 0.0170863309352518
1 0.8016351118760757 0.12544964028776978 0.00774526678141136 0.006294964028776978
0 0.20180722891566266 0.12679856115107913 0.006024096385542169 0.01079136690647482
0 0.382960413080895 0.12185251798561152 0.0051635111876075735 0.009892086330935251
1 0.14586919104991394 0.12005395683453238 0.006024096385542169 0.011690647482014389
1 0.9862306368330465 0.11330935251798561 0.013769363166953529 0.008992805755395683
1 0.1901893287435456 0.11330935251798561 0.0051635111876075735 0.008992805755395683
1 0.14113597246127366 0.11330935251798561 0.0068846815834767644 0.008992805755395683
0 0.6781411359724613 0.11196043165467626 0.0068846815834767644 0.008093525179856115
0 0.7198795180722891 0.1110611510791367 0.006024096385542169 0.009892086330935251
1 0.35714285714285715 0.10836330935251799 0.0068846815834767644 0.008093525179856115
1 0.39328743545611017 0.1079136690647482 0.0068846815834767644 0.008992805755395683
0 0.31153184165232356 0.1079136690647482 0.0051635111876075735 0.008992805755395683
1 0.25301204819277107 0.10611510791366907 0.0068846815834767644 0.00539568345323741
1 0.4475043029259897 0.10656474820143885 0.0068846815834767644 0.008093525179856115
1 0.14414802065404475 0.1052158273381295 0.00946643717728055 0.00539568345323741
1 0.004733218588640275 0.10161870503597123 0.00946643717728055 0.007194244604316547
1 0.16695352839931152 0.09937050359712231 0.0068846815834767644 0.0044964028776978415
1 0.22117039586919104 0.09847122302158273 0.008605851979345954 0.0044964028776978415
1 0.9896729776247849 0.09622302158273381 0.010327022375215147 0.00539568345323741
0 0.3769363166953528 0.08723021582733813 0.0068846815834767644 0.007194244604316547
1 0.13769363166953527 0.08588129496402877 0.0068846815834767644 0.0044964028776978415
1 0.8631669535283993 0.08588129496402877 0.008605851979345954 0.006294964028776978
1 0.4784853700516351 0.08363309352517985 0.008605851979345954 0.00539568345323741
1 0.49569707401032703 0.0822841726618705 0.008605851979345954 0.0044964028776978415
1 0.07487091222030981 0.08183453237410072 0.0051635111876075735 0.008992805755395683
0 0.7353700516351118 0.07419064748201439 0.00774526678141136 0.008093525179856115
0 0.8188468158347676 0.07059352517985612 0.00774526678141136 0.008093525179856115
1 0.20955249569707401 0.06969424460431654 0.00774526678141136 0.008093525179856115
1 0.842512908777969 0.06609712230215828 0.0068846815834767644 0.0044964028776978415
0 0.4057659208261618 0.06699640287769784 0.00774526678141136 0.006294964028776978
0 0.005593803786574871 0.06744604316546762 0.011187607573149742 0.007194244604316547
1 0.26247848537005164 0.06070143884892086 0.0068846815834767644 0.0044964028776978415
1 0.31970740103270223 0.0598021582733813 0.00774526678141136 0.0044964028776978415
1 0.4272805507745267 0.05665467625899281 0.00946643717728055 0.00539568345323741
1 0.49139414802065406 0.05485611510791367 0.0068846815834767644 0.00539568345323741
0 0.6790017211703959 0.044064748201438846 0.0051635111876075735 0.008992805755395683
1 0.1962134251290878 0.042715827338129495 0.0068846815834767644 0.008093525179856115
1 0.9948364888123924 0.04091726618705036 0.0068846815834767644 0.006294964028776978
0 0.826592082616179 0.03821942446043165 0.00774526678141136 0.006294964028776978
0 0.9939759036144579 0.03102517985611511 0.010327022375215147 0.006294964028776978
1 0.3089500860585198 0.029676258992805755 0.0068846815834767644 0.00539568345323741
1 0.08218588640275387 0.03012589928057554 0.00774526678141136 0.008093525179856115
1 0.10929432013769363 0.028327338129496404 0.0068846815834767644 0.006294964028776978
1 0.8356282271944923 0.02697841726618705 0.008605851979345954 0.00539568345323741
0 0.6260757314974182 0.02922661870503597 0.006024096385542169 0.009892086330935251
0 0.5778829604130808 0.027428057553956834 0.00774526678141136 0.006294964028776978
1 0.3003442340791738 0.02922661870503597 0.0051635111876075735 0.009892086330935251
0 0.6914802065404475 0.025179856115107913 0.00774526678141136 0.00539568345323741
1 0.995697074010327 0.022931654676258992 0.008605851979345954 0.0044964028776978415
1 0.005593803786574871 0.022482014388489208 0.011187607573149742 0.007194244604316547
1 0.24354561101549052 0.022032374100719423 0.012048192771084338 0.008093525179856115
0 0.09853700516351119 0.01753597122302158 0.011187607573149742 0.006294964028776978
1 0.0051635111876075735 0.0170863309352518 0.010327022375215147 0.00539568345323741
0 0.3304647160068847 0.013489208633093525 0.008605851979345954 0.00539568345323741
1 0.6897590361445783 0.012589928057553957 0.00774526678141136 0.00539568345323741
0 0.7035283993115319 0.012589928057553957 0.00774526678141136 0.007194244604316547
0 0.5778829604130808 0.013489208633093525 0.00774526678141136 0.012589928057553957
1 0.9913941480206541 0.006744604316546762 0.008605851979345954 0.0044964028776978415
0 0.7809810671256454 0.006744604316546762 0.011187607573149742 0.006294964028776978
1 0.6635111876075731 0.0040467625899280575 0.008605851979345954 0.0044964028776978415
1 0.18373493975903615 0.0040467625899280575 0.004302925989672977 0.008093525179856115