1 0.5610534716679968 0.9973262032085561 0.006384676775738229 0.0053475935828877
1 0.30367118914604946 0.9964349376114082 0.008778930566640064 0.0053475935828877
0 0.1879489225857941 0.9964349376114082 0.008778930566640064 0.0053475935828877
1 0.5418994413407822 0.9950980392156863 0.007980845969672785 0.004456327985739751
1 0.533120510774142 0.9942067736185384 0.007980845969672785 0.004456327985739751
0 0.7932960893854749 0.9950980392156863 0.006384676775738229 0.008021390374331552
1 0.6887470071827614 0.9933155080213903 0.007980845969672785 0.004456327985739751
1 0.9229848363926576 0.9942067736185384 0.00558659217877095 0.008021390374331552
1 0.4046288906624102 0.9919786096256684 0.006384676775738229 0.0035650623885918
1 0.6775738228252195 0.9919786096256684 0.007980845969672785 0.0053475935828877
1 0.020750199521149242 0.9915329768270945 0.007980845969672785 0.004456327985739751
0 0.9401436552274541 0.9906417112299465 0.007980845969672785 0.006238859180035651
1 0.42019154030327216 0.9884135472370766 0.008778930566640064 0.0053475935828877
1 0.05546687948922586 0.9888591800356507 0.010375099760574621 0.006238859180035651
0 0.48204309656823624 0.9866310160427807 0.007980845969672785 0.0053475935828877
0 0.2286512370311253 0.9888591800356507 0.00558659217877095 0.00980392156862745
1 0.9964086193136472 0.9857397504456328 0.007182761372705506 0.0053475935828877
1 0.7980845969672785 0.9844028520499108 0.007980845969672785 0.004456327985739751
0 0.7781324820430966 0.9857397504456328 0.006384676775738229 0.0071301247771836
1 0.461292897047087 0.983957219251337 0.006384676775738229 0.0071301247771836
1 0.9062250598563448 0.9830659536541889 0.00558659217877095 0.0071301247771836
0 0.8136472466081405 0.982620320855615 0.008778930566640064 0.006238859180035651
1 0.06464485235434957 0.982620320855615 0.009577015163607342 0.006238859180035651
1 0.47406225059856344 0.981729055258467 0.006384676775738229 0.006238859180035651
1 0.9604948124501197 0.9808377896613191 0.008778930566640064 0.006238859180035651
1 0.6683958499600958 0.9803921568627451 0.008778930566640064 0.0053475935828877
1 0.0039904229848363925 0.9812834224598931 0.007980845969672785 0.0071301247771836
0 0.8332003192338387 0.982174688057041 0.004788507581803671 0.0106951871657754
0 0.62170790103751 0.9777183600713012 0.009577015163607342 0.0053475935828877
0 0.40582601755786113 0.9772727272727273 0.010375099760574621 0.006238859180035651
0 0.3942537909018356 0.9772727272727273 0.007980845969672785 0.006238859180035651
1 0.9736632083000798 0.9754901960784313 0.007980845969672785 0.004456327985739751
1 0.15522745411013567 0.9745989304812834 0.007182761372705506 0.004456327985739751
1 0.06943335993615324 0.9745989304812834 0.007980845969672785 0.004456327985739751
1 0.9389465283320032 0.9741532976827094 0.007182761372705506 0.0053475935828877
1 0.35913806863527536 0.9741532976827094 0.009577015163607342 0.0053475935828877
1 0.2386272944932163 0.9737076648841355 0.007980845969672785 0.004456327985739751
1 0.888268156424581 0.9732620320855615 0.007980845969672785 0.0053475935828877
0 0.87829209896249 0.9737076648841355 0.008778930566640064 0.006238859180035651
1 0.21308858739026337 0.9719251336898396 0.007980845969672785 0.004456327985739751
0 0.825219473264166 0.9728163992869875 0.009577015163607342 0.008021390374331552
1 0.7992817238627294 0.9710338680926917 0.0039904229848363925 0.008021390374331552
1 0.10534716679968077 0.9696969696969697 0.009577015163607342 0.0053475935828877
1 0.6061452513966481 0.9683600713012478 0.008778930566640064 0.006238859180035651
1 0.5063846767757382 0.9674688057040999 0.007182761372705506 0.004456327985739751
1 0.9964086193136472 0.9692513368983957 0.007182761372705506 0.00980392156862745
0 0.24820430965682364 0.964349376114082 0.0111731843575419 0.008912655971479501
0 0.16280925778132482 0.9630124777183601 0.009577015163607342 0.006238859180035651
1 0.5590582601755786 0.9612299465240641 0.007182761372705506 0.004456327985739751
1 0.013966480446927373 0.9616755793226381 0.0039904229848363925 0.008912655971479501
1 0.018355945730247406 0.9549910873440285 0.007980845969672785 0.004456327985739751
1 0.09177972865123703 0.946078431372549 0.006384676775738229 0.004456327985739751
1 0.028332003192338386 0.9385026737967914 0.007182761372705506 0.0053475935828877
0 0.0051875498802873106 0.9367201426024956 0.010375099760574621 0.008912655971479501
0 0.053471667996807665 0.9273618538324421 0.007980845969672785 0.008021390374331552
1 0.9960095770151636 0.9220142602495544 0.007980845969672785 0.004456327985739751
1 0.060654429369513166 0.9180035650623886 0.007980845969672785 0.0053475935828877
1 0.012769353551476457 0.9131016042780749 0.007980845969672785 0.004456327985739751
1 0.06584197924980048 0.9126559714795008 0.010375099760574621 0.0071301247771836
0 0.8774940143655228 0.9099821746880571 0.007182761372705506 0.008912655971479501
0 0.7589784517158819 0.9090909090909091 0.007980845969672785 0.0071301247771836
1 0.7936951316839586 0.9055258467023173 0.0039904229848363925 0.008912655971479501
0 0.5546687948922586 0.9001782531194296 0.006384676775738229 0.008912655971479501
1 0.9118116520351157 0.9064171122994652 0.019952114924181964 0.023172905525846704
1 0.1636073423782921 0.8975044563279857 0.007980845969672785 0.008912655971479501
1 0.9940143655227454 0.8961675579322638 0.0039904229848363925 0.008021390374331552
1 0.35195530726256985 0.89349376114082 0.007980845969672785 0.004456327985739751
1 0.1077414205905826 0.8921568627450981 0.007980845969672785 0.0053475935828877
1 0.12410215482841182 0.8908199643493762 0.007182761372705506 0.008021390374331552
1 0.6755786113328013 0.8975044563279857 0.019952114924181964 0.023172905525846704
1 0.4948124501197127 0.893048128342246 0.007980845969672785 0.0142602495543672
1 0.07501995211492418 0.8903743315508021 0.004788507581803671 0.008912655971479501
0 0.6037509976057462 0.8877005347593583 0.007182761372705506 0.0071301247771836
1 0.573024740622506 0.8952762923351159 0.020750199521149242 0.022281639928698752
0 0.9169992019154031 0.8850267379679144 0.007980845969672785 0.0071301247771836
1 0.19912210694333599 0.8859180035650623 0.007182761372705506 0.008912655971479501
0 0.8527533918595371 0.8823529411764706 0.007182761372705506 0.0071301247771836
0 0.7585794094173982 0.8796791443850267 0.007182761372705506 0.0071301247771836
1 0.37470071827613727 0.8868092691622104 0.018355945730247406 0.0213903743315508
0 0.8663208300079809 0.8778966131907309 0.00558659217877095 0.008912655971479501
1 0.8120510774142059 0.8770053475935828 0.007182761372705506 0.008912655971479501
1 0.3016759776536313 0.8836898395721925 0.019154030327214685 0.022281639928698752
0 0.2817238627294493 0.8774509803921569 0.007980845969672785 0.00980392156862745
1 0.06105347166799681 0.875222816399287 0.00558659217877095 0.0053475935828877
0 0.6807661612130886 0.8761140819964349 0.009577015163607342 0.008912655971479501
1 0.1149241819632881 0.8738859180035651 0.007980845969672785 0.004456327985739751
0 0.6041500399042299 0.8743315508021391 0.007980845969672785 0.0071301247771836
0 0.5534716679968077 0.8734402852049911 0.007182761372705506 0.0071301247771836
1 0.010375099760574621 0.8721033868092691 0.007980845969672785 0.004456327985739751
1 0.6556264964086194 0.8721033868092691 0.008778930566640064 0.00980392156862745
1 0.810853950518755 0.8685383244206774 0.007980845969672785 0.004456327985739751
1 0.7992817238627294 0.8707664884135472 0.0039904229848363925 0.008912655971479501
1 0.6452513966480447 0.8712121212121212 0.00558659217877095 0.00980392156862745
1 0.8842777334397446 0.8756684491978609 0.020750199521149242 0.022281639928698752
0 0.37869114126097364 0.8676470588235294 0.007182761372705506 0.006238859180035651
0 0.41899441340782123 0.8680926916221033 0.007980845969672785 0.008912655971479501
1 0.7270550678371908 0.8707664884135472 0.019154030327214685 0.0213903743315508
1 0.34317637669592976 0.8649732620320856 0.006384676775738229 0.00980392156862745
1 0.0039904229848363925 0.8636363636363636 0.007980845969672785 0.0071301247771836
0 0.23343974461292896 0.8622994652406417 0.007182761372705506 0.006238859180035651
0 0.22306464485235436 0.8614081996434938 0.007182761372705506 0.008021390374331552
1 0.5734237829209896 0.8663101604278075 0.019952114924181964 0.0213903743315508
0 0.5538707102952913 0.8591800356506238 0.006384676775738229 0.008912655971479501
0 0.5283320031923384 0.856951871657754 0.006384676775738229 0.006238859180035651
0 0.9050279329608939 0.8538324420677362 0.007980845969672785 0.0071301247771836
1 0.05506783719074222 0.8529411764705882 0.007980845969672785 0.0053475935828877
1 0.11252992817238627 0.8498217468805704 0.004788507581803671 0.006238859180035651
1 0.300877893056664 0.85650623885918 0.019154030327214685 0.0213903743315508
0 0.6695929768555466 0.8480392156862745 0.007980845969672785 0.008021390374331552
1 0.8016759776536313 0.8475935828877005 0.007182761372705506 0.008912655971479501
1 0.060654429369513166 0.8462566844919787 0.0111731843575419 0.006238859180035651
1 0.47845171588188345 0.8444741532976827 0.007182761372705506 0.004456327985739751
0 0.6045490822027135 0.8449197860962567 0.007182761372705506 0.0071301247771836
0 0.5782122905027933 0.8449197860962567 0.007182761372705506 0.0071301247771836
1 0.8838786911412609 0.8458110516934046 0.019952114924181964 0.0213903743315508
0 0.8499600957701516 0.8400178253119429 0.007980845969672785 0.011586452762923352
1 0.05466879489225858 0.8377896613190731 0.010375099760574621 0.0071301247771836
0 0.6460494812450119 0.839572192513369 0.007182761372705506 0.0142602495543672
0 0.9772545889864326 0.8346702317290553 0.007182761372705506 0.006238859180035651
1 0.7007182761372706 0.8413547237076648 0.019154030327214685 0.0213903743315508
1 0.0710295291300878 0.8315508021390374 0.004788507581803671 0.0071301247771836
0 0.5666400638467678 0.8315508021390374 0.006384676775738229 0.008912655971479501
1 0.3986432561851556 0.8324420677361853 0.018355945730247406 0.0213903743315508
1 0.8623304070231445 0.8239750445632799 0.007182761372705506 0.006238859180035651
0 0.4197924980047885 0.8248663101604278 0.0111731843575419 0.008021390374331552
0 0.9030327214684757 0.8235294117647058 0.007182761372705506 0.008912655971479501
0 0.8343974461292897 0.8221925133689839 0.011971268954509178 0.00980392156862745
1 0.25219473264166004 0.8275401069518716 0.017557861133280128 0.020499108734402853
0 0.23304070231444532 0.8199643493761141 0.007980845969672785 0.0071301247771836
1 0.5798084596967279 0.8150623885918004 0.00558659217877095 0.008021390374331552
0 0.810853950518755 0.8159536541889483 0.007980845969672785 0.015151515151515152
1 0.4940143655227454 0.8132798573975044 0.007980845969672785 0.00980392156862745
0 0.4022346368715084 0.8123885918003565 0.009577015163607342 0.008021390374331552
0 0.4273743016759777 0.8123885918003565 0.010375099760574621 0.00980392156862745
1 0.04389465283320032 0.8092691622103387 0.007980845969672785 0.0053475935828877
1 0.88268156424581 0.8172905525846702 0.0223463687150838 0.023172905525846704
0 0.2797286512370311 0.8092691622103387 0.008778930566640064 0.0071301247771836
0 0.8631284916201117 0.8092691622103387 0.007182761372705506 0.008912655971479501
0 0.8248204309656824 0.8079322638146168 0.007182761372705506 0.006238859180035651
1 0.767757382282522 0.8070409982174688 0.006384676775738229 0.004456327985739751
1 0.7517956903431764 0.8141711229946524 0.020750199521149242 0.022281639928698752
0 0.6456504389465283 0.8101604278074866 0.007980845969672785 0.0142602495543672
0 0.7298483639265763 0.8043672014260249 0.007182761372705506 0.006238859180035651
0 0.6053471667996808 0.8070409982174688 0.007182761372705506 0.013368983957219251
1 0.547486033519553 0.8083778966131907 0.019154030327214685 0.0213903743315508
0 0.42857142857142855 0.7994652406417112 0.006384676775738229 0.008912655971479501
1 0.3731045490822027 0.803030303030303 0.018355945730247406 0.0213903743315508
0 0.9169992019154031 0.7950089126559715 0.007980845969672785 0.008912655971479501
1 0.20869912210694333 0.7950089126559715 0.00558659217877095 0.008912655971479501
1 0.09257781324820431 0.7927807486631016 0.007980845969672785 0.004456327985739751
1 0.994413407821229 0.7932263814616756 0.004788507581803671 0.0071301247771836
1 0.22785315243415802 0.7994652406417112 0.018355945730247406 0.0213903743315508
0 0.8898643256185156 0.7923351158645277 0.009577015163607342 0.012477718360071301
1 0.8104549082202713 0.7896613190730838 0.008778930566640064 0.008912655971479501
1 0.8004788507581804 0.7901069518716578 0.007980845969672785 0.00980392156862745
0 0.5762170790103751 0.7887700534759359 0.0111731843575419 0.008912655971479501
0 0.6033519553072626 0.7878787878787878 0.007980845969672785 0.008912655971479501
0 0.4521149241819633 0.786096256684492 0.007182761372705506 0.0071301247771836
0 0.4421388667198723 0.785650623885918 0.007980845969672785 0.008021390374331552
1 0.8004788507581804 0.7843137254901961 0.007980845969672785 0.008912655971479501
1 0.809656823623304 0.7843137254901961 0.008778930566640064 0.0106951871657754
1 0.6536312849162011 0.7843137254901961 0.007980845969672785 0.0106951871657754
0 0.4034317637669593 0.7825311942959001 0.008778930566640064 0.008912655971479501
1 0.5011971268954509 0.7807486631016043 0.004788507581803671 0.008912655971479501
1 0.3507581803671189 0.7807486631016043 0.008778930566640064 0.008912655971479501
1 0.8316041500399042 0.7865418894830659 0.023942537909018357 0.022281639928698752
0 0.644852354349561 0.7820855614973262 0.007980845969672785 0.015151515151515152
1 0.7262569832402235 0.7843137254901961 0.020750199521149242 0.0213903743315508
0 0.5909816440542698 0.7762923351158645 0.00558659217877095 0.0071301247771836
1 0.34916201117318435 0.7758467023172906 0.00558659217877095 0.008021390374331552
1 0.34197924980047884 0.7762923351158645 0.00558659217877095 0.008912655971479501
1 0.5470869912210694 0.7803030303030303 0.018355945730247406 0.020499108734402853
0 0.441340782122905 0.7713903743315508 0.007980845969672785 0.008021390374331552
1 0.42258579409417396 0.7771836007130125 0.018355945730247406 0.0213903743315508
1 0.25857940941739826 0.7687165775401069 0.004788507581803671 0.008021390374331552
1 0.2753391859537111 0.7731729055258467 0.017557861133280128 0.020499108734402853
1 0.8695131683958499 0.7647058823529411 0.007182761372705506 0.0053475935828877
0 0.22346368715083798 0.7638146167557932 0.007980845969672785 0.0071301247771836
0 0.7996807661612131 0.7602495543672014 0.006384676775738229 0.0071301247771836
1 0.5614525139664804 0.7571301247771836 0.007182761372705506 0.004456327985739751
1 0.7829209896249002 0.7584670231729055 0.004788507581803671 0.008912655971479501
1 0.05107741420590583 0.7566844919786097 0.007980845969672785 0.0053475935828877
1 0.729050279329609 0.7575757575757576 0.007182761372705506 0.008912655971479501
1 0.6979249800478851 0.7544563279857398 0.008778930566640064 0.013368983957219251
0 0.061452513966480445 0.7508912655971479 0.007980845969672785 0.008021390374331552
1 0.044293695131683956 0.7486631016042781 0.007182761372705506 0.0053475935828877
1 0.052673583399840386 0.7486631016042781 0.006384676775738229 0.0071301247771836
0 0.7932960893854749 0.7486631016042781 0.007980845969672785 0.012477718360071301
0 0.5754189944134078 0.7442067736185384 0.009577015163607342 0.0053475935828877
1 0.08140462889066241 0.7384135472370766 0.007980845969672785 0.004456327985739751
1 0.06943335993615324 0.7357397504456328 0.007980845969672785 0.004456327985739751
0 0.9166001596169194 0.7370766488413547 0.007182761372705506 0.008912655971479501
0 0.25658419792498005 0.7366310160427807 0.00558659217877095 0.008021390374331552
0 0.7881085395051876 0.7348484848484849 0.007182761372705506 0.011586452762923352
1 0.8092577813248204 0.7303921568627451 0.007980845969672785 0.00980392156862745
1 0.06863527533918595 0.7286096256684492 0.0111731843575419 0.006238859180035651
0 0.6552274541101357 0.7268270944741533 0.004788507581803671 0.00980392156862745
1 0.6436552274541102 0.7263814616755794 0.00558659217877095 0.008912655971479501
1 0.003591380686352753 0.7241532976827094 0.007182761372705506 0.004456327985739751
0 0.9010375099760575 0.7263814616755794 0.006384676775738229 0.0106951871657754
0 0.5981644054269752 0.7250445632798574 0.007182761372705506 0.008021390374331552
0 0.22186751795690343 0.7237076648841355 0.007980845969672785 0.0071301247771836
1 0.809656823623304 0.7214795008912656 0.007182761372705506 0.004456327985739751
1 0.3407821229050279 0.7223707664884136 0.006384676775738229 0.00980392156862745
1 0.699122106943336 0.7263814616755794 0.019154030327214685 0.0213903743315508
0 0.4928172386272945 0.7188057040998217 0.007182761372705506 0.00980392156862745
1 0.5215482841181165 0.7237076648841355 0.019952114924181964 0.023172905525846704
0 0.07262569832402235 0.7152406417112299 0.009577015163607342 0.008021390374331552
1 0.42178770949720673 0.7210338680926917 0.018355945730247406 0.0213903743315508
0 0.3898643256185156 0.7152406417112299 0.007182761372705506 0.00980392156862745
1 0.6580207501995211 0.7107843137254902 0.007182761372705506 0.004456327985739751
1 0.2745411013567438 0.7179144385026738 0.017557861133280128 0.020499108734402853
1 0.009976057462090982 0.7103386809269162 0.00558659217877095 0.0053475935828877
0 0.2561851556264964 0.7107843137254902 0.007980845969672785 0.008021390374331552
1 0.10095770151636073 0.7076648841354723 0.007182761372705506 0.0053475935828877
0 0.6927374301675978 0.7036541889483066 0.007980845969672785 0.008021390374331552
1 0.06863527533918595 0.696969696969697 0.007980845969672785 0.0071301247771836
1 0.2214684756584198 0.6956327985739751 0.00558659217877095 0.006238859180035651
0 0.8750997605746209 0.6947415329768271 0.00558659217877095 0.008021390374331552
1 0.6524341580207502 0.696524064171123 0.008778930566640064 0.011586452762923352
0 0.6444533120510774 0.696969696969697 0.007182761372705506 0.0142602495543672
1 0.7509976057462091 0.6987522281639929 0.020750199521149242 0.0213903743315508
1 0.3399840383080607 0.6893939393939394 0.006384676775738229 0.00980392156862745
1 0.5199521149241819 0.6951871657754011 0.019952114924181964 0.023172905525846704
0 0.3790901835594573 0.6871657754010695 0.004788507581803671 0.008912655971479501
1 0.39584996009577017 0.6916221033868093 0.019154030327214685 0.0213903743315508
0 0.30446927374301674 0.6849376114081996 0.00558659217877095 0.008021390374331552
1 0.25059856344772546 0.6893939393939394 0.017557861133280128 0.020499108734402853
0 0.7178770949720671 0.6751336898395722 0.00558659217877095 0.008021390374331552
1 0.10015961691939346 0.6715686274509803 0.007182761372705506 0.004456327985739751
1 0.07781324820430965 0.6720142602495544 0.008778930566640064 0.0053475935828877
0 0.8735035913806863 0.6737967914438503 0.00558659217877095 0.0106951871657754
1 0.20510774142059057 0.6648841354723708 0.007980845969672785 0.008912655971479501
1 0.6532322426177175 0.6648841354723708 0.007182761372705506 0.0106951871657754
0 0.6444533120510774 0.6671122994652406 0.007182761372705506 0.015151515151515152
0 0.4920191540303272 0.6622103386809269 0.007182761372705506 0.008912655971479501
1 0.5957701516360734 0.6675579322638147 0.019952114924181964 0.0213903743315508
1 0.05107741420590583 0.660873440285205 0.006384676775738229 0.008021390374331552
1 0.3403830806065443 0.660873440285205 0.00558659217877095 0.00980392156862745
0 0.37869114126097364 0.6599821746880571 0.007182761372705506 0.011586452762923352
1 0.09616919393455706 0.6573083778966132 0.007182761372705506 0.006238859180035651
1 0.42019154030327216 0.6639928698752228 0.019952114924181964 0.0213903743315508
1 0.25059856344772546 0.6617647058823529 0.019154030327214685 0.020499108734402853
1 0.057063048683160415 0.6541889483065954 0.007182761372705506 0.0053475935828877
1 0.08898643256185156 0.6492869875222816 0.0039904229848363925 0.008021390374331552
1 0.8004788507581804 0.6448306595365418 0.006384676775738229 0.008021390374331552
1 0.025538707102952914 0.6439393939393939 0.007980845969672785 0.006238859180035651
1 0.003591380686352753 0.6412655971479501 0.007182761372705506 0.004456327985739751
0 0.40263367916999204 0.6417112299465241 0.007182761372705506 0.008912655971479501
1 0.7988826815642458 0.6394830659536542 0.007980845969672785 0.00980392156862745
1 0.05985634477254589 0.6372549019607843 0.006384676775738229 0.0053475935828877
0 0.6436552274541102 0.6390374331550802 0.007182761372705506 0.0142602495543672
1 0.8802873104549083 0.6421568627450981 0.0223463687150838 0.022281639928698752
1 0.08699122106943336 0.6305704099821747 0.007980845969672785 0.004456327985739751
1 0.5199521149241819 0.6372549019607843 0.018355945730247406 0.0213903743315508
1 0.4205905826017558 0.6359180035650623 0.017557861133280128 0.020499108734402853
1 0.10375099760574621 0.6283422459893048 0.007980845969672785 0.0053475935828877
1 0.27414205905826017 0.6341354723707665 0.018355945730247406 0.020499108734402853
1 0.786512370311253 0.6207664884135472 0.00558659217877095 0.004456327985739751
0 0.5247406225059856 0.6163101604278075 0.007182761372705506 0.006238859180035651
1 0.6424581005586593 0.6140819964349377 0.004788507581803671 0.008912655971479501
1 0.03750997605746209 0.6087344028520499 0.007980845969672785 0.0053475935828877
0 0.8735035913806863 0.6096256684491979 0.007182761372705506 0.0106951871657754
0 0.4912210694333599 0.6060606060606061 0.007182761372705506 0.008912655971479501
1 0.7238627294493216 0.6118538324420677 0.019154030327214685 0.022281639928698752
0 0.5877893056664006 0.6051693404634582 0.007182761372705506 0.0106951871657754
1 0.5698324022346368 0.6100713012477719 0.019154030327214685 0.022281639928698752
0 0.4249800478850758 0.5998217468805704 0.007182761372705506 0.0053475935828877
1 0.3950518754988029 0.606951871657754 0.019154030327214685 0.0213903743315508
1 0.24940143655227454 0.606951871657754 0.018355945730247406 0.0213903743315508
1 0.1077414205905826 0.5882352941176471 0.009577015163607342 0.0071301247771836
1 0.09736632083000799 0.5860071301247772 0.004788507581803671 0.006238859180035651
1 0.636073423782921 0.5753119429590018 0.007980845969672785 0.004456327985739751
1 0.08619313647246608 0.5610516934046346 0.007980845969672785 0.004456327985739751
0 0.8878691141260974 0.5610516934046346 0.00558659217877095 0.008021390374331552
1 0.06344772545889864 0.5588235294117647 0.008778930566640064 0.0053475935828877
1 0.05466879489225858 0.5583778966131907 0.007182761372705506 0.004456327985739751
0 0.5877893056664006 0.5588235294117647 0.00558659217877095 0.0071301247771836
1 0.01636073423782921 0.5570409982174688 0.007182761372705506 0.0053475935828877
1 0.004788507581803671 0.5570409982174688 0.009577015163607342 0.0053475935828877
0 0.40183559457302476 0.5570409982174688 0.007182761372705506 0.008912655971479501
1 0.4904229848363927 0.5525846702317291 0.007182761372705506 0.0053475935828877
1 0.08699122106943336 0.5525846702317291 0.006384676775738229 0.0053475935828877
0 0.6420590582601756 0.5548128342245989 0.007182761372705506 0.015151515151515152
0 0.8878691141260974 0.5490196078431373 0.007182761372705506 0.008912655971479501
0 0.8471667996807661 0.5490196078431373 0.007182761372705506 0.008912655971479501
1 0.8276137270550679 0.5557040998217468 0.0223463687150838 0.022281639928698752
0 0.03790901835594573 0.5481283422459893 0.007182761372705506 0.008912655971479501
0 0.7186751795690344 0.5459001782531194 0.010375099760574621 0.008021390374331552
1 0.6967278531524341 0.553030303030303 0.0223463687150838 0.022281639928698752
1 0.5183559457302475 0.551693404634581 0.018355945730247406 0.0213903743315508
0 0.5726256983240223 0.5432263814616756 0.008778930566640064 0.006238859180035651
1 0.44453312051077415 0.5508021390374331 0.020750199521149242 0.0213903743315508
1 0.2490023942537909 0.5508021390374331 0.017557861133280128 0.0213903743315508
1 0.017557861133280128 0.5329768270944741 0.009577015163607342 0.0053475935828877
1 0.7713487629688747 0.5316399286987522 0.007182761372705506 0.004456327985739751
1 0.3391859537110934 0.5307486631016043 0.007980845969672785 0.004456327985739751
1 0.6241021548284118 0.5298573975044564 0.007980845969672785 0.004456327985739751
0 0.5642458100558659 0.5316399286987522 0.009577015163607342 0.008021390374331552
1 0.1951316839584996 0.5298573975044564 0.007182761372705506 0.004456327985739751
0 0.3280127693535515 0.5294117647058824 0.009577015163607342 0.0053475935828877
0 0.46209098164405427 0.5289661319073083 0.0111731843575419 0.006238859180035651
1 0.9928172386272945 0.5267379679144385 0.007980845969672785 0.0071301247771836
1 0.6436552274541102 0.5276292335115864 0.0039904229848363925 0.008912655971479501
1 0.07701516360734238 0.5240641711229946 0.007182761372705506 0.0053475935828877
1 0.6392657621707901 0.5258467023172906 0.006384676775738229 0.0142602495543672
1 0.20271348762968874 0.5218360071301248 0.004788507581803671 0.008021390374331552
0 0.4896249002394254 0.5227272727272727 0.008778930566640064 0.011586452762923352
1 0.5 0.5213903743315508 0.008778930566640064 0.0106951871657754
1 0.8543495610534717 0.5262923351158645 0.019952114924181964 0.022281639928698752
0 0.9030327214684757 0.517379679144385 0.007182761372705506 0.006238859180035651
1 0.7226656025538707 0.5249554367201426 0.019952114924181964 0.0213903743315508
0 0.5869912210694334 0.518270944741533 0.00558659217877095 0.008021390374331552
0 0.7450119712689545 0.5169340463458111 0.010375099760574621 0.0071301247771836
1 0.5430965682362331 0.5236185383244206 0.018355945730247406 0.020499108734402853
1 0.29728651237031123 0.5236185383244206 0.018355945730247406 0.020499108734402853
1 0.10295291300877893 0.5151515151515151 0.009577015163607342 0.0053475935828877
1 0.09257781324820431 0.5151515151515151 0.004788507581803671 0.0071301247771836
0 0.5977653631284916 0.5151515151515151 0.007980845969672785 0.008912655971479501
1 0.21428571428571427 0.5093582887700535 0.00558659217877095 0.008021390374331552
0 0.7174780526735834 0.5049019607843137 0.009577015163607342 0.008021390374331552
0 0.441340782122905 0.5035650623885918 0.0111731843575419 0.0071301247771836
0 0.2533918595371109 0.5031194295900179 0.007182761372705506 0.006238859180035651
1 0.10295291300877893 0.5026737967914439 0.009577015163607342 0.0053475935828877
0 0.9006384676775738 0.5040106951871658 0.008778930566640064 0.00980392156862745
0 0.8866719872306464 0.5040106951871658 0.007980845969672785 0.00980392156862745
1 0.007980845969672785 0.5022281639928698 0.006384676775738229 0.006238859180035651
1 0.03790901835594573 0.5022281639928698 0.00558659217877095 0.00980392156862745
0 0.5738228252194733 0.5013368983957219 0.007980845969672785 0.00980392156862745
1 0.8076616121308858 0.500445632798574 0.007980845969672785 0.00980392156862745
1 0.6376695929768555 0.5 0.004788507581803671 0.008912655971479501
1 0.7988826815642458 0.49955436720142604 0.006384676775738229 0.011586452762923352
1 0.008379888268156424 0.4942067736185383 0.007182761372705506 0.004456327985739751
1 0.9904229848363927 0.4942067736185383 0.004788507581803671 0.008021390374331552
1 0.3479648842777334 0.4968805704099822 0.007980845969672785 0.013368983957219251
1 0.09098164405426976 0.49242424242424243 0.006384676775738229 0.004456327985739751
0 0.06664006384676775 0.4910873440285205 0.010375099760574621 0.0071301247771836
1 0.8264166001596169 0.4982174688057041 0.02154828411811652 0.023172905525846704
0 0.8854748603351955 0.4893048128342246 0.007182761372705506 0.0071301247771836
0 0.7509976057462091 0.4888591800356506 0.0111731843575419 0.006238859180035651
1 0.669193934557063 0.4964349376114082 0.019952114924181964 0.0213903743315508
1 0.2725458898643256 0.4959893048128342 0.018355945730247406 0.020499108734402853
1 0.5430965682362331 0.49554367201426025 0.019952114924181964 0.0213903743315508
1 0.39465283320031924 0.4950980392156863 0.018355945730247406 0.020499108734402853
0 0.29329608938547486 0.4893048128342246 0.011971268954509178 0.008912655971479501
1 0.5806065442936952 0.4852941176470588 0.007182761372705506 0.004456327985739751
1 0.7905027932960894 0.483065953654189 0.00558659217877095 0.008912655971479501
1 0.6811652035115723 0.48172905525846704 0.007182761372705506 0.00980392156862745
1 0.024341580207501996 0.4763814616755793 0.00558659217877095 0.004456327985739751
0 0.74341580207502 0.4768270944741533 0.008778930566640064 0.0071301247771836
1 0.36512370311252995 0.47593582887700536 0.007182761372705506 0.0053475935828877
0 0.22825219473264166 0.4768270944741533 0.007980845969672785 0.0071301247771836
1 0.05027932960893855 0.47593582887700536 0.007980845969672785 0.0053475935828877
0 0.2773343974461293 0.47549019607843135 0.007182761372705506 0.006238859180035651
1 0.0039904229848363925 0.47593582887700536 0.007980845969672785 0.0071301247771836
0 0.6640063846767758 0.47549019607843135 0.007980845969672785 0.008021390374331552
0 0.26616121308858737 0.4732620320855615 0.00558659217877095 0.0071301247771836
1 0.6927374301675978 0.4696969696969697 0.006384676775738229 0.0053475935828877
1 0.5239425379090183 0.47281639928698754 0.008778930566640064 0.011586452762923352
1 0.10853950518754989 0.4674688057040998 0.004788507581803671 0.008021390374331552
0 0.8076616121308858 0.4692513368983957 0.007980845969672785 0.015151515151515152
0 0.6500399042298484 0.46880570409982175 0.007182761372705506 0.0142602495543672
1 0.48922585794094176 0.46702317290552586 0.007980845969672785 0.0106951871657754
0 0.20470869912210693 0.4692513368983957 0.007182761372705506 0.015151515151515152
1 0.6392657621707901 0.46568627450980393 0.007980845969672785 0.00980392156862745
1 0.3487629688747007 0.46479500891265596 0.007980845969672785 0.008021390374331552
0 0.9130087789305666 0.4621212121212121 0.007980845969672785 0.008021390374331552
0 0.9002394253790902 0.46167557932263814 0.007980845969672785 0.008912655971479501
0 0.573024740622506 0.4603386809269162 0.006384676775738229 0.006238859180035651
1 0.39465283320031924 0.4679144385026738 0.018355945730247406 0.0213903743315508
1 0.2968874700718276 0.4679144385026738 0.017557861133280128 0.0213903743315508
0 0.7426177174780527 0.4603386809269162 0.008778930566640064 0.008021390374331552
0 0.563048683160415 0.45989304812834225 0.010375099760574621 0.008912655971479501
1 0.08499600957701517 0.45098039215686275 0.00558659217877095 0.0071301247771836
1 0.09736632083000799 0.44875222816399285 0.009577015163607342 0.006238859180035651
0 0.8224261771747805 0.4483065953654189 0.008778930566640064 0.0071301247771836
0 0.8838786911412609 0.44786096256684493 0.010375099760574621 0.008021390374331552
0 0.39824421388667197 0.44786096256684493 0.009577015163607342 0.008021390374331552
0 0.7414205905826018 0.446524064171123 0.007980845969672785 0.0071301247771836
0 0.5981644054269752 0.44563279857397503 0.008778930566640064 0.008912655971479501
1 0.20790103750997604 0.4434046345811052 0.0039904229848363925 0.008021390374331552
1 0.8092577813248204 0.44295900178253117 0.004788507581803671 0.008912655971479501
1 0.6420590582601756 0.44295900178253117 0.0039904229848363925 0.008912655971479501
1 0.19433359936153233 0.44028520499108736 0.007182761372705506 0.0053475935828877
0 0.6715881883479649 0.43983957219251335 0.00558659217877095 0.008021390374331552
1 0.87829209896249 0.43672014260249553 0.007182761372705506 0.0053475935828877
1 0.3403830806065443 0.4385026737967914 0.007182761372705506 0.008912655971479501
1 0.22386272944932162 0.4416221033868093 0.018355945730247406 0.022281639928698752
0 0.9122106943335994 0.4322638146167558 0.007980845969672785 0.0071301247771836
1 0.8523543495610535 0.4407308377896613 0.020750199521149242 0.02406417112299465
1 0.6947326416600159 0.4393939393939394 0.019952114924181964 0.0213903743315508
1 0.5670391061452514 0.43983957219251335 0.018355945730247406 0.022281639928698752
1 0.4185953711093376 0.4393939393939394 0.018355945730247406 0.0213903743315508
1 0.06304868316041501 0.4327094474153298 0.006384676775738229 0.008021390374331552
1 0.9904229848363927 0.4322638146167558 0.004788507581803671 0.008912655971479501
1 0.05506783719074222 0.4233511586452763 0.004788507581803671 0.0071301247771836
1 0.03990422984836393 0.42201426024955435 0.006384676775738229 0.006238859180035651
1 0.11811652035115722 0.410873440285205 0.004788507581803671 0.0053475935828877
1 0.08459696727853153 0.4086452762923351 0.007980845969672785 0.004456327985739751
1 0.004389465283320032 0.40730837789661317 0.008778930566640064 0.0053475935828877
1 0.8814844373503591 0.4001782531194296 0.008778930566640064 0.0053475935828877
0 0.21827613727055067 0.393048128342246 0.007182761372705506 0.0071301247771836
1 0.31763766959297685 0.3908199643493761 0.007980845969672785 0.004456327985739751
0 0.0853950518754988 0.39126559714795006 0.007980845969672785 0.0053475935828877
1 0.8052673583399841 0.38814616755793224 0.007980845969672785 0.004456327985739751
1 0.2023144453312051 0.3890374331550802 0.007182761372705506 0.00980392156862745
1 0.4980047885075818 0.38814616755793224 0.007980845969672785 0.00980392156862745
1 0.10534716679968077 0.3872549019607843 0.004788507581803671 0.008021390374331552
1 0.6356743814844373 0.3859180035650624 0.0039904229848363925 0.008912655971479501
1 0.4876296887470072 0.38324420677361853 0.007980845969672785 0.0106951871657754
0 0.3475658419792498 0.3810160427807487 0.007182761372705506 0.00980392156862745
1 0.29608938547486036 0.3859180035650624 0.017557861133280128 0.0213903743315508
1 0.5666400638467678 0.3836898395721925 0.019154030327214685 0.020499108734402853
0 0.8591380686352753 0.37566844919786097 0.00558659217877095 0.008021390374331552
1 0.7813248204309656 0.3778966131907308 0.006384676775738229 0.012477718360071301
1 0.7206703910614525 0.38324420677361853 0.020750199521149242 0.023172905525846704
1 0.0446927374301676 0.374777183600713 0.009577015163607342 0.006238859180035651
1 0.0223463687150838 0.375222816399287 0.009577015163607342 0.0071301247771836
1 0.7889066241021548 0.375222816399287 0.0039904229848363925 0.008912655971479501
1 0.009976057462090982 0.37433155080213903 0.00558659217877095 0.0071301247771836
1 0.8790901835594573 0.3810160427807487 0.019952114924181964 0.022281639928698752
1 0.7314445331205107 0.37433155080213903 0.007182761372705506 0.008912655971479501
1 0.8124501197126895 0.3689839572192513 0.006384676775738229 0.012477718360071301
1 0.3383878691141261 0.3631907308377897 0.007980845969672785 0.004456327985739751
0 0.3994413407821229 0.3631907308377897 0.00558659217877095 0.008021390374331552
0 0.2885075818036712 0.36185383244206776 0.007182761372705506 0.012477718360071301
1 0.49241819632881084 0.3582887700534759 0.007980845969672785 0.0071301247771836
1 0.10853950518754989 0.35472370766488415 0.009577015163607342 0.0053475935828877
1 0.2713487629688747 0.35873440285204994 0.017557861133280128 0.020499108734402853
1 0.3679169992019154 0.35784313725490197 0.019154030327214685 0.020499108734402853
0 0.4361532322426177 0.35071301247771836 0.00558659217877095 0.008021390374331552
1 0.5159616919393456 0.3560606060606061 0.018355945730247406 0.020499108734402853
1 0.004788507581803671 0.3484848484848485 0.006384676775738229 0.0053475935828877
1 0.8786911412609737 0.35294117647058826 0.020750199521149242 0.0213903743315508
1 0.7194732641660015 0.3538324420677362 0.019952114924181964 0.023172905525846704
0 0.7737430167597765 0.3333333333333333 0.010375099760574621 0.0071301247771836
1 0.49840383080606543 0.3315508021390374 0.0039904229848363925 0.008912655971479501
1 0.9964086193136472 0.3266488413547237 0.007182761372705506 0.004456327985739751
0 0.8435754189944135 0.3284313725490196 0.006384676775738229 0.00980392156862745
1 0.7849162011173184 0.3270944741532977 0.0039904229848363925 0.008912655971479501
1 0.4876296887470072 0.3270944741532977 0.007980845969672785 0.0106951871657754
1 0.2956903431763767 0.33110516934046347 0.018355945730247406 0.020499108734402853
0 0.6484437350359138 0.3235294117647059 0.00558659217877095 0.008912655971479501
1 0.5905826017557861 0.32754010695187163 0.019154030327214685 0.022281639928698752
1 0.6679968076616122 0.3266488413547237 0.020750199521149242 0.022281639928698752
1 0.8244213886671987 0.32486631016042783 0.020750199521149242 0.022281639928698752
1 0.32482043096568236 0.30704099821746883 0.007980845969672785 0.004456327985739751
0 0.20071827613727056 0.3074866310160428 0.007182761372705506 0.008912655971479501
1 0.012370311252992818 0.3074866310160428 0.010375099760574621 0.008912655971479501
1 0.6213088587390263 0.3025846702317291 0.007182761372705506 0.004456327985739751
0 0.5830007980845969 0.30392156862745096 0.007182761372705506 0.0106951871657754
1 0.7797286512370312 0.2999108734402852 0.006384676775738229 0.008021390374331552
1 0.22226656025538707 0.3052584670231729 0.018355945730247406 0.020499108734402853
1 0.057861133280127694 0.29901960784313725 0.007182761372705506 0.008021390374331552
1 0.3679169992019154 0.30303030303030304 0.017557861133280128 0.0196078431372549
1 0.6484437350359138 0.2963458110516934 0.00558659217877095 0.00980392156862745
0 0.8040702314445332 0.2963458110516934 0.007182761372705506 0.013368983957219251
1 0.5650438946528332 0.30080213903743314 0.019154030327214685 0.022281639928698752
1 0.03750997605746209 0.29188948306595364 0.006384676775738229 0.006238859180035651
0 0.10415003990422984 0.2905525846702317 0.008778930566640064 0.0071301247771836
1 0.7198723064644852 0.2976827094474153 0.0223463687150838 0.023172905525846704
0 0.7829209896249002 0.28832442067736186 0.009577015163607342 0.013368983957219251
1 0.09018355945730247 0.28297682709447414 0.007980845969672785 0.004456327985739751
1 0.7889066241021548 0.28297682709447414 0.007182761372705506 0.006238859180035651
1 0.8068635275339185 0.2820855614973262 0.004788507581803671 0.008021390374331552
1 0.10375099760574621 0.27807486631016043 0.007980845969672785 0.0053475935828877
1 0.20071827613727056 0.27718360071301246 0.0039904229848363925 0.008912655971479501
0 0.6731843575418994 0.2758467023172905 0.00558659217877095 0.008021390374331552
1 0.2214684756584198 0.27718360071301246 0.018355945730247406 0.0196078431372549
1 0.4868316041500399 0.2709447415329768 0.007980845969672785 0.0106951871657754
0 0.3846767757382282 0.27049910873440286 0.006384676775738229 0.00980392156862745
1 0.36751795690343175 0.27540106951871657 0.019952114924181964 0.0213903743315508
1 0.5901835594573025 0.2713903743315508 0.018355945730247406 0.020499108734402853
1 0.06264964086193137 0.2606951871657754 0.007182761372705506 0.004456327985739751
1 0.7450119712689545 0.26916221033868093 0.02154828411811652 0.023172905525846704
1 0.8515562649640862 0.26648841354723707 0.020750199521149242 0.0213903743315508
1 0.9964086193136472 0.25757575757575757 0.007182761372705506 0.0053475935828877
0 0.41819632881085395 0.2531194295900178 0.0111731843575419 0.0071301247771836
1 0.37110933758978454 0.2522281639928699 0.004788507581803671 0.0071301247771836
1 0.39265762170790103 0.25133689839572193 0.009577015163607342 0.008912655971479501
1 0.019553072625698324 0.24955436720142601 0.008778930566640064 0.0053475935828877
1 0.5418994413407822 0.24955436720142601 0.004788507581803671 0.008912655971479501
0 0.5123703112529928 0.24955436720142601 0.004788507581803671 0.0106951871657754
1 0.04628890662410216 0.2464349376114082 0.007980845969672785 0.004456327985739751
1 0.10215482841181166 0.24554367201426025 0.007980845969672785 0.004456327985739751
1 0.74780526735834 0.24509803921568626 0.006384676775738229 0.0071301247771836
1 0.41819632881085395 0.24420677361853832 0.009577015163607342 0.0071301247771836
1 0.0039904229848363925 0.23663101604278075 0.007980845969672785 0.004456327985739751
1 0.025538707102952914 0.2286096256684492 0.006384676775738229 0.004456327985739751
1 0.9896249002394254 0.22593582887700533 0.006384676775738229 0.013368983957219251
1 0.06105347166799681 0.21836007130124777 0.008778930566640064 0.0071301247771836
0 0.9106145251396648 0.214349376114082 0.007980845969672785 0.006238859180035651
1 0.9884277733439745 0.214349376114082 0.00558659217877095 0.008021390374331552
1 0.10893854748603352 0.21301247771836007 0.007182761372705506 0.0053475935828877
0 0.04868316041500399 0.21524064171122995 0.007980845969672785 0.00980392156862745
1 0.23024740622505985 0.21256684491978609 0.0039904229848363925 0.008021390374331552
0 0.7841181165203511 0.2107843137254902 0.008778930566640064 0.008021390374331552
0 0.4002394253790902 0.2107843137254902 0.008778930566640064 0.008021390374331552
1 0.3846767757382282 0.2107843137254902 0.004788507581803671 0.00980392156862745
1 0.37829209896249 0.20989304812834225 0.004788507581803671 0.00980392156862745
1 0.5351157222665602 0.20855614973262032 0.00558659217877095 0.008912655971479501
1 0.4429369513168396 0.20855614973262032 0.007980845969672785 0.008912655971479501
1 0.08379888268156424 0.2054367201426025 0.0111731843575419 0.006238859180035651
0 0.45490822027134875 0.20766488413547238 0.007980845969672785 0.012477718360071301
1 0.41620111731843573 0.2054367201426025 0.007182761372705506 0.00980392156862745
1 0.3942537909018356 0.20588235294117646 0.006384676775738229 0.0106951871657754
1 0.8284118116520351 0.20053475935828877 0.004788507581803671 0.0071301247771836
1 0.8104549082202713 0.20098039215686275 0.0039904229848363925 0.008021390374331552
1 0.5283320031923384 0.2014260249554367 0.004788507581803671 0.008912655971479501
1 0.8511572226656026 0.19875222816399288 0.00558659217877095 0.0106951871657754
1 0.7230646448523543 0.19429590017825313 0.007980845969672785 0.0053475935828877
1 0.08140462889066241 0.1929590017825312 0.007980845969672785 0.004456327985739751
1 0.035115722266560255 0.19385026737967914 0.009577015163607342 0.006238859180035651
0 0.8332003192338387 0.19607843137254902 0.007980845969672785 0.0142602495543672
1 0.09696727853152434 0.19162210338680927 0.008778930566640064 0.0053475935828877
1 0.9010375099760575 0.1947415329768271 0.007980845969672785 0.013368983957219251
1 0.8846767757382282 0.19518716577540107 0.007182761372705506 0.0142602495543672
1 0.816440542697526 0.18983957219251338 0.006384676775738229 0.0106951871657754
0 0.6548284118116521 0.18672014260249553 0.007182761372705506 0.006238859180035651
1 0.06304868316041501 0.1858288770053476 0.007980845969672785 0.004456327985739751
1 0.49162011173184356 0.1858288770053476 0.006384676775738229 0.006238859180035651
1 0.050678371907422186 0.18538324420677363 0.008778930566640064 0.0071301247771836
1 0.809656823623304 0.18315508021390375 0.007182761372705506 0.006238859180035651
1 0.2745411013567438 0.18226381461675578 0.007980845969672785 0.004456327985739751
1 0.5015961691939346 0.1836007130124777 0.00558659217877095 0.008912655971479501
0 0.26456504389465285 0.18181818181818182 0.007182761372705506 0.0053475935828877
1 0.04389465283320032 0.17959001782531195 0.007980845969672785 0.004456327985739751
1 0.4397446129289705 0.178698752228164 0.007980845969672785 0.004456327985739751
1 0.49162011173184356 0.17780748663101603 0.006384676775738229 0.006238859180035651
0 0.8216280925778132 0.17780748663101603 0.008778930566640064 0.00980392156862745
1 0.5638467677573823 0.17736185383244207 0.00558659217877095 0.008912655971479501
1 0.08898643256185156 0.17557932263814616 0.011971268954509178 0.0071301247771836
1 0.9880287310454908 0.17245989304812834 0.004788507581803671 0.006238859180035651
1 0.10893854748603352 0.17067736185383245 0.0039904229848363925 0.008021390374331552
1 0.1819632881085395 0.1680035650623886 0.007980845969672785 0.004456327985739751
1 0.22346368715083798 0.16711229946524064 0.007980845969672785 0.004456327985739751
1 0.04389465283320032 0.16755793226381463 0.006384676775738229 0.0053475935828877
1 0.26895450917797287 0.1662210338680927 0.007980845969672785 0.004456327985739751
1 0.48842777334397447 0.16176470588235295 0.007980845969672785 0.004456327985739751
1 0.5227454110135674 0.160873440285205 0.006384676775738229 0.004456327985739751
1 0.04908220271348763 0.1573083778966132 0.007182761372705506 0.004456327985739751
0 0.061452513966480445 0.15819964349376114 0.004788507581803671 0.008021390374331552
1 0.24261771747805266 0.15597147950089127 0.006384676775738229 0.0053475935828877
1 0.10814046288906624 0.15463458110516934 0.007182761372705506 0.004456327985739751
0 0.2988826815642458 0.15418894830659535 0.007182761372705506 0.0053475935828877
1 0.3647246608140463 0.15285204991087345 0.007980845969672785 0.004456327985739751
0 0.3435754189944134 0.1532976827094474 0.008778930566640064 0.0053475935828877
1 0.5203511572226656 0.14928698752228164 0.007980845969672785 0.004456327985739751
0 0.9876296887470072 0.1497326203208556 0.00558659217877095 0.008912655971479501
1 0.946927374301676 0.1483957219251337 0.00558659217877095 0.006238859180035651
1 0.6001596169193935 0.14616755793226383 0.009577015163607342 0.0053475935828877
1 0.040702314445331206 0.14304812834224598 0.006384676775738229 0.006238859180035651
0 0.01596169193934557 0.14260249554367202 0.007980845969672785 0.0053475935828877
0 0.7581803671189146 0.1408199643493761 0.009577015163607342 0.0053475935828877
1 0.7118914604948124 0.1412655971479501 0.004788507581803671 0.006238859180035651
0 0.7334397446129289 0.14171122994652408 0.006384676775738229 0.008912655971479501
1 0.6588188347964884 0.14037433155080214 0.00558659217877095 0.006238859180035651
1 0.699122106943336 0.1394830659536542 0.006384676775738229 0.008021390374331552
1 0.6687948922585794 0.1394830659536542 0.006384676775738229 0.008021390374331552
1 0.6444533120510774 0.1394830659536542 0.00558659217877095 0.008021390374331552
0 0.3822825219473264 0.13903743315508021 0.007980845969672785 0.0071301247771836
1 0.8523543495610535 0.13502673796791445 0.006384676775738229 0.006238859180035651
1 0.7150837988826816 0.13324420677361853 0.006384676775738229 0.006238859180035651
1 0.06544293695131684 0.13279857397504458 0.009577015163607342 0.0053475935828877
0 0.5957701516360734 0.13101604278074866 0.007182761372705506 0.0053475935828877
0 0.6081404628890662 0.1305704099821747 0.009577015163607342 0.006238859180035651
1 0.839584996009577 0.13502673796791445 0.012769353551476457 0.01693404634581105
0 0.74341580207502 0.12923351158645277 0.010375099760574621 0.012477718360071301
1 0.713487629688747 0.12611408199643495 0.004788507581803671 0.006238859180035651
1 0.7928970470869913 0.12344028520499109 0.0039904229848363925 0.008021390374331552
1 0.05466879489225858 0.12254901960784313 0.007182761372705506 0.006238859180035651
1 0.2885075818036712 0.12210338680926916 0.00558659217877095 0.0071301247771836
1 0.21468475658419792 0.12121212121212122 0.007980845969672785 0.0053475935828877
1 0.10694333599361533 0.12076648841354724 0.004788507581803671 0.008021390374331552
1 0.257781324820431 0.11853832442067737 0.009577015163607342 0.008912655971479501
0 0.0710295291300878 0.11942959001782531 0.006384676775738229 0.0106951871657754
1 0.28810853950518756 0.11720142602495544 0.006384676775738229 0.008021390374331552
1 0.21508379888268156 0.1140819964349376 0.007182761372705506 0.0053475935828877
1 0.7881085395051876 0.11319073083778966 0.0039904229848363925 0.008912655971479501
1 0.4592976855546688 0.11319073083778966 0.007182761372705506 0.008912655971479501
1 0.48842777334397447 0.11140819964349376 0.006384676775738229 0.0071301247771836
1 0.49640861931364727 0.11185383244206773 0.006384676775738229 0.00980392156862745
0 0.05905826017557861 0.10918003565062388 0.009577015163607342 0.006238859180035651
0 0.006384676775738229 0.10873440285204991 0.007980845969672785 0.0053475935828877
0 0.38507581803671187 0.10828877005347594 0.007182761372705506 0.008021390374331552
1 0.32641660015961693 0.10294117647058823 0.006384676775738229 0.004456327985739751
1 0.05826017557861133 0.10338680926916222 0.006384676775738229 0.0053475935828877
1 0.35634477254588987 0.10249554367201426 0.007182761372705506 0.0053475935828877
0 0.6025538707102953 0.10427807486631016 0.006384676775738229 0.0106951871657754
1 0.4972067039106145 0.09848484848484848 0.007980845969672785 0.004456327985739751
1 0.6831604150039904 0.09759358288770054 0.006384676775738229 0.004456327985739751
1 0.26536312849162014 0.09759358288770054 0.007182761372705506 0.004456327985739751
0 0.22266560255387072 0.09759358288770054 0.007980845969672785 0.004456327985739751
1 0.028731045490822026 0.09714795008912656 0.006384676775738229 0.0053475935828877
1 0.33519553072625696 0.09581105169340463 0.007980845969672785 0.004456327985739751
1 0.383878691141261 0.09402852049910873 0.007980845969672785 0.004456327985739751
0 0.4257781324820431 0.09358288770053476 0.008778930566640064 0.0053475935828877
1 0.8810853950518756 0.09135472370766488 0.009577015163607342 0.006238859180035651
1 0.8419792498004789 0.09046345811051694 0.007980845969672785 0.004456327985739751
1 0.009976057462090982 0.08600713012477719 0.007182761372705506 0.004456327985739751
1 0.6831604150039904 0.08155080213903744 0.006384676775738229 0.004456327985739751
1 0.16241021548284118 0.08377896613190731 0.008778930566640064 0.008912655971479501
1 0.8527533918595371 0.08155080213903744 0.00558659217877095 0.008021390374331552
1 0.7418196328810854 0.08110516934046345 0.0039904229848363925 0.008912655971479501
1 0.0710295291300878 0.0784313725490196 0.006384676775738229 0.0053475935828877
1 0.30806065442936953 0.0784313725490196 0.009577015163607342 0.012477718360071301
1 0.0039904229848363925 0.07174688057040998 0.007980845969672785 0.004456327985739751
1 0.8479648842777334 0.07174688057040998 0.00558659217877095 0.00980392156862745
1 0.2725458898643256 0.06907308377896614 0.007182761372705506 0.004456327985739751
1 0.3355945730247406 0.06729055258467023 0.007182761372705506 0.004456327985739751
1 0.41021548284118114 0.06506238859180036 0.009577015163607342 0.0053475935828877
1 0.02154828411811652 0.06417112299465241 0.009577015163607342 0.0053475935828877
0 0.7972865123703112 0.06372549019607843 0.006384676775738229 0.008021390374331552
1 0.776536312849162 0.06417112299465241 0.004788507581803671 0.008912655971479501
1 0.034317637669592976 0.06327985739750445 0.0111731843575419 0.0071301247771836
1 0.7561851556264965 0.06105169340463458 0.007182761372705506 0.004456327985739751
1 0.08978451715881884 0.06105169340463458 0.007182761372705506 0.008021390374331552
1 0.003591380686352753 0.058823529411764705 0.007182761372705506 0.0071301247771836
1 0.06983240223463687 0.05392156862745098 0.007182761372705506 0.004456327985739751
0 0.6640063846767758 0.05303030303030303 0.006384676775738229 0.006238859180035651
0 0.42537909018355946 0.04946524064171123 0.007980845969672785 0.004456327985739751
1 0.5682362330407024 0.049910873440285206 0.007980845969672785 0.0071301247771836
1 0.4704708699122107 0.04857397504456328 0.007182761372705506 0.004456327985739751
0 0.5003990422984836 0.0481283422459893 0.007980845969672785 0.0053475935828877
0 0.6376695929768555 0.04679144385026738 0.007980845969672785 0.004456327985739751
0 0.5853950518754988 0.049019607843137254 0.00558659217877095 0.008912655971479501
0 0.573024740622506 0.0481283422459893 0.009577015163607342 0.0106951871657754
1 0.9896249002394254 0.045454545454545456 0.007980845969672785 0.0071301247771836
1 0.15802075019952114 0.0427807486631016 0.004788507581803671 0.0071301247771836
1 0.6093375897845171 0.04055258467023173 0.00558659217877095 0.006238859180035651
1 0.3192338387869114 0.039661319073083776 0.007980845969672785 0.004456327985739751
1 0.18874700718276138 0.04188948306595366 0.0039904229848363925 0.008912655971479501
1 0.07182761372705507 0.04055258467023173 0.007980845969672785 0.006238859180035651
1 0.2023144453312051 0.039661319073083776 0.007182761372705506 0.00980392156862745
1 0.6161213088587391 0.03342245989304813 0.006384676775738229 0.006238859180035651
1 0.04349561053471668 0.03253119429590018 0.007182761372705506 0.004456327985739751
1 0.7334397446129289 0.029411764705882353 0.009577015163607342 0.0053475935828877
0 0.704708699122107 0.0285204991087344 0.009577015163607342 0.0071301247771836
1 0.8467677573822825 0.030303030303030304 0.006384676775738229 0.012477718360071301
1 0.36153232242617717 0.021836007130124777 0.007980845969672785 0.004456327985739751
1 0.412609736632083 0.020053475935828877 0.006384676775738229 0.004456327985739751
1 0.99122106943336 0.020499108734402853 0.006384676775738229 0.0071301247771836
1 0.6795690343176377 0.01871657754010695 0.0039904229848363925 0.008912655971479501
0 0.6161213088587391 0.020053475935828877 0.006384676775738229 0.011586452762923352
1 0.6380686352753392 0.016042780748663103 0.007182761372705506 0.0053475935828877
1 0.05905826017557861 0.008467023172905526 0.007980845969672785 0.004456327985739751
0 0.8866719872306464 0.008912655971479501 0.009577015163607342 0.0071301247771836
1 0.4860335195530726 0.0066844919786096255 0.007980845969672785 0.004456327985739751
0 0.6671987230646449 0.004010695187165776 0.006384676775738229 0.008021390374331552