1 0.32091212272644043 0.9892412424087524 0.007786393165588379 0.00566256046295166
1 0.3893214464187622 0.9869762063026428 0.008898735046386719 0.00566256046295166
1 0.475528359413147 0.9801812171936035 0.014460563659667969 0.010192513465881348
1 0.6001112461090088 0.9779161810874939 0.010011136531829834 0.00566256046295166
1 0.6407119035720825 0.9779161810874939 0.008898794651031494 0.00566256046295166
1 0.5583982169628143 0.9773499369621277 0.011123478412628174 0.009060025215148926
1 0.6974416077136993 0.975651204586029 0.011123478412628174 0.00566256046295166
1 0.7363737523555756 0.9745186567306519 0.008898794651031494 0.00566256046295166
1 0.7714126855134964 0.9733861684799194 0.007786422967910767 0.00566256046295166
1 0.03615128993988037 0.9739524126052856 0.010011076927185059 0.01132500171661377
1 0.8654060065746307 0.9699887037277222 0.008898764848709106 0.00566256046295166
1 0.0873192548751831 0.9586636424064636 0.010011076927185059 0.010192513465881348
1 0.21301448345184326 0.9524348974227905 0.010011076927185059 0.006795048713684082
0 0.18186873197555542 0.9530011415481567 0.012235760688781738 0.012457489967346191
0 0.1963292360305786 0.9530011415481567 0.012235760688781738 0.012457489967346191
0 0.3548387289047241 0.9473386406898499 0.011123418807983398 0.012457489967346191
1 0.38654059171676636 0.9462060928344727 0.010011076927185059 0.010192513465881348
1 0.3709677457809448 0.9462060928344727 0.010011076927185059 0.012457489967346191
1 0.21301448345184326 0.9405435919761658 0.010011076927185059 0.00566256046295166
0 0.478865385055542 0.9433748722076416 0.010011076927185059 0.01132500171661377
1 0.5878754258155823 0.9405435919761658 0.010011136531829834 0.00566256046295166
1 0.1340377926826477 0.9405435919761658 0.010011076927185059 0.010192513465881348
0 0.6640712022781372 0.9377123713493347 0.011123478412628174 0.01132500171661377
0 0.6501668393611908 0.9371460676193237 0.012235820293426514 0.012457489967346191
1 0.7119021117687225 0.9360135793685913 0.011123478412628174 0.010192513465881348
1 0.25973302125930786 0.9337486028671265 0.005561709403991699 0.007927536964416504
0 0.7408231496810913 0.9348810911178589 0.011123478412628174 0.010192513465881348
1 0.3092324733734131 0.9331823587417603 0.011123418807983398 0.01132500171661377
1 0.5873192548751831 0.9314835667610168 0.011123478412628174 0.007927536964416504
1 0.7764182388782501 0.9320498108863831 0.011123478412628174 0.009060025215148926
0 0.8453837633132935 0.9320498108863831 0.008898764848709106 0.009060025215148926
1 0.23637372255325317 0.929218590259552 0.010011076927185059 0.007927536964416504
0 0.3020022511482239 0.929218590259552 0.010011076927185059 0.010192513465881348
1 0.4944382905960083 0.9280860424041748 0.010011076927185059 0.010192513465881348
0 0.510567307472229 0.9286523461341858 0.011123478412628174 0.01132500171661377
1 0.5645161271095276 0.9326160550117493 0.023359298706054688 0.02378261089324951
0 0.9193548411130905 0.9269535541534424 0.012235820293426514 0.012457489967346191
1 0.952725250273943 0.9252548217773438 0.01001112163066864 0.009060025215148926
0 0.10122358798980713 0.9246885776519775 0.011123418807983398 0.010192513465881348
1 0.11902111768722534 0.9235560297966003 0.011123418807983398 0.010192513465881348
1 0.6484983265399933 0.9229897856712341 0.008898794651031494 0.009060025215148926
1 0.1340377926826477 0.9224235415458679 0.010011076927185059 0.010192513465881348
1 0.663515031337738 0.9224235415458679 0.010011136531829834 0.010192513465881348
1 0.6874304711818695 0.9286523461341858 0.022246956825256348 0.02265000343322754
1 0.9516129046678543 0.916761040687561 0.01001112163066864 0.00566256046295166
1 0.21190214157104492 0.9161947965621948 0.007786393165588379 0.009060025215148926
0 0.27808678150177 0.9178935289382935 0.015572905540466309 0.012457489967346191
1 0.8448275923728943 0.916761040687561 0.010011136531829834 0.010192513465881348
1 0.29199111461639404 0.9156285524368286 0.010011076927185059 0.012457489967346191
1 0.8615127950906754 0.913363516330719 0.007786422967910767 0.007927536964416504
0 0.9193548411130905 0.9139297604560852 0.01001112163066864 0.01132500171661377
1 0.3381534814834595 0.913363516330719 0.008898735046386719 0.012457489967346191
0 0.3537263870239258 0.913363516330719 0.011123418807983398 0.012457489967346191
1 0.11735260486602783 0.9093997478485107 0.010011076927185059 0.01132500171661377
0 0.5261401534080505 0.9093997478485107 0.011123478412628174 0.01132500171661377
0 0.13070076704025269 0.9077010154724121 0.014460563659667969 0.012457489967346191
1 0.6629588305950165 0.9043034911155701 0.008898794651031494 0.010192513465881348
1 0.2753058671951294 0.9031710028648376 0.010011076927185059 0.010192513465881348
1 0.2914349436759949 0.9026047587394714 0.008898735046386719 0.01132500171661377
0 0.41323691606521606 0.9060022830963135 0.010011076927185059 0.01812005043029785
0 0.708008885383606 0.9026047587394714 0.010011136531829834 0.01132500171661377
1 0.7235817611217499 0.9026047587394714 0.010011136531829834 0.01132500171661377
1 0.35094547271728516 0.8992072343826294 0.01668524742126465 0.01132500171661377
1 0.8587319254875183 0.898074746131897 0.008898764848709106 0.009060025215148926
0 0.872636254876852 0.898074746131897 0.010011129081249237 0.01132500171661377
0 0.49388211965560913 0.8958097100257874 0.011123418807983398 0.01132500171661377
1 0.7636262476444244 0.8958097100257874 0.005561739206314087 0.01132500171661377
1 0.5634037852287292 0.9009060263633728 0.023359298706054688 0.02378261089324951
0 0.5261401534080505 0.8935447335243225 0.011123478412628174 0.01132500171661377
0 0.6624026596546173 0.8907134532928467 0.010011136531829834 0.012457489967346191
1 0.6852057874202728 0.8963760137557983 0.022246956825256348 0.02378261089324951
0 0.13292545080184937 0.8895809650421143 0.010011076927185059 0.012457489967346191
1 0.7085650861263275 0.8878822326660156 0.008898794651031494 0.009060025215148926
1 0.7235817611217499 0.889014720916748 0.010011136531829834 0.01132500171661377
0 0.752502791583538 0.8867497444152832 0.01001112163066864 0.01132500171661377
1 0.9505005553364754 0.8895809650421143 0.01001112163066864 0.01698756217956543
1 0.2246941328048706 0.8839184641838074 0.008898735046386719 0.010192513465881348
0 0.85761958360672 0.882785975933075 0.008898764848709106 0.010192513465881348
0 0.8720800876617432 0.8833522200584412 0.011123478412628174 0.01132500171661377
1 0.8882091194391251 0.8822197318077087 0.01001112163066864 0.009060025215148926
0 0.9010011106729507 0.882785975933075 0.011123478412628174 0.010192513465881348
1 0.9232480525970459 0.8895809650421143 0.022246941924095154 0.02378261089324951
1 0.21190214157104492 0.8822197318077087 0.010011076927185059 0.01132500171661377
1 0.5984427034854889 0.8771234154701233 0.011123478412628174 0.00566256046295166
1 0.2858731746673584 0.8782559633255005 0.006674051284790039 0.010192513465881348
1 0.524471640586853 0.8771234154701233 0.010011136531829834 0.010192513465881348
0 0.10122358798980713 0.8765571713447571 0.011123418807983398 0.01132500171661377
1 0.5389321446418762 0.8759909272193909 0.010011136531829834 0.010192513465881348
1 0.14905452728271484 0.8754246830940247 0.008898735046386719 0.01132500171661377
1 0.1890990138053894 0.8810871839523315 0.024471640586853027 0.024915099143981934
0 0.16295886039733887 0.873725950717926 0.014460563659667969 0.012457489967346191
0 0.6774193644523621 0.8714609146118164 0.011123478412628174 0.012457489967346191
0 0.2908787727355957 0.8691959381103516 0.010011076927185059 0.010192513465881348
0 0.4121245741844177 0.8725934028625488 0.010011076927185059 0.01698756217956543
0 0.30812013149261475 0.8680634498596191 0.013348221778869629 0.012457489967346191
0 0.36874306201934814 0.8669309020042419 0.010011076927185059 0.010192513465881348
1 0.8698553889989853 0.8663646578788757 0.008898764848709106 0.009060025215148926
0 0.8565072268247604 0.8657984137535095 0.011123478412628174 0.012457489967346191
1 0.5005561709403992 0.870328426361084 0.022246956825256348 0.02378261089324951
0 0.5233592987060547 0.8612684011459351 0.010011136531829834 0.010192513465881348
0 0.5389321446418762 0.8618346452713013 0.010011136531829834 0.01132500171661377
1 0.7825361490249634 0.8618346452713013 0.005561739206314087 0.01132500171661377
0 0.5700778663158417 0.8612684011459351 0.010011136531829834 0.012457489967346191
1 0.9493882097303867 0.8590034246444702 0.01001112163066864 0.010192513465881348
0 0.10066741704940796 0.8584371209144592 0.012235760688781738 0.01132500171661377
1 0.647385984659195 0.857870876789093 0.011123478412628174 0.010192513465881348
0 0.6601779758930206 0.8584371209144592 0.012235820293426514 0.01132500171661377
1 0.7141267955303192 0.8635334372520447 0.022246956825256348 0.02378261089324951
1 0.8337041139602661 0.8601359128952026 0.023359298706054688 0.02378261089324951
1 0.2747496962547302 0.8522083759307861 0.011123418807983398 0.010192513465881348
1 0.21357065439224243 0.8516421318054199 0.006674051284790039 0.01132500171661377
1 0.22413790225982666 0.8516421318054199 0.010011076927185059 0.01132500171661377
1 0.2892102599143982 0.8522083759307861 0.011123418807983398 0.012457489967346191
0 0.3214682936668396 0.8505096435546875 0.011123418807983398 0.01132500171661377
1 0.8993325904011726 0.8499433994293213 0.007786422967910767 0.010192513465881348
1 0.9154616221785545 0.8493770956993103 0.01112346351146698 0.009060025215148926
1 0.927697442471981 0.8499433994293213 0.01112346351146698 0.010192513465881348
0 0.475528359413147 0.845979630947113 0.012235760688781738 0.01132500171661377
0 0.4916573762893677 0.8454133868217468 0.011123418807983398 0.010192513465881348
1 0.2124583125114441 0.8420158624649048 0.011123418807983398 0.00566256046295166
0 0.5228031277656555 0.8448470830917358 0.011123478412628174 0.01132500171661377
1 0.5367074608802795 0.8442808389663696 0.010011136531829834 0.012457489967346191
1 0.18854284286499023 0.8488108515739441 0.023359298706054688 0.02378261089324951
0 0.4610678553581238 0.8448470830917358 0.012235760688781738 0.015855073928833008
0 0.149610698223114 0.8414496183395386 0.010011076927185059 0.01132500171661377
0 0.5066740810871124 0.8437145948410034 0.012235820293426514 0.015855073928833008
1 0.718576192855835 0.8397508263587952 0.008898794651031494 0.007927536964416504
1 0.5834260284900665 0.8408833742141724 0.010011136531829834 0.01698756217956543
0 0.7052280306816101 0.8380520939826965 0.011123478412628174 0.01132500171661377
1 0.35261404514312744 0.8363533616065979 0.008898735046386719 0.010192513465881348
0 0.3998887538909912 0.8397508263587952 0.010011076927185059 0.01698756217956543
0 0.4110122323036194 0.8397508263587952 0.010011076927185059 0.01698756217956543
1 0.42936593294143677 0.8369196057319641 0.011123418807983398 0.01132500171661377
1 0.838709682226181 0.8357871174812317 0.011123478412628174 0.009060025215148926
0 0.3375973105430603 0.8357871174812317 0.012235760688781738 0.01132500171661377
0 0.4449388384819031 0.8335220813751221 0.011123418807983398 0.006795048713684082
1 0.8259176909923553 0.8352208137512207 0.010011136531829834 0.010192513465881348
1 0.9137931019067764 0.8335220813751221 0.01001112163066864 0.009060025215148926
0 0.4605116844177246 0.8312571048736572 0.008898735046386719 0.009060025215148926
0 0.4766407012939453 0.8323895931243896 0.010011076927185059 0.01132500171661377
1 0.4916573762893677 0.8306908011436462 0.011123418807983398 0.010192513465881348
1 0.5055617392063141 0.83012455701828 0.010011136531829834 0.009060025215148926
1 0.560622900724411 0.8363533616065979 0.022246956825256348 0.02378261089324951
1 0.7703003287315369 0.8329558372497559 0.010011136531829834 0.01698756217956543
1 0.6518353819847107 0.8335220813751221 0.022246956825256348 0.02265000343322754
1 0.5984427034854889 0.8255945444107056 0.008898794651031494 0.009060025215148926
0 0.10066741704940796 0.8261607885360718 0.012235760688781738 0.012457489967346191
1 0.7202447056770325 0.8250283002853394 0.010011136531829834 0.010192513465881348
0 0.7046718597412109 0.8238958120346069 0.010011136531829834 0.010192513465881348
0 0.7352614104747772 0.8233295679092407 0.011123478412628174 0.01132500171661377
0 0.7497219145298004 0.8233295679092407 0.011123478412628174 0.01132500171661377
1 0.18075639009475708 0.8221970796585083 0.010011076927185059 0.01132500171661377
1 0.19688540697097778 0.8216307759284973 0.008898735046386719 0.010192513465881348
1 0.8615127950906754 0.827293336391449 0.02113458514213562 0.02378261089324951
1 0.9449388198554516 0.8233295679092407 0.01001112163066864 0.015855073928833008
1 0.21190214157104492 0.8193657994270325 0.010011076927185059 0.010192513465881348
1 0.288654088973999 0.8199320435523987 0.012235760688781738 0.01132500171661377
1 0.4315906763076782 0.8182333111763 0.013348221778869629 0.007927536964416504
1 0.8364849835634232 0.8199320435523987 0.013348162174224854 0.01132500171661377
1 0.35094547271728516 0.8176670670509338 0.012235760688781738 0.01132500171661377
1 0.21190214157104492 0.811438262462616 0.010011076927185059 0.010192513465881348
1 0.581757515668869 0.811438262462616 0.011123478412628174 0.010192513465881348
1 0.10011124610900879 0.8108720183372498 0.011123418807983398 0.01132500171661377
1 0.15628474950790405 0.8171007633209229 0.023359298706054688 0.02378261089324951
1 0.4110122323036194 0.811438262462616 0.007786393165588379 0.012457489967346191
1 0.6868743002414703 0.8086070418357849 0.010011136531829834 0.009060025215148926
1 0.7169076800346375 0.8080407977104187 0.010011136531829834 0.010192513465881348
0 0.6740823090076447 0.8074744939804077 0.011123478412628174 0.01132500171661377
1 0.2892102599143982 0.8052095174789429 0.008898735046386719 0.009060025215148926
1 0.39933258295059204 0.8091732859611511 0.011123418807983398 0.01698756217956543
1 0.5828698575496674 0.8046432733535767 0.008898794651031494 0.010192513465881348
1 0.8353726416826248 0.8040770292282104 0.011123478412628174 0.01132500171661377
0 0.8531701862812042 0.8035107851028442 0.011123478412628174 0.010192513465881348
0 0.8670745342969894 0.8018119931221008 0.010011136531829834 0.01132500171661377
1 0.5595105588436127 0.8046432733535767 0.022246956825256348 0.02378261089324951
1 0.7697441577911377 0.7984144687652588 0.008898764848709106 0.01132500171661377
0 0.6429365873336792 0.7950170040130615 0.011123478412628174 0.01132500171661377
0 0.6568409204483032 0.7944507598876953 0.012235820293426514 0.010192513465881348
1 0.7408231496810913 0.7989807724952698 0.022246956825256348 0.02378261089324951
1 0.9927697442471981 0.7910532355308533 0.0055617354810237885 0.007927536964416504
1 0.8364849835634232 0.7893545031547546 0.008898764848709106 0.009060025215148926
1 0.8971078991889954 0.7893545031547546 0.007786422967910767 0.009060025215148926
1 0.852614015340805 0.7882219552993774 0.010011136531829834 0.009060025215148926
1 0.8654060065746307 0.7882219552993774 0.011123478412628174 0.009060025215148926
1 0.9176863208413124 0.7944507598876953 0.022246941924095154 0.02378261089324951
1 0.8848720788955688 0.7865232229232788 0.014460504055023193 0.010192513465881348
1 0.26473861932754517 0.7825594544410706 0.004449367523193359 0.009060025215148926
1 0.2753058671951294 0.783691942691803 0.005561709403991699 0.01132500171661377
1 0.2519466280937195 0.7734994292259216 0.010011076927185059 0.006795048713684082
1 0.1017797589302063 0.7604756355285645 0.010011076927185059 0.010192513465881348
1 0.13181310892105103 0.7604756355285645 0.010011076927185059 0.010192513465881348
1 0.11735260486602783 0.7604756355285645 0.010011076927185059 0.012457489967346191
1 0.3798665404319763 0.7531144022941589 0.012235760688781738 0.01132500171661377
1 0.5022246986627579 0.7502831220626831 0.010011106729507446 0.010192513465881348
0 0.10066741704940796 0.7468855977058411 0.012235760688781738 0.012457489967346191
1 0.21190214157104492 0.7463193535804749 0.007786393165588379 0.01132500171661377
1 0.6840934455394745 0.7457531094551086 0.008898794651031494 0.010192513465881348
1 0.9894327027723193 0.7446206212043762 0.0055617354810237885 0.007927536964416504
1 0.1802002191543579 0.7446206212043762 0.011123418807983398 0.010192513465881348
1 0.8620689660310745 0.7412230968475342 0.008898764848709106 0.010192513465881348
0 0.8492769747972488 0.7400906085968018 0.010011136531829834 0.012457489967346191
0 0.37764179706573486 0.7389581203460693 0.01668524742126465 0.012457489967346191
1 0.46496105194091797 0.7434881329536438 0.024471640586853027 0.026047587394714355
1 0.5261401534080505 0.7417893409729004 0.022246956825256348 0.02265000343322754
1 0.5561735332012177 0.7417893409729004 0.022246956825256348 0.02265000343322754
1 0.7536151260137558 0.7378255724906921 0.007786422967910767 0.014722585678100586
1 0.6840934455394745 0.7304643392562866 0.011123478412628174 0.01132500171661377
1 0.7369299232959747 0.7361268401145935 0.021134614944458008 0.02265000343322754
1 0.117908775806427 0.7287655472755432 0.011123418807983398 0.010192513465881348
1 0.13125693798065186 0.728199303150177 0.013348221778869629 0.01132500171661377
1 0.9516129046678543 0.728199303150177 0.005561739206314087 0.01132500171661377
1 0.16295886039733887 0.7270668148994446 0.010011076927185059 0.01132500171661377
1 0.8487208038568497 0.7265005707740784 0.008898764848709106 0.010192513465881348
1 0.8626251369714737 0.7270668148994446 0.010011136531829834 0.01132500171661377
1 0.8837597295641899 0.7327293157577515 0.023359283804893494 0.02265000343322754
1 0.21134591102600098 0.7242355346679688 0.011123418807983398 0.007927536964416504
1 0.9883203562349081 0.7248018383979797 0.0055617354810237885 0.01132500171661377
1 0.3031145930290222 0.7231030464172363 0.010011076927185059 0.010192513465881348
0 0.31646275520324707 0.7242355346679688 0.014460563659667969 0.012457489967346191
1 0.37931036949157715 0.7225368022918701 0.008898735046386719 0.009060025215148926
1 0.3648498058319092 0.7214043140411377 0.011123418807983398 0.01132500171661377
1 0.3965517282485962 0.7185730338096619 0.010011076927185059 0.007927536964416504
1 0.09343713521957397 0.7219705581665039 0.022246956825256348 0.02378261089324951
0 0.117908775806427 0.7146092653274536 0.011123418807983398 0.01132500171661377
0 0.13181310892105103 0.7146092653274536 0.012235760688781738 0.01132500171661377
1 0.6985539495944977 0.712910532951355 0.011123478412628174 0.010192513465881348
0 0.1607341766357422 0.7134767770767212 0.014460563659667969 0.013589978218078613
0 0.1946607232093811 0.7123442888259888 0.011123418807983398 0.01132500171661377
1 0.40600669384002686 0.7146092653274536 0.008898735046386719 0.015855073928833008
0 0.8314794152975082 0.7112118005752563 0.010011136531829834 0.009060025215148926
1 0.9872080087661743 0.7112118005752563 0.0055617354810237885 0.01132500171661377
1 0.3181312680244446 0.7095130085945129 0.011123418807983398 0.010192513465881348
0 0.3036707639694214 0.7089467644691467 0.011123418807983398 0.01132500171661377
1 0.36429363489151 0.7083805203437805 0.010011076927185059 0.010192513465881348
1 0.8453837633132935 0.7078142762184143 0.006674081087112427 0.009060025215148926
0 0.37764179706573486 0.7066817879676819 0.014460563659667969 0.01132500171661377
1 0.8164627403020859 0.7083805203437805 0.011123478412628174 0.014722585678100586
1 0.49388211965560913 0.7117780447006226 0.022246956825256348 0.02378261089324951
1 0.46384871006011963 0.7117780447006226 0.024471640586853027 0.026047587394714355
1 0.7636262476444244 0.7044167518615723 0.010011136531829834 0.013589978218078613
1 0.7730811983346939 0.7015855312347412 0.006674081087112427 0.010192513465881348
1 0.6679643988609314 0.7015855312347412 0.010011136531829834 0.012457489967346191
1 0.6979977786540985 0.6987542510032654 0.010011136531829834 0.009060025215148926
1 0.7352614104747772 0.7055492401123047 0.022246956825256348 0.02265000343322754
1 0.9493882097303867 0.697621762752533 0.00556173175573349 0.009060025215148926
0 0.08843159675598145 0.6981880068778992 0.014460563659667969 0.012457489967346191
1 0.8448275923728943 0.6959229707717896 0.007786422967910767 0.010192513465881348
1 0.9860956617631018 0.6947904825210571 0.005561736412346363 0.007927536964416504
1 0.17908787727355957 0.6953567266464233 0.011123418807983398 0.01132500171661377
1 0.9115684106945992 0.700452983379364 0.021134600043296814 0.02378261089324951
1 0.2875416874885559 0.6925255060195923 0.010011076927185059 0.010192513465881348
1 0.560622900724411 0.6862967014312744 0.008898794651031494 0.009060025215148926
1 0.546718567609787 0.6862967014312744 0.010011136531829834 0.01132500171661377
0 0.0856507420539856 0.6845979690551758 0.011123418807983398 0.012457489967346191
1 0.12402671575546265 0.6896942257881165 0.023359298706054688 0.02265000343322754
1 0.6807563900947571 0.6834654808044434 0.008898794651031494 0.010192513465881348
1 0.1802002191543579 0.6800679564476013 0.008898735046386719 0.007927536964416504
1 0.5767519474029541 0.6817666888237 0.010011136531829834 0.01132500171661377
1 0.7402669489383698 0.6817666888237 0.010011136531829834 0.01132500171661377
1 0.8453837633132935 0.6795017123222351 0.008898764848709106 0.009060025215148926
1 0.28698551654815674 0.6789354681968689 0.011123418807983398 0.010192513465881348
1 0.4054505228996277 0.6823329329490662 0.010011076927185059 0.01698756217956543
1 0.8587319254875183 0.6789354681968689 0.008898764848709106 0.010192513465881348
1 0.3103448152542114 0.6857304573059082 0.024471640586853027 0.026047587394714355
1 0.4627363681793213 0.6817666888237 0.022246956825256348 0.02265000343322754
1 0.492769718170166 0.6806342005729675 0.022246956825256348 0.02265000343322754
1 0.5873192548751831 0.6772366762161255 0.008898794651031494 0.015855073928833008
1 0.5161290466785431 0.672706663608551 0.008898794651031494 0.009060025215148926
1 0.7591768652200699 0.6710079312324524 0.005561739206314087 0.010192513465881348
1 0.7035595178604126 0.6749716997146606 0.021134614944458008 0.02265000343322754
1 0.1624026894569397 0.6653454303741455 0.008898735046386719 0.010192513465881348
1 0.14738595485687256 0.6642128825187683 0.010011076927185059 0.010192513465881348
1 0.9087875410914421 0.6704416871070862 0.022246941924095154 0.02265000343322754
0 0.8737486116588116 0.6630803942680359 0.010011129081249237 0.010192513465881348
0 0.886540599167347 0.6642128825187683 0.01112346351146698 0.012457489967346191
1 0.3020022511482239 0.660815417766571 0.010011076927185059 0.010192513465881348
0 0.31646275520324707 0.6613816618919373 0.012235760688781738 0.01132500171661377
1 0.2213570475578308 0.6602491736412048 0.008898735046386719 0.01132500171661377
1 0.36318129301071167 0.6596828699111938 0.010011076927185059 0.010192513465881348
1 0.4983315020799637 0.657417893409729 0.008898764848709106 0.007927536964416504
1 0.9838709682226181 0.6579841375350952 0.0055617354810237885 0.009060025215148926
1 0.22246938943862915 0.6534541249275208 0.011123418807983398 0.009060025215148926
1 0.11512792110443115 0.6523216366767883 0.007786393165588379 0.009060025215148926
1 0.6651835441589355 0.6528878808021545 0.008898794651031494 0.010192513465881348
1 0.09343713521957397 0.6585503816604614 0.022246956825256348 0.02378261089324951
1 0.1479421854019165 0.6506229043006897 0.008898735046386719 0.010192513465881348
0 0.16351503133773804 0.6523216366767883 0.011123418807983398 0.013589978218078613
0 0.4048943519592285 0.6528878808021545 0.011123418807983398 0.01698756217956543
1 0.30255842208862305 0.6466591358184814 0.008898735046386719 0.009060025215148926
0 0.8131256997585297 0.6483578681945801 0.011123478412628174 0.012457489967346191
0 0.31646275520324707 0.6472253799438477 0.012235760688781738 0.012457489967346191
1 0.8859844282269478 0.6466591358184814 0.01001112163066864 0.01132500171661377
1 0.36373746395111084 0.644960343837738 0.008898735046386719 0.010192513465881348
1 0.5300333797931671 0.6432616114616394 0.010011136531829834 0.01132500171661377
1 0.5522803068161011 0.6489241123199463 0.021134614944458008 0.02265000343322754
0 0.5144605040550232 0.642129123210907 0.010011136531829834 0.01132500171661377
1 0.7313681840896606 0.6438278555870056 0.021134614944458008 0.021517515182495117
1 0.708008885383606 0.6370328664779663 0.010011136531829834 0.010192513465881348
0 0.0856507420539856 0.6353340744972229 0.011123418807983398 0.01132500171661377
1 0.1468297839164734 0.6330690979957581 0.008898735046386719 0.009060025215148926
1 0.1624026894569397 0.6336353421211243 0.008898735046386719 0.010192513465881348
0 0.1929922103881836 0.6330690979957581 0.012235760688781738 0.01132500171661377
1 0.36318129301071167 0.629671573638916 0.010011076927185059 0.009060025215148926
0 0.37764179706573486 0.6285390853881836 0.010011076927185059 0.01132500171661377
1 0.25083428621292114 0.6274065971374512 0.005561709403991699 0.01132500171661377
0 0.513904333114624 0.6245753169059753 0.011123478412628174 0.010192513465881348
1 0.2591768503189087 0.6234428286552429 0.008898735046386719 0.010192513465881348
1 0.30812013149261475 0.6217440366744995 0.011123418807983398 0.006795048713684082
0 0.6345939934253693 0.6234428286552429 0.010011136531829834 0.010192513465881348
1 0.6941045522689819 0.6223102807998657 0.008898794651031494 0.007927536964416504
1 0.9816462732851505 0.6240090727806091 0.0055617354810237885 0.01132500171661377
0 0.0856507420539856 0.6211777925491333 0.011123418807983398 0.010192513465881348
1 0.12402671575546265 0.6274065971374512 0.023359298706054688 0.02265000343322754
0 0.7063403725624084 0.6206115484237671 0.011123478412628174 0.01132500171661377
1 0.7230255901813507 0.6206115484237671 0.011123478412628174 0.01132500171661377
1 0.19354838132858276 0.6183465719223022 0.008898735046386719 0.009060025215148926
1 0.4037819504737854 0.6206115484237671 0.008898735046386719 0.015855073928833008
1 0.8409343659877777 0.6177802681922913 0.011123478412628174 0.010192513465881348
1 0.8548387140035629 0.6177802681922913 0.007786422967910767 0.010192513465881348
0 0.8720800913870335 0.617214024066925 0.01557285338640213 0.01132500171661377
0 0.4532814025878906 0.6121177673339844 0.010011076927185059 0.010192513465881348
1 0.5511679649353027 0.6183465719223022 0.021134614944458008 0.02265000343322754
1 0.6345939934253693 0.6081539988517761 0.010011136531829834 0.009060025215148926
1 0.6701891124248505 0.6149490475654602 0.023359298706054688 0.02265000343322754
1 0.6935483813285828 0.6075877547264099 0.010011136531829834 0.010192513465881348
0 0.7063403725624084 0.6064552664756775 0.011123478412628174 0.010192513465881348
1 0.8103448301553726 0.6058890223503113 0.010011136531829834 0.01132500171661377
1 0.8409343659877777 0.6036239862442017 0.008898764848709106 0.009060025215148926
0 0.8537263572216034 0.6041902899742126 0.010011136531829834 0.010192513465881348
1 0.9060066714882851 0.6092865467071533 0.023359283804893494 0.02265000343322754
1 0.25472748279571533 0.5900339484214783 0.006674051284790039 0.01132500171661377
1 0.36429363489151 0.5815402269363403 0.005561709403991699 0.010192513465881348
1 0.4393770694732666 0.5798414349555969 0.006674051284790039 0.009060025215148926
1 0.3843159079551697 0.5781427025794983 0.007786393165588379 0.007927536964416504
1 0.41824251413345337 0.5798414349555969 0.006674051284790039 0.01132500171661377
1 0.39933258295059204 0.5787089467048645 0.006674051284790039 0.01132500171661377
0 0.4121245741844177 0.5775764584541321 0.007786393165588379 0.013589978218078613
1 0.13070076704025269 0.5713476538658142 0.012235760688781738 0.010192513465881348
1 0.22024470567703247 0.5685164332389832 0.008898735046386719 0.009060025215148926
1 0.2858731746673584 0.5673839449882507 0.008898735046386719 0.009060025215148926
0 0.31479424238204956 0.5679501891136169 0.011123418807983398 0.010192513465881348
0 0.3014460802078247 0.5679501891136169 0.011123418807983398 0.012457489967346191
1 0.4521690607070923 0.5651189088821411 0.010011076927185059 0.009060025215148926
0 0.5116796493530273 0.5639864206314087 0.011123478412628174 0.01132500171661377
1 0.6446051299571991 0.5617213845252991 0.010011136531829834 0.01132500171661377
1 0.6913236975669861 0.5611551403999329 0.010011136531829834 0.010192513465881348
1 0.7035595178604126 0.5605888962745667 0.010011136531829834 0.009060025215148926
1 0.2196885347366333 0.5605888962745667 0.010011076927185059 0.01132500171661377
0 0.6318131387233734 0.5611551403999329 0.011123478412628174 0.012457489967346191
1 0.09955507516860962 0.5571913719177246 0.010011076927185059 0.009060025215148926
1 0.1857619285583496 0.5628539323806763 0.022246956825256348 0.02265000343322754
1 0.3003336787223816 0.5549263954162598 0.011123418807983398 0.01132500171661377
1 0.31479424238204956 0.5543601512908936 0.011123418807983398 0.010192513465881348
0 0.8959955498576164 0.5549263954162598 0.012235820293426514 0.01132500171661377
1 0.3381534814834595 0.5605888962745667 0.024471640586853027 0.024915099143981934
1 0.9771968852728605 0.5526613593101501 0.0055617354810237885 0.009060025215148926
1 0.4877641797065735 0.5571913719177246 0.023359298706054688 0.02265000343322754
0 0.510567307472229 0.5498301386833191 0.008898794651031494 0.010192513465881348
1 0.7658509463071823 0.5515288710594177 0.010011136531829834 0.015855073928833008
1 0.6679643988609314 0.5537939071655273 0.021134614944458008 0.02265000343322754
1 0.9243604019284248 0.5503963828086853 0.01112346351146698 0.015855073928833008
0 0.6902113556861877 0.5481313467025757 0.012235820293426514 0.013589978218078613
0 0.7035595178604126 0.546432614326477 0.012235820293426514 0.010192513465881348
0 0.7191323637962341 0.5458663702011108 0.010011136531829834 0.01132500171661377
1 0.8442714065313339 0.5503963828086853 0.02224692702293396 0.02265000343322754
1 0.8086763024330139 0.5424688458442688 0.008898764848709106 0.009060025215148926
0 0.8220244646072388 0.5441676378250122 0.011123478412628174 0.012457489967346191
1 0.8665183484554291 0.5424688458442688 0.008898764848709106 0.009060025215148926
0 0.8959955498576164 0.5419026017189026 0.01001112163066864 0.010192513465881348
0 0.10011124610900879 0.5407701134681702 0.011123418807983398 0.010192513465881348
1 0.2697441577911377 0.5368063449859619 0.010011076927185059 0.01132500171661377
1 0.3448275923728943 0.5356738567352295 0.008898735046386719 0.01132500171661377
1 0.360956609249115 0.5356738567352295 0.012235760688781738 0.01132500171661377
0 0.37430477142333984 0.5356738567352295 0.012235760688781738 0.01132500171661377
1 0.46496105194091797 0.5339750647544861 0.011123418807983398 0.010192513465881348
1 0.9760845378041267 0.5339750647544861 0.0055617354810237885 0.010192513465881348
1 0.4505005478858948 0.5334088206291199 0.011123418807983398 0.01132500171661377
1 0.671857625246048 0.531143844127655 0.011123478412628174 0.009060025215148926
1 0.2764182686805725 0.5294450521469116 0.010011076927185059 0.010192513465881348
1 0.368186891078949 0.5288788080215454 0.006674051284790039 0.01132500171661377
0 0.8203559517860413 0.527746319770813 0.010011136531829834 0.009060025215148926
1 0.10011124610900879 0.5266138315200806 0.008898735046386719 0.009060025215148926
1 0.13181310892105103 0.5271800756454468 0.010011076927185059 0.010192513465881348
1 0.6885428130626678 0.5288788080215454 0.011123478412628174 0.013589978218078613
0 0.8064516186714172 0.5271800756454468 0.011123478412628174 0.010192513465881348
1 0.18520575761795044 0.5322763323783875 0.023359298706054688 0.02265000343322754
1 0.27085649967193604 0.5237825512886047 0.012235760688781738 0.012457489967346191
1 0.374860942363739 0.5226500630378723 0.011123418807983398 0.010192513465881348
0 0.360956609249115 0.5220838189125061 0.012235760688781738 0.01132500171661377
1 0.4805338978767395 0.5198187828063965 0.008898735046386719 0.009060025215148926
1 0.4944382905960083 0.5209513306617737 0.010011076927185059 0.01132500171661377
1 0.5472747385501862 0.5254813432693481 0.022246956825256348 0.02265000343322754
1 0.6368186771869659 0.524348795413971 0.021134614944458008 0.02265000343322754
1 0.6729699671268463 0.5169875621795654 0.011123478412628174 0.010192513465881348
1 0.7180200219154358 0.5158550143241882 0.010011136531829834 0.010192513465881348
1 0.9238042235374451 0.5192525386810303 0.01001112163066864 0.01698756217956543
1 0.835928812623024 0.5118913054466248 0.007786422967910767 0.006795048713684082
1 0.9004449397325516 0.5186862945556641 0.021134600043296814 0.02265000343322754
1 0.1607341766357422 0.5096262693405151 0.010011076927185059 0.009060025215148926
0 0.14738595485687256 0.5096262693405151 0.012235760688781738 0.01132500171661377
0 0.2836484909057617 0.5073612928390503 0.011123418807983398 0.01132500171661377
1 0.3131256699562073 0.5067949891090393 0.012235760688781738 0.010192513465881348
1 0.3003336787223816 0.5062287449836731 0.011123418807983398 0.01132500171661377
1 0.49388211965560913 0.503397524356842 0.011123418807983398 0.010192513465881348
0 0.47942155599594116 0.5033975094556808 0.011123418807983398 0.012457519769668579
0 0.5394883155822754 0.5022649616003036 0.011123478412628174 0.012457519769668579
1 0.09232479333877563 0.5045300275087357 0.022246956825256348 0.023782581090927124
1 0.3898776173591614 0.5000000149011612 0.010011076927185059 0.014722555875778198
1 0.8770856447517872 0.49716873466968536 0.0077864304184913635 0.009059995412826538
1 0.8353726416826248 0.49603623151779175 0.011123478412628174 0.01132500171661377
0 0.14738595485687256 0.4949037432670593 0.010011076927185059 0.01132500171661377
0 0.16184651851654053 0.49660250544548035 0.012235760688781738 0.01472252607345581
1 0.5812013447284698 0.49660250544548035 0.010011136531829834 0.01472252607345581
0 0.18965518474578857 0.4943374842405319 0.014460563659667969 0.012457519769668579
1 0.2997775077819824 0.4932049810886383 0.010011076927185059 0.012457549571990967
0 0.3131256699562073 0.4926387369632721 0.012235760688781738 0.01132500171661377
1 0.46384871006011963 0.48980748653411865 0.011123418807983398 0.010192513465881348
1 0.5166852176189423 0.49603621661663055 0.021134614944458008 0.022650033235549927
1 0.7508342489600182 0.4926387369632721 0.0088987797498703 0.015855014324188232
1 0.6651835441589355 0.4937712252140045 0.022246956825256348 0.022650063037872314
1 0.2931034564971924 0.4864099621772766 0.005561709403991699 0.010192513465881348
1 0.6290322542190552 0.4869762063026428 0.010011136531829834 0.01132500171661377
1 0.6874304711818695 0.4869762063026428 0.008898794651031494 0.01132500171661377
1 0.724137932062149 0.4920724928379059 0.022246956825256348 0.021517574787139893
1 0.8120133429765701 0.4909399598836899 0.02224692702293396 0.021517544984817505
1 0.8353726416826248 0.48357871174812317 0.011123478412628174 0.01132500171661377
1 0.3487207889556885 0.48131370544433594 0.005561709403991699 0.01132500171661377
1 0.8248053342103958 0.4796149432659149 0.007786422967910767 0.007927536964416504
1 0.4126807451248169 0.48131370544433594 0.006674051284790039 0.013590037822723389
1 0.11512792110443115 0.4784824550151825 0.010011076927185059 0.010192513465881348
0 0.16017794609069824 0.4790486991405487 0.011123418807983398 0.01132500171661377
1 0.24805337190628052 0.47621744871139526 0.006674051284790039 0.012457549571990967
1 0.4360400438308716 0.47508493065834045 0.006674051284790039 0.010192513465881348
1 0.5934371650218964 0.4733861982822418 0.007786452770233154 0.006794989109039307
1 0.37263625860214233 0.47451868653297424 0.011123418807983398 0.01132500171661377
1 0.49221354722976685 0.47395244240760803 0.010011076927185059 0.010192513465881348
1 0.6401557326316833 0.472253680229187 0.010011136531829834 0.009060025215148926
1 0.4004449248313904 0.472253680229187 0.011123418807983398 0.01132500171661377
1 0.6279199123382568 0.470554918050766 0.010011136531829834 0.010192513465881348
1 0.20689654350280762 0.4716874361038208 0.008898735046386719 0.01698756217956543
1 0.817018911242485 0.46772366762161255 0.010011136531829834 0.009060025215148926
1 0.10066741704940796 0.46602490544319153 0.010011076927185059 0.010192513465881348
1 0.38876527547836304 0.46942242980003357 0.010011076927185059 0.01698756217956543
1 0.40100109577178955 0.4654586613178253 0.010011076927185059 0.009060025215148926
0 0.8325917720794678 0.4665911793708801 0.010011136531829834 0.01132500171661377
0 0.8748609535396099 0.4665911793708801 0.010011129081249237 0.01132500171661377
1 0.18464958667755127 0.4711211919784546 0.022246956825256348 0.022650063037872314
0 0.8620689660310745 0.4654586613178253 0.011123478412628174 0.01132500171661377
0 0.1607341766357422 0.4643261730670929 0.012235760688781738 0.01132500171661377
0 0.8481646329164505 0.4654586613178253 0.010011136531829834 0.013590037822723389
0 0.2697441577911377 0.4631936550140381 0.014460563659667969 0.01132500171661377
1 0.29922133684158325 0.46149489283561707 0.011123418807983398 0.010192513465881348
1 0.45606231689453125 0.46715742349624634 0.024471640586853027 0.023782551288604736
0 0.522246927022934 0.45979616045951843 0.012235820293426514 0.01132500171661377
1 0.5456062257289886 0.4654586613178253 0.021134614944458008 0.022650063037872314
1 0.7474972233176231 0.46206116676330566 0.0088987797498703 0.015855014324188232
0 0.4911012053489685 0.4586636424064636 0.014460563659667969 0.01132500171661377
0 0.6568409204483032 0.4580973982810974 0.010011136531829834 0.012457549571990967
1 0.6935483813285828 0.4631936550140381 0.021134614944458008 0.022650063037872314
1 0.6707452833652496 0.4569648802280426 0.011123478412628174 0.012457549571990967
0 0.7296996712684631 0.45526614785194397 0.011123478412628174 0.01132500171661377
1 0.9215795323252678 0.4575311541557312 0.01001112163066864 0.015855014324188232
1 0.8331479430198669 0.45243486762046814 0.008898764848709106 0.010192513465881348
1 0.8459399342536926 0.45243486762046814 0.010011136531829834 0.010192513465881348
1 0.8982202410697937 0.4586636424064636 0.021134600043296814 0.022650063037872314
0 0.0856507420539856 0.4501698613166809 0.011123418807983398 0.010192513465881348
0 0.09955507516860962 0.4484711289405823 0.012235760688781738 0.01132500171661377
1 0.19076752662658691 0.4479048550128937 0.012235760688781738 0.010192513465881348
1 0.1768631935119629 0.44733861088752747 0.011123418807983398 0.01132500171661377
0 0.28309231996536255 0.44677236676216125 0.010011076927185059 0.010192513465881348
1 0.4783092141151428 0.4439411163330078 0.008898735046386719 0.009060025215148926
1 0.5211345851421356 0.4433748722076416 0.010011136531829834 0.010192513465881348
1 0.38820910453796387 0.44110986590385437 0.008898735046386719 0.010192513465881348
0 0.4621801972389221 0.4416761100292206 0.012235760688781738 0.013590037822723389
1 0.7280311584472656 0.43997734785079956 0.010011136531829834 0.010192513465881348
1 0.21913236379623413 0.44110986590385437 0.011123418807983398 0.01472252607345581
1 0.6701891124248505 0.43941110372543335 0.010011136531829834 0.01132500171661377
1 0.20800888538360596 0.44054359197616577 0.008898735046386719 0.015855014324188232
1 0.8453837633132935 0.4365798532962799 0.008898764848709106 0.010192513465881348
0 0.09955507516860962 0.4354473352432251 0.010011076927185059 0.010192513465881348
1 0.11624026298522949 0.4348810911178589 0.010011076927185059 0.009060025215148926
1 0.13125693798065186 0.4348810911178589 0.008898735046386719 0.009060025215148926
1 0.1535038948059082 0.44110986590385437 0.022246956825256348 0.021517574787139893
0 0.0856507420539856 0.4365798532962799 0.011123418807983398 0.01472252607345581
1 0.17741936445236206 0.4343148469924927 0.010011076927185059 0.010192513465881348
1 0.19132369756698608 0.43318232893943787 0.011123418807983398 0.010192513465881348
1 0.28309231996536255 0.43318232893943787 0.010011076927185059 0.010192513465881348
1 0.34204673767089844 0.43091732263565063 0.010011076927185059 0.010192513465881348
1 0.7452725172042847 0.43318232893943787 0.011123478412628174 0.01472252607345581
1 0.4610678553581238 0.4292185604572296 0.010011076927185059 0.009060025215148926
1 0.4771968722343445 0.43148356676101685 0.011123418807983398 0.013590037822723389
1 0.5444938838481903 0.4354473352432251 0.021134614944458008 0.021517574787139893
1 0.6262513995170593 0.427519828081131 0.011123478412628174 0.010192513465881348
1 0.6924360394477844 0.43318232893943787 0.021134614944458008 0.021517574787139893
1 0.4249165654182434 0.42582106590270996 0.006674051284790039 0.009060025215148926
1 0.6701891124248505 0.4269535541534424 0.010011136531829834 0.01132500171661377
1 0.9193548411130905 0.4286523163318634 0.01001112163066864 0.01472252607345581
1 0.9694104557856917 0.42582106590270996 0.005561737343668938 0.009060025215148926
1 0.4699666500091553 0.4229898154735565 0.010011076927185059 0.005662500858306885
1 0.5583982169628143 0.4224235415458679 0.0066741108894348145 0.009060025215148926
1 0.8615127950906754 0.4224235415458679 0.010011136531829834 0.009060025215148926
0 0.8737486153841019 0.42355605959892273 0.012235820293426514 0.01132500171661377
1 0.8959955498576164 0.4286523163318634 0.021134600043296814 0.021517574787139893
0 0.5344827473163605 0.4229898154735565 0.012235820293426514 0.012457549571990967
0 0.8437152355909348 0.4229898154735565 0.012235820293426514 0.012457549571990967
0 0.27085649967193604 0.4201585650444031 0.007786393165588379 0.01132500171661377
1 0.7458286881446838 0.41902604699134827 0.005561709403991699 0.009060025215148926
1 0.6790878772735596 0.41902604699134827 0.005561709403991699 0.01132500171661377
0 0.0038931965827941895 0.41789355874061584 0.005561709403991699 0.01132500171661377
1 0.6023359298706055 0.41676104068756104 0.005561709403991699 0.009060025215148926
1 0.17741936445236206 0.3878822326660156 0.010011076927185059 0.010192513465881348
1 0.267519474029541 0.3867497146129608 0.010011076927185059 0.010192513465881348
1 0.2825361490249634 0.3850509524345398 0.008898735046386719 0.009060025215148926
1 0.34149056673049927 0.3844847083091736 0.008898735046386719 0.010192513465881348
1 0.35817575454711914 0.3850509524345398 0.011123418807983398 0.01132500171661377
1 0.3709677457809448 0.3839184641838074 0.012235760688781738 0.01132500171661377
1 0.5494994521141052 0.38221970200538635 0.011123478412628174 0.010192513465881348
1 0.5055617392063141 0.38165345788002014 0.010011136531829834 0.01132500171661377
1 0.5361512899398804 0.38165345788002014 0.011123478412628174 0.01132500171661377
1 0.6674082279205322 0.38052093982696533 0.008898794651031494 0.009060025215148926
0 0.6240266859531403 0.38052093982696533 0.008898794651031494 0.01132500171661377
1 0.8131256997585297 0.3782559335231781 0.008898764848709106 0.009060025215148926
0 0.7997775375843048 0.3782559335231781 0.011123478412628174 0.01132500171661377
1 0.9004449397325516 0.37655720114707947 0.007786422967910767 0.007927536964416504
1 0.3359287977218628 0.3776896893978119 0.006674051284790039 0.012457549571990967
0 0.652947723865509 0.3788222074508667 0.011123478412628174 0.01472252607345581
1 0.8581757545471191 0.3771234452724457 0.010011136531829834 0.01132500171661377
0 0.8876529484987259 0.3771234452724457 0.013348162174224854 0.01132500171661377
1 0.39877641201019287 0.3782559335231781 0.012235760688781738 0.015855014324188232
1 0.11624026298522949 0.37372592091560364 0.010011076927185059 0.009060025215148926
0 0.13014459609985352 0.37429219484329224 0.011123418807983398 0.010192513465881348
1 0.1535038948059082 0.38052093982696533 0.022246956825256348 0.022650063037872314
1 0.2664071321487427 0.3725934326648712 0.010011076927185059 0.009060025215148926
1 0.2825361490249634 0.3725934326648712 0.008898735046386719 0.009060025215148926
1 0.7563959956169128 0.3731596767902374 0.008898764848709106 0.010192513465881348
1 0.2981089949607849 0.372027188539505 0.011123418807983398 0.010192513465881348
1 0.3109009861946106 0.372027188539505 0.012235760688781738 0.010192513465881348
1 0.48275864124298096 0.37599092721939087 0.022246956825256348 0.022650063037872314
1 0.5066740810871124 0.3691959083080292 0.010011136531829834 0.01132500171661377
1 0.6234705150127411 0.36862966418266296 0.007786452770233154 0.010192513465881348
1 0.7191323637962341 0.3731596767902374 0.021134614944458008 0.021517574787139893
1 0.6540600657463074 0.3657984137535095 0.008898794651031494 0.009060025215148926
0 0.6674082279205322 0.36693093180656433 0.011123478412628174 0.01132500171661377
1 0.835928812623024 0.3708946704864502 0.02113458514213562 0.021517574787139893
0 0.7992213517427444 0.3646659255027771 0.010011136531829834 0.01132500171661377
0 0.8131256997585297 0.3646659255027771 0.011123478412628174 0.01132500171661377
0 0.85761958360672 0.3640996515750885 0.011123478412628174 0.010192513465881348
0 0.12958842515945435 0.3567383885383606 0.010011076927185059 0.01132500171661377
1 0.3709677457809448 0.3550396263599396 0.007786393165588379 0.007927536964416504
1 0.4443826675415039 0.35277462005615234 0.007786393165588379 0.007927536964416504
1 0.4888765215873718 0.35390713810920715 0.010011076927185059 0.010192513465881348
0 0.5055617392063141 0.35334089398384094 0.012235820293426514 0.01132500171661377
1 0.6223581731319427 0.3510758876800537 0.010011136531829834 0.01132500171661377
0 0.6662958860397339 0.3510758876800537 0.011123478412628174 0.01132500171661377
1 0.8120133429765701 0.3482446074485779 0.008898764848709106 0.010192513465881348
0 0.08509457111358643 0.344280868768692 0.010011076927185059 0.009060025215148926
1 0.13014459609985352 0.3448471128940582 0.008898735046386719 0.010192513465881348
1 0.15294772386550903 0.3505096137523651 0.021134614944458008 0.021517574787139893
1 0.9649610668420792 0.3448471128940582 0.005561739206314087 0.010192513465881348
1 0.3709677457809448 0.34088334441185 0.010011076927185059 0.009060025215148926
1 0.32758623361587524 0.34031710028648376 0.010011076927185059 0.010192513465881348
1 0.4466073513031006 0.33975085616111755 0.010011076927185059 0.009060025215148926
1 0.48998886346817017 0.34031710028648376 0.010011076927185059 0.010192513465881348
1 0.5417130291461945 0.34597960114479065 0.022246956825256348 0.021517574787139893
1 0.9182424917817116 0.33918461203575134 0.01001112163066864 0.010192513465881348
0 0.6234705150127411 0.3374858498573303 0.010011136531829834 0.01132500171661377
1 0.7180200219154358 0.3431483507156372 0.021134614944458008 0.022650063037872314
1 0.8626251369714737 0.34088334441185 0.02113458514213562 0.020385026931762695
0 0.8120133429765701 0.3357870876789093 0.011123478412628174 0.012457549571990967
0 0.8337041139602661 0.34088334441185 0.025583982467651367 0.024915039539337158
1 0.09899890422821045 0.3284258246421814 0.008898735046386719 0.009060025215148926
1 0.08398222923278809 0.3278595805168152 0.010011076927185059 0.010192513465881348
1 0.17630702257156372 0.3272933065891266 0.010011076927185059 0.01132500171661377
0 0.19021135568618774 0.3272933065891266 0.011123418807983398 0.01132500171661377
0 0.2803114652633667 0.3267270624637604 0.011123418807983398 0.010192513465881348
0 0.3281424045562744 0.32616081833839417 0.013348221778869629 0.01132500171661377
1 0.3403782248497009 0.32559457421302795 0.008898735046386719 0.010192513465881348
1 0.35595107078552246 0.32502830028533936 0.011123418807983398 0.01132500171661377
1 0.6651835441589355 0.3210645616054535 0.008898794651031494 0.010192513465881348
1 0.8109010010957718 0.31879955530166626 0.008898764848709106 0.010192513465881348
0 0.08509457111358643 0.3137032985687256 0.010011076927185059 0.006794989109039307
1 0.1229143738746643 0.3210645616054535 0.023359298706054688 0.021517574787139893
1 0.09899890422821045 0.3137032985687256 0.008898735046386719 0.009060025215148926
1 0.3859844207763672 0.31710079312324524 0.008898735046386719 0.015855014324188232
1 0.4071190357208252 0.31596827507019043 0.006674051284790039 0.013590037822723389
1 0.3553948998451233 0.31200453639030457 0.010011076927185059 0.010192513465881348
1 0.9627363719046116 0.3125707805156708 0.00556173175573349 0.01132500171661377
1 0.32647383213043213 0.31143829226493835 0.010011076927185059 0.01132500171661377
0 0.3403782248497009 0.31143829226493835 0.011123418807983398 0.01132500171661377
1 0.7419354915618896 0.3137032985687256 0.008898794651031494 0.015855014324188232
1 0.5411568284034729 0.31596827507019043 0.021134614944458008 0.022650063037872314
1 0.6879866421222687 0.3142695426940918 0.021134614944458008 0.021517574787139893
1 0.710233598947525 0.3069082796573639 0.010011136531829834 0.01132500171661377
1 0.8898776397109032 0.31200453639030457 0.022246941924095154 0.021517574787139893
1 0.9160178005695343 0.30973953008651733 0.01001112163066864 0.01698756217956543
0 0.8097886592149734 0.3063420057296753 0.011123478412628174 0.012457549571990967
0 0.8320356011390686 0.31200453639030457 0.024471640586853027 0.026047587394714355
0 0.8620689660310745 0.31200453639030457 0.024471640586853027 0.026047587394714355
1 0.08453840017318726 0.2984144985675812 0.008898735046386719 0.010192513465881348
0 0.09844273328781128 0.29784825444221497 0.010011076927185059 0.009060025215148926
1 0.3392658233642578 0.29614949226379395 0.008898735046386719 0.007927536964416504
1 0.6507230401039124 0.2921857237815857 0.011123478412628174 0.009060025215148926
0 0.6357063353061676 0.2921857237815857 0.010011136531829834 0.01132500171661377
0 0.6640712022781372 0.2921857237815857 0.011123478412628174 0.01132500171661377
1 0.7085650861263275 0.29105323553085327 0.008898794651031494 0.009060025215148926
1 0.8670745342969894 0.28935447335243225 0.007786422967910767 0.007927536964416504
1 0.27419352531433105 0.28935447335243225 0.005561709403991699 0.010192513465881348
0 0.42046719789505005 0.28935447335243225 0.006674051284790039 0.010192513465881348
1 0.961624026298523 0.28992071747779846 0.005561739206314087 0.01132500171661377
0 0.8553948849439621 0.28935447335243225 0.013348162174224854 0.012457549571990967
1 0.44938820600509644 0.287089467048645 0.006674051284790039 0.010192513465881348
1 0.08453840017318726 0.2848244607448578 0.011123418807983398 0.010192513465881348
1 0.09899890422821045 0.2848244607448578 0.011123418807983398 0.010192513465881348
1 0.15239155292510986 0.29105323553085327 0.022246956825256348 0.022650063037872314
1 0.5967741906642914 0.2848244607448578 0.005561709403991699 0.010192513465881348
1 0.3859844207763672 0.287089467048645 0.008898735046386719 0.01698756217956543
0 0.1768631935119629 0.28255945444107056 0.011123418807983398 0.010192513465881348
0 0.18965518474578857 0.28312569856643677 0.010011076927185059 0.01132500171661377
1 0.2664071321487427 0.28255945444107056 0.012235760688781738 0.010192513465881348
0 0.3409343957901001 0.28312569856643677 0.010011076927185059 0.01132500171661377
1 0.27975529432296753 0.28199321031570435 0.012235760688781738 0.01132500171661377
1 0.2964404821395874 0.28142696619033813 0.010011076927185059 0.010192513465881348
1 0.510567307472229 0.287089467048645 0.022246956825256348 0.021517574787139893
1 0.5834260284900665 0.28369197249412537 0.010011136531829834 0.01698756217956543
1 0.7397107779979706 0.28312569856643677 0.008898794651031494 0.015855014324188232
1 0.6868743002414703 0.2848244607448578 0.021134614944458008 0.021517574787139893
1 0.6345939934253693 0.2785956859588623 0.010011136531829834 0.01132500171661377
1 0.6501668393611908 0.2774631977081299 0.007786452770233154 0.009060025215148926
1 0.6640712022781372 0.2780294418334961 0.008898794651031494 0.010192513465881348
1 0.889321468770504 0.28142696619033813 0.023359283804893494 0.023782551288604736
1 0.1590656042098999 0.26727065443992615 0.008898735046386719 0.009060025215148926
1 0.3553948998451233 0.2650056481361389 0.010011076927185059 0.01132500171661377
1 0.4443826675415039 0.2644394040107727 0.010011076927185059 0.010192513465881348
1 0.45828700065612793 0.2638731598854065 0.008898735046386719 0.009060025215148926
1 0.5033370554447174 0.2638731598854065 0.012235820293426514 0.01132500171661377
1 0.6334816515445709 0.2627406716346741 0.010011136531829834 0.009060025215148926
1 0.9605116806924343 0.2627406716346741 0.00556173175573349 0.009060025215148926
1 0.8075639605522156 0.26160815358161926 0.008898764848709106 0.009060025215148926
1 0.835928812623024 0.26047566533088684 0.010011136531829834 0.009060025215148926
0 0.6201334893703461 0.26160815358161926 0.012235820293426514 0.013590037822723389
1 0.7942157983779907 0.26047566533088684 0.011123478412628174 0.01132500171661377
1 0.8236929923295975 0.25934314727783203 0.012235820293426514 0.01132500171661377
1 0.21635150909423828 0.2587769031524658 0.010011076927185059 0.01472252607345581
1 0.1824249029159546 0.25990939885377884 0.022246956825256348 0.0215175598859787
0 0.11568409204483032 0.25424689799547195 0.011123418807983398 0.012457534670829773
0 0.12958842515945435 0.2553793787956238 0.012235760688781738 0.01472252607345581
1 0.1590656042098999 0.25311437249183655 0.008898735046386719 0.010192513465881348
1 0.3253614902496338 0.2519818842411041 0.012235760688781738 0.010192513465881348
1 0.3392658233642578 0.2519818842411041 0.011123418807983398 0.010192513465881348
1 0.47997772693634033 0.2576443925499916 0.021134614944458008 0.0215175598859787
0 0.44327032566070557 0.2508493661880493 0.010011076927185059 0.010192513465881348
1 0.7480534017086029 0.25368063896894455 0.010011136531829834 0.015855029225349426
0 0.4571746587753296 0.2497168779373169 0.011123418807983398 0.010192513465881348
1 0.6201334893703461 0.2491506114602089 0.007786452770233154 0.009060010313987732
1 0.7152391672134399 0.25481312721967697 0.022246956825256348 0.02038504183292389
0 0.6329254806041718 0.24858437478542328 0.013348162174224854 0.012457519769668579
1 0.8870967775583267 0.25311437994241714 0.021134600043296814 0.0215175598859787
1 0.8242491632699966 0.24518686532974243 0.008898764848709106 0.007927507162094116
0 0.8364849835634232 0.24688561260700226 0.011123478412628174 0.011325031518936157
1 0.2519466280937195 0.2434881031513214 0.007786393165588379 0.009060025215148926
1 0.3214682936668396 0.24178935587406158 0.006674051284790039 0.012457519769668579
0 0.38876527547836304 0.23952434957027435 0.007786393165588379 0.012457519769668579
1 0.7024471759796143 0.23952434957027435 0.007786452770233154 0.012457519769668579
1 0.7497219070792198 0.23782558739185333 0.006674095988273621 0.011325031518936157
1 0.5906562805175781 0.2366930991411209 0.011123478412628174 0.01585504412651062
1 0.5378198027610779 0.23216308653354645 0.014460504055023193 0.009060025215148926
1 0.5789766311645508 0.2349943369626999 0.007786452770233154 0.01472252607345581
1 0.6401557326316833 0.2293318212032318 0.010011136531829834 0.007927507162094116
1 0.1785317063331604 0.23216308653354645 0.010011076927185059 0.01585504412651062
1 0.3320356011390686 0.22706681489944458 0.010011076927185059 0.010192513465881348
1 0.6256952285766602 0.22763307392597198 0.012235820293426514 0.01585504412651062
1 0.6835372745990753 0.22706681489944458 0.010011136531829834 0.01472252607345581
1 0.9582869857549667 0.22536806762218475 0.005561739206314087 0.011325031518936157
1 0.8581757545471191 0.22650057077407837 0.010011136531829834 0.01585504412651062
1 0.2636262774467468 0.19762174785137177 0.006674051284790039 0.012457519769668579
0 0.360956609249115 0.1936579793691635 0.012235760688781738 0.011325031518936157
1 0.14849835634231567 0.18912796676158905 0.010011076927185059 0.011325031518936157
0 0.3487207889556885 0.18856172263622284 0.010011076927185059 0.010192513465881348
1 0.6518353819847107 0.1857304573059082 0.011123478412628174 0.009060025215148926
1 0.12402671575546265 0.18176670372486115 0.010011076927185059 0.005662500858306885
1 0.6329254806041718 0.18063420057296753 0.011123478412628174 0.010192513465881348
1 0.6952168941497803 0.18346546590328217 0.013348162174224854 0.01585504412651062
1 0.7107897698879242 0.18289920687675476 0.008898794651031494 0.01472252607345581
1 0.7035595178604126 0.1795016974210739 0.005561709403991699 0.010192513465881348
1 0.8236929923295975 0.17723669111728668 0.012235820293426514 0.007927507162094116
1 0.8487208038568497 0.1789354532957077 0.006674081087112427 0.011325031518936157
1 0.9560622908174992 0.16987542808055878 0.00556173175573349 0.011325031518936157
0 0.04449385404586792 0.15458664298057556 0.011123418807983398 0.010192513465881348
1 0.8993325904011726 0.13816533982753754 0.01001112163066864 0.009060025215148926
1 0.792547270655632 0.13363532721996307 0.012235820293426514 0.009060025215148926
1 0.17964404821395874 0.1291053295135498 0.007786393165588379 0.006795018911361694
1 0.2107897400856018 0.1285390667617321 0.007786393165588379 0.007927514612674713
1 0.8676307052373886 0.1285390667617321 0.011123478412628174 0.007927514612674713
1 0.8192436099052429 0.1291053295135498 0.010011136531829834 0.011325031518936157
1 0.7886540591716766 0.12400905415415764 0.008898764848709106 0.007927514612674713
1 0.8081201314926147 0.12740656360983849 0.012235820293426514 0.014722533524036407
1 0.1624026894569397 0.12400905415415764 0.013348221778869629 0.01698753982782364
1 0.30422693490982056 0.12344280257821083 0.010011076927185059 0.018120042979717255
1 0.3197997808456421 0.11721404641866684 0.014460563659667969 0.00792752206325531
1 0.15072304010391235 0.10079275071620941 0.014460563659667969 0.009060025215148926
1 0.18353724479675293 0.1002264991402626 0.006674051284790039 0.00792752206325531
1 0.2213570475578308 0.1002264991402626 0.006674051284790039 0.00792752206325531
1 0.3515016436576843 0.0996602475643158 0.008898735046386719 0.006795018911361694
1 0.2664071321487427 0.0996602475643158 0.005561709403991699 0.009060025215148926
1 0.3070077896118164 0.0996602475643158 0.013348221778869629 0.009060025215148926
1 0.2374861240386963 0.0996602475643158 0.007786393165588379 0.011325031518936157
1 0.2914349436759949 0.09796149283647537 0.013348221778869629 0.00792752206325531
1 0.5639599561691284 0.09060022979974747 0.008898794651031494 0.006795018911361694
1 0.7986651808023453 0.08946772664785385 0.008898764848709106 0.006795018911361694
1 0.8103448301553726 0.08663646876811981 0.012235820293426514 0.00792752206325531
1 0.5545050203800201 0.086070217192173 0.007786452770233154 0.009060025215148926
1 0.5989988744258881 0.086070217192173 0.007786452770233154 0.009060025215148926
1 0.6412680745124817 0.086070217192173 0.007786452770233154 0.009060025215148926
1 0.6117908656597137 0.086070217192173 0.0066741108894348145 0.011325031518936157
1 0.652947723865509 0.0855039656162262 0.013348162174224854 0.010192528367042542
1 0.7892102301120758 0.08493771404027939 0.007786422967910767 0.009060025215148926
1 0.8242491632699966 0.08493771404027939 0.006674081087112427 0.009060025215148926
1 0.876529473811388 0.08493771404027939 0.006674088537693024 0.009060025215148926
1 0.16907674074172974 0.08210645616054535 0.006674051284790039 0.00792752206325531
1 0.8348164558410645 0.08154020458459854 0.010011136531829834 0.006795018911361694
1 0.2408231496810913 0.08210645616054535 0.007786393165588379 0.010192528367042542
1 0.2636262774467468 0.08097395300865173 0.013348221778869629 0.00792752206325531
1 0.8854282572865486 0.07984144985675812 0.0088987797498703 0.005662515759468079
1 0.37263625860214233 0.07757644355297089 0.011123418807983398 0.005662515759468079
1 0.39043378829956055 0.0787089467048645 0.01779758930206299 0.012457534670829773
1 0.4110122323036194 0.06568516790866852 0.012235760688781738 0.006795018911361694
1 0.19799774885177612 0.0645526647567749 0.006674051284790039 0.009060025215148926
1 0.23804229497909546 0.06511891633272171 0.006674051284790039 0.010192528367042542
1 0.2285873293876648 0.0639864131808281 0.007786393165588379 0.010192528367042542
1 0.28698551654815674 0.0639864131808281 0.006674051284790039 0.010192528367042542
1 0.30255842208862305 0.0645526647567749 0.006674051284790039 0.011325031518936157
1 0.31201332807540894 0.06568516790866852 0.007786393165588379 0.013590037822723389
1 0.32758623361587524 0.0639864131808281 0.007786393165588379 0.010192528367042542
1 0.3375973105430603 0.0639864131808281 0.007786393165588379 0.010192528367042542
1 0.24694103002548218 0.06342016160488129 0.011123418807983398 0.011325031518936157
1 0.3843159079551697 0.06285391002893448 0.007786393165588379 0.010192528367042542
1 0.17018908262252808 0.05152887850999832 0.011123418807983398 0.005662515759468079
1 0.38264739513397217 0.050396375358104706 0.011123418807983398 0.005662515759468079
1 0.41323691606521606 0.04869762063026428 0.007786393165588379 0.009060025215148926
1 0.15795326232910156 0.048131369054317474 0.006674051284790039 0.010192528367042542
1 0.19132369756698608 0.048131369054317474 0.011123418807983398 0.010192528367042542
1 0.21134591102600098 0.047565117478370667 0.013348221778869629 0.009060025215148926
1 0.26529479026794434 0.047565117478370667 0.007786393165588379 0.009060025215148926
1 0.30255842208862305 0.048131369054317474 0.006674051284790039 0.010192528367042542
1 0.3464961051940918 0.047565117478370667 0.010011076927185059 0.009060025215148926
1 0.3587319254875183 0.04869762063026428 0.007786393165588379 0.011325031518936157
1 0.3692992329597473 0.047565117478370667 0.011123418807983398 0.009060025215148926
1 0.7819799780845642 0.04586636647582054 0.011123478412628174 0.005662515759468079
1 0.9349276963621378 0.04926387220621109 0.007786426693201065 0.012457534670829773
1 0.2302558422088623 0.047565117478370667 0.006674051284790039 0.011325031518936157
1 0.24026697874069214 0.047565117478370667 0.006674051284790039 0.011325031518936157
1 0.25472748279571533 0.047565117478370667 0.008898735046386719 0.011325031518936157
1 0.9143492802977562 0.047565117478370667 0.01112346351146698 0.013590037822723389
1 0.0856507420539856 0.03510758746415377 0.006674051284790039 0.011325029656291008
1 0.12736374139785767 0.032842584885656834 0.012235760688781738 0.011325029656291008
1 0.18798667192459106 0.03171008173376322 0.006674051284790039 0.011325029656291008
1 0.2981089949607849 0.03057757578790188 0.008898735046386719 0.009060021489858627
1 0.17408233880996704 0.031143827363848686 0.012235760688781738 0.012457530945539474
1 0.24026697874069214 0.03001132421195507 0.015572905540466309 0.010192524641752243
1 0.3498331308364868 0.03057757578790188 0.005561709403991699 0.011325027793645859
1 0.3592880964279175 0.03001132421195507 0.006674051284790039 0.010192524641752243
1 0.30589544773101807 0.029445075429975986 0.006674051284790039 0.011325029656291008
1 0.41323691606521606 0.02831257227808237 0.007786393165588379 0.011325029656291008
1 0.1946607232093811 0.01925254799425602 0.008898735046386719 0.006795015186071396
1 0.2680756449699402 0.016987541690468788 0.006674051284790039 0.011325027793645859
1 0.2124583125114441 0.014156285673379898 0.006674051284790039 0.010192524641752243
1 0.20411568880081177 0.014156285673379898 0.007786393165588379 0.012457530945539474
1 0.3103448152542114 0.01359003409743309 0.006674051284790039 0.011325027793645859
1 0.625139057636261 0.0033975085243582726 0.011123478412628174 0.006795017048716545
1 0.6412680745124817 0.00396376010030508 0.014460504055023193 0.00792752020061016
1 0.6618464887142181 0.00396376010030508 0.0066741108894348145 0.00792752020061016
1 0.7263626158237457 0.0033975085243582726 0.011123478412628174 0.006795017048716545
