1 0.5349813933179681 0.9912505922164563 0.010385796200825914 0.006713245540050261
1 0.9617416592839174 0.9928162610386031 0.005777334788743205 0.013410854735575684
0 0.9363668397296534 0.9928427224634404 0.0080841528222092 0.013413260336603505
1 0.4467476625552165 0.9933236397184129 0.006930743805476203 0.01335272056317438
1 0.4577044711348708 0.992647371786239 0.008085187771586455 0.014705256427522184
1 0.367162399762916 0.9926948821268362 0.006931778754853457 0.014610235746327582
1 0.7823866249640589 0.9916628470518849 0.009239691250281012 0.016095359832762113
1 0.5638169573971197 0.9918907763507591 0.00808622262892722 0.0160941569700912
1 0.621482393425885 0.9857984702611011 0.0080851877715864 0.014753768257968036
1 0.374080236733579 0.9893394621417858 0.009243771443168902 0.021321075716428384
1 0.8942593994287471 0.9821627994500624 0.006928733511342711 0.010731041755517534
1 0.6710755783201874 0.9817252859903105 0.008083117872832002 0.012072752415238974
1 0.8527343259174169 0.9788548898211484 0.009234516595431508 0.009392939435180825
1 0.8187100034433247 0.9802308205355063 0.008083117872832224 0.012072752415239085
0 0.24085711045330965 0.982844181854432 0.010393040662393244 0.016096562571119355
1 0.9657687292051622 0.9800774644334023 0.006931838359474196 0.014752565519611127
1 0.8054448542544672 0.9789042043314382 0.0069297684607199095 0.012071549676881954
1 0.5136346190297052 0.9798787650196146 0.006930803410096886 0.013412057598246596
1 0.013636899475250163 0.9830811321319101 0.008088303703547942 0.018775172824474495
1 0.1064847297169166 0.9816437993538313 0.00924170154441456 0.01877637561333434
1 0.09667926030125919 0.9796433208186173 0.010396145510524757 0.020118086335212837
1 0.14165314680140195 0.9682022733605407 0.008082082923454942 0.010732244493874332
1 0.9219306877067782 0.9687290916290344 0.0069328732168150164 0.01609295423173429
1 0.6353086934022684 0.9670172835078679 0.008083117872832002 0.012072752415238974
1 0.049960786115982675 0.9723193595859259 0.009243771443168923 0.02145739145606329
1 0.890210078510057 0.9660812121875121 0.008084152822209312 0.013413260336603727
1 0.2345004540264648 0.9660947462322276 0.006931808557163771 0.014752565488532654
1 0.8135062386045424 0.9628099877567262 0.009238656392940192 0.01475497112063906
0 0.3008221051068002 0.9673660935435957 0.010398215317242665 0.022798982968700643
0 0.3936668547607305 0.9619072965807927 0.00924066659503725 0.01743586769196981
1 0.09954879640145389 0.9615438145221746 0.009241701544414574 0.01877637561333423
0 0.023424257644952665 0.9616231988802104 0.009241705269703367 0.0187763756172189
1 0.015351478325596003 0.9629720667495641 0.009243774237135509 0.02145739145897707
0 0.004968272711822603 0.9596316816898436 0.00924067032032619 0.0174358676958547
0 0.7696691724048967 0.9528020633312593 0.006930803410096997 0.013412057598246485
1 0.5170725950824588 0.9510547727503216 0.0069297684607199095 0.012071549676882065
1 0.05975073161310991 0.9542126365330168 0.008087272479459569 0.017434664906994857
0 0.6600959714660888 0.9529163286963642 0.009241761149035299 0.018776375675491397
1 0.9755478377662306 0.9478957061981907 0.008083117872832002 0.012072752415239085
1 0.36886043050157796 0.9512093316840182 0.008087257578304419 0.01743466489145551
1 0.8406008521765174 0.9493768813048769 0.010394075611770304 0.017437070492483664
1 0.872892443995775 0.9446515446235779 0.008084152822209423 0.013413260336603727
1 0.8013841491227189 0.9480773279569817 0.010396145510524923 0.020118086335212837
0 0.1508622480846904 0.944734239231672 0.008083117872832085 0.012072752415238974
0 0.6739295755546786 0.9435185185166632 0.00924176114903541 0.018776375675491175
1 0.8250231928246559 0.9406799963435735 0.009239691250281123 0.016095359832762113
1 0.7154484395078002 0.9387835594312524 0.009236586494185905 0.012073955277909998
1 0.23390203089649664 0.9379452177098766 0.008083117872832085 0.012072752415239196
0 0.45824029597116656 0.939722036290479 0.00924170154441456 0.01877637561333423
1 0.1076055310219459 0.9394174315027941 0.009240666595037375 0.017435867691969587
1 0.9720762264569554 0.933153965883206 0.005776299839366006 0.01207034681421093
1 0.4368961387666207 0.9317013596567285 0.00808208292345497 0.010732244493874665
1 0.08972314584108722 0.9334039083573182 0.008088307428836733 0.018775172828359388
1 0.05223757631459211 0.933442999140935 0.00924170154441456 0.01877637561333423
1 0.9438106697016018 0.9238001172471811 0.011539145612937896 0.006714448278407392
1 0.800211593910654 0.9232796110492177 0.005777334788743205 0.013410854735575573
1 0.6791043624091366 0.9234059043573059 0.008084152822209312 0.013413260336603727
0 0.8648046689427821 0.9265634648543222 0.01039821531724261 0.02279898296870042
1 0.9709124681765416 0.9197503874931783 0.01038993590629822 0.012075158016266907
1 0.12546928375687225 0.9213022889045592 0.008084160272786842 0.013413260344373068
0 0.7402315778661485 0.919320692143532 0.008084152822209312 0.013413260336603616
1 0.07875806525504775 0.9233617042959029 0.009242736493791731 0.02011688353469876
1 0.7073570421780054 0.9160037615418414 0.006931838359474085 0.014752565519611238
1 0.9143926791822351 0.9157878601859504 0.010394075611770415 0.017437070492483886
1 0.8342286718311424 0.9125202440945495 0.0069287335113426 0.010731041755517645
1 0.5412660625390247 0.9148365155046045 0.006931838359474085 0.014752565519611238
1 0.8705613647167484 0.9131526100565897 0.0080851877715864 0.014753768257968036
1 0.812886037248352 0.9065103293739245 0.008083117872832002 0.012072752415238863
1 0.9288003706494563 0.9030382384382803 0.006930803410096997 0.013412057598246818
1 0.7269545269435262 0.9025784732622545 0.0069297684607197985 0.012071549676881954
0 0.6877414461205116 0.9059705784298939 0.00924176114903541 0.018776375675491397
1 0.7696298451108736 0.9018637755979593 0.006930803410097108 0.013412057598246596
1 0.8388339688825092 0.9017916080022171 0.006932873216814794 0.01609295423173429
1 0.6300645662740676 0.8973175954698027 0.0069297684607199095 0.012071549676882065
1 0.8642047082899034 0.8964031744343852 0.009237621443562993 0.013414463199274751
0 0.8463279928868499 0.8977623256704816 0.010395110561147614 0.018777578413848306
1 0.10987869894375343 0.8958493529376482 0.006930758706631443 0.013412057551628997
1 0.11622292875758561 0.8965129915343515 0.008087272479459576 0.017434664906994857
1 0.9628174486159631 0.892278931088233 0.008084152822209423 0.013413260336603727
1 0.04067354394802952 0.894581012608141 0.006932828513349379 0.01609295418511636
1 0.9726182906537699 0.8882472431554693 0.009235551544808707 0.0107334473565458
1 0.6675434236688209 0.8885653819956392 0.008088292527681507 0.018775172812820262
1 0.20791321959026876 0.889714949070858 0.009242736493791759 0.02011688353469887
1 0.09084084234400319 0.8871560763468083 0.008087272479459576 0.017434664906994968
1 0.05508382274267545 0.8851826010592618 0.010390970855675287 0.013415665937631771
0 0.14562433056071628 0.8830774795125527 0.009242736493791731 0.02011688353469887
1 0.7869107396125388 0.8757063060227634 0.01615485148658824 0.009400156113950953
1 0.8578470169596997 0.8783132904954369 0.008087257578304308 0.01743466489145551
1 0.6496573939054457 0.8778602003579377 0.009239691250281012 0.016095359832762113
1 0.6784914651651524 0.8764896225480368 0.0069328732168151275 0.01609295423173418
1 0.11678307439804478 0.8750646806246072 0.011543330021875922 0.012076360801241859
1 0.6692621231785522 0.8738182887140404 0.006930803410096997 0.013412057598246596
1 0.27883400277519155 0.8722146723197095 0.00808104797407777 0.009391736572509912
1 0.9777956647896344 0.8714857795902817 0.005776299839366117 0.01207034681421093
1 0.914933190954984 0.8688703755761671 0.0092324467887136 0.006712042801693463
0 0.8105539230659662 0.8736709464901925 0.012699858695859212 0.016098968172147066
0 0.35668759966434493 0.8707930354655252 0.016154851486588073 0.009400156113950953
1 0.9454983212822363 0.868838501580095 0.005776299839366117 0.01207034681421093
0 0.7920927709745824 0.8649770684990956 0.012696753939764216 0.012077563617295062
1 0.6807878742842988 0.8630823762140032 0.006930803410096886 0.013412057598246596
1 0.15598994561683283 0.863629647138022 0.0069307736077866555 0.013412057567168234
1 0.08332768699946719 0.8663863793501059 0.009243771443168916 0.02145739145606329
0 0.9103112754771074 0.8581513618257897 0.009236586494185794 0.012073955277909998
1 0.10581281915715582 0.8583200561656106 0.0103951105611476 0.018777578413848306
0 0.4391397963282603 0.8499295802083021 0.010386831150202946 0.008053753461415125
1 0.761512057078161 0.8449016813645809 0.009236586494185905 0.01207395527791022
1 0.6086826640018748 0.8403693929537206 0.012693649183669109 0.008056159062443058
1 0.019871426725921074 0.8416536132719055 0.01384807070601003 0.009397750551771056
1 0.06889308740065792 0.8442835103977465 0.008087272479459576 0.017434664906994968
1 0.4887257367149771 0.8364730193018217 0.010386831150203002 0.008053753461415014
1 0.9466263745454288 0.8359955103569779 0.008082082923454914 0.010732244493874665
1 0.5083294310847245 0.8310906593411809 0.010386831150202891 0.008053753461414903
0 0.6507735454348735 0.8296016064576113 0.011540180562315205 0.008054956199772034
1 0.07349893168300539 0.8342250686303971 0.012703983592212767 0.021460999842066175
1 0.3560808822222771 0.8319196820062802 0.01731654000630206 0.020125303076140022
1 0.17903056623481972 0.8280828466068835 0.006929738658409457 0.01207154964580337
1 0.14673323762857668 0.8254355685811574 0.011545414821785505 0.014757376659510157
1 0.0867563263861845 0.8254981138349444 0.0069317936560086 0.014752565472993306
0 0.2730302475272385 0.8246336087566917 0.008086222628927164 0.016094156970090978
1 0.034273427040944625 0.8215313767696217 0.008081057287299739 0.00939173658222181
0 0.6928650039471818 0.8195040738600272 0.015001502074475814 0.009398953375593933
1 0.9004773752620883 0.8192875710728007 0.008083117872832113 0.012072752415238974
1 0.18997442327619518 0.8106451151250612 0.008087257578304391 0.017434664891455842
1 0.8872059568643834 0.8099180266119439 0.009242796098412498 0.020116883596855817
1 0.004274107475345829 0.8074876142423776 0.008084163998075657 0.013413260348258182
1 0.35432541289761876 0.7990796381798275 0.011540240166936055 0.008054956261929092
1 0.4627478219494289 0.8023177857829487 0.016163130989569063 0.020124100275625945
1 0.04636914165232772 0.802081740208888 0.009243778893746508 0.021457391463832964
1 0.029645330829829536 0.8027694346701912 0.012707084623019088 0.02548240439303351
0 0.26666324183671286 0.7944793919439455 0.006929708856099115 0.012071549614725008
1 0.3035690169538833 0.7904194383855736 0.009234456990810769 0.00939293937302399
0 0.6311336285732163 0.7880671428444254 0.011540180562315427 0.008054956199772034
1 0.39353748861958493 0.7943470846643659 0.016163130989569063 0.020124100275625945
1 0.9558178820114327 0.7897392587972571 0.008087257578304308 0.01743466489145573
1 0.43966837661095226 0.7875965525570089 0.006929708856099059 0.012071549614725008
0 0.1836131246163628 0.7878635726550393 0.009240666595037389 0.017435867691969698
1 0.012909616456940467 0.7880415860608485 0.009240670320326187 0.01743586769585448
1 0.45754250468658086 0.7828861911221219 0.017309295452698215 0.010741866835829672
1 0.19917629495305322 0.7777937043449638 0.01038683115020303 0.008053753461414903
0 0.08325782929705405 0.7759038827966216 0.009236526889565083 0.012073955215753052
0 0.38371804761742667 0.7742500472138343 0.01038993590629822 0.012075158016267129
1 0.3658402972649961 0.7742686905285663 0.016163130989569063 0.020124100275625945
0 0.6149710150583358 0.7686469746952462 0.018463739418808522 0.012083577557708391
0 0.0924814195494955 0.7712025423345112 0.009239631645660218 0.016095359770605167
1 0.4788716255989566 0.7714698605548893 0.01616313098956912 0.020124100275625945
0 0.7666382022322559 0.7617863869935049 0.015001502074475814 0.009398953375594044
0 0.4477189240249686 0.7574273007999945 0.011542309973653964 0.010735852895416564
1 0.3185404763383656 0.7609132238483145 0.016163130989569063 0.020124100275625945
1 0.5722827006952622 0.7526056810323662 0.009234516595431619 0.009392939435181158
1 0.34448889559888274 0.7568646968637471 0.008087257578304363 0.01743466489145573
1 0.6368753178573228 0.7552192808146314 0.016163130989569008 0.020124100275625945
0 0.5907340209516356 0.7485649721889829 0.013850103351876308 0.012078766355652193
1 0.005385077365007676 0.7525265999517541 0.01039717766593533 0.02145859425366392
0 0.29315217286997897 0.743513380349595 0.009236526889565055 0.012073955215753052
0 0.7003010123322353 0.7404078381095529 0.009236586494185905 0.01207395527791022
1 0.4782700827657199 0.7392988678886048 0.00808104797407766 0.009391736572509912
1 0.6339772764980085 0.7364555345756159 0.012694684041009818 0.009396547774566
1 0.4949944241014175 0.7392814273743871 0.016163130989569063 0.020124100275625945
1 0.42348037754022083 0.7353345960163052 0.011545414821785505 0.014757376659510157
0 0.358886785033404 0.7313804882505184 0.011541275024276876 0.009395344974052033
1 0.25392770783390634 0.7321601964053281 0.006928673906721916 0.010731041693360477
1 0.31275379738699016 0.7354500641508457 0.016163130989569063 0.020124100275625945
1 0.6062889118773813 0.7277712789264741 0.012693649183668998 0.008056159062442836
1 0.7250929476222346 0.732339109339569 0.0173165996109228 0.020125303138296857
1 0.5774502430421347 0.7231096902373191 0.008081047974077604 0.009391736572509912
1 0.3335046911692441 0.7220235730707448 0.016154851486588073 0.009400156113950953
1 0.0220887084857981 0.7256995374639722 0.0069328322386381785 0.01609295418900114
1 0.7965950924956848 0.7208703976250623 0.008082082923454914 0.010732244493874332
1 0.446541194158054 0.7259271634946491 0.016163130989569008 0.020124100275625945
1 0.4897891068845877 0.719849892318181 0.017309295452698215 0.01074186683582945
1 0.16568002043182734 0.7161664130675061 0.008080013116736978 0.00805134786038697
0 0.06764342993257587 0.719619860696188 0.010394075611770394 0.017437070492483553
1 0.5065093085148129 0.7144705393277466 0.009235551544808707 0.010733447356545578
1 0.7250763887543272 0.7108913998300816 0.008083117872832113 0.012072752415238974
0 0.5762870021903913 0.710376306203353 0.01038890095692091 0.010734650094902487
1 0.07398300256624718 0.7142513328559923 0.009240666595037389 0.017435867691969587
1 0.010544856332622577 0.7129769785617919 0.006931797381297412 0.014752565476878199
0 0.5099597037300017 0.7017323440917245 0.01615485148658813 0.009400156113950953
1 0.18758844808114944 0.7081006912832679 0.010397180459901928 0.021458594256577368
0 0.5526360567546897 0.702358035139552 0.009237621443563104 0.01341446319927464
1 0.08608493325509411 0.7028445650027852 0.008086237530082405 0.016094156985630437
1 0.44075399773199003 0.6997937498364983 0.01616209604019181 0.018783592354261303
1 0.7383270489280136 0.6934512627627707 0.013848033453122133 0.009397750512922909
1 0.6472114374544264 0.6975677475412811 0.01616313098956912 0.020124100275626167
0 0.06070490928968844 0.6961686656657409 0.010395110561147586 0.018777578413848306
0 0.011686356443862062 0.6975602326962163 0.011550579697751851 0.021459797046893936
0 0.15355015406657452 0.6913801226869289 0.00923859678831948 0.014754971058482225
1 0.09068922515939404 0.6907754209580099 0.008084167723364469 0.013413260352142853
1 0.4574685072326773 0.6870417224878003 0.00808104797407777 0.009391736572509912
1 0.28215396709754714 0.6905757572769744 0.00808622262892722 0.016094156970090978
0 0.10741510401800217 0.6927687423413782 0.009242736493791717 0.02011688353469865
1 0.9707303205835425 0.6838255232841954 0.008081047974077715 0.009391736572509912
1 0.7400468429917428 0.6800446773403794 0.008081047974077604 0.009391736572509912
0 0.16392353110496533 0.6819859209087702 0.006929738658409457 0.012071549645803481
1 0.9032563401393169 0.6838958866480882 0.018469949023035115 0.020126505876653877
0 0.8265483605283301 0.6752627497410857 0.010390970855675419 0.013415665937631771
1 0.6195147337722158 0.6781596073972421 0.01616209604019203 0.018783592354261414
1 0.17660836845582778 0.6786214799820216 0.00924170154441456 0.01877637561333434
1 0.022626081974852663 0.6747606483343 0.00808209409932131 0.01073224450552901
1 0.5727968217650934 0.6715059000786152 0.010386831150203002 0.008053753461415014
1 0.7400370111567325 0.6673100905058993 0.008082082923454803 0.010732244493874443
1 0.34384702032455616 0.6724149085117195 0.016163130989569063 0.020124100275625945
1 0.2919392554145135 0.6664368677871664 0.009233422133470004 0.008052550660900937
1 0.6368059775835799 0.6654069786172088 0.009234516595431508 0.009392939435181047
1 0.5866319186731281 0.6641188518431183 0.008081047974077715 0.009391736572509912
1 0.011086369527149424 0.6674000019083366 0.008085198947452828 0.014753768269622602
1 0.2775201797342344 0.6644412004229302 0.008083117872832113 0.012072752415239085
1 0.05088184605674649 0.671379969699675 0.011553686782152454 0.025481201604173886
1 0.7504140104259069 0.6626075472432749 0.008083117872832113 0.012072752415238974
0 0.7861704864755246 0.6639107685973329 0.008087257578304308 0.01743466489145573
1 0.8749824443223797 0.6638181535171663 0.0173165996109228 0.020125303138296968
0 0.7129258386708319 0.6592954278436405 0.009235551544808707 0.010733447356545578
1 0.773477354766544 0.6565513249825665 0.008082082923455136 0.010732244493874554
1 0.33921892504476336 0.653652966411318 0.016154851486588073 0.009400156113951064
1 0.5877760133295395 0.6520533161688065 0.010387866007543711 0.009394142173537956
0 0.4009274724340104 0.6555993788698853 0.008086222628927164 0.01609415697009109
1 0.1535222109856093 0.6551871240655353 0.00923859678831948 0.014754971058482225
1 0.6137275671944804 0.6520262533126335 0.016163130989568897 0.020124100275625945
1 0.09123280448136822 0.6478794005465476 0.006928688807877087 0.010731041708899602
0 0.31614465436113615 0.6456341535829594 0.013848093057742872 0.009397750575079966
1 0.4343657759933962 0.6421596570773658 0.00808208292345497 0.010732244493874332
1 0.8461318737533682 0.6437409621508021 0.0173165996109228 0.02012530313829708
1 0.2717350531609066 0.6409887430028876 0.008086222628927164 0.0160941569700912
1 0.3599703064993954 0.6408967293229779 0.01616209604019192 0.018783592354261414
0 0.7013721444841199 0.6338383417222841 0.018462704469431324 0.010743069636343638
1 0.7728846386672691 0.6357744708029398 0.01616313098956912 0.020124100275625945
1 0.4724234077492522 0.6360877984410536 0.017316540006302117 0.020125303076140022
1 0.15004595744334664 0.634413276902733 0.006932843414504591 0.016092954200655596
0 0.6794528351952733 0.6278290283708376 0.011541215419656026 0.009395344911894976
1 0.8911047551524625 0.6309594663449032 0.017315564661545824 0.018784795216932437
1 0.2965228487454338 0.6275581017566869 0.006928673906721916 0.010731041693360477
1 0.1598436648767299 0.626360124841575 0.008082082923454914 0.010732244493874443
1 0.4412722287510013 0.6240559409946633 0.008081047974077715 0.009391736572509912
1 0.07448933185149377 0.6230979213369481 0.008083132773987284 0.01207275243077821
1 0.052576243342740164 0.6251315362927928 0.008086230079504798 0.016094156977860763
1 0.7232774821864658 0.6217510961584131 0.01616209604019192 0.018783592354261414
0 0.5635287295637794 0.6185665324098445 0.01038993590629822 0.012075158016267018
1 0.4245468524659265 0.6227328735875164 0.016163130989569063 0.020124100275625945
1 0.762489010631433 0.6163482887133477 0.009235551544808707 0.010733447356545467
1 0.17540683521342024 0.6162902565314994 0.006931808557163799 0.014752565488532543
1 0.3553370366107712 0.615432426429616 0.01616209604019192 0.018783592354261303
1 0.025461981001899676 0.6130954690601427 0.006930762431920239 0.013412057555513557
1 0.48278381834820894 0.6099375457000203 0.008082082923454859 0.010732244493874443
1 0.8622546424995371 0.6115525886059991 0.0173165996109228 0.020125303138296968
1 0.07851330446722107 0.6063377201691256 0.006930758706631443 0.013412057551628664
1 0.3339882520283748 0.6013795833278881 0.00808104797407777 0.009391736572509912
1 0.8328325718793188 0.5981784190063946 0.016154851486588018 0.009400156113951064
0 0.8166859998036754 0.5995357660106415 0.009236586494185905 0.012073955277909998
1 0.11945752254282788 0.6042842591291135 0.012705010998975919 0.022801388546419554
1 0.3068832891467008 0.6014078489845751 0.016163130989569063 0.020124100275625945
1 0.6015764996823145 0.5997600869701307 0.01731659961092291 0.020125303138296968
1 0.17769811442720088 0.5961806493578876 0.006931808557163799 0.014752565488532654
1 0.4573945097787736 0.5911972538534787 0.010388900956920966 0.010734650094902598
1 0.8616614089255735 0.5901054804656902 0.009236586494185905 0.012073955277909998
0 0.537555959604752 0.5911136597150102 0.006930803410096997 0.013412057598246707
1 0.6280948964183013 0.5869978359102991 0.008082082923455025 0.010732244493874443
1 0.43951675942634305 0.5912158971682104 0.01616209604019181 0.018783592354261303
1 0.22382747984283102 0.5874194149420261 0.006928703709032286 0.010731041724438839
1 0.16269767705839444 0.5881534169570095 0.0069297386584094844 0.012071549645803481
1 0.2630436654679591 0.5880487739338597 0.006931778754853457 0.01475256545745407
1 0.13558910680107378 0.5834899644780019 0.008082082923454914 0.010732244493874443
1 0.552546535382256 0.5864063649171076 0.01616313098956912 0.020124100275625945
0 0.15058695688847373 0.5881660462847105 0.012705003548398347 0.02280138853864988
1 0.41297869906635387 0.5785090341637025 0.01615485148658813 0.009400156113951064
1 0.28034105923291086 0.5833390139303083 0.016162096040191865 0.018783592354261303
1 0.8783769533296197 0.5786939014337359 0.0173155646615456 0.018784795216932437
1 0.5686843701768871 0.5736549389375881 0.009235551544808707 0.010733447356545467
1 0.06926176363721857 0.5748460024129911 0.006929723757254258 0.012071549630264244
0 0.6949808179434129 0.5721827848036787 0.010393040662393216 0.016096562571119133
1 0.546765578362729 0.5683158795468239 0.01384699859578109 0.008057361800800078
1 0.15402957522023306 0.5653742204678556 0.012700863842926069 0.017439476062433235
0 0.749182464249798 0.5614023689332507 0.0080841528222092 0.013413260336603505
1 0.43833902960544674 0.559715819467486 0.009234456990810713 0.009392939373023879
1 0.14191523277351042 0.5606951316754014 0.006932843414504564 0.016092954200655596
1 0.6892003783525564 0.5547624937894564 0.008082082923454803 0.010732244493874554
1 0.45563955797482214 0.559027523592329 0.01616209604019192 0.018783592354261414
1 0.6678619430798589 0.554114491482891 0.0069297684607197985 0.012071549676882065
0 0.7612900647164501 0.557368275461616 0.009243831047789808 0.021457391518220348
1 0.8183757212830642 0.5472551661862846 0.0103878660075436 0.009394142173537845
1 0.10326435999311342 0.5453198821791742 0.01038786600754378 0.009394142173537956
1 0.5900026243048753 0.548163513614511 0.0173155646615456 0.018784795216932437
1 0.14940147994044017 0.5466122783674541 0.010394075611770415 0.017437070492483775
1 0.13036619576695946 0.5412702119909439 0.0069276687596551145 0.009390533803074419
1 0.4290968105863435 0.5402884345773797 0.016162096040191865 0.018783592354261414
1 0.46715495981688804 0.53488682990175 0.009235491940187968 0.01073344729438841
1 0.825861983305131 0.5331722532581771 0.009235551544808707 0.010733447356545578
1 0.16381072378570893 0.5358733588972102 0.009240666595037417 0.017435867691969698
1 0.5403959853447787 0.5348104525352871 0.017315564661545713 0.018784795216932437
1 0.10325349325474413 0.5312448470279502 0.012697773987986133 0.013418071523120467
0 0.929087842223434 0.5283729447492864 0.0080851877715864 0.014753768257968036
1 0.7485824440383166 0.5312421381800914 0.016163130989569008 0.020124100275625945
0 0.21109400079160545 0.5277811756570561 0.006929738658409457 0.01207154964580337
1 0.0899857418373067 0.5265670206406309 0.009234456990810741 0.009392939373023879
1 0.8956370896993027 0.5257268695396138 0.008083117872832002 0.012072752415238974
1 0.9815619325298339 0.5209455433094985 0.006930803410097219 0.013412057598246596
1 0.31201046925017295 0.5196330625348637 0.015009721972836065 0.020122897475111867
1 0.6989752875575135 0.5172187635355645 0.016162096040191698 0.018783592354261414
1 0.1118915895637635 0.5151500290452118 0.006930758706631443 0.013412057551628886
1 0.9250390387794324 0.5129616114474185 0.006930803410096997 0.013412057598246596
1 0.2468385900546317 0.5136688539229863 0.00923963164566019 0.016095359770605167
1 0.07671127079153167 0.5131760119659137 0.008085202672741626 0.014753768273507384
1 0.024227854902925408 0.5085390209389373 0.009233425858758783 0.00805255066478583
1 0.337375486771737 0.5068720142444675 0.010386831150202946 0.008053753461414903
1 0.5311439345021698 0.502648495711856 0.010386831127193963 0.008053723659104506
1 0.09112465438829091 0.5077990645765074 0.009240666595037389 0.01743586769196981
1 0.8379519900005167 0.5063500019603113 0.017315564661545713 0.018784795216932493
1 0.36793702461299316 0.5021484071960066 0.009234457013819863 0.009392969175334442
0 0.2064617658063403 0.5036573210804379 0.006929738658409457 0.012071549645803481
1 0.2641303215268695 0.5015864642335585 0.018462704492440363 0.01074309943865398
1 0.13321606820863804 0.4977015469266962 0.008080013093727856 0.008051318058076518
1 0.28085101079495933 0.4968773205314192 0.008083117872832057 0.012072752415239085
0 0.9209886233297533 0.49553954612797113 0.00808622267494541 0.01609421657471194
1 0.5784292664481427 0.49723725382419426 0.017315564661545713 0.018784795216932437
1 0.306801012247339 0.49483951069435456 0.01616209601718277 0.018783562551950905
1 0.2416270632105662 0.48619436074552413 0.010387866053561984 0.009394201778158806
1 0.7422030787899767 0.4850021242719176 0.008082082969473103 0.010732304098495293
1 0.06861831363311163 0.4883855118068465 0.008086237576100594 0.01609421659025123
1 0.12859314384690126 0.4856420103266056 0.008084160272786842 0.013413260344373235
1 0.030554489059837767 0.4864144719090415 0.008087268754170769 0.017434664903110186
1 0.7145218990493054 0.4857012155183119 0.017316599564904833 0.020125243533676285
1 0.43943293016043816 0.4826368715017191 0.01616209604019181 0.018783592354261303
1 0.25950222623557206 0.4828245072320017 0.01616209604019192 0.018783592354261303
1 0.8310114143830393 0.4802178208739062 0.017316599564904722 0.020125243533676174
0 0.3217771288234867 0.47136547749514957 0.016154851532606318 0.009400215718571803
1 0.277370114973691 0.4700713069161786 0.010387866053562012 0.009394201778158695
1 0.9630666277532582 0.4680157383780621 0.0092407261996581 0.0174358677541267
0 0.3852137198390789 0.4706290699102166 0.009243771397150713 0.02145733185144255
1 0.8823248511651205 0.4634082455989427 0.009235551590827007 0.010733506961166261
1 0.24910659077216737 0.4633983549524895 0.009234471937984157 0.009392998993184076
1 0.6868252549947247 0.46629310511442645 0.0173155646615456 0.018784795216932382
0 0.9134656808766816 0.46203529205248106 0.006930803410097219 0.01341205759824654
1 0.2600628595484094 0.46204645031401803 0.010389935906298109 0.012075158016267074
0 0.9924736918836166 0.4619529007456052 0.00808622267494541 0.016094216574711995
1 0.4123135080659034 0.46389838385594845 0.015008687023458922 0.018782389553747447
0 0.32868875621293214 0.4599641520077179 0.009237561838942254 0.013414463137117583
1 0.3177298777575326 0.4579648464707077 0.008081048020095849 0.009391796177130651
1 0.5241893873327051 0.45841980041359887 0.017315564661545713 0.018784795216932493
1 0.06801418163281497 0.4528633387460241 0.011539194041692458 0.006714448328909994
0 0.7364132652571869 0.45551753024836483 0.008088292527681618 0.018775172812820207
1 0.4388319048248992 0.45113616259842726 0.00808104802009596 0.009391796177130651
1 0.19662007385275482 0.45473995936677625 0.008088292527681562 0.018775172812820207
0 0.7710075949630408 0.44542781582304336 0.01038993590629822 0.012075158016267018
1 0.4953398219107604 0.43968311699967777 0.008082082969473048 0.010732304098495293
1 0.8696208527177709 0.44197376683295253 0.01616209604019192 0.018783592354261414
1 0.23293878027371373 0.4372757962313485 0.011544379872408334 0.013416868738145682
0 0.9071028148916283 0.4372429877159516 0.008087257578304308 0.017434664891455676
0 0.5893384384745006 0.43489340106151037 0.01846373941880841 0.01208357755770817
1 0.4071035336459037 0.4384346525605331 0.01616209604019192 0.018783592354261303
1 0.31771487129068193 0.43852786904095664 0.015008687023458922 0.018782389553747336
1 0.7963746525580397 0.43534775360414446 0.0173155646615456 0.018784795216932493
1 0.26580658890595066 0.43187957435572133 0.008082082969473159 0.010732304098495238
1 0.19198989379606146 0.4332970312414953 0.008086222674945381 0.01609421657471194
1 0.5189794128896963 0.4329560393158731 0.01616209604019181 0.018783592354261414
1 0.847118141689971 0.42725193217567725 0.008082082969472992 0.010732304098495293
1 0.24446606887936184 0.4285506158265868 0.009236526889565111 0.012073955215753052
1 0.054152141202948506 0.4253978963183977 0.009235491986206122 0.010733506899009204
1 0.8240464583107594 0.42258429974379885 0.008081048020095793 0.009391796177130651
1 0.5777941182297224 0.42150061794948446 0.009234516641449697 0.009392999039801786
1 0.4889800607278205 0.41891227682262117 0.009232387184092805 0.006712042739536406
1 0.49762849887295213 0.41622226984050437 0.00808104802009596 0.009391796177130762
1 0.12969274025671962 0.41593573671521733 0.010386831104184799 0.008053693856794164
1 0.9774427538857213 0.41438142969115377 0.010387866053562012 0.009394201778158862
1 0.38056078625742507 0.4196955635455839 0.01616209604019192 0.018783592354261414
1 0.06798623852884061 0.41667031032232005 0.01616107971725872 0.0174430844523209
1 0.8695970493422779 0.4111426806877756 0.009235551590826896 0.010733506961166261
1 0.6752513796402945 0.414696561561117 0.0173165995649045 0.02012524353367623
1 0.71330898159384 0.40862470295588343 0.008082082969473103 0.010732304098495238
0 0.4041967252032667 0.4082768273773234 0.012694684087028008 0.00939660737918685
1 0.3125054143223617 0.4137343619039132 0.016163130989569063 0.020124100275625945
1 0.9572535283196639 0.4083703121700147 0.009237621443562993 0.01341446319927464
0 0.5795128177164444 0.4067534948655753 0.012694684087028008 0.009396607379186739
1 0.1867778644244808 0.40515234369243236 0.006928703755050475 0.010731101329059745
1 0.35863322733693515 0.4029623954083152 0.009234457036828958 0.009392998977644673
1 0.9705103980975769 0.3989731034216494 0.00808415282220909 0.01341326033660356
0 0.06912567041715781 0.3985726082169364 0.011542295118516968 0.010735912484498011
1 0.3753518467637934 0.3955723103692228 0.015008687023458867 0.01878238955374739
1 0.24501224297933832 0.38900580560614556 0.008080013070718789 0.008051288255766176
1 0.41283225653659417 0.3888307991724854 0.009235491986206157 0.01073350689900926
0 0.7692345020648059 0.3897996142014379 0.006932873262833206 0.016093013836354975
0 0.08584379472106024 0.3905122691938529 0.010393040708411433 0.016096622175739927
1 0.9566597772710119 0.3862529500690235 0.008083117872832113 0.01207275241523903
1 0.6688885136552412 0.38990425722458755 0.01616209604019192 0.018783592354261358
0 0.22079080263949696 0.3890310642615475 0.010393040708411405 0.01609662217574004
1 0.5771925456171844 0.3893296551165888 0.0173165996109228 0.020125303138296968
1 0.09449068793872187 0.38581155992654026 0.006929723757254272 0.0120715496302643
0 0.0754579985432435 0.38382070374105126 0.005777364591053616 0.013410854766654101
1 0.9814548173401155 0.382205655656202 0.006931838313456007 0.014752505914990388
1 0.23347408761231186 0.3836559210573729 0.008088292527681562 0.018775172812820207
1 0.4226268592138823 0.37675624255647533 0.008080013070718761 0.00805128825576612
0 0.9704938392296696 0.377525393912162 0.010390970855675197 0.013415665937631605
0 0.11985983773818974 0.3784124539224409 0.011544364971253135 0.013416868722606279
1 0.06276746906284299 0.37981247030953635 0.010393040708411433 0.016096622175739983
1 0.528163158396435 0.376646186962091 0.01616209604019192 0.018783592354261414
1 0.260573846036826 0.3769252350341831 0.016162096040191865 0.018783592354261414
1 0.09102012650298819 0.3724103573196911 0.006927653904518119 0.009390593392155921
1 0.9485725196927075 0.36883512426045006 0.008081048020096127 0.009391796177130651
1 0.031618887636561066 0.37113182305125336 0.008083127186054077 0.012072752424951094
0 0.8909029439354608 0.36956548807158096 0.008086222674945187 0.016094216574711828
1 0.8286202495859707 0.3709709170454502 0.0173155646615456 0.018784795216932326
0 0.7542227102622427 0.3670270628552645 0.009235551590826785 0.010733506961166261
1 0.6423452786173934 0.37049494402018807 0.01616313098956912 0.020124100275625945
1 0.27613649892183684 0.36618514256573564 0.008082082969473103 0.010732304098495182
1 0.2161580501795432 0.36423695572424697 0.008083117872832085 0.012072752415239085
1 0.7622928915209602 0.36232695499597856 0.009236586494185905 0.012073955277910109
0 0.17809577614468158 0.364276647908121 0.008087257578304363 0.017434664891455676
0 0.856869247519435 0.3588771157766083 0.009235551590826785 0.010733506961166317
1 0.10370082414837839 0.36368400391672584 0.009241701544414574 0.01877637561333423
1 0.93933754518119 0.35879111600603336 0.00808622267494541 0.016094216574711884
1 0.11465141569623755 0.35495942490445165 0.005776329641676445 0.012070346845289459
1 0.6117651418002814 0.35108981078419865 0.010386831104184924 0.008053693856794164
1 0.9906577090191773 0.35069469320838764 0.006928733557360789 0.010731101360138273
1 0.8003473886954017 0.3522336620335825 0.01616209604019203 0.018783592354261414
1 0.2553648990926167 0.3528019818655916 0.015008701924614065 0.018782389569286573
1 0.5235298586594823 0.35118182449518676 0.01616209604019181 0.018783592354261358
1 0.95432553360826 0.35073258120702977 0.01039925026661992 0.024139490890064896
1 0.022372006780686036 0.3456722717291042 0.005776325916387645 0.012070346841404733
1 0.9952661108496482 0.3439874914732177 0.009237621443562993 0.01341446319927464
1 0.9433635801760667 0.34471184128177845 0.006931838313456118 0.014752505914990388
0 0.8274430371937447 0.3401410337007872 0.010390970855675197 0.013415665937631605
1 0.9658497323589683 0.33798599623187675 0.00808518772556821 0.014753708653347297
1 0.9329762315971932 0.3360095437492404 0.006928733557360789 0.010731101360138218
1 0.6573152153801203 0.33897796756980353 0.01616209604019181 0.018783592354261414
1 0.3856890012642561 0.3392612254126162 0.015008687023458922 0.018782389553747336
1 0.030437024583429603 0.334269773262893 0.008080024246585164 0.008051288267420575
1 0.09906289703357515 0.3321874749818441 0.006929723757254272 0.0120715496302643
1 0.34242608207087166 0.3259015191593334 0.00692867395274005 0.010731101297981216
1 0.9271998721532064 0.32395122487801264 0.009235551590826896 0.010733506961166317
1 0.9456527448106364 0.32192124811436584 0.009234516641449808 0.00939299903980173
0 0.7063249389308488 0.326192262055341 0.01039821536326102 0.02279904257332116
0 0.5921335043495688 0.32027917212344603 0.008084152822209312 0.01341326033660356
1 0.47506006982520244 0.31637982130365105 0.006928673952740161 0.010731101297981216
0 0.026388216482816956 0.31885843996588104 0.011545405462545281 0.014757317045177354
0 0.7414959433657681 0.3161019760631515 0.00923969129629909 0.016095419437382963
1 0.20458676215253768 0.3159916223697283 0.008085187725568238 0.014753708653347353
1 0.29224532588381513 0.3159002100745365 0.015007652074081668 0.017441881632382805
1 0.38048006177062443 0.31513797223625506 0.016162096040191865 0.018783592354261358
1 0.9698659355188346 0.31117213467314164 0.006931838313456118 0.014752505914990388
0 0.16709550051951366 0.3086580685973921 0.006930773607786628 0.013412057567168068
0 0.678051620170212 0.306784753020634 0.009243831001771396 0.02145733191359961
1 0.2455232294677549 0.30388459032631066 0.01616109089312509 0.017443084463975356
1 0.9196836567560409 0.2991601232798402 0.008085187725568321 0.014753708653347297
1 0.7881973561096038 0.3013079738101339 0.017315564661545713 0.018784795216932437
1 0.6947717621958166 0.3014054000923565 0.017315564661545713 0.018784795216932382
0 0.8735470170305148 0.2985379810910907 0.00808622267494541 0.016094216574711884
1 0.2841565159044541 0.2964716521862266 0.012695719036405151 0.010737115300551325
1 0.9629331218606223 0.29509355438079804 0.006931838313456118 0.014752505914990333
1 0.3545145363652008 0.2970685357817312 0.015007652074081723 0.017441881632382805
1 0.5338680481093223 0.29621124745994476 0.01616209604019192 0.018783592354261358
1 0.40122215866724503 0.2903174022430386 0.009234457036828903 0.009392998977644729
1 0.19995504464196112 0.29253802175379234 0.0057773645910536575 0.013410854766654046
1 0.07653843758186338 0.2893155104330393 0.008085202626723423 0.01475370866888659
1 0.23455089694656134 0.2844590394392858 0.008082082969473159 0.010732304098495238
1 0.9963724305670749 0.2829943405407216 0.006931838313455896 0.014752505914990388
1 0.21955770406233138 0.2858151538717868 0.017315534859235288 0.01878479518585391
1 0.9571562449649559 0.2823650113511984 0.006932873262833317 0.01609301383635492
1 0.9133264828775165 0.28174046349926385 0.009238656346922114 0.014754911516018432
1 0.48541585306931767 0.2841974318969507 0.016162096040191865 0.018783592354261358
1 0.022895408706248867 0.27663685348642486 0.00923963541696722 0.016095419379110742
1 0.782410647355918 0.2758448141437437 0.017315564661545713 0.018784795216932437
1 0.5107808407885714 0.2714363836376331 0.009234516641449697 0.00939299903980173
1 0.28183106915034456 0.2723453920396589 0.017309295498716515 0.010741926440450411
1 0.6451511516492192 0.2699557800978152 0.008083117872832113 0.01207275241523903
1 0.34930507939688055 0.27227502864468767 0.01616209604019181 0.018783592354261358
1 0.8100840651143152 0.26509209230097747 0.008082082969472992 0.010732304098495238
1 0.4559896129413169 0.2654613498522081 0.008082082969473214 0.010732304098495238
0 0.009049927144289765 0.27061912056828585 0.009242740173062335 0.020116823933962857
1 0.9859773200059272 0.2642384124118117 0.011543285318410423 0.012076360754623983
1 0.06613815236586633 0.26385716190654823 0.008083132773987284 0.012072752430778322
1 0.21550372596348027 0.26370140017233756 0.011545414775767315 0.014757317054889418
1 0.27893722710112345 0.258943558214703 0.01154024012091781 0.008054896657308186
1 0.6878177324895358 0.2578469438536265 0.008081048020096016 0.009391796177130707
1 0.03960525171355322 0.25785265971053994 0.008082097870628302 0.01073230411403453
1 0.6618661786188427 0.25787399925922183 0.016161061102319185 0.01744309933405197
1 0.23452864597212503 0.2556386853738453 0.010392005759034262 0.014756114254375424
1 0.07766389604404444 0.25312127921659094 0.008081062921251145 0.009391796192669971
1 0.015381736404455861 0.25519696958375276 0.008084163055248908 0.013413245446131622
0 0.3181497904724587 0.2548812288886918 0.009239631691678463 0.01609541937522596
0 0.5880448561368554 0.2532592971275959 0.006932873262833095 0.01609301383635492
1 0.32679771116591083 0.251520997748203 0.008083117872832002 0.012072752415239058
1 0.06209038199709291 0.249786321626832 0.006930762408911141 0.013412027753203243
1 0.9236786438735913 0.2448663932252963 0.006930803398592311 0.01341204269709137
1 0.4507801559729966 0.24066784271516461 0.006927639003362962 0.009390593376616657
1 0.996338277904892 0.23875844340269248 0.00692769860798359 0.009390593438773714
1 0.7235597195009732 0.24038338213399493 0.008085187725568321 0.014753708653347353
1 0.010180043729458455 0.24045707068892036 0.009237565541221973 0.013414433338691995
1 0.5436290453784174 0.24057101783319904 0.015007711701711668 0.017441911496850204
1 0.7425805295834469 0.22695872502589703 0.009234516641449697 0.00939299903980173
1 0.4957540425076531 0.22922683996055357 0.01616209604019181 0.018783592354261358
1 0.4057886756440648 0.22932065784123415 0.01616209604019192 0.018783592354261414
1 0.6774127900933782 0.22635642889023638 0.0173155646615456 0.018784795216932437
1 0.007860302818880314 0.22370345508398048 0.01154333421282584 0.012076360805612224
1 0.765070303997132 0.22492453849152969 0.008088292527681618 0.018775172812820207
1 0.8083176992604818 0.21817702825553442 0.00692873353435175 0.010731071557827848
1 0.6076278518987095 0.22106727047778524 0.01616209604019181 0.018783592354261358
1 0.36079771277831696 0.2186437120268307 0.009237561815933215 0.013414433334807213
1 0.9576817502593495 0.21601053441050888 0.008083117872832224 0.012072752415238974
1 0.7921711271618292 0.21953434545747086 0.01616209604019181 0.01878359235426133
1 0.6456854538522552 0.21499541187255167 0.009234516641449697 0.009392999039801703
1 0.24084080040407907 0.21474735326054784 0.011540240143926933 0.008054926459618528
1 0.08282574626137879 0.2162526140632804 0.006928688830886168 0.010731071511210083
0 0.05802967127741157 0.21895944525820285 0.0080862375761006 0.016094216590251176
1 0.7252676118539467 0.21156122383670484 0.006928733534351861 0.010731071557827876
0 0.8532983426303458 0.2154491481448521 0.009243831001771508 0.021457331913599664
1 0.9023142757622918 0.21070634114702497 0.01039821534025176 0.022799012771010763
1 0.7419888483990356 0.20752233406416937 0.017315564661545713 0.01878479521693241
0 0.6445232479383843 0.20360252085879488 0.009235551567817968 0.010733477158855892
0 0.18316137793367598 0.20274316005504822 0.011540240143926905 0.008054926459618611
1 0.9098067473885851 0.20466635653786341 0.006932873262833095 0.01609301383635489
1 0.7811998593693141 0.20144927265842172 0.008081048020095905 0.009391796177130707
1 0.48996736356778225 0.20376369516424 0.01616209604019192 0.018783592354261414
0 0.16643342924534082 0.19806891223588197 0.015001472318183634 0.00939901294913631
1 0.7690844373042625 0.1954297206946863 0.009235551567817857 0.010733477158855864
1 0.9807342278386082 0.1958792471962662 0.008085187725568432 0.014753708653347353
1 0.044171768690373 0.19685591530873547 0.008085202626723423 0.014753708668886645
0 0.05166784766930395 0.19550761903295794 0.00924273647078263 0.020116853732388446
1 0.011302914642888788 0.20091164417507928 0.013864628222952292 0.03084551966442256
1 0.6231749808421811 0.19021994661890446 0.017315564661545713 0.018784795216932437
1 0.34520038975643474 0.18447765339656685 0.008081048020095905 0.009391796177130679
1 0.9120980414805118 0.1845567195464021 0.006932873262833206 0.01609301383635492
1 0.7362031745832225 0.18339966741798847 0.0173155646615456 0.01878479521693241
1 0.35615616342122547 0.18245550967525942 0.009239631691678463 0.016095419375225933
1 0.6491213004591563 0.18349047832846246 0.009243831001771508 0.02145733191359961
0 0.5729931599379507 0.17887817434728706 0.009238656346922114 0.014754911516018432
1 0.28290789338574923 0.17314851040603263 0.012693649160659959 0.008056129260132605
0 0.38671407904320254 0.17304025901241935 0.010390970832666158 0.013415636135321263
1 0.0033371503678795563 0.17411042684034433 0.006674300735759113 0.01475250587177182
0 0.8884450262150834 0.17385752204680327 0.010395110561147503 0.018777578413848278
0 0.8417275720780288 0.16787406875101565 0.0069297684607197985 0.01207154967688201
1 0.048763127705847176 0.16803075006843252 0.005777357117466929 0.01341082495657403
1 0.6906287801647066 0.1640101854276796 0.0069297684607197985 0.012071549676882037
1 0.21600488062839102 0.16584561295917774 0.01269879399018986 0.014758519824324912
1 0.6179660413485495 0.1660966934425433 0.01616209604019181 0.018783592354261386
1 0.8740202584052662 0.16448918032430346 0.009243831001771508 0.02145733191359961
1 0.9657136391389074 0.16171260203582205 0.008088292527681396 0.018775172812820234
0 0.33133887237768556 0.1576824500226403 0.012694684087027952 0.009396607379186794
1 0.893622917837141 0.15776632734345308 0.006930803387088069 0.013412027795936171
1 0.21196278932763576 0.15914741724901152 0.009238596742301264 0.014754911453861375
1 0.9293799113269334 0.15973975795472772 0.009242796075403459 0.020116853794545447
1 0.07066897174152881 0.15661380318036378 0.005776329641676445 0.012070346845289515
0 0.34575277342612426 0.15297572679160576 0.01154024014392685 0.008054926459618611
0 0.13986739594455325 0.1491689761352829 0.01500250724455171 0.010739491068190471
1 0.18600141854034424 0.14643990815632024 0.008082082946464009 0.010732274296184868
1 0.05682038352631655 0.1465746210058495 0.008082097847619207 0.010732274311724133
1 0.9362873692085962 0.14297652002215794 0.006930803387087847 0.013412027795936171
1 0.774236455698091 0.14582648360805078 0.0173155646615456 0.01878479521693241
0 0.3849591272162419 0.1408704989489592 0.013847058177392957 0.008057332060646627
1 0.20041635451515105 0.14307366304433988 0.018463739418808467 0.012083577557708197
0 0.6098745844256384 0.14331691051644463 0.006932873262833095 0.01609301383635492
0 0.218867674783029 0.13903296910211188 0.011543344923031107 0.012076360816781068
0 0.5279799758885724 0.13938085953520934 0.009239691296299202 0.016095419437382963
1 0.02336551362543667 0.13856660349434083 0.00808416397506656 0.013413230545947619
1 0.9685753983556727 0.13355946515854683 0.009233481715081648 0.008052520920747541
1 0.2678815827657045 0.13160920581955868 0.010386831127193907 0.008053723659104561
1 0.4305081658582082 0.12741816271435466 0.010386831127193963 0.008053723659104575
0 0.13235631049589547 0.13108029125602066 0.006931808516897869 0.014752513334489417
1 0.7194348487503317 0.12644662395969705 0.009234516641449697 0.009392999039801717
1 0.6583065983410665 0.12919132452681764 0.006931838319208294 0.01475251336556796
0 0.21309136004250773 0.12697465018426635 0.013848063301450636 0.009397810148622288
1 0.9408911734520224 0.13023713688677688 0.011549494899627866 0.020119259271259446
1 0.14446394077636257 0.12704621265446273 0.01039200576478655 0.014756121704952982
0 0.8313138327933616 0.12498947114922114 0.006931838319208294 0.01475251336556796
1 0.7471170634058666 0.12708799593120162 0.016162096040191698 0.0187835923542614
0 0.050462699635185765 0.12848472215797646 0.011551616906407214 0.022800215563755166
1 0.16925846337077768 0.12232866428095904 0.006930773590529793 0.01341203521543527
0 0.9685629792047422 0.11747368302643124 0.011542250392042375 0.010735882635569918
1 0.8797525737560675 0.11957702646104544 0.009242796081155635 0.020116861245123047
1 0.2021242021589068 0.11425149734308998 0.010386831127193907 0.008053723659104575
1 0.8987770060837057 0.11084404649492594 0.008080013093727967 0.008051318058076545
1 0.7972765737252877 0.10960940674895793 0.008082082946464064 0.01073227429618484
1 0.7211515379946908 0.10901855202610017 0.01038993590629822 0.012075158016267074
0 0.7857399558409058 0.10627023194372812 0.0103878660535619 0.009394201778158737
0 0.27824357557953283 0.10746970002833853 0.017309295475707365 0.010741896638140014
1 0.0366073843813242 0.10973240985787733 0.009238596753805804 0.014754926355016587
0 0.59658252704767 0.10713772910657149 0.008086222663441056 0.016094201673556713
0 0.7407557498161177 0.10430641622383105 0.010393040696906719 0.01609660727458477
1 0.19750076406502703 0.101521729130165 0.010387866053561984 0.009394201778158764
1 0.21076385831956043 0.10016741143231823 0.009236526889565111 0.012073955215753052
0 0.5342905779424789 0.09647882514448583 0.012693649160659959 0.008056129260132619
1 0.6294477483697389 0.09839031938388657 0.009238656358426689 0.014754926417173617
1 0.2228740610262971 0.09948454304509019 0.010393040696906858 0.016096607274584757
1 0.8728156203895068 0.09813652996719631 0.011547425035387193 0.017438288131995938
1 0.7655482025520444 0.09690790416164141 0.011545355182650985 0.014757331893887601
1 0.9368221888805683 0.08868639830699913 0.008083117872832113 0.01207275241523903
1 0.38376483848142 0.08792265213412649 0.0069276390033629065 0.009390593376616657
1 0.7049867950282057 0.08691743515154733 0.008084152810704737 0.01341324543544839
1 0.02217226541642056 0.08695924969389027 0.008083129048698488 0.012072752426893471
0 0.39644917327600593 0.08388797958288917 0.009236526889565166 0.012073955215753052
0 0.3618450415316997 0.08124309969207436 0.013848093103761006 0.009397810179700802
1 0.8751058795493132 0.07668640740610322 0.009232446777209025 0.006712027900538209
1 0.4177829811593483 0.07850380052032194 0.008083117872832113 0.01207275241523903
1 0.5296588306123351 0.07302520220789564 0.008083117872832002 0.01207275241523903
1 0.8618360135469125 0.06932758757440527 0.010386831127193852 0.008053723659104575
0 0.7182379726995897 0.07014758184722894 0.009236586494185905 0.012073955277910067
1 0.976024402947957 0.07121923563640312 0.010394075623274879 0.017437085393638932
0 0.9898620871546553 0.06718336034680879 0.010392005770538781 0.014756129155530595
1 0.021579523230057598 0.0661823825029465 0.006930762417539552 0.013412038929069635
1 0.9085457057203878 0.06525743448819825 0.009241761146159377 0.018776371950202486
0 0.6213444493665783 0.06019499704833117 0.013846998567019875 0.008057324547912019
1 0.22515240360007793 0.06261888115223666 0.008083117878584317 0.012072759865816629
0 0.9644862326668328 0.06586933433937005 0.010398215343127903 0.022799016496299583
1 0.928728204246358 0.06255542002110806 0.010393040696906941 0.01609660727458477
1 0.537721249900283 0.058271478653393084 0.008081048020096016 0.009391796177130693
0 0.8156932238606085 0.060662567295951784 0.008087257592685027 0.017434683517899688
1 0.7632113715661821 0.05803633068879026 0.013850103354752563 0.01207877008094091
1 0.013500534356806712 0.05948838724590845 0.006932831341829631 0.016092998891495562
1 0.9731274561282601 0.05379597863015111 0.009234516641449697 0.009392999039801744
1 0.8474081409536771 0.05593780590680976 0.0069308033957161674 0.013412038971802591
1 0.060209178092551635 0.054077746741507726 0.008082097847619214 0.010732274311724119
0 0.5988453605810667 0.05016483580774543 0.008085187737072674 0.014753723554502558
1 0.6121084399373211 0.048810521850726735 0.009238656358426578 0.014754926417173596
1 0.12364163312508425 0.04797942295118457 0.0173103378584053 0.012082382215541414
1 0.8531684589943787 0.04721865619072157 0.006931838324960693 0.014752520816145545
0 0.6732351379455296 0.04405508920386969 0.013846998567019986 0.008057324547912019
1 0.13574925223256112 0.0439453480865699 0.0069297386641617165 0.012071557096381115
1 0.5734617441267889 0.038797199693023254 0.012693649154907782 0.008056121809555013
1 0.664578390544001 0.03602121538529976 0.01269364915490756 0.008056121809555013
1 0.04289779785720065 0.04069097019701362 0.012699843829217725 0.016099012860073557
1 0.590182403607668 0.034088075579728705 0.013848033497702028 0.00939780825489938
1 0.9702304497010664 0.03637271796076733 0.010394075629027277 0.017437092844216535
1 0.6328582988075875 0.03404357127801575 0.006929768466472086 0.012071557127459623
1 0.2793416158745103 0.035752709242253856 0.008085187737072785 0.014753723554502555
1 0.19283385893426208 0.032491712278969055 0.012693619352597302 0.008056121778476508
0 0.9287059532632933 0.0337350547798011 0.008085187737072785 0.014753723554502551
0 0.2914502512847873 0.033059116241406214 0.009236526895317343 0.012073962666330644
1 0.6040201474139537 0.030052193708721954 0.011541215462798182 0.00939540079122694
1 0.03251407617794555 0.03668034700763129 0.010399248414041953 0.02413950392663335
1 0.6639939538686133 0.02596820292190602 0.011539145604309686 0.006714437102541011
1 0.5555746794111605 0.026751506408668385 0.013846998567019875 0.008057324547912015
1 0.9379310959340481 0.03104446874916001 0.012707103237958539 0.025482389511302366
1 0.5728736255944257 0.02405250083658616 0.016155886458974367 0.010740693837625995
1 0.5198171088478108 0.024107829349446087 0.00692873353435175 0.010731071557827859
1 0.20955197579333923 0.02443138071423272 0.013849098227818712 0.010738288267676463
1 0.8554561308353887 0.02241733460670427 0.009235551567817857 0.010733477158855906
1 0.8439226177373014 0.023099603471858954 0.009238656355550323 0.014754922691884796
0 0.3664120759731416 0.02091659621244133 0.013848093100884862 0.009397806454412006
1 0.9131282939020842 0.025038157711309 0.011550529827433875 0.021459739252958028
1 0.5399975375152926 0.018724851193669963 0.00808001308797568 0.008051310607498929
1 0.695705248706451 0.016551751352274817 0.010385796192197372 0.006713234364184004
1 0.711853432801074 0.017205153595068107 0.010390970840575608 0.013415646379865436
1 0.5970888861600336 0.015984349687064636 0.013849068427665423 0.01073829103056455
1 0.9950104832846244 0.012888421903817707 0.00923348170932936 0.008052513470169973
1 0.31681164655867045 0.015606387549404032 0.006931778719620751 0.014752519822666331
1 0.031342561485214956 0.013223114732349602 0.008081057330441795 0.009391792461553928
1 0.04864307589518345 0.012534832375932465 0.008084160257687135 0.013413240786607016
1 0.8969707954442632 0.012320418869429025 0.009240726216196093 0.017435889174537325
1 0.2101162611486181 0.008344994387893528 0.012695689212523814 0.010737087329806837
1 0.583816950299684 0.005944566865172394 0.008081048018298342 0.009391793848825193
0 0.9742461950088408 0.009138405353013499 0.009241761144721083 0.018276810706026998
1 0.9154201054600711 0.005817270568535586 0.006929768465034014 0.011634541137071172
1 0.9056156411555287 0.0051524422175986935 0.008082082947902136 0.010304884435197387
1 0.8652465639883564 0.005173491102280045 0.008082082947902136 0.01034698220456009
1 0.8571743128697122 0.007188423639515062 0.008085187735634602 0.014376847279030124
1 0.8473693311005479 0.0058527529972281864 0.006929768465034014 0.011705505994456373
1 0.8381431535005487 0.007198046012548731 0.006931838323522399 0.014396092025097462
1 0.6311059641024528 0.005295574608569076 0.008082082947902136 0.010591149217138152
0 0.5319139021742432 0.006017535642058422 0.008083117877146218 0.012035071284116844
1 0.2781649209461874 0.00559306588844016 0.017309295477145437 0.010741898500784415
1 0.25105892313490974 0.004280849235123072 0.011540240138893681 0.008054919940363194
1 0.22510997149459405 0.007659117152275283 0.010392005769100737 0.014756127292886199
1 0.11726377184221584 0.0037501323256887878 0.009232387176183451 0.006712032494992185
1 0.10746347705732022 0.008452042988762435 0.008086237566034105 0.016094203551740374
