1 0.49525433897709004 0.9928991577257431 0.010760997835997266 0.007535422114522183
1 0.5833924139591299 0.9876829199033199 0.007715508035878171 0.013937987955262576
1 0.5724216748809927 0.9879111734328176 0.008947284466302219 0.015369573059715758
1 0.6627389686696603 0.9805004173016301 0.007796738875238685 0.015275167963686997
1 0.46653149299012187 0.993787271708781 0.009028508081933007 0.012425456582437988
1 0.40863903862343354 0.993473054185285 0.008947284466302108 0.013053891629430048
1 0.6556326513650661 0.9777239548741077 0.010503977030437928 0.022149759284571413
1 0.35892218658471864 0.9941656012733945 0.008784822787581525 0.011668797453211033
1 0.211572011938926 0.9995389008257979 0.008784822787581636 0.0009221983484042351
0 0.7881137359711292 0.9601345092515706 0.011329599264060408 0.01689544434690249
1 0.22472196982369091 0.9983511149610329 0.0076343366531655965 0.0032977700779343033
1 0.5158488955396925 0.9797868785220387 0.00771556749252611 0.013937992833826574
1 0.9220702638259408 0.9477992014164005 0.010341515351717345 0.01947539926772235
1 0.9317279992461583 0.9449910524227303 0.011573291782141393 0.020906984372176085
1 0.8861665374506222 0.9373069775126525 0.008703591948221345 0.011358033034442272
1 0.10790835814642602 0.9971013519144907 0.007878021947517078 0.005797296171018762
1 0.3936954003641092 0.9770435829175899 0.008784822787581525 0.012695213042866693
1 0.9778780508724076 0.9338132980737025 0.010503977030437928 0.022149759284571413
1 0.13938569573555376 0.9951111003230027 0.008866053626941928 0.009777799353994698
1 0.7934263395609753 0.942900830840627 0.007796768603562487 0.015275170402969107
1 0.21569345812989305 0.98761760431055 0.01009788951401383 0.015463983034309181
0 0.7273516002465474 0.9496662709404027 0.01173574623713236 0.02358122547572916
0 0.634408295530176 0.9519171766865981 0.010260284512356943 0.01813821925929815
1 0.9277550554724856 0.9271754905693179 0.010341515351717345 0.01947539926772246
0 0.9992599248669245 0.9209447915829201 0.0014801502661510035 0.019475399572633
0 0.2588047323041132 0.9740015584824698 0.00771556749252611 0.013937992833826574
1 0.5106508282270377 0.9513212587388294 0.0076343366531655965 0.012600812825402263
1 0.9670018781448386 0.9165641631375399 0.009109753785455199 0.01804381538291011
0 0.36810590943203575 0.9650331280239343 0.010341574808365173 0.01947540414628679
1 0.05314926244649698 0.9861727569968655 0.008784822787581748 0.012695213042867137
1 0.658495044829002 0.9391902770775835 0.009109738921293076 0.0180438141632695
1 0.18784349143537238 0.9764645496131642 0.011410830103420616 0.0182326243553268
1 0.15534415199814938 0.9744278616715254 0.008866053626941955 0.014032393051291225
1 0.2268805764774503 0.9719176753106629 0.01157329178214117 0.020906984372175752
0 0.8755407213848732 0.9146620389080733 0.008784822787581636 0.012695213042866804
0 0.3537308167559916 0.9568059026086884 0.010341574808365006 0.01947540414628668
1 0.2028477781095125 0.966498596449805 0.01017911312964448 0.01680104412943806
1 0.3120271125902593 0.9555244554352805 0.009935427835292998 0.012789623017460228
1 0.7922957823725616 0.9147733844451699 0.008784822787581525 0.012695213042866804
0 0.5686378489442944 0.9351408358677256 0.010341515351717456 0.01947539926772246
1 0.9183610047932149 0.905773268030307 0.010260284512356943 0.018138219259297927
1 0.0557073744341835 0.9711807994427009 0.006483731605454235 0.012506402850809173
1 0.5894354456532442 0.925371390211069 0.008703591948221234 0.011358033034442272
1 0.9358288184200954 0.898292807064553 0.009190984624815601 0.019380995391334865
1 0.9732213271672352 0.8952246597382305 0.010341515351717234 0.01947539926772246
1 0.08332693188891305 0.9595078694325885 0.011911483970413084 0.007629822331986724
1 0.2265283804352663 0.9470859157119638 0.006564962444814637 0.013843582859233705
1 0.34733495401717784 0.9371734391717036 0.008866053626941983 0.014032393051291558
0 0.16230131701877165 0.955715457504044 0.011735746237132222 0.02358122547572905
1 0.05604562969096799 0.9577148915456662 0.011085913969708934 0.012884023234924324
1 0.8994310686688075 0.8891849641926926 0.008866061059022767 0.014032393661112086
0 0.2861127055244741 0.9381653994212225 0.008866053626942039 0.014032393051291336
1 0.9461497141868633 0.8873672924474234 0.010422746191077636 0.020812579276146992
1 0.3186999732849852 0.9321319806949612 0.007796798331886512 0.015275172842251328
1 0.11217831800698475 0.9490775905430117 0.011410830103420588 0.01823262435532702
1 0.1919376577178673 0.9391735872723881 0.007553105813805416 0.011263632816977731
1 0.4842963598642928 0.9172006043720556 0.007796798331886401 0.015275172842251328
1 0.1557362951173092 0.9428159207265348 0.008947284466302219 0.015369573059715758
1 0.21285713041418153 0.9314099091890857 0.008784822787581775 0.012695213042867026
1 0.09702490877719672 0.9375546746720849 0.007715567492525999 0.013937992833826462
1 0.29832852320405445 0.9203652953126699 0.007634336653165652 0.012600812825402263
0 0.33764990896016395 0.9204984321263588 0.010341574808365173 0.01947540414628679
1 0.2557180218101223 0.9231897289253524 0.00771556749252611 0.013937992833826796
1 0.186685702542837 0.9288540005371346 0.007878021947517189 0.016612233937380205
1 0.39464890160986044 0.9070867100329212 0.007634336653165763 0.012600812825402374
1 0.16104889870715539 0.9255822423155912 0.010016658674653428 0.014126803025884316
0 0.17896349702303088 0.9254561506534145 0.011492060942781018 0.019569804363751553
1 0.913419976762146 0.8625045591219975 0.007715522900040184 0.013937989174903631
1 0.907132628591381 0.8636923741052658 0.00910975378545531 0.018043815382910777
1 0.06243418967166231 0.929642405689157 0.00886605362694192 0.014032393051291225
1 0.9823710614740309 0.8555031078067009 0.007877977355031374 0.01661223027845682
1 0.05241089296972895 0.9264333659974946 0.009854196995932596 0.011452443009035362
1 0.3567283883783109 0.9014633668940686 0.009190969760653644 0.019380994171693366
1 0.8152586571027396 0.8645117529840147 0.010422746191077747 0.020812579276146992
1 0.9318758704811533 0.8522553931098338 0.009109753785455199 0.018043815382910444
1 0.9674207257307788 0.8473230825001875 0.011167144809069218 0.014221203243349079
0 0.8769816004430567 0.8527281271606557 0.010422746191077525 0.020812579276147214
1 0.2368759249282072 0.8985312659761262 0.016676120789658855 0.01068168381965584
1 0.16628027506950604 0.9070114433528709 0.009109738921293298 0.018043814163269167
1 0.3739119235874026 0.889302892982663 0.01017911312964459 0.01680104412943806
1 0.34506717188474617 0.8903258306178317 0.007878021947517078 0.016612233937380205
1 0.9052576876491375 0.8423451127150232 0.01223644469661056 0.012978427111312474
1 0.35410907854639967 0.8868962892893996 0.00771556749252611 0.013937992833826796
1 0.7434445365964985 0.8529345894135612 0.008622361108860943 0.01002085302601774
1 0.046218100105586246 0.9101437336682754 0.006483731605454464 0.012506402850809173
1 0.10875999028348954 0.9023243870851685 0.009610511701581337 0.0074410218970577535
0 0.21316804630584585 0.8984608476923184 0.013630690446187588 0.01708425453896012
0 0.6657019576253878 0.857969773815219 0.016676120789658744 0.01068168381965584
1 0.07827074021856967 0.9048261050549586 0.006483731605454332 0.012506402850809173
0 0.23104866722932116 0.8882588842281693 0.013387005151836107 0.013072833426982178
1 0.34195384621312264 0.8771430736736716 0.007715567492525999 0.013937992833826796
1 0.8654489240805956 0.834189014764083 0.007715537764202085 0.013937990394544686
1 0.9380953158916849 0.830915830253877 0.010503977030437928 0.022149759284571413
0 0.11271234038032074 0.8912495644602485 0.009935427835292998 0.012789623017460117
1 0.9151724364428335 0.8247338169690668 0.01149206094278099 0.019569804363751553
0 0.5821794005188105 0.8439938227794421 0.010842228675357557 0.008872602122947049
1 0.2603195358316727 0.8656998179933348 0.00993542783529311 0.012789623017459895
1 0.4124816043555361 0.8485112072710655 0.013143319857484959 0.009061412315004569
1 0.9963423337444104 0.8009862267229209 0.007315332511179107 0.010492876676700846
1 0.9511367666404822 0.8076727793855408 0.00910975378545531 0.018043815382910333
1 0.5318939434401677 0.8346816552582086 0.010842228675357557 0.008872602122946827
1 0.07513007879369088 0.8721602539677136 0.008703591948221345 0.011358033034442605
1 0.5120098711716692 0.8309379310131686 0.010842228675357557 0.008872602122947049
0 0.3698371219573392 0.8412597096251276 0.01199271480977343 0.00896700234041159
1 0.9459253935449433 0.7980217256371341 0.013955598939467073 0.02243297335301686
1 0.6639215830337124 0.8191451239593164 0.018476505871875548 0.02147341006978476
1 0.8402855721361089 0.800642548964416 0.007634306924841794 0.012600810386120154
1 0.8723381973849302 0.7953249215707401 0.012398921239493155 0.015652788347802482
1 0.9321662113803542 0.7904158858486245 0.007796753739400697 0.015275169183327941
0 0.746313597816038 0.8049936273799948 0.009028508081932896 0.016706634154844968
1 0.9842720319331035 0.7821089992518305 0.008622370398961965 0.01002085378829376
0 0.32723319552217456 0.8346768068619663 0.015525634655242981 0.0105872836021913
1 0.12013623772031834 0.8516696216973132 0.008784822787581748 0.012695213042866693
1 0.8282994804894535 0.7841563484522054 0.009109738921293409 0.018043814163269167
1 0.13279887724929873 0.8412238838432355 0.010422805647725575 0.02081258415471099
1 0.663657281974628 0.7862432006753513 0.011992774266421313 0.00896700721897592
1 0.5557096941959814 0.7984601190415535 0.017325960280811903 0.02137900497375589
1 0.9710135511191987 0.763711493355888 0.01050398446251899 0.02214975989439194
1 0.9877369754181886 0.7630112178527138 0.014199280517777968 0.026444394160084483
0 0.750813911071605 0.7743884461680455 0.007634277196518102 0.012600807946837933
1 0.7137529713496188 0.7733979115973688 0.009772906699924588 0.010115258122046833
0 0.386878172638063 0.7982030848816758 0.011992714809773375 0.00896700234041159
1 0.6242546392626991 0.7847729457491679 0.017325960280811792 0.02137900497375622
1 0.06312336374186989 0.8267836714164529 0.009109738921293298 0.0180438141632695
1 0.5778269659303195 0.7818633440686744 0.007634277196517991 0.012600807946838044
0 0.8332465412736106 0.7609055395929364 0.010260284512356943 0.01813821925929826
1 0.9991980604338402 0.7469336693834422 0.001603879132319741 0.018138219564208136
1 0.5597092941279079 0.7786465451664377 0.01790789722008279 0.012113268924109133
1 0.8171050445196149 0.7521513293782395 0.010842228675357557 0.008872602122946827
0 0.9326123425908069 0.7406579633846588 0.00993536837864517 0.012789618138895564
0 0.6328157764108764 0.7639131639250063 0.011085913969708927 0.012884023234924658
1 0.6506491438873916 0.7624498922544054 0.017325960280811903 0.021379004973756
0 0.40180786650012273 0.7774926699121321 0.01913967365050684 0.013544854028562425
0 0.9231237329930491 0.7367331287014875 0.010179053672996652 0.01680103925087373
1 0.537733901647746 0.7690272350015441 0.017325960280811903 0.021379004973756
0 0.2501058958802195 0.7832210832933555 0.015525634655243037 0.010587283602191078
0 0.5679455187542384 0.7524382216785217 0.012155228721412281 0.011641248322528885
1 0.6970089255034836 0.7452078049090372 0.017325960280812014 0.021379004973756
1 0.44340306352988734 0.7579538380554662 0.009772966156572416 0.01011526300061083
1 0.6708781391682783 0.7433204243653684 0.009109738921293409 0.018043814163269056
1 0.37913532523706456 0.7659147947218986 0.017325960280811903 0.021379004973755666
0 0.42475076407994805 0.7554528292661742 0.014537491286252147 0.01316723364444694
0 0.7212647970129045 0.7257478621665334 0.009935368378645393 0.012789618138895897
0 0.31496221275145797 0.7563983580441064 0.00993542783529322 0.012789623017459784
1 0.536359670417278 0.7368883068178205 0.008622361108860832 0.010020853026018073
1 0.38087450886319196 0.7469586161644884 0.01322454347311569 0.010398473410133224
1 0.5196768485318266 0.7382571733923927 0.017325960280811903 0.021379004973755666
1 0.5907665736868879 0.7283926704765749 0.012398921239493266 0.015652788347802482
0 0.6549530216837024 0.7190945386802822 0.012073997882051879 0.010304068314104686
1 0.7596926615953744 0.7111723161707921 0.007553046357157589 0.011263627938413512
1 0.7012182666775502 0.7193298373612922 0.017325960280811903 0.021379004973756
1 0.4079594350585287 0.7360014168106728 0.013143319857484848 0.00906141231500468
1 0.28973825698464106 0.750405153731713 0.01847656532852332 0.02147341494834909
1 0.4364385957511455 0.7289612929294538 0.008622361108860943 0.010020853026018073
1 0.6796962710055556 0.7076575570750301 0.016676120789658744 0.01068168381965573
1 0.9905447942010177 0.685511224319237 0.007877981071071738 0.016612230583367027
1 0.2177143952362599 0.7448923838338883 0.008703591948221262 0.011358033034442272
1 0.5671871757389824 0.7209206809509957 0.017325960280811903 0.02137900497375589
1 0.5236764520756181 0.7184436589739247 0.017907897220082902 0.012113268924109133
1 0.8467341270530767 0.6879045061941662 0.008541137493230266 0.008683791930889084
0 0.9447329886456274 0.683223011771948 0.011410830103420588 0.01823262435532691
1 0.5066687140564547 0.7144639244280945 0.009854196995932818 0.011452443009035695
1 0.28843858883792933 0.729010689793456 0.008784822787581636 0.012695213042866804
0 0.4368174628157453 0.7161639155799835 0.011004683130348802 0.011546843226500125
1 0.9380801089214703 0.6783936356306017 0.010260284512357054 0.01813821925929815
1 0.9986900615908554 0.6718642068225744 0.002619876818289124 0.01527516948823826
0 0.5024453987567999 0.7020441674627399 0.016676120789658855 0.01068168381965573
1 0.8243865203997571 0.6816752903613417 0.011654522621501573 0.022244164380600284
0 0.4599161209784986 0.7062056621705511 0.0100166586746534 0.014126803025884316
1 0.9253089958050623 0.6680190319488554 0.009028522946094908 0.0167066353744858
1 0.5713559014933687 0.6943741233990387 0.0172447294414515 0.020041824965331356
1 0.27415142087330874 0.7127132982536624 0.014375029607531453 0.010492873627597987
1 0.3652876169070765 0.70926682502165 0.01732596028081168 0.02137900497375589
0 0.9502147068056362 0.6592564103604519 0.01149206094278088 0.019569804363751442
0 0.9963956488479484 0.6565813385141973 0.007208702304103198 0.022338568676239845
0 0.8573120398051879 0.6621759042813982 0.010097830057365864 0.01546397815574485
1 0.9199757800623478 0.6563622676444596 0.008866068491103718 0.014032394270932502
1 0.5539014010814534 0.6830400177201695 0.008622361108860943 0.010020853026017962
1 0.7289863639183302 0.6720334190630693 0.009028508081933007 0.016706634154844746
0 0.9034148193000987 0.6597369030120275 0.010422746191077525 0.020812579276146992
1 0.041749276465275154 0.7223757287681916 0.00862236110886095 0.010020853026018073
1 0.2716132824241101 0.699483405535982 0.008622361108860943 0.010020853026018073
0 0.8463885839023347 0.6536654635780657 0.007634306924841905 0.012600810386120043
1 0.1090557476176412 0.7168530672397346 0.019627051462939193 0.02156781516581352
0 0.18503859387826888 0.701883673258231 0.01116714480906944 0.01422120324334919
1 0.391722766679773 0.6876123590918175 0.017244729441451445 0.020041824965331467
1 0.8335295832349081 0.6513610229717647 0.010341515351717345 0.01947539926772257
1 0.9868828146275356 0.6347465970052237 0.008703603096342771 0.01135803394917323
1 0.4379133891332166 0.677103198405925 0.010842228675357446 0.008872602122946716
1 0.2708416038976462 0.6867804332825407 0.008703591948221234 0.011358033034442383
1 0.6663359368761352 0.6590324890553847 0.017325960280811792 0.021379004973756
1 0.7177446596373693 0.6487670930022924 0.009691683084293912 0.008778197026917955
1 0.37369296374400185 0.6763254584002449 0.009772966156572416 0.010115263000610941
1 0.4236602021728607 0.6708817381247516 0.00862236110886111 0.010020853026018073
1 0.9967338953312246 0.6264481806289635 0.006532209337550832 0.015369573974446604
1 0.7320045476935177 0.645581326063789 0.008784822787581525 0.012695213042867026
1 0.958491543239782 0.6337166174201004 0.013048746074835749 0.02634998997878646
1 0.26020244870882464 0.6829500036953984 0.008784822787581636 0.012695213042867026
0 0.22461700405180246 0.6872137221664607 0.009109738921293409 0.018043814163269056
1 0.13602552864973033 0.6944828706536053 0.018476565328523153 0.02147341494834898
0 0.29739189883359046 0.6765389645850216 0.009854196995932818 0.011452443009035473
1 0.23682618370410286 0.6788208998556684 0.008703591948221345 0.011358033034442383
1 0.6698008794322102 0.6399347077324955 0.016676120789658855 0.01068168381965584
1 0.42177859347501334 0.6589417609715513 0.01092345229098829 0.010209663218075815
0 0.6083689230375552 0.646991118672009 0.009028508081933007 0.016706634154844746
1 0.8551188504848366 0.6260727575337108 0.010097830057365864 0.01546397815574474
1 0.3958914663177004 0.6610658634357903 0.01732596028081168 0.02137900497375589
1 0.9168011784054737 0.6136205417061396 0.007553061221319601 0.011263629158054678
0 0.6923242981396205 0.6300237138884432 0.01437508906417928 0.010492878506162318
1 0.5741910150488321 0.6363572871242178 0.008703591948221345 0.011358033034442494
1 0.16357054913716246 0.672065414502096 0.018476565328523348 0.02147341494834909
1 0.7363357315147602 0.621709069072033 0.009028508081933007 0.016706634154844746
1 0.6483195289082198 0.6289310150111632 0.0172447294414515 0.02004182496533158
0 0.3073539418465163 0.6501890334530624 0.019058442811146437 0.012207674020138004
1 0.23614237404427918 0.6580478258128913 0.017325960280812014 0.02137900497375589
1 0.5358576870886065 0.6334554470935809 0.018476505871875548 0.02147341006978487
1 0.8573114196668341 0.6050636695312206 0.007877992219193275 0.016612231498098096
0 0.32884865761003845 0.6423781552610279 0.012073938425404274 0.010304063435540245
1 0.11792783038580679 0.6630442214795236 0.018395334489162973 0.020136234939924558
1 0.7107868596142315 0.6103672636392374 0.007553046357157589 0.011263627938413623
1 0.8470444637870085 0.5978431468316505 0.008703591948221234 0.011358033034442494
1 0.5661911765705985 0.6188721418872652 0.008622361108860943 0.010020853026017962
1 0.9319812437935155 0.5875143218485381 0.008784837651743538 0.01269521426250797
1 0.9539633262213486 0.5877264057084856 0.009028515514013957 0.016706634764665385
1 0.2847626278109537 0.6399482788146056 0.01724472944145139 0.02004182496533158
0 0.4439091412639116 0.6235304224031519 0.011085913969708927 0.012884023234924658
1 0.5827927676166895 0.6161660953042685 0.017325960280811792 0.021379004973756
1 0.2453193994076685 0.6378094314449277 0.009854196995932818 0.011452443009035473
1 0.8309029670330126 0.5890889366169536 0.007796768603562487 0.015275170402969107
1 0.6513783281030876 0.603147512016095 0.017244729441451723 0.020041824965331467
1 0.9802699209987795 0.5734735171186298 0.00771552661608077 0.01393798947981395
1 0.5239188934813972 0.6082305511288996 0.008703591948221345 0.011358033034442494
1 0.14551352936143164 0.6412954099103101 0.018476565328523153 0.02147341494834898
1 0.9269389927002203 0.5711303444897584 0.007715522900040184 0.01393798917490352
1 0.6718103635303216 0.5873608776741058 0.008622361108860943 0.010020853026017962
1 0.17403993988914374 0.6255165347788954 0.016676120789658744 0.01068168381965573
0 0.1902286900900999 0.6255320532000441 0.009935427835292998 0.012789623017460006
1 0.8859730269331323 0.5724759349571586 0.014036815123016688 0.023770033838325433
1 0.6988480362786984 0.5851423701138381 0.01732596028081168 0.021379004973756
1 0.404804164505546 0.6079256076797916 0.018476565328523264 0.02147341494834898
1 0.8273834534076959 0.5692204616595378 0.007796768603562487 0.015275170402969218
1 0.5480935080349987 0.5874334902739013 0.011004683130348636 0.011546843226500236
1 0.14478910428192798 0.6198537458633208 0.009935427835293081 0.012789623017460006
0 0.4681310651092564 0.5939946054193936 0.007715567492526165 0.013937992833826796
1 0.3775701157545612 0.5973939379993215 0.008703591948221345 0.011358033034442494
1 0.5659268755115139 0.5859702186033002 0.0172447294414515 0.020041824965331467
1 0.7808339076998166 0.5643051518623377 0.007553076085481392 0.011263630377695621
1 0.8418530827059842 0.5599703010484054 0.007634306924841794 0.012600810386120265
1 0.7417562108499234 0.5681834956172744 0.0077967388752385736 0.015275167963686997
1 0.8686064362643027 0.5530717241349409 0.008703591948221234 0.011358033034442494
1 0.45288979062469265 0.5905418507944504 0.017325960280811903 0.021379004973756
0 0.8539337370913431 0.5589790536383076 0.014036807690935849 0.023770033228504905
1 0.5916175708214357 0.5710960032335355 0.016676120789658855 0.01068168381965573
1 0.7242138415713675 0.5649194917277411 0.0172447294414515 0.020041824965331467
1 0.12741583109750815 0.6098567607362284 0.018395334489163084 0.020136234939924558
1 0.4360105332799853 0.5791605450068489 0.009854196995932707 0.011452443009035584
1 0.9342344167978431 0.5389519723587739 0.0076342920606798925 0.012600809166478988
0 0.30994536649576354 0.5881607166096159 0.011329599264060353 0.0168954443469026
1 0.4575458644631877 0.5720182568190266 0.014293805991900832 0.009155812532468999
1 0.849101216196242 0.5365306237600717 0.013711891557224076 0.018421432108102653
0 0.25522018511972194 0.5819004700326991 0.008866053626941928 0.014032393051291336
1 0.5651685361081227 0.5544527373324221 0.0097729066999247 0.010115258122046944
1 0.8608975662557045 0.530859305777136 0.007877992219193164 0.016612231498097985
1 0.3146420521420738 0.5703056531817566 0.008703591948221345 0.011358033034442494
1 0.5478698260074593 0.5552002164507965 0.0172447294414515 0.020041824965331467
1 0.33588638151545197 0.567890581097421 0.0076343366531655965 0.012600812825402263
0 0.2428958566923089 0.5788802356545302 0.010504036487085755 0.022149764163135743
1 0.18533496009847716 0.5735246488392634 0.010923452290988234 0.010209663218075704
1 0.8985064765685074 0.512319481150963 0.010923452290988234 0.010209663218075815
1 0.4131822314339991 0.5555010825800898 0.018395334489162973 0.020136234939924558
1 0.852566158752317 0.5174328424371825 0.0114108301034207 0.01823262435532702
1 0.8712251408220222 0.5105265657697913 0.0074718452461211005 0.0099264503692712
1 0.5731950158804482 0.5343087480604872 0.0172447294414515 0.02004182496533158
1 0.5349023033399029 0.5320754980340627 0.00985413753928488 0.011452438130471365
1 0.177003534119063 0.5600981272623031 0.00985419699593268 0.011452443009035473
1 0.8375345921697046 0.5079156371222446 0.010260284512357054 0.018138219259298094
1 0.4618431042322185 0.5380701850426639 0.018395334489162973 0.020136234939924558
1 0.8976535708145479 0.4982793883457449 0.013468221127034719 0.01441001221576571
0 0.0737460272996352 0.5638673210157721 0.00894728446630233 0.015369573059715869
1 0.25396782987661826 0.5517673094223299 0.017325960280811792 0.021379004973756
0 0.7898751311546038 0.5037633212056445 0.007634306924841905 0.012600810386120265
1 0.9106004700769388 0.49251372472342825 0.009772906699924588 0.010115258122046888
1 0.10694921300368221 0.5584552873064266 0.008784822787581512 0.012695213042866915
1 0.020949767525049068 0.5608083549199432 0.007715567492525999 0.013937992833826796
1 0.6887156271666053 0.5040008154222835 0.016175414689748036 0.021284599877727017
1 0.3025880836432928 0.533667762424044 0.017244729441451445 0.020041824965331467
1 0.8880497788931374 0.482941559479363 0.007715522900040184 0.013937989174903576
1 0.0768387705467144 0.5481596328053107 0.007715567492525985 0.013937992833826796
1 0.7533555350401 0.49264976808270544 0.010179053672996652 0.016801039250873506
1 0.9230193686751361 0.4780565105694685 0.008947299330464231 0.015369574279356868
1 0.9750845728791953 0.4690810340446898 0.009691686800334387 0.008778197331828108
1 0.6626320942783603 0.49337474308506657 0.010842228675357446 0.008872602122946771
1 0.4690979063810463 0.5052232383814498 0.010842226869425209 0.008872572394622802
1 0.9083127218381003 0.47388796583158077 0.010260284512356943 0.018138219259297983
1 0.1632983103174428 0.5343463083941005 0.018395334489162946 0.02013623493992467
1 0.631858509256254 0.491196378057139 0.009772908505856659 0.010115287850370691
0 0.7930151575769671 0.47931693876235304 0.007634306924841794 0.01260081038612021
1 0.7353663763493667 0.4820314400919011 0.01905844461707895 0.012207703748461918
1 0.8657088408983877 0.4673050742736581 0.008541135687297863 0.008683762202565115
1 0.718399280769309 0.47872024851851525 0.008784822787581748 0.012695213042866915
0 0.07980972879733317 0.5304461994319722 0.009028511693797828 0.016706693611492462
1 0.42160091739399713 0.5037452069412479 0.018395334489162862 0.020136234939924613
1 0.6923903082559217 0.4788385958342794 0.017244727635519208 0.020041795237007665
1 0.7568677589655267 0.46481326279866225 0.010923455902853041 0.01020972267472342
1 0.2574933316625375 0.50511627027109 0.008703595560086042 0.011358092491090266
1 0.9295703941547673 0.45265832466333983 0.009028526557959715 0.01670669483113363
1 0.8695799332406091 0.45489305891052345 0.008866061059022878 0.014032393661111808
1 0.9674163293863107 0.44753723465714546 0.009109750069414835 0.01804381507799996
1 0.28514692054851765 0.5035191179994141 0.01847656171665868 0.021473355491701318
1 0.5593473057445278 0.47766074863191466 0.0172447294414515 0.020041824965331523
1 0.7388313180024755 0.4629336439048499 0.0172447294414515 0.02004182496533158
1 0.16861755374050147 0.5077053779137206 0.01847656171665868 0.021473355491701263
0 0.6760117948661446 0.45666569513472427 0.016676124401523773 0.010681743276303557
1 0.7202263035337528 0.45169397061105143 0.010923455902853041 0.010209722674723365
1 0.03614982131574074 0.5064802835708556 0.010260343969004763 0.018138224137862258
0 0.6126915584061736 0.4611893537014322 0.01050397341857312 0.022149699827923697
1 0.11640323451705109 0.49519192503283493 0.009854200607797611 0.0114525024656833
1 0.7480083526038781 0.4426952786553896 0.009772925175951408 0.01011531879833566
1 0.3115820126704988 0.48186468667646976 0.018395334489162807 0.020136234939924558
0 0.08525745289484754 0.49640369770982107 0.007715567492525999 0.013937992833826796
1 0.7369970222082363 0.4422549700795375 0.011085913969709149 0.012884023234924658
0 0.006445585288492706 0.5028704053200024 0.009028511693797814 0.016706693611492462
1 0.5852477386847248 0.4567220801328732 0.016094183850387855 0.01994741986930265
0 0.6684181015550505 0.4458663012982747 0.010016599218005684 0.014126798147320208
1 0.6792263807603995 0.4429637174802519 0.00862236472072575 0.010020912482665734
1 0.4733205542409632 0.46053071966306425 0.018395334489162973 0.020136234939924613
1 0.927993093101716 0.4171765354910713 0.011911532278939485 0.00762982629582043
0 0.26145901546464423 0.47522684944376137 0.009190969760653589 0.019380994171693644
1 0.5580136917396724 0.446190440180727 0.00862236472072575 0.01002091248266579
1 0.7998298677975454 0.42970838132354333 0.009190969760653811 0.0193809941716937
0 0.2263336056430696 0.46803031599569445 0.011085913969708816 0.012884023234924546
1 0.5009468352960795 0.4394504410806974 0.008703595560086153 0.011358092491090266
1 0.12775950841539196 0.4727590099168246 0.0172447294414515 0.020041824965331523
1 0.7625319235950412 0.4152991104558814 0.012317690400132975 0.014315608339377894
0 0.09008268228412614 0.471147117618274 0.009109738921293409 0.018043814163269112
0 0.40689366167090474 0.44246436677689366 0.01913967365050684 0.013544854028562425
1 0.5888818088691921 0.4308913448614667 0.0172447294414515 0.02004182496533158
1 0.6780485570667958 0.4235749938263077 0.016094183850387966 0.019947419869302707
1 0.20041256235593663 0.46007857150772047 0.018395334489163 0.020136234939924558
1 0.7294166644083498 0.41264100776900314 0.008703595560086264 0.01135809249109021
1 0.803132365344994 0.40793626849248804 0.009028511693797814 0.016706693611492462
1 0.476954622619498 0.4346999546633339 0.01724472944145161 0.020041824965331467
1 0.14930147762587442 0.45620943993124213 0.008703595560086042 0.01135809249109021
1 0.7504985505790341 0.40755163390482524 0.009935368378645393 0.012789618138895786
1 0.9401343568834655 0.38863202613633435 0.009854141151149687 0.011452497587119082
1 0.1720279680138882 0.4496413069232793 0.00862236472072575 0.010020912482665734
1 0.4175867065280342 0.4281487930444038 0.009772969768437167 0.010115322457258769
1 0.5060157535915744 0.418205341557776 0.009610452244933398 0.007441017018493479
1 0.49722426124245644 0.4162390446109032 0.00862236472072575 0.010020912482665734
1 0.8642054615537259 0.3854554416479654 0.01084222506349275 0.008872542666298888
1 0.01851892024563756 0.4541741801077276 0.01092345590285315 0.01020972267472342
1 0.614206998742181 0.40999987647115743 0.01724472944145139 0.020041824965331523
1 0.9257999019754324 0.38107335901506023 0.017163517182293586 0.018704646481458365
1 0.12589123522875245 0.4420044642895397 0.009854200607797514 0.0114525024656833
1 0.3199600814048842 0.4294401913050917 0.018476561716658457 0.021473355491701207
1 0.2816267831729826 0.42653834883517283 0.008703595560086042 0.01135809249109021
0 0.5899305150798918 0.4005693764983218 0.013224547084980331 0.010398532866781218
1 0.6817232408650109 0.3984128188307895 0.017325960280811792 0.021379004973755944
1 0.03828784735088814 0.44650490712045426 0.0100166586746534 0.014126803025884427
0 0.41496739489019063 0.41358168571141085 0.013224547084980276 0.010398532866781218
1 0.8066039625984434 0.37943123388052147 0.00755307969734631 0.011263689834343449
1 0.6350518507040235 0.3914917687492766 0.009772910311789285 0.01011531757869466
1 0.024488057198699675 0.43823047671791193 0.008866053626941928 0.014032393051291392
0 0.9235527672982538 0.36311619027988007 0.012155217469115076 0.011641306559535713
1 0.6179222979600761 0.38550629147985155 0.016094183850387855 0.019947419869302707
1 0.7475270149766151 0.36815279914073906 0.00854113388136546 0.008683732474241312
1 0.5801236273757022 0.3818886588969881 0.009854141151149798 0.011452497587119137
0 0.22468843893810186 0.41239680578241367 0.007878025559381968 0.016612293394027866
0 0.9063825768383832 0.3564621248357044 0.011329602875925104 0.01689550380355026
1 0.03752280685170417 0.42439465306925267 0.008784822787581525 0.012695213042866915
1 0.32478531079416284 0.40418361121354474 0.0172447294414515 0.020041824965331523
0 0.7716883237473326 0.3661703043205434 0.011329602875925104 0.01689550380355026
1 0.4162125068318225 0.3960098921497217 0.018476565328523376 0.021473414948349034
1 0.8974692344100087 0.35249011794266316 0.0076342920606800035 0.012600809166479043
0 0.9163312825341688 0.34892673244950595 0.006564992173138329 0.013843585298515704
1 0.012542538185171148 0.422412899597161 0.007796794720021483 0.01527511338560339
1 0.7587074804327303 0.3618601531582534 0.0091909697606537 0.0193809941716937
1 0.5696129862015251 0.3706567150854402 0.00854113388136546 0.008683732474241312
0 0.023188389051988056 0.4168360127796549 0.011167144809069107 0.014221203243349134
0 0.8717106268934887 0.34721267584435206 0.012317675535970962 0.014315607119736895
1 0.9287435208088433 0.3438768019227681 0.011329602875925215 0.016895503803550205
1 0.46433868891400154 0.37929473014715687 0.017244729441451667 0.020041824965331523
1 0.7312636904396055 0.35739287715041224 0.01724472944145161 0.020041824965331523
1 0.900108564178826 0.33883537134488806 0.007471833993824006 0.009926508606277917
1 0.04452058729200664 0.40635083890598345 0.00862236472072564 0.010020912482665734
1 0.9592800735582598 0.3326363881193689 0.008784832077682658 0.012695213805142658
0 0.10208812371905096 0.4022991736518139 0.009028511693797814 0.016706693611492462
1 0.16429845793003012 0.39853847801774117 0.018395334489163084 0.020136234939924558
0 0.23826451552849431 0.3884379350728093 0.009854200607797597 0.011452502465683245
1 0.3500698573250802 0.3826235849866293 0.017325960280811847 0.021379004973755944
1 0.715081580071862 0.3479701066598271 0.008703595560086153 0.01135809249109021
1 0.7747877347500158 0.3410553318730397 0.008784822787581525 0.012695213042866915
1 0.22992645332773254 0.3844187250219332 0.00993542783529322 0.012789623017459895
0 0.8127555162926875 0.337939981998703 0.009109738921293298 0.01804381416326928
0 0.1353792359404538 0.3888170035462445 0.009854200607797403 0.011452502465683245
1 0.8869246473776877 0.3311823296181846 0.010341515351717345 0.019475399267722404
1 0.05311567210426027 0.39556693132307663 0.009028511693797807 0.01670669361149263
1 0.8754665397251316 0.3233876511289345 0.00648376133377826 0.012506405290091283
1 0.37938128189046416 0.36073311363457106 0.010842225063492528 0.008872542666299055
1 0.002602949509912522 0.3917449998553305 0.005205899019825044 0.011263692273625558
1 0.19134946799554708 0.3775054317117126 0.0172447294414515 0.020041824965331523
1 0.7349789970895816 0.33289929154928577 0.016094198714549757 0.019947421088943706
1 0.4673975142253284 0.3535111652561589 0.0172447294414515 0.020041824965331523
1 0.037671322327228085 0.38877125640539606 0.011816977076492763 0.024918405484153805
1 0.9669410264222441 0.30647520734168177 0.006483757617737673 0.012506404985181019
1 0.0007147027847850262 0.3854368639603789 0.0014294055695700525 0.014126803025884371
1 0.04823588470396939 0.38185722418635365 0.007796794720021809 0.01527511338560339
0 0.1635807303344543 0.36768952729442733 0.01116714480906933 0.014221203243349079
1 0.025394249152707715 0.377012359962003 0.008947280854437523 0.015369513603068097
1 0.0580627459466469 0.3723160915158424 0.0075531094256701126 0.011263692273625558
1 0.33320393549158067 0.35242771072494317 0.0172447294414515 0.020041824965331523
1 0.6041558168575837 0.33019544233137954 0.016094183850387855 0.01994741986930265
1 0.9581968079062213 0.2957702468050336 0.008541145029486774 0.008683733388972104
1 0.8896179114072988 0.2993815760418541 0.0076342920606797815 0.012600809166479154
1 0.6464887168273443 0.3132837406545065 0.007553049969022507 0.011263687395061395
1 0.0630844107951814 0.359809683786469 0.009854200607797403 0.0114525024656833
1 0.04455395579835031 0.35931441528148955 0.009772969768437216 0.010115322457258824
0 0.2835343963564738 0.34373692822062535 0.011735749848997168 0.0235812849323771
0 0.3970721648386114 0.3283736911319239 0.008866053626941983 0.014032393051291336
1 0.5136081714798402 0.31478017914818096 0.007553049969022396 0.01126368739506134
0 0.961289555798351 0.2800625582134344 0.012398908337527215 0.015652728128879023
0 0.24783374527362362 0.33658762460961467 0.010179116741509175 0.01680110358608561
1 0.7833688769709373 0.29197372706607505 0.008947280854437634 0.015369513603068097
1 0.6959279322957668 0.29914847167683184 0.016012953011027453 0.018610239860878175
1 0.6078711160754788 0.3057018573400736 0.01724472944145161 0.020041824965331467
1 0.01974278322595302 0.35059968057183877 0.007796794720021483 0.01527511338560339
0 0.8203146251312574 0.2815512383350377 0.007715537764202196 0.01393799039454463
0 0.31054473154566287 0.3220352967889487 0.010504032875220892 0.02214970470648797
1 0.7417936832079846 0.2832907062116138 0.017163528330415012 0.0187046473961891
1 0.06906012631887598 0.3344587034774573 0.008947280854437412 0.015369513603067986
1 0.2003433952168207 0.3257023262358144 0.018395334489162862 0.020136234939924613
1 0.2935370529831475 0.31805555736455443 0.01839533448916275 0.02013623493992467
0 0.11504109671515128 0.33001392914634736 0.0090285116937978 0.016706693611492462
1 0.7028038682829612 0.27909891722924984 0.013305777924340845 0.01173571287520564
1 0.02567124530268733 0.33398739205637507 0.007796794720021594 0.015275113385603445
1 0.6326616485726162 0.2855261815019911 0.016012953011027453 0.018610239860878175
1 0.4537122639621962 0.29953749611611136 0.0172447294414515 0.020041824965331523
1 0.5856586727163806 0.2826637848087944 0.009772910311789285 0.010115317578694605
1 0.7865495188129807 0.2681959346269958 0.00656499217313844 0.013843585298515815
1 0.9094540803621596 0.25475175976954667 0.008947295718599313 0.015369514822709096
1 0.751545983172838 0.2630051390239596 0.008703595560086042 0.01135809249109021
1 0.7665842157051219 0.26311503037353123 0.01839530476083917 0.020136232500642504
1 0.030652296537474255 0.3208124240511133 0.007878025559381992 0.016612293394027866
1 0.07433211629497438 0.3165564647906254 0.010097885902148773 0.015463923577661132
1 0.5013038183968475 0.28353812422649105 0.01724472944145161 0.020041824965331523
1 0.9621824503826539 0.237658976925501 0.010179061000901934 0.016801099012431653
1 0.20455276611921114 0.29982435624878756 0.018395334489162973 0.020136234939924613
1 0.4752203152369263 0.27291204944999203 0.009772969768437056 0.010115322457258824
1 0.7036428332515209 0.2548413425387339 0.01790790083194782 0.012113328380756933
1 0.34110132750932654 0.2825730269966372 0.008784822787581692 0.012695213042866915
1 0.6363363323708311 0.26036400650647296 0.0172447294414515 0.020041824965331523
1 0.17628995677362302 0.2913928368272233 0.008703595560086042 0.011358092491090155
1 0.5295053425191718 0.2624106455353918 0.008703595560086153 0.01135809249109021
0 0.9756233823111151 0.23050893150902102 0.010422746295253305 0.02081252012440951
1 0.0034552193583901603 0.3051209337139748 0.0069104387167803205 0.01297842345238931
1 0.9182655741721568 0.22849617427696853 0.008784837651743649 0.01269521426250797
1 0.769270811979129 0.24072156103424314 0.012398917627628459 0.015652728891154682
1 0.7057068735547122 0.24123376998029034 0.011992770654556395 0.008966947762327926
1 0.29780031535977824 0.2740316137862192 0.00862236472072575 0.01002091248266579
1 0.9443624277074478 0.22030767935974171 0.008703610424248054 0.011358093710731265
1 0.3236874420656081 0.27190750388989937 0.017163499505057245 0.018704659821069003
1 0.7497995544393066 0.23425633368098747 0.011248372036564813 0.015558323795125784
1 0.9061103510768932 0.21874298777974388 0.008622379584887652 0.010020913702306816
1 0.9683612839723483 0.21565089099217433 0.008866062943086894 0.014032379025632674
0 0.666344874184855 0.2404320728907131 0.01017905728486157 0.016801098707521417
0 0.39703758217201957 0.26118558336013287 0.007878025559381996 0.016612293394027866
1 0.6575127682219892 0.23779721566795198 0.008784822787581525 0.012695213042866915
1 0.9214395492136505 0.21412565105831452 0.007715524810148255 0.013937959751489926
1 0.06174346114350093 0.28063437645650247 0.007715566589559852 0.013937977969664839
1 0.5331800263173867 0.23724847053987358 0.007471819129662105 0.00992650738663689
1 0.2610776588169678 0.25957513915090186 0.008947280854437412 0.015369513603068041
1 0.9726451845531967 0.20051736558422228 0.010016601128113534 0.01412676872390664
1 0.4405616413465917 0.24484803686311923 0.01601301427360763 0.018610274467766336
1 0.24128145360917747 0.24776128338820214 0.009772969768437112 0.01011532245725888
1 0.48761856723074903 0.22956444022228156 0.0172447294414515 0.020041824965331467
1 0.5773605882238848 0.22220088663910814 0.0172447294414515 0.020041824965331495
1 0.3062462776163838 0.2417588371690265 0.018395334489162918 0.020136234939924613
1 0.9739308964056771 0.1836141334227781 0.012236448877156247 0.012978427454336444
1 0.21872411877194736 0.24759643028004164 0.0091909697606537 0.019380994171693727
1 0.17517278059186908 0.24445083316292024 0.00755310761973782 0.0112636625453017
1 0.37552892291419926 0.23069874946394764 0.0172447294414515 0.02004182496533155
1 0.6215817646470969 0.2078218778783929 0.010016597412073391 0.01412676841899635
1 0.026056144217409205 0.2546704820751642 0.008784822787581525 0.012695213042866943
1 0.19136152898689274 0.24446632185574513 0.017244729441451473 0.020041824965331467
1 0.33719562468229747 0.22779690699402871 0.009772969768437167 0.01011532245725888
1 0.7409940897705327 0.19399234194933906 0.011992772460488799 0.008966977490651756
1 0.8986991209053992 0.1823960715206922 0.007553063027252005 0.011263658886378508
0 0.9235981614414706 0.18304068957684527 0.009028526557959826 0.016706694831133573
1 0.257605381968517 0.23096794389125513 0.007553107619737709 0.0112636625453017
0 0.1301392813971553 0.24545829696942595 0.010504032875220948 0.022149704706487916
1 0.08095711826854834 0.24479044587403553 0.011735748043064875 0.023581255204053103
1 0.24067887207981553 0.22832534476136368 0.018395334489162973 0.020136234939924585
0 0.3376557216832914 0.21633669478882106 0.009854198801865277 0.011452472737359387
0 0.7977899643412075 0.177237732950411 0.01199277246048891 0.008966977490651729
1 0.07311307010156648 0.23938688543432646 0.007878025559381885 0.01661229339402784
1 0.20119502825685026 0.22551790738747363 0.008622364720725861 0.010020912482665706
1 0.4918279093077818 0.20368648753869864 0.01724472944145139 0.020041824965331467
0 0.814188468842533 0.1711888267509659 0.01552560853878382 0.010587340619556851
1 0.21291019477833678 0.2185094503296762 0.00985419880186511 0.011452472737359443
1 0.0031503060400071 0.23650125570189234 0.0063006120800142 0.015369513603068097
1 0.936064343214952 0.15984478119005546 0.008947295718599424 0.015369514822709096
0 0.9285046124320961 0.15912126037521934 0.010422744385145233 0.020812549547823134
1 0.9690983829166131 0.16116571787511114 0.015674737132997607 0.03188739995726411
1 0.35812837343317183 0.20121866531520605 0.018395334489162973 0.020136234939924585
1 0.6350426942683092 0.17244998020815125 0.00862236472072575 0.010020912482665734
1 0.06959353980615546 0.21951838196822776 0.007878025559381774 0.016612293394027866
1 0.24496947291860022 0.20378453991859924 0.018395334489162862 0.020136234939924585
1 0.6239907270597103 0.17134109832171035 0.01017905728486157 0.01680109870752136
1 0.33183515966240074 0.19665699663621589 0.010504032875221114 0.022149704706487944
0 0.4074863904994565 0.18574625848231063 0.010097885902148884 0.015463923577661187
1 0.6964813211274667 0.1559863296240812 0.013143318051552666 0.009061382586680655
0 0.5929328422265385 0.1644827370417547 0.011167143003136926 0.01422117351502522
1 0.9755275676331328 0.13376180632014883 0.007796753379071153 0.015275109993476726
0 0.09252974170798545 0.2068858577269181 0.011492060942781102 0.019569804363751442
0 0.13876103903775688 0.19704528216667355 0.0076343366531655965 0.012600812825402263
1 0.9297157581294494 0.13147359409682696 0.0065649829351250855 0.013843554960371332
1 0.2892379316141303 0.18066682206089196 0.0076343366531655965 0.012600812825402263
1 0.7627658025870008 0.14315651071583851 0.01354943349036819 0.015747131547901444
1 0.3618436726510671 0.17672508032390008 0.0172447294414515 0.020041824965331523
1 0.1063428673713816 0.19634571965537567 0.010504032875220948 0.022149704706487888
1 0.014712599653118276 0.20117657788310916 0.009190969760653703 0.0193809941716937
0 0.6472245669927119 0.14457404645082994 0.013224547084980443 0.01039853286678119
1 0.08637756516648909 0.1912648302660731 0.007715565686593706 0.013937963105502826
1 0.7663865512214558 0.1361403278347137 0.010097826445501168 0.015463918699096912
1 0.05083273322024845 0.19619709414886194 0.01042280384179295 0.020812554426387325
1 0.9071650733705869 0.12190147314033736 0.0064837613337781486 0.012506405290091283
0 0.632558533769424 0.14107406198883046 0.011992772460488799 0.008966977490651729
0 0.8376860000455966 0.12021138787342209 0.015606837572211818 0.011924490899657372
1 0.7915019858911092 0.12131326920083652 0.008703593754153638 0.011358062762766338
1 0.9203623191538184 0.11073996186693859 0.00870360861831565 0.01135806398240738
1 0.04291415350376654 0.18004909675272784 0.007715565686593595 0.013937963105502854
1 0.20472728698334514 0.16945957668134515 0.018395334489163084 0.020136234939924585
0 0.5927091583930667 0.13224943349032586 0.0142938636426162 0.009155787682709499
1 0.776917181701249 0.1191504350189376 0.01913967365050684 0.01354485402856248
0 0.3685165937054069 0.15333261556917854 0.007878025559381774 0.016612293394027894
0 0.758264883154276 0.11664944109380732 0.012236459560772572 0.012978428330953529
0 0.4499611075578471 0.14261843195374346 0.010179116741509064 0.016801103586085636
1 0.9532405646219786 0.0999792991383284 0.008866062969131172 0.014032364237698283
1 0.010130450283999393 0.17333234311681545 0.009691740735009446 0.008778172177158233
1 0.7089202173663274 0.11330729309713887 0.010842226869425153 0.008872572394622885
1 0.546450582057789 0.12260686543643542 0.010842226869425153 0.008872572394622899
0 0.8440679069091073 0.10154618131827353 0.007796765443180864 0.015275118378402272
1 0.25820005095073667 0.14558662293397115 0.009772969768437334 0.010115322457258824
1 0.31934106837833853 0.14325747895998733 0.007796795171504778 0.015275120817684396
0 0.7632865034103247 0.10414303702335709 0.014375062947720174 0.010492935523527966
1 0.037540293516014234 0.16772375974756393 0.012723776110624807 0.02100135486131663
1 0.8317435496563366 0.0985259642435487 0.011248372488047997 0.015558331227206776
0 0.1465165533815173 0.1534067095884235 0.007796795171504889 0.015275120817684368
1 0.23062769019521828 0.14852091062158573 0.01724472944145164 0.020041824965331523
0 0.9255936871811219 0.09216914864987688 0.012886286202047348 0.02367565969026149
1 0.8067226655701234 0.09587562076724479 0.007715536409752866 0.013937968098301709
0 0.009155699173965637 0.15728649516312268 0.012155171070696857 0.011641273172288746
1 0.09786901880340437 0.15202308324425046 0.010422804293276133 0.020812561858468276
1 0.7734449489938009 0.09054322866828675 0.010842226869425153 0.008872572394622885
1 0.07835711543835322 0.1448892571779432 0.008541135687297752 0.008683762202565143
1 0.17952330340056682 0.13524449980086384 0.008703593754153832 0.011358062762766352
1 0.25541822224087246 0.12834522735142223 0.011085913969708927 0.01288402323492463
0 0.19082562681950271 0.130957570586807 0.010923455902853124 0.010209722674723476
0 0.6971032393868685 0.09008815472021434 0.017907899026015306 0.012113298652433019
1 0.9382629428926225 0.07231613825958144 0.010097827348467314 0.015463933563258855
0 0.3795545885943499 0.11614380267084372 0.009028510790831612 0.01670667874733059
0 0.23557476358612184 0.12527006338227054 0.011329601972958958 0.016895488939388317
1 0.7772754235547509 0.07746264590209305 0.010923455902853041 0.010209722674723504
1 0.7639629940934174 0.07721114069603817 0.00993536837864517 0.012789618138895759
0 0.44103380024189753 0.10034872966610607 0.013143318051552555 0.009061382586680655
1 0.34623625727557195 0.11014283171579492 0.010097886805115142 0.015463938441823089
1 0.7518417251913447 0.07753381296608569 0.011329601972958958 0.016895488939388317
1 0.10347256452068548 0.13006218989234397 0.012561317140802886 0.01832703943695356
1 0.2103914209815695 0.11994541191368449 0.012398859073946777 0.01565273887675235
1 0.039049065644934766 0.1259415593222506 0.008784822787581636 0.012695213042866915
1 0.590651147231099 0.07933742882454285 0.007471819129662105 0.00992650738663689
1 0.27018551794420737 0.1049605143751941 0.008866052723975781 0.014032378187129421
1 0.9512637778223443 0.04840446007417329 0.008784833935703174 0.012695213957597706
0 0.5777515176342796 0.07636442172991345 0.009935368378645282 0.0127896181388958
0 0.6121052187495832 0.07085797793174015 0.014375092676044088 0.010492937962810062
1 0.09987180474036333 0.10885652871406373 0.00961051079861519 0.007441007032895727
1 0.5561416260762194 0.07276229026475475 0.008784822787581748 0.012695213042866901
1 0.4442144704578156 0.07657091249150177 0.008784822787581525 0.012695213042866901
1 0.11265628827096869 0.10041652371221783 0.010842226869425153 0.008872572394622885
0 0.25593896720519915 0.08933174256793669 0.009935427835292998 0.012789623017459992
1 0.0022900941418049214 0.1117683074071008 0.004580188283609843 0.018232639219488894
1 0.9505799933847087 0.027631370890882648 0.007715525487372865 0.013937970899611404
1 0.0658157719489092 0.10022845173348538 0.010341574582623636 0.01947540043024626
0 0.3519749825056857 0.07137310274203557 0.014293803734485466 0.009155775372064343
1 0.7473068439076065 0.0409508814705624 0.00878482323906471 0.012695220474947887
0 0.01005525208485658 0.10547564348279188 0.0117357482688063 0.023581258920093606
1 0.04551885465905703 0.0992062237458418 0.011329601972958951 0.016895488939388303
1 0.4352671887004119 0.06252304561154744 0.008622364720725806 0.010020912482665761
0 0.15814982444567482 0.08794884328896746 0.009109740050001092 0.01804383274347164
1 0.21033686330916979 0.0809791302594752 0.014537491511993794 0.013167237360487485
1 0.9582276171146633 0.020284763665861766 0.007877982850960086 0.016612275099625467
1 0.002790805772383609 0.09414929515647694 0.005581611544767218 0.010115322457258838
1 0.12622572649546882 0.08586492922631297 0.007715566363818427 0.013937974253624294
1 0.9113058846654687 0.018759531011627816 0.00870360861831554 0.011358063982407388
0 0.3738012533331659 0.05950355873680506 0.008947281757403558 0.015369528467230019
1 0.360488838961736 0.059252056027149606 0.01009788680511492 0.015463938441823075
1 0.8476607281300037 0.01793458504680316 0.017989135943007106 0.013450456974435105
1 0.11994500812980735 0.07764545001549988 0.007796795622987643 0.01527512824976536
0 0.29922597708102605 0.05957545971682061 0.0142938037344853 0.009155775372064315
1 0.8353363822510962 0.014914370773388037 0.007634307376324756 0.012600817818201123
1 0.39842262915081195 0.04606085043464342 0.013143317600069426 0.009061375154599663
1 0.3073676635049212 0.05084449624299938 0.013143317600069482 0.009061375154599649
1 0.9277516718905952 0.006257036051587049 0.013630678290924458 0.012514072103174099
1 0.3814555644842212 0.04274967593118806 0.014375033106525437 0.010492931226225598
1 0.004110477750260855 0.07653027431124837 0.00822095550052171 0.018232646651569887
1 0.3388856153850214 0.04624264404098903 0.007634337104648836 0.012600820257483221
1 0.6916069278658838 0.018644811732595117 0.00894728175740378 0.015369528467230014
1 0.7776942685533581 0.008221584149853274 0.013143287871745568 0.009061372715317562
0 0.04377242524830094 0.07045740725474822 0.008947281757403669 0.015369528467229998
0 0.6793638298263481 0.016961749930769744 0.009935368830128466 0.012789625570976744
1 0.3674053889012904 0.03987106742951665 0.012073941811527433 0.010304119176147652
1 0.9378628301616552 0.005785013468090237 0.011816976008567903 0.011570026936180474
1 0.30733368712835807 0.04076864116320908 0.011911483293188363 0.007629811183865527
1 0.4155249332948018 0.032563192798772796 0.014293803734485355 0.009155775372064315
1 0.03440566145810042 0.06853833515213278 0.01419929819501431 0.026444380820473963
1 0.39810440982380335 0.031304951489795195 0.01675735343495166 0.012018893556404165
1 0.451029209729493 0.026962341465288545 0.007553107619737709 0.011263662545301686
1 0.7605240859770517 0.003741284214876159 0.014456291981148062 0.007482568429752318
1 0.11614117554017389 0.05309690942092772 0.009854198801865 0.011452472737359408
1 0.1276871866237475 0.05282144033727382 0.010097886579373383 0.015463934725782592
0 0.6038477488866723 0.011063656760124458 0.01437509245030244 0.010492934246769586
1 0.05877671118878097 0.06049144201425761 0.01280500525692363 0.022338506999437444
1 0.4305698339213018 0.02326580548536284 0.00854113523581479 0.00868375477048422
1 0.2751252865453174 0.0340046843980204 0.010760997158772545 0.007535410966400886
1 0.25905832238487636 0.03599492832643586 0.011167143623926012 0.014221183734136542
1 0.373455695685092 0.025264523378911344 0.014456262422130384 0.01183008615137681
1 0.6529959948978399 0.004646602933360237 0.007796736109904501 0.009293205866720474
1 0.07411261201669667 0.046466812120572576 0.0102603452670188 0.018138245505095088
1 0.38607772073968494 0.014150211081540895 0.008622364579637498 0.010020910160140452
0 0.0009970938071325874 0.04944903302068909 0.001994187614265175 0.01947539857222603
1 0.05529779563582543 0.041291517404249675 0.007634336991778068 0.012600818399462983
1 0.0650367888019579 0.039820499529215916 0.008703593867024462 0.011358064620786569
1 0.10530564666259506 0.036516340682462546 0.008703593867024462 0.011358064620786576
1 0.11348125023214717 0.037861240883036315 0.008947281644532859 0.015369526609209767
1 0.12317962876869498 0.035721646009932016 0.007634336991778068 0.012600818399462987
1 0.13246516329972596 0.03630356411640638 0.007796795510117138 0.015275126391745105
1 0.3388649746889723 0.01735222327414438 0.008703593867024462 0.011358064620786574
0 0.4378519155835543 0.009902010799374786 0.008784823126193997 0.012695218616927639
