1 0.4653978943824768 0.9912868738174438 0.01038062572479248 0.006702423095703125
1 0.03863900899887085 0.9932975769042969 0.0057669878005981445 0.01340484619140625
0 0.06401383876800537 0.9932975769042969 0.008073806762695312 0.01340484619140625
1 0.5536332130432129 0.9932975769042969 0.0069203972816467285 0.01340484619140625
1 0.5426758825778961 0.9926273226737976 0.008073806762695312 0.014745354652404785
1 0.633217990398407 0.9926273226737976 0.0069203972816467285 0.014745354652404785
1 0.21799308061599731 0.9919571280479431 0.009227275848388672 0.01608574390411377
1 0.43656283617019653 0.9919571280479431 0.008073806762695312 0.01608574390411377
1 0.378892719745636 0.9859249591827393 0.008073806762695312 0.014745354652404785
1 0.6262975633144379 0.989276111125946 0.009227216243743896 0.02144777774810791
1 0.1061130166053772 0.9825737476348877 0.006920456886291504 0.01072382926940918
1 0.32929641008377075 0.9819034934043884 0.008073806762695312 0.012064337730407715
1 0.14763551950454712 0.9792225360870361 0.009227275848388672 0.009383320808410645
1 0.18166089057922363 0.9805629849433899 0.008073806762695312 0.012064337730407715
0 0.759515568614006 0.9825737476348877 0.01038062572479248 0.01608574390411377
1 0.03460210561752319 0.9805629849433899 0.006920456886291504 0.014745354652404785
1 0.19492501020431519 0.9792225360870361 0.006920456886291504 0.012064337730407715
1 0.48673588037490845 0.9798927903175354 0.006920456886291504 0.01340484619140625
1 0.9867358710616827 0.9825737476348877 0.008073817938566208 0.01876676082611084
1 0.8938869684934616 0.9812332391738892 0.009227216243743896 0.01876676082611084
1 0.9036908894777298 0.9792225360870361 0.01038062572479248 0.020107269287109375
1 0.8587081879377365 0.9678283929824829 0.008073806762695312 0.01072382926940918
1 0.07843136787414551 0.9691689014434814 0.006920456886291504 0.01608574390411377
1 0.36505192518234253 0.9671581983566284 0.008073806762695312 0.012064337730407715
1 0.9504036903381348 0.9718498587608337 0.009227216243743896 0.02144777774810791
1 0.11014991998672485 0.9664879441261292 0.008073806762695312 0.01340484619140625
1 0.7658592909574509 0.9658176898956299 0.006920427083969116 0.014745354652404785
1 0.18685120344161987 0.9631367325782776 0.009227275848388672 0.014745354652404785
0 0.6995386481285095 0.9671581983566284 0.01038062572479248 0.022788166999816895
0 0.6066897213459015 0.961796224117279 0.009227216243743896 0.017426252365112305
1 0.9008073806762695 0.9611260294914246 0.009227216243743896 0.01876676082611084
0 0.9769319500774145 0.9611260294914246 0.009227219969034195 0.01876676082611084
1 0.9850057675503194 0.9624664783477783 0.00922721903771162 0.02144777774810791
0 0.9953863900154829 0.9591152667999268 0.009227219969034195 0.017426252365112305
0 0.23068052530288696 0.9530830979347229 0.006920456886291504 0.01340484619140625
1 0.4832756519317627 0.9510723948478699 0.006920456886291504 0.012064337730407715
1 0.9405997693538666 0.9537533521652222 0.008073821663856506 0.017426252365112305
0 0.3402537703514099 0.9530830979347229 0.009227275848388672 0.01876676082611084
1 0.024798154830932617 0.9483914375305176 0.008073806762695312 0.012064337730407715
1 0.6314878761768341 0.9510723948478699 0.008073806762695312 0.017426252365112305
1 0.1597462296485901 0.9497318863868713 0.01038062572479248 0.017426252365112305
1 0.12745100259780884 0.945040225982666 0.008073806762695312 0.01340484619140625
1 0.19896191358566284 0.9483914375305176 0.01038062572479248 0.020107269287109375
0 0.8494809716939926 0.9443699717521667 0.008073806762695312 0.012064337730407715
0 0.3264129161834717 0.9436997175216675 0.009227275848388672 0.01876676082611084
1 0.1753171682357788 0.9410187602043152 0.009227275848388672 0.01608574390411377
1 0.28489041328430176 0.9390080571174622 0.009227275848388672 0.012064337730407715
1 0.766435980796814 0.9376675486564636 0.008073806762695312 0.012064337730407715
0 0.5420991778373718 0.9396783113479614 0.009227216243743896 0.01876676082611084
1 0.8927335664629936 0.9390080571174622 0.009227216243743896 0.017426252365112305
1 0.02825838327407837 0.9336460828781128 0.0057669878005981445 0.012064337730407715
1 0.5634371340274811 0.9316353797912598 0.008073806762695312 0.01072382926940918
1 0.9106113016605377 0.9329758882522583 0.008073821663856506 0.01876676082611084
1 0.9480968862771988 0.9329758882522583 0.009227216243743896 0.01876676082611084
1 0.05651670694351196 0.9242627620697021 0.011533975601196289 0.006702423095703125
1 0.20011532306671143 0.9235925078392029 0.0057669878005981445 0.01340484619140625
1 0.32122260332107544 0.9235925078392029 0.008073806762695312 0.01340484619140625
0 0.13552480936050415 0.9269437193870544 0.01038062572479248 0.022788166999816895
1 0.029411792755126953 0.9202412962913513 0.01038062572479248 0.012064337730407715
1 0.8748558349907398 0.9209115505218506 0.00807381421327591 0.01340484619140625
0 0.26009225845336914 0.919571042060852 0.008073806762695312 0.01340484619140625
1 0.9215686246752739 0.9229222536087036 0.009227216243743896 0.020107269287109375
1 0.29296422004699707 0.9162198305130005 0.006920456886291504 0.014745354652404785
1 0.08592849969863892 0.9162198305130005 0.01038062572479248 0.017426252365112305
1 0.1660899519920349 0.9128686189651489 0.006920456886291504 0.01072382926940918
1 0.45905423164367676 0.9148793816566467 0.006920456886291504 0.014745354652404785
1 0.12975776195526123 0.9135388731956482 0.008073806762695312 0.014745354652404785
1 0.18742793798446655 0.9068364500999451 0.008073806762695312 0.012064337730407715
1 0.07151097059249878 0.9034852385520935 0.006920456886291504 0.01340484619140625
1 0.2733563780784607 0.9028149843215942 0.006920456886291504 0.012064337730407715
0 0.31257206201553345 0.9061661958694458 0.009227275848388672 0.01876676082611084
1 0.23068052530288696 0.9021447896957397 0.006920456886291504 0.01340484619140625
1 0.16147637367248535 0.9021447896957397 0.006920456886291504 0.01608574390411377
1 0.37024223804473877 0.8974530696868896 0.006920456886291504 0.012064337730407715
1 0.13610148429870605 0.8967828154563904 0.009227275848388672 0.01340484619140625
0 0.15397924184799194 0.8981233239173889 0.01038062572479248 0.01876676082611084
1 0.8904267624020576 0.8954423666000366 0.006920412182807922 0.01340484619140625
1 0.8840830475091934 0.8961126208305359 0.008073821663856506 0.017426252365112305
1 0.037485599517822266 0.8927614092826843 0.008073806762695312 0.01340484619140625
1 0.959630910307169 0.8941018581390381 0.006920412182807922 0.01608574390411377
1 0.02768164873123169 0.8887399435043335 0.009227275848388672 0.01072382926940918
1 0.3327566385269165 0.8887399435043335 0.008073806762695312 0.01876676082611084
1 0.7923875451087952 0.8894101977348328 0.009227216243743896 0.020107269287109375
1 0.9094578996300697 0.8867292404174805 0.008073821663856506 0.017426252365112305
1 0.9452133812010288 0.8847184777259827 0.01038062572479248 0.01340484619140625
0 0.8546712845563889 0.8827077746391296 0.009227216243743896 0.020107269287109375
1 0.21337944269180298 0.8760053515434265 0.016147613525390625 0.009383320808410645
1 0.14244520664215088 0.8786863088607788 0.008073806762695312 0.017426252365112305
1 0.3506343960762024 0.8780161142349243 0.009227275848388672 0.01608574390411377
1 0.32179927825927734 0.8766756057739258 0.006920456886291504 0.01608574390411377
1 0.8835063427686691 0.8746649026870728 0.01153402030467987 0.012064337730407715
1 0.331026554107666 0.8739946484565735 0.006920456886291504 0.01340484619140625
1 0.7214532792568207 0.8719838857650757 0.008073806762695312 0.009383320808410645
1 0.02249133586883545 0.8719838857650757 0.0057669878005981445 0.012064337730407715
1 0.08535176515579224 0.8693029284477234 0.009227275848388672 0.006702423095703125
0 0.18973469734191895 0.8739946484565735 0.012687444686889648 0.01608574390411377
0 0.6435986161231995 0.8706434369087219 0.016147613525390625 0.009383320808410645
1 0.054786622524261475 0.8693029284477234 0.0057669878005981445 0.012064337730407715
0 0.20818912982940674 0.8652815222740173 0.012687444686889648 0.012064337730407715
1 0.31949251890182495 0.8632707595825195 0.006920456886291504 0.01340484619140625
1 0.8442906588315964 0.8632707595825195 0.006920427083969116 0.01340484619140625
1 0.916955016553402 0.8659517168998718 0.009227216243743896 0.02144777774810791
0 0.08996540307998657 0.8585790991783142 0.009227275848388672 0.012064337730407715
1 0.8944636657834053 0.8579088449478149 0.01038062572479248 0.01876676082611084
0 0.5611303448677063 0.8498659729957581 0.01038062572479248 0.00804293155670166
1 0.23875433206558228 0.845174252986908 0.009227275848388672 0.012064337730407715
1 0.39158016443252563 0.8404825925827026 0.012687444686889648 0.00804293155670166
1 0.9803921561688185 0.8411527872085571 0.013840831816196442 0.009383320808410645
1 0.9313725456595421 0.8438338041305542 0.008073821663856506 0.017426252365112305
1 0.5115340352058411 0.8364611268043518 0.01038062572479248 0.00804293155670166
1 0.05363321304321289 0.8364611268043518 0.008073806762695312 0.01072382926940918
1 0.4919261932373047 0.8310992121696472 0.01038062572479248 0.00804293155670166
0 0.3494809865951538 0.8297587037086487 0.011533975601196289 0.00804293155670166
1 0.9267589375376701 0.8337801694869995 0.012687429785728455 0.02144777774810791
1 0.6441753208637238 0.8317694664001465 0.01730102300643921 0.020107269287109375
1 0.8212226033210754 0.8277480006217957 0.006920427083969116 0.012064337730407715
1 0.8535178750753403 0.8250670433044434 0.011534035205841064 0.014745354652404785
1 0.913494810461998 0.8250670433044434 0.006920412182807922 0.014745354652404785
0 0.7272202968597412 0.8243967890739441 0.008073806762695312 0.01608574390411377
1 0.9659746261313558 0.8210455775260925 0.008073816075921059 0.009383320808410645
0 0.3073817491531372 0.819705069065094 0.014994263648986816 0.009383320808410645
1 0.09976929426193237 0.819705069065094 0.008073806762695312 0.012064337730407715
1 0.8102652877569199 0.8103216886520386 0.008073806762695312 0.017426252365112305
1 0.1130334734916687 0.8103216886520386 0.009227275848388672 0.020107269287109375
1 0.9959630910307169 0.8069705367088318 0.008073817938566208 0.01340484619140625
1 0.6459054350852966 0.7989276051521301 0.011534035205841064 0.00804293155670166
1 0.5374855697154999 0.8022788166999817 0.016147613525390625 0.020107269287109375
1 0.953863900154829 0.8016085624694824 0.009227223694324493 0.02144777774810791
1 0.9705882351845503 0.8022788166999817 0.012687426060438156 0.025469183921813965
0 0.733564019203186 0.7942359447479248 0.0069203972816467285 0.012064337730407715
1 0.6966551244258881 0.790214478969574 0.009227216243743896 0.009383320808410645
0 0.3690888285636902 0.788203775882721 0.011533975601196289 0.00804293155670166
1 0.6066897213459015 0.7942359447479248 0.016147613525390625 0.020107269287109375
1 0.044405996799468994 0.790214478969574 0.008073806762695312 0.017426252365112305
1 0.560553640127182 0.7875335216522217 0.0069203972816467285 0.012064337730407715
0 0.8166089951992035 0.7875335216522217 0.009227216243743896 0.017426252365112305
1 0.9873125720769167 0.7875335216522217 0.009227219969034195 0.017426252365112305
1 0.5426758825778961 0.7828418016433716 0.01730102300643921 0.01072382926940918
1 0.8010380566120148 0.777479887008667 0.01038062572479248 0.00804293155670166
0 0.916955016553402 0.775469183921814 0.009227216243743896 0.012064337730407715
0 0.6164936423301697 0.7741286754608154 0.01038062572479248 0.012064337730407715
1 0.6343713998794556 0.7741286754608154 0.016147613525390625 0.020107269287109375
0 0.3852364420890808 0.7687667608261108 0.018454432487487793 0.012064337730407715
0 0.907727800309658 0.7707774639129639 0.009227216243743896 0.01608574390411377
1 0.5213379561901093 0.7714477181434631 0.016147613525390625 0.020107269287109375
0 0.23356401920318604 0.7620643377304077 0.014994263648986816 0.009383320808410645
0 0.5524798035621643 0.7573726773262024 0.011534035205841064 0.01072382926940918
1 0.6816608905792236 0.760723888874054 0.016147613525390625 0.020107269287109375
1 0.4279123544692993 0.7526809573173523 0.009227275848388672 0.009383320808410645
1 0.6557093560695648 0.7567024230957031 0.008073806762695312 0.017426252365112305
1 0.36332178115844727 0.7553619146347046 0.016147613525390625 0.020107269287109375
0 0.4094579219818115 0.7486594915390015 0.013840794563293457 0.012064337730407715
1 0.9948096885345876 0.752010703086853 0.010380622930824757 0.02144777774810791
0 0.7070357501506805 0.7432975769042969 0.009227216243743896 0.012064337730407715
0 0.2998846769332886 0.7406166195869446 0.009227275848388672 0.012064337730407715
1 0.5219146609306335 0.739276111125946 0.008073806762695312 0.009383320808410645
1 0.3662053346633911 0.7365951538085938 0.012687444686889648 0.009383320808410645
1 0.5051903128623962 0.739276111125946 0.016147613525390625 0.020107269287109375
1 0.576701283454895 0.73525470495224 0.011534035205841064 0.014745354652404785
0 0.6412917971611023 0.7312332391738892 0.011534035205841064 0.009383320808410645
1 0.7462514340877533 0.7319034934043884 0.0069203972816467285 0.01072382926940918
1 0.6874279081821442 0.73525470495224 0.016147613525390625 0.020107269287109375
1 0.3938869833946228 0.7278820276260376 0.012687444686889648 0.00804293155670166
1 0.27508652210235596 0.7325737476348877 0.017301082611083984 0.020107269287109375
1 0.4227220416069031 0.7231903672218323 0.008073806762695312 0.009383320808410645
1 0.6666666567325592 0.7218498587608337 0.016147613525390625 0.009383320808410645
1 0.9780853521078825 0.7252010703086853 0.006920415908098221 0.01608574390411377
1 0.20357555150985718 0.7211796045303345 0.008073806762695312 0.01072382926940918
1 0.5536332130432129 0.7258713245391846 0.016147613525390625 0.020107269287109375
1 0.5103806257247925 0.7198391556739807 0.01730102300643921 0.01072382926940918
1 0.8344867378473282 0.7158176898956299 0.008073806762695312 0.00804293155670166
0 0.9325259551405907 0.7191689014434814 0.01038062572479248 0.017426252365112305
1 0.4936562776565552 0.7144772410392761 0.009227275848388672 0.01072382926940918
1 0.27508652210235596 0.7111260294914246 0.008073806762695312 0.012064337730407715
0 0.42387545108795166 0.7104557752609253 0.01038062572479248 0.01072382926940918
1 0.9261822402477264 0.7138069868087769 0.009227216243743896 0.017426252365112305
1 0.9896193770691752 0.7124664783477783 0.006920415908098221 0.014745354652404785
0 0.4901960492134094 0.7017426490783691 0.016147613525390625 0.009383320808410645
1 0.8125720918178558 0.707774817943573 0.01038062572479248 0.02144777774810791
0 0.4475201964378357 0.7024128437042236 0.009227275848388672 0.01340484619140625
1 0.9140715077519417 0.7024128437042236 0.008073821663856506 0.01608574390411377
1 0.5594002306461334 0.6997318863868713 0.016147613525390625 0.01876676082611084
1 0.2618224024772644 0.6936997175216675 0.013840794563293457 0.009383320808410645
1 0.3529411554336548 0.6977211833000183 0.016147613525390625 0.020107269287109375
0 0.9394463673233986 0.6957104802131653 0.01038062572479248 0.01876676082611084
0 0.9884659748058766 0.697050929069519 0.011534025426954031 0.02144777774810791
0 0.8465974628925323 0.6910187602043152 0.009227216243743896 0.014745354652404785
1 0.9094578996300697 0.6903485059738159 0.008073821663856506 0.01340484619140625
1 0.5426758825778961 0.6869972944259644 0.008073806762695312 0.009383320808410645
1 0.7179930806159973 0.6903485059738159 0.008073806762695312 0.01608574390411377
0 0.8927335664629936 0.6923592686653137 0.009227216243743896 0.020107269287109375
1 0.029411792755126953 0.6843163371086121 0.008073806762695312 0.009383320808410645
1 0.26009225845336914 0.680294930934906 0.008073806762695312 0.009383320808410645
0 0.8362168371677399 0.6816353797912598 0.006920427083969116 0.012064337730407715
1 0.0968858003616333 0.6843163371086121 0.018454432487487793 0.020107269287109375
0 0.17358708381652832 0.6756032109260559 0.01038062572479248 0.01340484619140625
1 0.38062286376953125 0.6782841682434082 0.016147613525390625 0.01876676082611084
1 0.8235294073820114 0.6782841682434082 0.009227216243743896 0.01876676082611084
1 0.9775086510926485 0.6742627620697021 0.008073817938566208 0.01072382926940918
1 0.42733561992645264 0.6715817451477051 0.01038062572479248 0.00804293155670166
1 0.26009225845336914 0.667560338973999 0.008073806762695312 0.01072382926940918
1 0.6562860310077667 0.6722519993782043 0.016147613525390625 0.020107269287109375
1 0.7081891596317291 0.6662198305130005 0.009227216243743896 0.00804293155670166
1 0.36332178115844727 0.6655495762825012 0.009227275848388672 0.009383320808410645
1 0.4134948253631592 0.6642091274261475 0.008073806762695312 0.009383320808410645
1 0.9890426760539412 0.6668900847434998 0.008073817938566208 0.014745354652404785
1 0.7226066887378693 0.6642091274261475 0.008073806762695312 0.012064337730407715
1 0.9492502883076668 0.6709115505218506 0.011534027755260468 0.025469183921813965
1 0.24971163272857666 0.6628686189651489 0.008073806762695312 0.012064337730407715
0 0.21395617723464966 0.6642091274261475 0.008073806762695312 0.017426252365112305
1 0.12514418363571167 0.6642091274261475 0.017301082611083984 0.020107269287109375
0 0.2871972322463989 0.6595174074172974 0.009227275848388672 0.01072382926940918
1 0.2266436219215393 0.6568364500999451 0.008073806762695312 0.01072382926940918
1 0.6608996391296387 0.6534852385520935 0.016147613525390625 0.009383320808410645
1 0.4123414158821106 0.6521447896957397 0.01038062572479248 0.009383320808410645
0 0.5991926193237305 0.6554960012435913 0.008073806762695312 0.01608574390411377
1 0.8465974628925323 0.654825747013092 0.009227216243743896 0.014745354652404785
1 0.3863898515701294 0.6521447896957397 0.016147613525390625 0.020107269287109375
1 0.908881202340126 0.6474530696868896 0.006920412182807922 0.01072382926940918
0 0.6839677095413208 0.6454423666000366 0.013840854167938232 0.009383320808410645
1 0.5657439529895782 0.6420911550521851 0.008073806762695312 0.01072382926940918
1 0.15397924184799194 0.6441018581390381 0.017301082611083984 0.020107269287109375
1 0.7283737063407898 0.6407506465911865 0.008073806762695312 0.01608574390411377
1 0.6401384174823761 0.6407506465911865 0.016147613525390625 0.01876676082611084
0 0.29873126745224 0.6340482831001282 0.018454432487487793 0.01072382926940918
1 0.2272202968597412 0.6360589861869812 0.016147613525390625 0.020107269287109375
1 0.5276816487312317 0.6360589861869812 0.01730102300643921 0.020107269287109375
1 0.8500576764345169 0.6340482831001282 0.006920427083969116 0.01608574390411377
0 0.32064592838287354 0.6280161142349243 0.011533975601196289 0.009383320808410645
1 0.10899651050567627 0.6313672661781311 0.017301082611083984 0.01876676082611084
1 0.7035755515098572 0.627345860004425 0.0069203972816467285 0.01072382926940918
1 0.8402537554502487 0.6260053515434265 0.008073806762695312 0.01072382926940918
1 0.5588235259056091 0.6239946484565735 0.008073806762695312 0.009383320808410645
1 0.9256055355072021 0.622654139995575 0.008073821663856506 0.012064337730407715
1 0.9475201852619648 0.6246649026870728 0.00807381421327591 0.01608574390411377
1 0.27681660652160645 0.6219838857650757 0.016147613525390625 0.01876676082611084
0 0.43656283617019653 0.6186327338218689 0.01038062572479248 0.012064337730407715
1 0.5755478739738464 0.622654139995575 0.016147613525390625 0.020107269287109375
1 0.2376009225845337 0.6166219711303711 0.009227275848388672 0.01072382926940918
1 0.82468281686306 0.6159517168998718 0.006920427083969116 0.014745354652404785
1 0.644752025604248 0.6152815222740173 0.016147613525390625 0.01876676082611084
1 0.9746251441538334 0.612600564956665 0.006920415908098221 0.01340484619140625
1 0.5173010528087616 0.609919548034668 0.008073806762695312 0.01072382926940918
1 0.13783162832260132 0.6119303107261658 0.017301082611083984 0.020107269287109375
1 0.9215686246752739 0.6058981418609619 0.006920412182807922 0.01340484619140625
1 0.6660899519920349 0.6012064218521118 0.008073806762695312 0.009383320808410645
1 0.1672433614730835 0.5985254645347595 0.016147613525390625 0.009383320808410645
0 0.18339097499847412 0.5998659729957581 0.009227275848388672 0.012064337730407715
1 0.8806228376924992 0.6038873791694641 0.012687422335147858 0.022788166999816895
1 0.6931949257850647 0.6012064218521118 0.016147613525390625 0.020107269287109375
1 0.39850056171417236 0.5998659729957581 0.017301082611083984 0.020107269287109375
1 0.822376012802124 0.5958445072174072 0.006920427083969116 0.014745354652404785
1 0.5426758825778961 0.5911527872085571 0.01038062572479248 0.01072382926940918
1 0.13840830326080322 0.5904825925827026 0.009227275848388672 0.012064337730407715
0 0.46251440048217773 0.5911527872085571 0.006920456886291504 0.01340484619140625
1 0.37197232246398926 0.5871313810348511 0.008073806762695312 0.01072382926940918
1 0.560553640127182 0.5911527872085571 0.016147613525390625 0.01876676082611084
1 0.7762399017810822 0.5871313810348511 0.006920427083969116 0.01072382926940918
1 0.8373702466487885 0.5878016352653503 0.006920427083969116 0.012064337730407715
1 0.7370242178440094 0.5878016352653503 0.0069203972816467285 0.014745354652404785
1 0.864475205540657 0.5831099152565002 0.008073806762695312 0.01072382926940918
1 0.4475201964378357 0.5864611268043518 0.016147613525390625 0.020107269287109375
0 0.8494809716939926 0.5878016352653503 0.01268741488456726 0.022788166999816895
1 0.5870818793773651 0.5784182548522949 0.016147613525390625 0.009383320808410645
1 0.7197231948375702 0.5831099152565002 0.016147613525390625 0.01876676082611084
1 0.12168395519256592 0.5790884494781494 0.017301082611083984 0.01876676082611084
1 0.4313725233078003 0.5737265348434448 0.009227275848388672 0.01072382926940918
1 0.9307958483695984 0.5743967890739441 0.006920412182807922 0.012064337730407715
0 0.3050749897956848 0.5723860859870911 0.01038062572479248 0.01608574390411377
1 0.45328718423843384 0.5683646202087402 0.013840794563293457 0.00804293155670166
1 0.8460207581520081 0.5650134086608887 0.01268741488456726 0.017426252365112305
0 0.25086504220962524 0.5616621971130371 0.008073806762695312 0.01340484619140625
1 0.5617070496082306 0.5596514940261841 0.009227216243743896 0.009383320808410645
1 0.8581314831972122 0.5603216886520386 0.006920427083969116 0.01608574390411377
1 0.31084197759628296 0.554959774017334 0.008073806762695312 0.01072382926940918
1 0.544405996799469 0.5589812397956848 0.016147613525390625 0.01876676082611084
1 0.3321799039840698 0.5542895197868347 0.006920456886291504 0.012064337730407715
0 0.23875433206558228 0.5576407313346863 0.009227275848388672 0.02144777774810791
1 0.18166089057922363 0.5475871562957764 0.01038062572479248 0.009383320808410645
1 0.8967704698443413 0.5449061393737793 0.01038062572479248 0.009383320808410645
1 0.4100345969200134 0.5482573509216309 0.017301082611083984 0.01876676082611084
1 0.85063436627388 0.5462466478347778 0.01038062572479248 0.017426252365112305
1 0.8696655184030533 0.5408847332000732 0.006920427083969116 0.009383320808410645
1 0.5709342658519745 0.540214478969574 0.016147613525390625 0.01876676082611084
1 0.5328719615936279 0.5348525643348694 0.009227216243743896 0.01072382926940918
1 0.17416375875473022 0.5335120558738708 0.009227275848388672 0.01072382926940918
1 0.8362168371677399 0.5355227589607239 0.009227216243743896 0.017426252365112305
1 0.45963090658187866 0.5348525643348694 0.017301082611083984 0.01876676082611084
1 0.8967704698443413 0.5308310985565186 0.012687429785728455 0.01340484619140625
0 0.0709342360496521 0.5288203954696655 0.008073806762695312 0.014745354652404785
1 0.2514417767524719 0.5315013527870178 0.016147613525390625 0.020107269287109375
0 0.7889273315668106 0.527479887008667 0.006920427083969116 0.012064337730407715
1 0.910034604370594 0.5261394381523132 0.009227216243743896 0.009383320808410645
1 0.10438293218612671 0.5261394381523132 0.008073806762695312 0.012064337730407715
1 0.018454432487487793 0.5214477181434631 0.006920456886291504 0.01340484619140625
1 0.6880046129226685 0.5194370150566101 0.014994204044342041 0.020107269287109375
1 0.30103808641433716 0.5174262523651123 0.016147613525390625 0.01876676082611084
1 0.8881199508905411 0.51474529504776 0.006920412182807922 0.01340484619140625
1 0.07497113943099976 0.5134048461914062 0.006920456886291504 0.01340484619140625
1 0.7531718611717224 0.5134048461914062 0.009227216243743896 0.01608574390411377
1 0.9232987314462662 0.512734591960907 0.008073821663856506 0.014745354652404785
1 0.9757785461843014 0.5080428719520569 0.009227219969034195 0.00804293155670166
1 0.6626297533512115 0.5067024230957031 0.01038062572479248 0.00804293155670166
1 0.46885812282562256 0.5026809722185135 0.01038062572479248 0.008042901754379272
1 0.908881202340126 0.5073726773262024 0.009227216243743896 0.017426252365112305
1 0.16205304861068726 0.5067024230957031 0.017301082611083984 0.01876676082611084
1 0.6320645809173584 0.5020106881856918 0.009227216243743896 0.009383350610733032
0 0.7935409396886826 0.5033512115478516 0.006920427083969116 0.012064337730407715
1 0.7358708083629608 0.5013404935598373 0.018454432487487793 0.010723859071731567
1 0.866782009601593 0.4973190575838089 0.008073806762695312 0.008042901754379272
1 0.7191464900970459 0.49664878845214844 0.008073806762695312 0.012064337730407715
0 0.07900810241699219 0.49597856402397156 0.008073806762695312 0.016085803508758545
1 0.4215686321258545 0.4973190426826477 0.017301082611083984 0.01876676082611084
1 0.6931949257850647 0.49463804066181183 0.016147613525390625 0.018766731023788452
1 0.7583621740341187 0.48592492938041687 0.01038062572479248 0.00938338041305542
1 0.257785439491272 0.48525470495224 0.008073806762695312 0.010723888874053955
1 0.9313725456595421 0.4879356622695923 0.008073821663856506 0.016085803508758545
1 0.8713956214487553 0.48525470495224 0.00807381421327591 0.01340484619140625
1 0.9694348331540823 0.48592492938041687 0.008073817938566208 0.017426252365112305
1 0.28546714782714844 0.48592492938041687 0.017301082611083984 0.0201072096824646
1 0.560553640127182 0.4825737178325653 0.016147613525390625 0.01876676082611084
1 0.7404844164848328 0.4825737178325653 0.016147613525390625 0.01876676082611084
1 0.16897344589233398 0.4805630147457123 0.017301082611083984 0.0201072096824646
0 0.6782006919384003 0.47117963433265686 0.016147613525390625 0.00938338041305542
1 0.7226066887378693 0.4698391556739807 0.01038062572479248 0.00938338041305542
1 0.036908864974975586 0.4684986472129822 0.009227275848388672 0.017426252365112305
0 0.6147635579109192 0.4705093801021576 0.009227216243743896 0.021447718143463135
1 0.11764705181121826 0.46380695700645447 0.009227275848388672 0.010723888874053955
1 0.7508650496602058 0.4631367325782776 0.00922723114490509 0.00938338041305542
1 0.3131487965583801 0.46648794412612915 0.017301082611083984 0.01876676082611084
0 0.08650517463684082 0.4624664783477783 0.006920456886291504 0.01340484619140625
1 0.7399077415466309 0.46179625391960144 0.01038062572479248 0.012064337730407715
0 0.007497131824493408 0.4624664783477783 0.008073806762695312 0.016085803508758545
1 0.5876585841178894 0.46380695700645447 0.014994204044342041 0.01876676082611084
0 0.6712802648544312 0.459785521030426 0.009227216243743896 0.01340484619140625
1 0.6822375953197479 0.4577747881412506 0.008073806762695312 0.00938338041305542
1 0.4757785201072693 0.4584450423717499 0.017301082611083984 0.01876676082611084
1 0.9319492522627115 0.452412873506546 0.011534024029970169 0.006702423095703125
0 0.2635524868965149 0.4557640850543976 0.008073806762695312 0.01876676082611084
1 0.5611303448677063 0.4510723948478699 0.008073806762695312 0.00938338041305542
1 0.8033448606729507 0.45442360639572144 0.008073806762695312 0.01876676082611084
0 0.2289503812789917 0.4457104504108429 0.01038062572479248 0.012064337730407715
1 0.504613608121872 0.43967828154563904 0.008073806762695312 0.010723888874053955
1 0.1303344964981079 0.44235923886299133 0.016147613525390625 0.01876676082611084
1 0.7670126855373383 0.43699732422828674 0.011534035205841064 0.01340484619140625
0 0.09284889698028564 0.4376675486564636 0.008073806762695312 0.017426252365112305
0 0.4106113314628601 0.43498659133911133 0.018454432487487793 0.012064337730407715
1 0.5928488969802856 0.4383378028869629 0.016147613525390625 0.01876676082611084
1 0.6822375953197479 0.4383378028869629 0.014994204044342041 0.01876676082611084
1 0.20357555150985718 0.4356568455696106 0.017301082611083984 0.01876676082611084
1 0.7341407239437103 0.43163537979125977 0.008073806762695312 0.010723888874053955
1 0.8079584836959839 0.4329758584499359 0.008073806762695312 0.016085803508758545
1 0.4809688329696655 0.4329758584499359 0.016147613525390625 0.01876676082611084
1 0.15282583236694336 0.4276139438152313 0.008073806762695312 0.010723888874053955
1 0.7554786652326584 0.4282841682434082 0.009227216243743896 0.012064337730407715
1 0.9457900822162628 0.42493298649787903 0.009227216243743896 0.010723888874053955
1 0.1758939027786255 0.4229222536087036 0.008073806762695312 0.00938338041305542
1 0.4221453070640564 0.42158177495002747 0.009227275848388672 0.00938338041305542
1 0.5109573304653168 0.41890081763267517 0.009227216243743896 0.006702423095703125
1 0.5023068189620972 0.4162198305130005 0.008073806762695312 0.00938338041305542
1 0.8702422082424164 0.4155496060848236 0.01038062572479248 0.008042871952056885
1 0.02249133586883545 0.41487935185432434 0.01038062572479248 0.00938338041305542
1 0.6193771660327911 0.41957104206085205 0.016147613525390625 0.01876676082611084
1 0.9319492522627115 0.4162198305130005 0.016147632151842117 0.017426252365112305
1 0.1303344964981079 0.4115281403064728 0.009227275848388672 0.010723888874053955
1 0.3246828317642212 0.41487935185432434 0.017301082611083984 0.0201072096824646
1 0.286620557308197 0.4088471829891205 0.008073806762695312 0.010723888874053955
0 0.5957324206829071 0.4081769585609436 0.012687444686889648 0.00938338041305542
1 0.6874279081821442 0.4135388731956482 0.016147613525390625 0.020107269287109375
1 0.042675912380218506 0.4088471829891205 0.009227275848388672 0.01340484619140625
0 0.4204152226448059 0.40683645009994507 0.012687444686889648 0.00938338041305542
1 0.8131487816572189 0.40482574701309204 0.006920427083969116 0.010723888874053955
1 0.6412917971611023 0.4028150141239166 0.009227216243743896 0.00938338041305542
1 0.029411792755126953 0.39946380257606506 0.008073806762695312 0.01340484619140625
0 0.9307958483695984 0.3981233239173889 0.01153402030467987 0.010723888874053955
1 0.6245674788951874 0.3954423666000366 0.014994204044342041 0.01876676082611084
1 0.7549019604921341 0.3887399435043335 0.008073806762695312 0.008042871952056885
1 0.5870818793773651 0.3887399435043335 0.009227216243743896 0.010723888874053955
0 0.23068052530288696 0.39008042216300964 0.006920456886291504 0.016085803508758545
0 0.9140715077519417 0.39008042216300964 0.01038062572479248 0.016085803508758545
1 0.04325258731842041 0.3867292106151581 0.008073806762695312 0.012064337730407715
1 0.331026554107666 0.39008042216300964 0.016147613525390625 0.01876676082611084
0 0.7791234105825424 0.3887399435043335 0.01038062572479248 0.016085803508758545
1 0.4227220416069031 0.38941019773483276 0.017301082611083984 0.020107269287109375
1 0.9054209887981415 0.38538873195648193 0.006920412182807922 0.012064337730407715
0 0.9244521334767342 0.3833780288696289 0.005767017602920532 0.01340484619140625
1 0.018454432487487793 0.38270777463912964 0.006920456886291504 0.01474529504776001
1 0.766435980796814 0.3833780288696289 0.008073806762695312 0.01876676082611084
1 0.5772779583930969 0.3766756057739258 0.008073806762695312 0.008042871952056885
0 0.029411792755126953 0.37801608443260193 0.01038062572479248 0.01340484619140625
0 0.8800461366772652 0.37801608443260193 0.01153402030467987 0.01340484619140625
1 0.9371395632624626 0.3793565630912781 0.01038062572479248 0.016085803508758545
1 0.47174161672592163 0.3766756057739258 0.016147613525390625 0.01876676082611084
1 0.7393310368061066 0.3766756057739258 0.016147613525390625 0.01876676082611084
1 0.908881202340126 0.37198391556739807 0.006920412182807922 0.00938338041305542
1 0.05132639408111572 0.3693029582500458 0.008073806762695312 0.00938338041305542
1 0.9682814301922917 0.3706434369087219 0.008073816075921059 0.012064337730407715
0 0.10899651050567627 0.36997318267822266 0.008073806762695312 0.016085803508758545
1 0.17128026485443115 0.3713136613368988 0.017301082611083984 0.01876676082611084
0 0.245674729347229 0.36729222536087036 0.009227275848388672 0.010723888874053955
1 0.3575547933578491 0.3706434369087219 0.016147613525390625 0.020107269287109375
1 0.7237600982189178 0.3659517467021942 0.008073806762695312 0.010723888874053955
1 0.7837370187044144 0.3639410138130188 0.008073806762695312 0.012064337730407715
1 0.2376009225845337 0.36260053515434265 0.009227275848388672 0.012064337730407715
0 0.8217993080615997 0.3639410138130188 0.008073806762695312 0.017426252365112305
0 0.14302194118499756 0.3592493236064911 0.009227275848388672 0.010723888874053955
1 0.8961937725543976 0.3632707893848419 0.009227216243743896 0.01876676082611084
1 0.06055361032485962 0.3592493236064911 0.008073806762695312 0.016085803508758545
1 0.8852364495396614 0.3545576333999634 0.005767017602920532 0.012064337730407715
1 0.3881199359893799 0.3512064218521118 0.01038062572479248 0.008042871952056885
1 0.009227216243743896 0.3512064218521118 0.006920456886291504 0.010723888874053955
1 0.19953864812850952 0.35254693031311035 0.016147613525390625 0.01876676082611084
1 0.7445213571190834 0.35254693031311035 0.014994218945503235 0.01876676082611084
1 0.47635525465011597 0.3512064218521118 0.016147613525390625 0.01876676082611084
1 0.04555940628051758 0.3512064218521118 0.01038062572479248 0.02412867546081543
1 0.9775086510926485 0.34517425298690796 0.005767013877630234 0.012064337730407715
1 0.004613637924194336 0.3445040285587311 0.009227275848388672 0.01340484619140625
1 0.05651670694351196 0.34517425298690796 0.006920456886291504 0.01474529504776001
0 0.17243367433547974 0.34048256278038025 0.01038062572479248 0.01340484619140625
1 0.034025371074676514 0.3384718596935272 0.008073806762695312 0.01474529504776001
1 0.06689733266830444 0.3364611268043518 0.006920456886291504 0.010723888874053955
1 0.3425605297088623 0.3391420841217041 0.016147613525390625 0.01876676082611084
1 0.6141868531703949 0.3391420841217041 0.014994204044342041 0.01876676082611084
1 0.9694348331540823 0.3337801694869995 0.008073817938566208 0.008042871952056885
1 0.9008073806762695 0.3317694365978241 0.006920412182807922 0.012064337730407715
1 0.6574394404888153 0.32573726773262024 0.0069203972816467285 0.010723888874053955
1 0.07266438007354736 0.3243967890739441 0.009227275848388672 0.010723888874053955
1 0.05420994758605957 0.3223860561847687 0.009227275848388672 0.00938338041305542
0 0.29354095458984375 0.3264074921607971 0.01038062572479248 0.02278822660446167
0 0.40772777795791626 0.32037532329559326 0.008073806762695312 0.01340484619140625
1 0.5247981548309326 0.3163538873195648 0.0069203972816467285 0.010723888874053955
0 0.9734717411920428 0.31836462020874023 0.011534025892615318 0.01474529504776001
0 0.25836217403411865 0.3163538873195648 0.009227275848388672 0.016085803508758545
1 0.7952710539102554 0.31568363308906555 0.008073806762695312 0.01474529504776001
1 0.7076124548912048 0.31568363308906555 0.014994204044342041 0.017426252365112305
1 0.6193771660327911 0.31501340866088867 0.016147613525390625 0.01876676082611084
1 0.029988467693328857 0.3116621971130371 0.006920456886291504 0.01474529504776001
0 0.8327566385269165 0.30831098556518555 0.006920427083969116 0.01340484619140625
0 0.32179927825927734 0.3069705069065094 0.009227275848388672 0.021447718143463135
1 0.7543252557516098 0.30361929535865784 0.016147643327713013 0.017426252365112305
1 0.080161452293396 0.2995978593826294 0.008073806762695312 0.01474529504776001
1 0.2116493582725525 0.3016085922718048 0.017301082611083984 0.01876676082611084
1 0.3050749897956848 0.3016085922718048 0.017301082611083984 0.01876676082611084
0 0.12629759311676025 0.2989276051521301 0.008073806762695312 0.016085803508758545
1 0.7156862616539001 0.29624664783477783 0.012687444686889648 0.010723888874053955
1 0.036908864974975586 0.29557639360427856 0.006920456886291504 0.01474529504776001
1 0.6453287303447723 0.2969169020652771 0.014994204044342041 0.017426252365112305
1 0.4659746289253235 0.29624664783477783 0.016147613525390625 0.01876676082611084
1 0.5986159145832062 0.290214478969574 0.009227216243743896 0.00938338041305542
1 0.7998846620321274 0.2922252118587494 0.005767017602920532 0.01340484619140625
1 0.9232987314462662 0.2888740003108978 0.008073821663856506 0.01474529504776001
1 0.7652825862169266 0.2841823101043701 0.008073806762695312 0.010723888874053955
1 0.003460228443145752 0.28351205587387085 0.006920456886291504 0.01474529504776001
1 0.780276820063591 0.28552278876304626 0.017301052808761597 0.01876676082611084
1 0.042675912380218506 0.28284183144569397 0.006920456886291504 0.016085803508758545
1 0.08650517463684082 0.2821715772151947 0.009227275848388672 0.01474529504776001
1 0.5144175291061401 0.2841823101043701 0.016147613525390625 0.01876676082611084
1 0.9769319500774145 0.27613940834999084 0.009227219969034195 0.016085803508758545
1 0.2174164056777954 0.27613940834999084 0.017301082611083984 0.01876676082611084
1 0.4890426993370056 0.27144771814346313 0.009227275848388672 0.00938338041305542
1 0.7179930806159973 0.2721179723739624 0.01730102300643921 0.010723888874053955
1 0.35467129945755005 0.270107239484787 0.008073806762695312 0.012064337730407715
1 0.6505190432071686 0.2721179723739624 0.016147613525390625 0.01876676082611084
1 0.18973469734191895 0.2654155492782593 0.008073806762695312 0.010723888874053955
1 0.5438292920589447 0.2654155492782593 0.008073806762695312 0.010723888874053955
0 0.9907727800309658 0.270107239484787 0.009227219969034195 0.0201072096824646
1 0.013840854167938232 0.26474529504776 0.011533975601196289 0.012064337730407715
1 0.9336793571710587 0.26340481638908386 0.008073821663856506 0.012064337730407715
1 0.7843137234449387 0.26340481638908386 0.011534035205841064 0.01474529504776001
1 0.7208765745162964 0.25871312618255615 0.011534035205841064 0.008042871952056885
1 0.31199538707733154 0.2580429017543793 0.008073806762695312 0.00938338041305542
1 0.960207611322403 0.25737264752388 0.008073821663856506 0.010723888874053955
1 0.33794695138931274 0.2580428943037987 0.016147613525390625 0.0174262672662735
1 0.7652825862169266 0.255361944437027 0.01038062572479248 0.01474529504776001
1 0.9221453294157982 0.2526809573173523 0.008073821663856506 0.00938338041305542
1 0.9844290665350854 0.2546916976571083 0.008073817007243633 0.013404831290245056
0 0.6816608905792236 0.2546916902065277 0.009227216243743896 0.016085803508758545
0 0.4117646813392639 0.25335121154785156 0.006920456886291504 0.016085803508758545
1 0.673010379076004 0.25134047865867615 0.008073806762695312 0.012064337730407715
1 0.9377162624150515 0.24932976067066193 0.006920415908098221 0.013404816389083862
1 0.07612454891204834 0.2453083172440529 0.006920456886291504 0.013404831290245056
1 0.5490196049213409 0.24061661958694458 0.0069203972816467285 0.00938338041305542
1 0.003460228443145752 0.23927614092826843 0.006920456886291504 0.00938338041305542
1 0.27623993158340454 0.24061661958694458 0.008073806762695312 0.01474529504776001
1 0.9896193770691752 0.2399463802576065 0.009227219969034195 0.013404816389083862
1 0.4561706781387329 0.24061661958694458 0.014994263648986816 0.017426282167434692
1 0.25720876455307007 0.22721180319786072 0.009227275848388672 0.00938338041305542
1 0.5040369033813477 0.22922252118587494 0.016147613525390625 0.01876676082611084
1 0.5940023064613342 0.22922252118587494 0.016147613525390625 0.01876676082611084
1 0.322376012802124 0.22654154896736145 0.017301082611083984 0.01876676082611084
1 0.9919261822942644 0.22319035232067108 0.011534024495631456 0.012064337730407715
1 0.23471742868423462 0.2252010703086853 0.008073806762695312 0.01876676082611084
1 0.1914648413658142 0.21849866211414337 0.006920456886291504 0.010723859071731567
1 0.39215683937072754 0.22117961943149567 0.016147613525390625 0.01876676082611084
1 0.6389850080013275 0.21849866211414337 0.009227216243743896 0.013404816389083862
1 0.042099177837371826 0.21648792922496796 0.008073806762695312 0.012064337730407715
1 0.20761245489120483 0.21983914077281952 0.016147613525390625 0.01876676082611084
1 0.35409456491470337 0.2151474505662918 0.009227275848388672 0.00938338041305542
1 0.7589388638734818 0.21447721123695374 0.011534035205841064 0.008042901754379272
1 0.916955016553402 0.21581768989562988 0.006920412182807922 0.010723859071731567
0 0.9417531713843346 0.21849866211414337 0.008073821663856506 0.016085803508758545
1 0.2745097875595093 0.21179625391960144 0.006920456886291504 0.010723859071731567
0 0.14648211002349854 0.21581768989562988 0.009227275848388672 0.021447718143463135
1 0.09746253490447998 0.21112599968910217 0.01038062572479248 0.022788196802139282
1 0.257785439491272 0.2077748030424118 0.017301082611083984 0.01876676082611084
0 0.35524797439575195 0.20375335216522217 0.009227275848388672 0.010723859071731567
0 0.8166089951992035 0.20241287350654602 0.011534035205841064 0.008042901754379272
1 0.08996540307998657 0.20509383082389832 0.006920456886291504 0.016085803508758545
1 0.21856975555419922 0.20174263417720795 0.008073806762695312 0.00938338041305542
1 0.5098039209842682 0.20375335216522217 0.016147613525390625 0.01876676082611084
0 0.8333333283662796 0.1977211833000183 0.014994233846664429 0.00938338041305542
1 0.23068052530288696 0.1957104504108429 0.009227275848388672 0.010723859071731567
1 0.019031167030334473 0.19638068974018097 0.008073806762695312 0.01474529504776001
1 0.955594003200531 0.19638068974018097 0.008073821663856506 0.01474529504776001
0 0.9480968862771988 0.19504021108150482 0.009227216243743896 0.020107239484786987
1 0.9884659752715379 0.2004021406173706 0.01384083041921258 0.030831098556518555
1 0.3765859007835388 0.1903485208749771 0.017301082611083984 0.01876676082611084
1 0.6545559465885162 0.18431635200977325 0.008073806762695312 0.00938338041305542
1 0.0876585841178894 0.18498659133911133 0.006920456886291504 0.016085803508758545
1 0.2635524868965149 0.18364611268043518 0.017301082611083984 0.01876676082611084
1 0.6435986161231995 0.18230563402175903 0.009227216243743896 0.016085803508758545
1 0.3506343960762024 0.18364611268043518 0.009227275848388672 0.021447718143463135
0 0.42675894498825073 0.17895442247390747 0.009227275848388672 0.01474529504776001
1 0.7168396711349487 0.1729222536087036 0.012687444686889648 0.008042901754379272
0 0.6130334436893463 0.1729222536087036 0.01038062572479248 0.013404816389083862
1 0.9965397922787815 0.1735924929380417 0.0069204154424369335 0.01474529504776001
0 0.11130332946777344 0.17426273226737976 0.01038062572479248 0.01876676082611084
0 0.1580161452293396 0.1682305634021759 0.006920456886291504 0.012064337730407715
1 0.9509803913533688 0.16756032407283783 0.005767010152339935 0.013404816389083862
1 0.30911189317703247 0.16420911252498627 0.006920456886291504 0.012064337730407715
1 0.7837370187044144 0.16554959118366241 0.01268741488456726 0.01474529504776001
1 0.38177621364593506 0.16621984541416168 0.016147613525390625 0.01876676082611084
1 0.12572085857391357 0.16487935185432434 0.009227275848388672 0.021447718143463135
1 0.034025371074676514 0.16219839453697205 0.008073806762695312 0.01876676082611084
0 0.6683967709541321 0.15750670433044434 0.012687444686889648 0.00938338041305542
1 0.1061130166053772 0.1581769436597824 0.006920456886291504 0.013404816389083862
1 0.7877739369869232 0.15884718298912048 0.009227216243743896 0.01474529504776001
1 0.0703575611114502 0.16018766164779663 0.009227275848388672 0.020107239484786987
1 0.9290657415986061 0.1561662256717682 0.005767017602920532 0.012064337730407715
0 0.6539792418479919 0.15281501412391663 0.011534035205841064 0.008042901754379272
0 0.8598615974187851 0.148793563246727 0.014994233846664429 0.010723859071731567
1 0.8137254863977432 0.1461126059293747 0.008073806762695312 0.010723859071731567
1 0.9429065734148026 0.1461126059293747 0.008073821663856506 0.010723859071731567
1 0.06343716382980347 0.1434316337108612 0.006920456886291504 0.013404816389083862
1 0.22549021244049072 0.1461126059293747 0.017301082611083984 0.01876676082611084
0 0.6147635579109192 0.1407506763935089 0.013840854167938232 0.008042901754379272
1 0.7993079572916031 0.14276139438152313 0.018454432487487793 0.012064337730407715
0 0.38985008001327515 0.1434316337108612 0.006920456886291504 0.016085803508758545
0 0.7808535248041153 0.1387399435043335 0.011534035205841064 0.012064337730407715
0 0.47174161672592163 0.13941018283367157 0.009227275848388672 0.016085803508758545
1 0.9763552471995354 0.13806970417499542 0.008073817938566208 0.013404816389083862
1 0.03114187717437744 0.1340482532978058 0.009227275848388672 0.008042901754379272
1 0.7318339049816132 0.1313672959804535 0.01038062572479248 0.008042901754379272
1 0.5692041516304016 0.12734584510326385 0.01038062572479248 0.008042901754379272
0 0.8673587143421173 0.13069705292582512 0.006920427083969116 0.014745302498340607
1 0.2802768349647522 0.12667560577392578 0.009227275848388672 0.00938338041305542
1 0.3414071798324585 0.12935655936598778 0.006920456886291504 0.014745302498340607
0 0.7866205275058746 0.12667560577392578 0.013840824365615845 0.00938338041305542
1 0.05882352590560913 0.13069705665111542 0.011533975601196289 0.020107239484786987
1 0.855247974395752 0.12667560204863548 0.01038062572479248 0.014745302498340607
0 0.16839677095413208 0.12533512338995934 0.006920456886291504 0.014745302498340607
1 0.25259512662887573 0.12734584510326385 0.016147613525390625 0.01876676082611084
0 0.9492502883076668 0.12801608443260193 0.011534027755260468 0.022788196802139282
1 0.8304498195648193 0.12198391184210777 0.006920427083969116 0.01340482383966446
0 0.03114187717437744 0.11796246469020844 0.011533975601196289 0.010723859071731567
1 0.11995387077331543 0.11997319385409355 0.009227275848388672 0.020107246935367584
1 0.7975778579711914 0.1139410212635994 0.01038062572479248 0.008042901754379272
1 0.10092270374298096 0.1112600564956665 0.008073806762695312 0.008042901754379272
1 0.2024221420288086 0.10991957038640976 0.008073806762695312 0.010723859071731567
1 0.27854669094085693 0.10924933105707169 0.01038062572479248 0.012064337730407715
0 0.21395617723464966 0.1065683662891388 0.01038062572479248 0.00938338041305542
0 0.7214532792568207 0.10723860561847687 0.01730102300643921 0.010723859071731567
1 0.9630911201238632 0.10924933105707169 0.009227216243743896 0.014745309948921204
0 0.4031141996383667 0.10723860561847687 0.008073806762695312 0.01608578860759735
0 0.25893884897232056 0.10455764085054398 0.01038062572479248 0.01608578860759735
1 0.8021914660930634 0.10120643675327301 0.01038062572479248 0.00938338041305542
1 0.7889273315668106 0.09986595064401627 0.009227216243743896 0.012064337730407715
0 0.4653978943824768 0.0965147465467453 0.012687444686889648 0.008042901754379272
1 0.37024223804473877 0.09852547198534012 0.009227275848388672 0.014745309948921204
1 0.7768166065216064 0.09919571131467819 0.01038062572479248 0.01608578860759735
1 0.12687426805496216 0.09852547198534012 0.011533975601196289 0.0174262672662735
1 0.23414069414138794 0.09718498587608337 0.011533975601196289 0.014745309948921204
1 0.06286042928695679 0.0891420915722847 0.008073806762695312 0.012064337730407715
1 0.6159169673919678 0.08780160546302795 0.0069203972816467285 0.00938338041305542
1 0.29469436407089233 0.08713136613368988 0.008073806762695312 0.013404831290245056
1 0.9775086510926485 0.0864611268043518 0.008073817938566208 0.012064337730407715
0 0.6032295227050781 0.08378016203641891 0.009227216243743896 0.012064337730407715
0 0.6378315985202789 0.08109919726848602 0.013840854167938232 0.00938338041305542
1 0.12456744909286499 0.07707774639129639 0.009227275848388672 0.006702408194541931
1 0.5818915665149689 0.07841823250055313 0.008073806762695312 0.012064337730407715
1 0.47001153230667114 0.07305630296468735 0.008073806762695312 0.012064337730407715
1 0.13783162832260132 0.06970509141683578 0.01038062572479248 0.008042901754379272
0 0.2814302444458008 0.07037533819675446 0.009227275848388672 0.012064337730407715
1 0.023644745349884033 0.0717158168554306 0.01038062572479248 0.0174262672662735
0 0.009803950786590576 0.06769437342882156 0.01038062572479248 0.014745309948921204
1 0.9780853521078825 0.0656836498528719 0.006920415908098221 0.013404827564954758
1 0.09111881256103516 0.0656836498528719 0.009227275848388672 0.01876675710082054
0 0.3783160448074341 0.06032171472907066 0.013840794563293457 0.008042894303798676
1 0.7745098024606705 0.06233244016766548 0.008073806762695312 0.012064345180988312
0 0.0351787805557251 0.06635388545691967 0.01038062572479248 0.02278820052742958
1 0.0709342360496521 0.06300268322229385 0.01038062572479248 0.01608578860759735
1 0.46193772554397583 0.058310993015766144 0.008073806762695312 0.00938338041305542
0 0.1839677095413208 0.060991955921053886 0.008073806762695312 0.017426270991563797
1 0.2364475131034851 0.058310991153120995 0.013840794563293457 0.012064341455698013
1 0.9861591695807874 0.05898123234510422 0.006920414976775646 0.01608578860759735
1 0.026528239250183105 0.054289545863866806 0.009227275848388672 0.00938338041305542
1 0.15224915742874146 0.056300269439816475 0.006920456886291504 0.013404827564954758
1 0.9394463673233986 0.053619302809238434 0.008073821663856506 0.010723859071731567
0 0.40080738067626953 0.05026809498667717 0.008073806762695312 0.014745309948921204
1 0.387543261051178 0.048927612602710724 0.009227275848388672 0.014745309948921204
1 0.8760092295706272 0.04758713021874428 0.017301030457019806 0.012064345180988312
1 0.14648211002349854 0.04758713021874428 0.006920456886291504 0.014745309948921204
0 0.3264129161834717 0.04423592612147331 0.013840794563293457 0.008042894303798676
1 0.8638985008001328 0.04356568306684494 0.006920427083969116 0.012064345180988312
1 0.42618221044540405 0.03887399286031723 0.012687444686889648 0.008042894303798676
1 0.33506345748901367 0.03619302809238434 0.012687444686889648 0.008042894303798676
1 0.956747405230999 0.040214478969573975 0.012687429785728455 0.01608578860759735
1 0.4094579219818115 0.03418230731040239 0.013840794563293457 0.00938337855041027
1 0.029411792755126953 0.03686327114701271 0.01038062572479248 0.017426274716854095
1 0.366782009601593 0.03418230637907982 0.006920456886291504 0.012064345180988312
1 0.7202998697757721 0.035522788763046265 0.008073806762695312 0.014745309948921204
1 0.8068050742149353 0.032171580940485 0.01268741488456726 0.008042894303798676
0 0.0709342360496521 0.03418230637907982 0.008073806762695312 0.014745309948921204
0 0.7081891596317291 0.03284182399511337 0.009227216243743896 0.012064345180988312
1 0.3956170678138733 0.03016085736453533 0.011533975601196289 0.009383376687765121
1 0.9671280262991786 0.03619302902370691 0.010380623862147331 0.024128688499331474
1 0.3356401324272156 0.026139410212635994 0.011533975601196289 0.00670241191983223
1 0.44405996799468994 0.026809651404619217 0.013840794563293457 0.008042894303798676
1 0.0617070198059082 0.03150134161114693 0.012687444686889648 0.02546916902065277
1 0.42675894498825073 0.024128686636686325 0.016147613525390625 0.010723859071731567
1 0.4798154830932617 0.024128686636686325 0.006920456886291504 0.010723859071731567
1 0.7900807410478592 0.024128686636686325 0.013840824365615845 0.010723859071731567
1 0.14417529106140137 0.02278820425271988 0.009227275848388672 0.010723859071731567
1 0.15570932626724243 0.023458445444703102 0.009227275848388672 0.014745306223630905
0 0.633217990398407 0.02077748067677021 0.013840854167938232 0.009383376687765121
1 0.08650517463684082 0.025469168089330196 0.011533975601196289 0.021447720006108284
1 0.45963090658187866 0.018766755238175392 0.008073806762695312 0.008042894303798676
1 0.30392158031463623 0.016756031662225723 0.01038062572479248 0.00670241191983223
1 0.28777390718460083 0.017426273319870234 0.01038062572479248 0.013404826633632183
1 0.40253746509552 0.016085790935903788 0.013840794563293457 0.010723861865699291
1 0.004613637924194336 0.013404825702309608 0.009227275848388672 0.008042894303798676
1 0.6828143000602722 0.015415549743920565 0.0069203972816467285 0.014745309017598629
1 0.9682814301922917 0.012734584510326385 0.008073816075921059 0.009383376687765121
1 0.9509803913533688 0.01206434378400445 0.00807381421327591 0.013404826633632183
1 0.10265284776687622 0.012734584975987673 0.009227275848388672 0.01742627378553152
1 0.7895040363073349 0.00804289523512125 0.01268741488456726 0.010723860934376717
1 0.41580164432525635 0.006032171892002225 0.008073806762695312 0.009383378084748983
0 0.02537482976913452 0.009383377619087696 0.009227275848388672 0.018766755238175392
1 0.08419835567474365 0.006032171659171581 0.006920456886291504 0.012064343318343163
1 0.09400230646133423 0.005361930467188358 0.008073806762695312 0.010723860934376717
1 0.13437139987945557 0.005361930467188358 0.008073806762695312 0.010723860934376717
1 0.14244520664215088 0.007372654043138027 0.008073806762695312 0.014745308086276054
1 0.15224915742874146 0.006032171659171581 0.006920456886291504 0.012064343318343163
1 0.16147637367248535 0.007372654043138027 0.006920456886291504 0.014745308086276054
1 0.3685120940208435 0.005361930467188358 0.008073806762695312 0.010723860934376717
0 0.467704713344574 0.006032171659171581 0.008073806762695312 0.012064343318343163
1 0.7214532792568207 0.005361930467188358 0.01730102300643921 0.010723860934376717
1 0.7485582530498505 0.004021447617560625 0.011534035205841064 0.00804289523512125
1 0.7745098024606705 0.007372654043138027 0.01038062572479248 0.014745308086276054
1 0.8823529407382011 0.003351206425577402 0.009227216243743896 0.006702412851154804
1 0.8921568617224693 0.00804289523512125 0.008073821663856506 0.0160857904702425
