1 0.5346020761245674 0.9912868632707775 0.010380622837370242 0.006702412868632708
1 0.961361014994233 0.9932975871313673 0.0057670126874279125 0.013404825737265416
0 0.9359861591695502 0.9932975871313673 0.008073817762399077 0.013404825737265416
1 0.4463667820069204 0.9932975871313673 0.006920415224913495 0.013404825737265416
1 0.4573241061130334 0.9926273458445041 0.008073817762399077 0.014745308310991957
1 0.36678200692041524 0.9926273458445041 0.006920415224913495 0.014745308310991957
1 0.7820069204152249 0.9919571045576407 0.00922722029988466 0.0160857908847185
1 0.563437139561707 0.9919571045576407 0.008073817762399077 0.0160857908847185
1 0.6211072664359861 0.9859249329758714 0.008073817762399077 0.014745308310991957
1 0.3737024221453287 0.9892761394101877 0.00922722029988466 0.021447721179624665
1 0.8938869665513264 0.982573726541555 0.006920415224913495 0.010723860589812333
1 0.6707035755478662 0.9819034852546917 0.008073817762399077 0.012064343163538873
1 0.8523644752018454 0.9792225201072386 0.00922722029988466 0.00938337801608579
1 0.8183391003460208 0.9805630026809652 0.008073817762399077 0.012064343163538873
0 0.24048442906574394 0.982573726541555 0.010380622837370242 0.0160857908847185
1 0.9653979238754326 0.9805630026809652 0.006920415224913495 0.014745308310991957
1 0.8050749711649365 0.9792225201072386 0.006920415224913495 0.012064343163538873
1 0.5132641291810842 0.9798927613941019 0.006920415224913495 0.013404825737265416
1 0.0132641291810842 0.982573726541555 0.008073817762399077 0.01876675603217158
1 0.1061130334486736 0.9812332439678284 0.00922722029988466 0.01876675603217158
1 0.09630911188004614 0.9792225201072386 0.010380622837370242 0.020107238605898123
1 0.14129181084198386 0.967828418230563 0.008073817762399077 0.010723860589812333
1 0.9215686274509803 0.9691689008042895 0.006920415224913495 0.0160857908847185
1 0.6349480968858131 0.9671581769436998 0.008073817762399077 0.012064343163538873
1 0.049596309111880045 0.9718498659517426 0.00922722029988466 0.021447721179624665
1 0.8898500576701269 0.9664879356568364 0.008073817762399077 0.013404825737265416
1 0.23414071510957324 0.9658176943699732 0.006920415224913495 0.014745308310991957
1 0.8131487889273357 0.9631367292225201 0.00922722029988466 0.014745308310991957
0 0.3004613610149942 0.9671581769436998 0.010380622837370242 0.022788203753351208
0 0.3933102652825836 0.9617962466487936 0.00922722029988466 0.01742627345844504
1 0.09919261822376009 0.9611260053619303 0.00922722029988466 0.01876675603217158
0 0.02306805074971165 0.9611260053619303 0.00922722029988466 0.01876675603217158
1 0.014994232987312572 0.9624664879356568 0.00922722029988466 0.021447721179624665
0 0.00461361014994233 0.9591152815013405 0.00922722029988466 0.01742627345844504
0 0.7693194925028836 0.953083109919571 0.006920415224913495 0.013404825737265416
1 0.5167243367935409 0.9510723860589813 0.006920415224913495 0.012064343163538873
1 0.059400230680507496 0.9537533512064343 0.008073817762399077 0.01742627345844504
0 0.6597462514417531 0.953083109919571 0.00922722029988466 0.01876675603217158
1 0.97520184544406 0.9483914209115282 0.008073817762399077 0.012064343163538873
1 0.3685121107266436 0.9510723860589813 0.008073817762399077 0.01742627345844504
1 0.8402537485582469 0.9497319034852547 0.010380622837370242 0.01742627345844504
1 0.8725490196078431 0.9450402144772118 0.008073817762399077 0.013404825737265416
1 0.801038062283737 0.9483914209115282 0.010380622837370242 0.020107238605898123
0 0.15051903114186851 0.9443699731903485 0.008073817762399077 0.012064343163538873
0 0.6735870818915801 0.9436997319034852 0.00922722029988466 0.01876675603217158
1 0.8246828143021915 0.9410187667560321 0.00922722029988466 0.0160857908847185
1 0.7151095732410612 0.9390080428954424 0.00922722029988466 0.012064343163538873
1 0.23356401384083045 0.9376675603217158 0.008073817762399077 0.012064343163538873
0 0.45790080738177624 0.9396782841823056 0.00922722029988466 0.01876675603217158
1 0.10726643598615918 0.9390080428954424 0.00922722029988466 0.01742627345844504
1 0.9717416378316033 0.9336461126005362 0.0057670126874279125 0.012064343163538873
1 0.43656286043829295 0.9316353887399463 0.008073817762399077 0.010723860589812333
1 0.08938869665513265 0.9329758713136729 0.008073817762399077 0.01876675603217158
1 0.05190311418685121 0.9329758713136729 0.00922722029988466 0.01876675603217158
1 0.9434832756632064 0.9242627345844504 0.011534025374855825 0.006702412868632708
1 0.7998846597462514 0.9235924932975871 0.0057670126874279125 0.013404825737265416
1 0.6787773933102653 0.9235924932975871 0.008073817762399077 0.013404825737265416
0 0.864475201845444 0.9269436997319035 0.010380622837370242 0.022788203753351208
1 0.9705882352941176 0.9202412868632708 0.010380622837370242 0.012064343163538873
1 0.1251441753171857 0.920911528150134 0.008073817762399077 0.013404825737265416
0 0.7399077277970012 0.9195710455764075 0.008073817762399077 0.013404825737265416
1 0.0784313725490196 0.9229222520107239 0.00922722029988466 0.020107238605898123
1 0.707035755478662 0.9162198391420912 0.006920415224913495 0.014745308310991957
1 0.9140715109573241 0.9162198391420912 0.010380622837370242 0.01742627345844504
1 0.8339100346020761 0.9128686327077749 0.006920415224913495 0.010723860589812333
1 0.5409457900807382 0.9148793565683646 0.006920415224913495 0.014745308310991957
1 0.870242214532872 0.9135388739946381 0.008073817762399077 0.014745308310991957
1 0.8125720876585929 0.9068364611260054 0.008073817762399077 0.012064343163538873
1 0.9284890426758939 0.903485254691689 0.006920415224913495 0.013404825737265416
1 0.726643598615917 0.9028150134048257 0.006920415224913495 0.012064343163538873
0 0.6874279123414071 0.9061662198391421 0.00922722029988466 0.01876675603217158
1 0.7693194925028836 0.9021447721179625 0.006920415224913495 0.013404825737265416
1 0.8385236447520185 0.9021447721179625 0.006920415224913495 0.0160857908847185
1 0.629757785467128 0.8974530831099196 0.006920415224913495 0.012064343163538873
1 0.8638985005767013 0.8967828418230563 0.00922722029988466 0.013404825737265416
0 0.8460207612456747 0.8981233243967829 0.010380622837370242 0.01876675603217158
1 0.10957324106113034 0.8954423592493298 0.006920415224913495 0.013404825737265416
1 0.11591695501730104 0.896112600536193 0.008073817762399077 0.01742627345844504
1 0.9625144175317186 0.8927613941018767 0.008073817762399077 0.013404825737265416
1 0.040369088811995385 0.8941018766756033 0.006920415224913495 0.0160857908847185
1 0.972318339100346 0.8887399463806971 0.00922722029988466 0.010723860589812333
1 0.6672433679354095 0.8887399463806971 0.008073817762399077 0.01876675603217158
1 0.20761245674740483 0.8894101876675603 0.00922722029988466 0.020107238605898123
1 0.09054209919261823 0.8867292225201072 0.008073817762399077 0.01742627345844504
1 0.05478662053056517 0.8847184986595175 0.010380622837370242 0.013404825737265416
0 0.1453287197231834 0.8827077747989276 0.00922722029988466 0.020107238605898123
1 0.7866205305651672 0.8760053619302949 0.016147635524798153 0.00938337801608579
1 0.8575547866205305 0.878686327077748 0.008073817762399077 0.01742627345844504
1 0.649365628604383 0.8780160857908847 0.00922722029988466 0.0160857908847185
1 0.6782006920415224 0.8766756032171582 0.006920415224913495 0.0160857908847185
1 0.11649365628604383 0.8746648793565683 0.011534025374855825 0.012064343163538873
1 0.6689734717416378 0.8739946380697051 0.006920415224913495 0.013404825737265416
1 0.27854671280276816 0.8719839142091153 0.008073817762399077 0.00938337801608579
1 0.9775086505190311 0.8719839142091153 0.0057670126874279125 0.012064343163538873
1 0.9146482122260668 0.8693029490616622 0.00922722029988466 0.006702412868632708
0 0.8102652825836217 0.8739946380697051 0.012687427912341407 0.0160857908847185
0 0.356401384083045 0.8706434316353887 0.016147635524798153 0.00938337801608579
1 0.9452133794694348 0.8693029490616622 0.0057670126874279125 0.012064343163538873
0 0.7918108419838523 0.8652815013404825 0.012687427912341407 0.012064343163538873
1 0.6805074971164936 0.8632707774798928 0.006920415224913495 0.013404825737265416
1 0.15570934256055363 0.8632707774798928 0.006920415224913495 0.013404825737265416
1 0.08304498269896193 0.8659517426273459 0.00922722029988466 0.021447721179624665
0 0.9100346020761245 0.8585790884718498 0.00922722029988466 0.012064343163538873
1 0.10553633217993079 0.8579088471849866 0.010380622837370242 0.01876675603217158
0 0.4388696655132641 0.8498659517426274 0.010380622837370242 0.00804289544235925
1 0.7612456747404844 0.8451742627345844 0.00922722029988466 0.012064343163538873
1 0.6084198385236448 0.8404825737265416 0.012687427912341407 0.00804289544235925
1 0.0196078431372549 0.8411528150134048 0.01384083044982699 0.00938337801608579
1 0.06862745098039216 0.8438337801608579 0.008073817762399077 0.01742627345844504
1 0.4884659746251442 0.8364611260053619 0.010380622837370242 0.00804289544235925
1 0.9463667820069204 0.8364611260053619 0.008073817762399077 0.010723860589812333
1 0.5080738177623991 0.8310991957104558 0.010380622837370242 0.00804289544235925
0 0.6505190311418685 0.8297587131367292 0.011534025374855825 0.00804289544235925
1 0.07324106113033449 0.8337801608579088 0.012687427912341407 0.021447721179624665
1 0.3558246828143022 0.8317694369973191 0.01730103806228374 0.020107238605898123
1 0.1787773933102653 0.8277479892761395 0.006920415224913495 0.012064343163538873
1 0.14648212226066898 0.8250670241286864 0.011534025374855825 0.014745308310991957
1 0.08650519031141868 0.8250670241286864 0.006920415224913495 0.014745308310991957
0 0.27277970011534025 0.824396782841823 0.008073817762399077 0.0160857908847185
1 0.034025374855824686 0.8210455764075067 0.008073817762399077 0.00938337801608579
0 0.6926182237600923 0.8197050938337802 0.014994232987312572 0.00938337801608579
1 0.9002306805074971 0.8197050938337802 0.008073817762399077 0.012064343163538873
1 0.18973471741637832 0.8103217158176944 0.008073817762399077 0.01742627345844504
1 0.8869665513264129 0.8103217158176944 0.00922722029988466 0.020107238605898123
1 0.004036908881199538 0.806970509383378 0.008073817762399077 0.013404825737265416
1 0.35409457900807384 0.7989276139410187 0.011534025374855825 0.00804289544235925
1 0.46251441753171857 0.8022788203753352 0.016147635524798153 0.020107238605898123
1 0.0461361014994233 0.8016085790884718 0.00922722029988466 0.021447721179624665
1 0.029411764705882353 0.8022788203753352 0.012687427912341407 0.02546916890080429
0 0.2664359861591695 0.7942359249329759 0.006920415224913495 0.012064343163538873
1 0.3033448673587082 0.7902144772117963 0.00922722029988466 0.00938337801608579
0 0.6309111880046137 0.7882037533512064 0.011534025374855825 0.00804289544235925
1 0.3933102652825836 0.7942359249329759 0.016147635524798153 0.020107238605898123
1 0.955594002306805 0.7902144772117963 0.008073817762399077 0.01742627345844504
1 0.43944636678200694 0.7875335120643432 0.006920415224913495 0.012064343163538873
0 0.18339100346020762 0.7875335120643432 0.00922722029988466 0.01742627345844504
1 0.012687427912341407 0.7875335120643432 0.00922722029988466 0.01742627345844504
1 0.4573241061130334 0.7828418230563002 0.01730103806228374 0.010723860589812333
1 0.19896193771626297 0.7774798927613941 0.010380622837370242 0.00804289544235925
0 0.08304498269896193 0.7754691689008043 0.00922722029988466 0.012064343163538873
0 0.38350634371395614 0.7741286863270778 0.010380622837370242 0.012064343163538873
1 0.36562860438292966 0.7741286863270778 0.016147635524798153 0.020107238605898123
0 0.6147635524798154 0.7687667560321716 0.01845444059976932 0.012064343163538873
0 0.0922722029988466 0.7707774798927614 0.00922722029988466 0.0160857908847185
1 0.4786620530565167 0.7714477211796247 0.016147635524798153 0.020107238605898123
0 0.7664359861591695 0.7620643431635389 0.014994232987312572 0.00938337801608579
0 0.447520184544406 0.7573726541554959 0.011534025374855825 0.010723860589812333
1 0.31833910034602075 0.7607238605898123 0.016147635524798153 0.020107238605898123
1 0.5720876585928489 0.7526809651474531 0.00922722029988466 0.00938337801608579
1 0.34429065743944637 0.7567024128686327 0.008073817762399077 0.01742627345844504
1 0.6366782006920415 0.7553619302949062 0.016147635524798153 0.020107238605898123
0 0.5905420991926182 0.7486595174262735 0.01384083044982699 0.012064343163538873
1 0.005190311418685121 0.7520107238605898 0.010380622837370242 0.021447721179624665
0 0.29296424452133796 0.7432975871313673 0.00922722029988466 0.012064343163538873
0 0.7001153402537486 0.7406166219839142 0.00922722029988466 0.012064343163538873
1 0.47808535178777395 0.7392761394101877 0.008073817762399077 0.00938337801608579
1 0.6337946943483276 0.7365951742627346 0.012687427912341407 0.00938337801608579
1 0.49480968858131485 0.7392761394101877 0.016147635524798153 0.020107238605898123
1 0.4232987312572088 0.735254691689008 0.011534025374855825 0.014745308310991957
0 0.35870818915801617 0.7312332439678284 0.011534025374855825 0.00938337801608579
1 0.2537485582468281 0.7319034852546917 0.006920415224913495 0.010723860589812333
1 0.31257208765859285 0.735254691689008 0.016147635524798153 0.020107238605898123
1 0.6061130334486736 0.7278820375335121 0.012687427912341407 0.00804289544235925
1 0.7249134948096886 0.732573726541555 0.01730103806228374 0.020107238605898123
1 0.577277970011534 0.7231903485254692 0.008073817762399077 0.00938337801608579
1 0.3333333333333333 0.7218498659517426 0.016147635524798153 0.00938337801608579
1 0.02191464821222607 0.725201072386059 0.006920415224913495 0.0160857908847185
1 0.7964244521337946 0.7211796246648794 0.008073817762399077 0.010723860589812333
1 0.4463667820069204 0.7258713136729222 0.016147635524798153 0.020107238605898123
1 0.48961937716262977 0.7198391420911529 0.01730103806228374 0.010723860589812333
1 0.16551326412918108 0.7158176943699732 0.008073817762399077 0.00804289544235925
0 0.06747404844290658 0.7191689008042895 0.010380622837370242 0.01742627345844504
1 0.5063437139561707 0.7144772117962467 0.00922722029988466 0.010723860589812333
1 0.7249134948096886 0.7111260053619303 0.008073817762399077 0.012064343163538873
0 0.5761245674740484 0.710455764075067 0.010380622837370242 0.010723860589812333
1 0.07381776239907728 0.7138069705093834 0.00922722029988466 0.01742627345844504
1 0.010380622837370242 0.7124664879356568 0.006920415224913495 0.014745308310991957
0 0.5098039215686274 0.7017426273458445 0.016147635524798153 0.00938337801608579
1 0.18742791234140715 0.707774798927614 0.010380622837370242 0.021447721179624665
0 0.552479815455594 0.7024128686327078 0.00922722029988466 0.013404825737265416
1 0.08592848904267589 0.7024128686327078 0.008073817762399077 0.0160857908847185
1 0.4405997693194925 0.6997319034852547 0.016147635524798153 0.01876675603217158
1 0.7381776239907728 0.6936997319034852 0.01384083044982699 0.00938337801608579
1 0.6470588235294118 0.6977211796246648 0.016147635524798153 0.020107238605898123
0 0.06055363321799308 0.6957104557640751 0.010380622837370242 0.01876675603217158
0 0.011534025374855825 0.6970509383378016 0.011534025374855825 0.021447721179624665
0 0.15340253748558247 0.6910187667560321 0.00922722029988466 0.014745308310991957
1 0.09054209919261823 0.6903485254691689 0.008073817762399077 0.013404825737265416
1 0.4573241061130334 0.6869973190348525 0.008073817762399077 0.00938337801608579
1 0.2820069204152249 0.6903485254691689 0.008073817762399077 0.0160857908847185
0 0.10726643598615918 0.6923592493297587 0.00922722029988466 0.020107238605898123
1 0.9705882352941176 0.6843163538873994 0.008073817762399077 0.00938337801608579
1 0.7399077277970012 0.6802949061662198 0.008073817762399077 0.00938337801608579
0 0.1637831603229527 0.6816353887399463 0.006920415224913495 0.012064343163538873
1 0.903114186851211 0.6843163538873994 0.01845444059976932 0.020107238605898123
0 0.8264129181084199 0.675603217158177 0.010380622837370242 0.013404825737265416
1 0.6193771626297578 0.67828418230563 0.016147635524798153 0.01876675603217158
1 0.17647058823529413 0.67828418230563 0.00922722029988466 0.01876675603217158
1 0.02249134948096886 0.6742627345844504 0.008073817762399077 0.010723860589812333
1 0.5726643598615917 0.6715817694369973 0.010380622837370242 0.00804289544235925
1 0.7399077277970012 0.6675603217158177 0.008073817762399077 0.010723860589812333
1 0.34371395617070355 0.6722520107238605 0.016147635524798153 0.020107238605898123
1 0.2918108419838524 0.6662198391420912 0.00922722029988466 0.00804289544235925
1 0.6366782006920415 0.6655495978552279 0.00922722029988466 0.00938337801608579
1 0.5865051903114187 0.6642091152815014 0.008073817762399077 0.00938337801608579
1 0.010957324106113034 0.6668900804289544 0.008073817762399077 0.014745308310991957
1 0.2773933102652826 0.6642091152815014 0.008073817762399077 0.012064343163538873
1 0.05074971164936563 0.670911528150134 0.011534025374855825 0.02546916890080429
1 0.7502883506343714 0.6628686327077749 0.008073817762399077 0.012064343163538873
0 0.7860438292964245 0.6642091152815014 0.008073817762399077 0.01742627345844504
1 0.8748558246828143 0.6642091152815014 0.01730103806228374 0.020107238605898123
0 0.71280276816609 0.6595174262734584 0.00922722029988466 0.010723860589812333
1 0.773356401384083 0.6568364611260054 0.008073817762399077 0.010723860589812333
1 0.3391003460207612 0.653485254691689 0.016147635524798153 0.00938337801608579
1 0.5876585928489043 0.6521447721179625 0.010380622837370242 0.00938337801608579
0 0.4008073817762399 0.6554959785522788 0.008073817762399077 0.0160857908847185
1 0.15340253748558247 0.6548257372654156 0.00922722029988466 0.014745308310991957
1 0.6136101499423299 0.6521447721179625 0.016147635524798153 0.020107238605898123
1 0.09111880046136102 0.6474530831099196 0.006920415224913495 0.010723860589812333
0 0.3160322952710496 0.6454423592493298 0.01384083044982699 0.00938337801608579
1 0.4342560553633218 0.6420911528150134 0.008073817762399077 0.010723860589812333
1 0.8460207612456747 0.6441018766756033 0.01730103806228374 0.020107238605898123
1 0.27162629757785467 0.6407506702412868 0.008073817762399077 0.0160857908847185
1 0.35986159169550175 0.6407506702412868 0.016147635524798153 0.01876675603217158
0 0.7012687427912342 0.6340482573726541 0.01845444059976932 0.010723860589812333
1 0.7727797001153403 0.636058981233244 0.016147635524798153 0.020107238605898123
1 0.47231833910034604 0.636058981233244 0.01730103806228374 0.020107238605898123
1 0.14994232987312572 0.6340482573726541 0.006920415224913495 0.0160857908847185
0 0.6793540945790081 0.6280160857908847 0.011534025374855825 0.00938337801608579
1 0.8910034602076125 0.631367292225201 0.01730103806228374 0.01876675603217158
1 0.2964244521337947 0.6273458445040214 0.006920415224913495 0.010723860589812333
1 0.15974625144175317 0.6260053619302949 0.008073817762399077 0.010723860589812333
1 0.4411764705882353 0.6239946380697051 0.008073817762399077 0.00938337801608579
1 0.07439446366782007 0.6226541554959786 0.008073817762399077 0.012064343163538873
1 0.052479815455594 0.6246648793565683 0.008073817762399077 0.0160857908847185
1 0.7231833910034602 0.6219839142091153 0.016147635524798153 0.01876675603217158
0 0.563437139561707 0.618632707774799 0.010380622837370242 0.012064343163538873
1 0.4244521337946944 0.6226541554959786 0.016147635524798153 0.020107238605898123
1 0.76239907727797 0.6166219839142091 0.00922722029988466 0.010723860589812333
1 0.17531718569780855 0.6159517426273459 0.006920415224913495 0.014745308310991957
1 0.3552479815455594 0.6152815013404825 0.016147635524798153 0.01876675603217158
1 0.025374855824682813 0.6126005361930295 0.006920415224913495 0.013404825737265416
1 0.4826989619377163 0.6099195710455764 0.008073817762399077 0.010723860589812333
1 0.8621683967704729 0.6119302949061662 0.01730103806228374 0.020107238605898123
1 0.0784313725490196 0.6058981233243967 0.006920415224913495 0.013404825737265416
1 0.33391003460207613 0.6012064343163539 0.008073817762399077 0.00938337801608579
1 0.8327566320645905 0.5985254691689008 0.016147635524798153 0.00938337801608579
0 0.8166089965397924 0.5998659517426274 0.00922722029988466 0.012064343163538873
1 0.11937716262975778 0.603887399463807 0.012687427912341407 0.022788203753351208
1 0.30680507497116494 0.6012064343163539 0.016147635524798153 0.020107238605898123
1 0.6014994232987313 0.5998659517426274 0.01730103806228374 0.020107238605898123
1 0.1776239907727797 0.5958445040214477 0.006920415224913495 0.014745308310991957
1 0.4573241061130334 0.5911528150134048 0.010380622837370242 0.010723860589812333
1 0.8615916955017301 0.5904825737265416 0.00922722029988466 0.012064343163538873
0 0.5374855824682814 0.5911528150134048 0.006920415224913495 0.013404825737265416
1 0.6280276816608996 0.5871313672922251 0.008073817762399077 0.010723860589812333
1 0.43944636678200694 0.5911528150134048 0.016147635524798153 0.01876675603217158
1 0.223760092272203 0.5871313672922251 0.006920415224913495 0.010723860589812333
1 0.16262975778546712 0.5878016085790885 0.006920415224913495 0.012064343163538873
1 0.2629757785467128 0.5878016085790885 0.006920415224913495 0.014745308310991957
1 0.13552479815455595 0.5831099195710456 0.008073817762399077 0.010723860589812333
1 0.552479815455594 0.5864611260053619 0.016147635524798153 0.020107238605898123
0 0.15051903114186851 0.5878016085790885 0.012687427912341407 0.022788203753351208
1 0.4129181084198385 0.5784182305630027 0.016147635524798153 0.00938337801608579
1 0.28027681660899656 0.5831099195710456 0.016147635524798153 0.01876675603217158
1 0.878316032295271 0.579088471849866 0.01730103806228374 0.01876675603217158
1 0.5686274509803921 0.5737265415549598 0.00922722029988466 0.010723860589812333
1 0.06920415224913495 0.574396782841823 0.006920415224913495 0.012064343163538873
0 0.6949250288350635 0.5723860589812333 0.010380622837370242 0.0160857908847185
1 0.5467128027681661 0.5683646112600537 0.01384083044982699 0.00804289544235925
1 0.15397923875432526 0.5650134048257373 0.012687427912341407 0.01742627345844504
0 0.7491349480968859 0.561662198391421 0.008073817762399077 0.013404825737265416
1 0.43829296424452135 0.5596514745308311 0.00922722029988466 0.00938337801608579
1 0.14186851211072665 0.5603217158176944 0.006920415224913495 0.0160857908847185
1 0.6891580161476355 0.5549597855227882 0.008073817762399077 0.010723860589812333
1 0.4555940023068051 0.5589812332439679 0.016147635524798153 0.01876675603217158
1 0.6678200692041523 0.5542895442359249 0.006920415224913495 0.012064343163538873
0 0.7612456747404844 0.5576407506702413 0.00922722029988466 0.021447721179624665
1 0.8183391003460208 0.5475871313672922 0.010380622837370242 0.00938337801608579
1 0.10322952710495963 0.5449061662198391 0.010380622837370242 0.00938337801608579
1 0.5899653979238755 0.5482573726541555 0.01730103806228374 0.01876675603217158
1 0.14936562860438293 0.5462466487935657 0.010380622837370242 0.01742627345844504
1 0.1303344867358708 0.5408847184986595 0.006920415224913495 0.00938337801608579
1 0.4290657439446367 0.5402144772117963 0.016147635524798153 0.01876675603217158
1 0.4671280276816609 0.5348525469168901 0.00922722029988466 0.010723860589812333
1 0.825836216839677 0.5335120643431636 0.00922722029988466 0.010723860589812333
1 0.1637831603229527 0.5355227882037533 0.00922722029988466 0.01742627345844504
1 0.5403690888119954 0.5348525469168901 0.01730103806228374 0.01876675603217158
1 0.10322952710495963 0.5308310991957105 0.012687427912341407 0.013404825737265416
0 0.9290657439446367 0.5288203753351206 0.008073817762399077 0.014745308310991957
1 0.748558246828143 0.5315013404825737 0.016147635524798153 0.020107238605898123
0 0.21107266435986158 0.5274798927613941 0.006920415224913495 0.012064343163538873
1 0.08996539792387544 0.5261394101876675 0.00922722029988466 0.00938337801608579
1 0.8956170703575548 0.5261394101876675 0.008073817762399077 0.012064343163538873
1 0.9815455594002307 0.5214477211796247 0.006920415224913495 0.013404825737265416
1 0.3119953863898501 0.5194369973190348 0.014994232987312572 0.020107238605898123
1 0.698961937716263 0.517426273458445 0.016147635524798153 0.01876675603217158
1 0.1118800461361015 0.514745308310992 0.006920415224913495 0.013404825737265416
1 0.9250288350634371 0.5134048257372654 0.006920415224913495 0.013404825737265416
1 0.24682814302191464 0.5134048257372654 0.00922722029988466 0.0160857908847185
1 0.07670126874279123 0.5127345844504021 0.008073817762399077 0.014745308310991957
1 0.02422145328719723 0.5080428954423593 0.00922722029988466 0.00804289544235925
1 0.3373702422145329 0.5067024128686327 0.010380622837370242 0.00804289544235925
1 0.5311418685121108 0.5026809651474531 0.010380622837370242 0.00804289544235925
1 0.09111880046136102 0.5073726541554959 0.00922722029988466 0.01742627345844504
1 0.8379469434832757 0.5067024128686327 0.01730103806228374 0.01876675603217158
1 0.3679354094579008 0.5020107238605898 0.00922722029988466 0.00938337801608579
0 0.20645905420991925 0.5033512064343163 0.006920415224913495 0.012064343163538873
1 0.26412918108419836 0.5013404825737265 0.01845444059976932 0.010723860589812333
1 0.13321799307958476 0.4973190348525469 0.008073817762399077 0.00804289544235925
1 0.2808535178777393 0.49664879356568364 0.008073817762399077 0.012064343163538873
0 0.9209919261822376 0.4959785522788204 0.008073817762399077 0.0160857908847185
1 0.5784313725490197 0.4973190348525469 0.01730103806228374 0.01876675603217158
1 0.30680507497116494 0.49463806970509383 0.016147635524798153 0.01876675603217158
1 0.24163783160322952 0.4859249329758713 0.010380622837370242 0.00938337801608579
1 0.7422145328719724 0.48525469168900803 0.008073817762399077 0.010723860589812333
1 0.06862745098039216 0.4879356568364611 0.008073817762399077 0.0160857908847185
1 0.12860438292964244 0.48525469168900803 0.008073817762399077 0.013404825737265416
1 0.030565167243367934 0.4859249329758713 0.008073817762399077 0.01742627345844504
1 0.7145328719723183 0.4859249329758713 0.01730103806228374 0.020107238605898123
1 0.43944636678200694 0.48257372654155495 0.016147635524798153 0.01876675603217158
1 0.25951557093425603 0.48257372654155495 0.016147635524798153 0.01876675603217158
1 0.8310265282583622 0.48056300268096513 0.01730103806228374 0.020107238605898123
0 0.3217993079584775 0.47117962466487934 0.016147635524798153 0.00938337801608579
1 0.2773933102652826 0.4698391420911528 0.010380622837370242 0.00938337801608579
1 0.9630911188004614 0.46849865951742625 0.00922722029988466 0.01742627345844504
0 0.38523644752018454 0.47050938337801607 0.00922722029988466 0.021447721179624665
1 0.8823529411764706 0.46380697050938335 0.00922722029988466 0.010723860589812333
1 0.2491349480968858 0.4631367292225201 0.00922722029988466 0.00938337801608579
1 0.6868512110726643 0.46648793565683644 0.01730103806228374 0.01876675603217158
0 0.9134948096885813 0.4624664879356568 0.006920415224913495 0.013404825737265416
1 0.26009227220299885 0.46179624664879354 0.010380622837370242 0.012064343163538873
0 0.9925028835063437 0.4624664879356568 0.008073817762399077 0.0160857908847185
1 0.41234140715109574 0.46380697050938335 0.014994232987312572 0.01876675603217158
0 0.328719723183391 0.4597855227882037 0.00922722029988466 0.013404825737265416
1 0.317762399077278 0.45777479892761397 0.008073817762399077 0.00938337801608579
1 0.5242214532871973 0.4584450402144772 0.01730103806228374 0.01876675603217158
1 0.06805074971164937 0.4524128686327078 0.011534025374855825 0.006702412868632708
0 0.7364475201845444 0.45576407506702415 0.008073817762399077 0.01876675603217158
1 0.4388696655132641 0.45107238605898126 0.008073817762399077 0.00938337801608579
1 0.1966551326412918 0.4544235924932976 0.008073817762399077 0.01876675603217158
0 0.7710495963091119 0.4457104557640751 0.010380622837370242 0.012064343163538873
1 0.4953863898500577 0.43967828418230565 0.008073817762399077 0.010723860589812333
1 0.8696655132641292 0.44235924932975873 0.016147635524798153 0.01876675603217158
1 0.23298731257208766 0.43699731903485256 0.011534025374855825 0.013404825737265416
0 0.9071510957324106 0.43766756032171583 0.008073817762399077 0.01742627345844504
0 0.5893886966551326 0.43498659517426275 0.01845444059976932 0.012064343163538873
1 0.4071510957324106 0.4383378016085791 0.016147635524798153 0.01876675603217158
1 0.317762399077278 0.4383378016085791 0.014994232987312572 0.01876675603217158
1 0.7964244521337946 0.435656836461126 0.01730103806228374 0.01876675603217158
1 0.26585928489042676 0.4316353887399464 0.008073817762399077 0.010723860589812333
1 0.19204152249134948 0.43297587131367293 0.008073817762399077 0.0160857908847185
1 0.5190311418685121 0.43297587131367293 0.016147635524798153 0.01876675603217158
1 0.8471741637831603 0.42761394101876676 0.008073817762399077 0.010723860589812333
1 0.24452133794694347 0.42828418230563003 0.00922722029988466 0.012064343163538873
1 0.05420991926182238 0.4249329758713137 0.00922722029988466 0.010723860589812333
1 0.8241061130334487 0.42292225201072386 0.008073817762399077 0.00938337801608579
1 0.5778546712802768 0.4215817694369973 0.00922722029988466 0.00938337801608579
1 0.48904267589388695 0.41890080428954424 0.00922722029988466 0.006702412868632708
1 0.49769319492502884 0.41621983914209115 0.008073817762399077 0.00938337801608579
1 0.12975778546712802 0.4155495978552279 0.010380622837370242 0.00804289544235925
1 0.9775086505190311 0.4148793565683646 0.010380622837370242 0.00938337801608579
1 0.3806228373702422 0.4195710455764075 0.016147635524798153 0.01876675603217158
1 0.06805074971164937 0.41621983914209115 0.016147635524798153 0.01742627345844504
1 0.8696655132641292 0.41152815013404825 0.00922722029988466 0.010723860589812333
1 0.6753171856978085 0.4148793565683646 0.01730103806228374 0.020107238605898123
1 0.7133794694348328 0.40884718498659517 0.008073817762399077 0.010723860589812333
0 0.40426758938869667 0.4081769436997319 0.012687427912341407 0.00938337801608579
1 0.31257208765859285 0.41353887399463807 0.016147635524798153 0.020107238605898123
1 0.9573241061130334 0.40884718498659517 0.00922722029988466 0.013404825737265416
0 0.5795847750865052 0.40683646112600536 0.012687427912341407 0.00938337801608579
1 0.18685121107266436 0.40482573726541554 0.006920415224913495 0.010723860589812333
1 0.35870818915801617 0.40281501340482573 0.00922722029988466 0.00938337801608579
1 0.9705882352941176 0.39946380697050937 0.008073817762399077 0.013404825737265416
0 0.06920415224913495 0.39812332439678283 0.011534025374855825 0.010723860589812333
1 0.3754325259515571 0.39544235924932974 0.014994232987312572 0.01876675603217158
1 0.24509803921568626 0.38873994638069703 0.008073817762399077 0.00804289544235925
1 0.4129181084198385 0.38873994638069703 0.00922722029988466 0.010723860589812333
0 0.7693194925028836 0.3900804289544236 0.006920415224913495 0.0160857908847185
0 0.08592848904267589 0.3900804289544236 0.010380622837370242 0.0160857908847185
1 0.9567474048442907 0.3867292225201072 0.008073817762399077 0.012064343163538873
1 0.6689734717416378 0.3900804289544236 0.016147635524798153 0.01876675603217158
0 0.22087658592848905 0.38873994638069703 0.010380622837370242 0.0160857908847185
1 0.577277970011534 0.3894101876675603 0.01730103806228374 0.020107238605898123
1 0.09457900807381776 0.3853887399463807 0.006920415224913495 0.012064343163538873
0 0.07554786620530565 0.38337801608579086 0.0057670126874279125 0.013404825737265416
1 0.9815455594002307 0.3827077747989276 0.006920415224913495 0.014745308310991957
1 0.23356401384083045 0.38337801608579086 0.008073817762399077 0.01876675603217158
1 0.422722029988466 0.37667560321715815 0.008073817762399077 0.00804289544235925
0 0.9705882352941176 0.3780160857908847 0.010380622837370242 0.013404825737265416
0 0.11995386389850057 0.3780160857908847 0.011534025374855825 0.013404825737265416
1 0.06286043829296424 0.37935656836461124 0.010380622837370242 0.0160857908847185
1 0.5282583621683967 0.37667560321715815 0.016147635524798153 0.01876675603217158
1 0.2606689734717416 0.37667560321715815 0.016147635524798153 0.01876675603217158
1 0.09111880046136102 0.3719839142091153 0.006920415224913495 0.00938337801608579
1 0.9486735870818915 0.3693029490616622 0.008073817762399077 0.00938337801608579
1 0.031718569780853516 0.37064343163538876 0.008073817762399077 0.012064343163538873
0 0.8910034602076125 0.3699731903485255 0.008073817762399077 0.0160857908847185
1 0.828719723183391 0.37131367292225204 0.01730103806228374 0.01876675603217158
0 0.754325259515571 0.3672922252010724 0.00922722029988466 0.010723860589812333
1 0.6424452133794695 0.37064343163538876 0.016147635524798153 0.020107238605898123
1 0.276239907727797 0.36595174262734587 0.008073817762399077 0.010723860589812333
1 0.21626297577854672 0.36394101876675605 0.008073817762399077 0.012064343163538873
1 0.76239907727797 0.3626005361930295 0.00922722029988466 0.012064343163538873
0 0.1782006920415225 0.36394101876675605 0.008073817762399077 0.01742627345844504
0 0.8569780853517878 0.35924932975871315 0.00922722029988466 0.010723860589812333
1 0.10380622837370242 0.3632707774798928 0.00922722029988466 0.01876675603217158
1 0.9394463667820069 0.35924932975871315 0.008073817762399077 0.0160857908847185
1 0.11476355247981546 0.35455764075067026 0.0057670126874279125 0.012064343163538873
1 0.6118800461361015 0.3512064343163539 0.010380622837370242 0.00804289544235925
1 0.9907727797001153 0.3512064343163539 0.006920415224913495 0.010723860589812333
1 0.8004613610149942 0.35254691689008044 0.016147635524798153 0.01876675603217158
1 0.2554786620530565 0.35254691689008044 0.014994232987312572 0.01876675603217158
1 0.5236447520184544 0.3512064343163539 0.016147635524798153 0.01876675603217158
1 0.9544405997693195 0.3512064343163539 0.010380622837370242 0.024128686327077747
1 0.02249134948096886 0.34517426273458446 0.0057670126874279125 0.012064343163538873
1 0.9953863898500577 0.3445040214477212 0.00922722029988466 0.013404825737265416
1 0.9434832756632064 0.34517426273458446 0.006920415224913495 0.014745308310991957
0 0.8275663206459054 0.34048257372654156 0.010380622837370242 0.013404825737265416
1 0.9659746251441753 0.33847184986595175 0.008073817762399077 0.014745308310991957
1 0.9331026528258363 0.33646112600536193 0.006920415224913495 0.010723860589812333
1 0.657439446366782 0.339142091152815 0.016147635524798153 0.01876675603217158
1 0.38581314878892736 0.339142091152815 0.014994232987312572 0.01876675603217158
1 0.030565167243367934 0.33378016085790885 0.008073817762399077 0.00804289544235925
1 0.09919261822376009 0.33176943699731903 0.006920415224913495 0.012064343163538873
1 0.34256055363321797 0.3257372654155496 0.006920415224913495 0.010723860589812333
1 0.9273356401384083 0.32439678284182305 0.00922722029988466 0.010723860589812333
1 0.9457900807381776 0.32238605898123324 0.00922722029988466 0.00938337801608579
0 0.7064590542099193 0.32640750670241286 0.010380622837370242 0.022788203753351208
0 0.5922722029988466 0.3203753351206434 0.008073817762399077 0.013404825737265416
1 0.47520184544405997 0.3163538873994638 0.006920415224913495 0.010723860589812333
0 0.0265282583621684 0.3183646112600536 0.011534025374855825 0.014745308310991957
0 0.7416378316032295 0.3163538873994638 0.00922722029988466 0.0160857908847185
1 0.20472895040369088 0.3156836461126005 0.008073817762399077 0.014745308310991957
1 0.29238754325259514 0.3156836461126005 0.014994232987312572 0.01742627345844504
1 0.3806228373702422 0.31501340482573725 0.016147635524798153 0.01876675603217158
1 0.9700115340253749 0.3116621983914209 0.006920415224913495 0.014745308310991957
0 0.16724336793540945 0.30831099195710454 0.006920415224913495 0.013404825737265416
0 0.6782006920415224 0.306970509383378 0.00922722029988466 0.021447721179624665
1 0.24567474048442905 0.30361930294906164 0.016147635524798153 0.01742627345844504
1 0.919838523644752 0.299597855227882 0.008073817762399077 0.014745308310991957
1 0.7883506343713956 0.30160857908847183 0.01730103806228374 0.01876675603217158
1 0.6949250288350635 0.30160857908847183 0.01730103806228374 0.01876675603217158
0 0.8737024221453287 0.29892761394101874 0.008073817762399077 0.0160857908847185
1 0.28431372549019607 0.29624664879356566 0.012687427912341407 0.010723860589812333
1 0.9630911188004614 0.2955764075067024 0.006920415224913495 0.014745308310991957
1 0.3546712802768166 0.29691689008042893 0.014994232987312572 0.01742627345844504
1 0.5340253748558247 0.29624664879356566 0.016147635524798153 0.01876675603217158
1 0.4013840830449827 0.2902144772117963 0.00922722029988466 0.00938337801608579
1 0.20011534025374855 0.29222520107238603 0.0057670126874279125 0.013404825737265416
1 0.07670126874279123 0.28887399463806973 0.008073817762399077 0.014745308310991957
1 0.23471741637831603 0.28418230563002683 0.008073817762399077 0.010723860589812333
1 0.9965397923875432 0.28351206434316356 0.006920415224913495 0.014745308310991957
1 0.21972318339100347 0.2855227882037534 0.01730103806228374 0.01876675603217158
1 0.9573241061130334 0.2828418230563003 0.006920415224913495 0.0160857908847185
1 0.9134948096885813 0.282171581769437 0.00922722029988466 0.014745308310991957
1 0.4855824682814302 0.28418230563002683 0.016147635524798153 0.01876675603217158
1 0.02306805074971165 0.2761394101876676 0.00922722029988466 0.0160857908847185
1 0.7825836216839677 0.2761394101876676 0.01730103806228374 0.01876675603217158
1 0.510957324106113 0.2714477211796247 0.00922722029988466 0.00938337801608579
1 0.2820069204152249 0.27211796246648795 0.01730103806228374 0.010723860589812333
1 0.6453287197231834 0.27010723860589814 0.008073817762399077 0.012064343163538873
1 0.3494809688581315 0.27211796246648795 0.016147635524798153 0.01876675603217158
1 0.8102652825836217 0.26541554959785524 0.008073817762399077 0.010723860589812333
1 0.45617070357554784 0.26541554959785524 0.008073817762399077 0.010723860589812333
0 0.00922722029988466 0.27010723860589814 0.00922722029988466 0.020107238605898123
1 0.986159169550173 0.26474530831099197 0.011534025374855825 0.012064343163538873
1 0.06632064590542099 0.2634048257372654 0.008073817762399077 0.012064343163538873
1 0.21568627450980393 0.2634048257372654 0.011534025374855825 0.014745308310991957
1 0.279123414071511 0.2587131367292225 0.011534025374855825 0.00804289544235925
1 0.68800461361015 0.25804289544235925 0.008073817762399077 0.00938337801608579
1 0.039792387543252594 0.257372654155496 0.008073817762399077 0.010723860589812333
1 0.6620530565167243 0.25804289544235925 0.016147635524798153 0.01742627345844504
1 0.23471741637831603 0.25536193029490617 0.010380622837370242 0.014745308310991957
1 0.07785467128027682 0.2526809651474531 0.008073817762399077 0.00938337801608579
1 0.015570934256055362 0.2546916890080429 0.008073817762399077 0.013404825737265416
0 0.31833910034602075 0.2546916890080429 0.00922722029988466 0.0160857908847185
0 0.5882352941176471 0.25335120643431636 0.006920415224913495 0.0160857908847185
1 0.32698961937716264 0.25134048257372654 0.008073817762399077 0.012064343163538873
1 0.06228373702422145 0.24932975871313673 0.006920415224913495 0.013404825737265416
1 0.9238754325259516 0.2453083109919571 0.006920415224913495 0.013404825737265416
1 0.45098039215686275 0.2406166219839142 0.006920415224913495 0.00938337801608579
1 0.9965397923875432 0.23927613941018766 0.006920415224913495 0.00938337801608579
1 0.723760092272203 0.2406166219839142 0.008073817762399077 0.014745308310991957
1 0.010380622837370242 0.23994638069705093 0.00922722029988466 0.013404825737265416
1 0.5438292964244521 0.2406166219839142 0.014994232987312572 0.01742627345844504
1 0.7427912341407151 0.2272117962466488 0.00922722029988466 0.00938337801608579
1 0.49596309111880044 0.2292225201072386 0.016147635524798153 0.01876675603217158
1 0.405997693194925 0.2292225201072386 0.016147635524798153 0.01876675603217158
1 0.6776239907727797 0.22654155495978553 0.01730103806228374 0.01876675603217158
1 0.008073817762399077 0.22319034852546918 0.011534025374855825 0.012064343163538873
1 0.765282583621684 0.225201072386059 0.008073817762399077 0.01876675603217158
1 0.8085351787773933 0.21849865951742628 0.006920415224913495 0.010723860589812333
1 0.6078431372549019 0.22117962466487937 0.016147635524798153 0.01876675603217158
1 0.36101499423298733 0.21849865951742628 0.00922722029988466 0.013404825737265416
1 0.9579008073817762 0.21648793565683647 0.008073817762399077 0.012064343163538873
1 0.7923875432525952 0.21983914209115282 0.016147635524798153 0.01876675603217158
1 0.6459054209919262 0.21514745308310992 0.00922722029988466 0.00938337801608579
1 0.24106113033448673 0.21447721179624665 0.011534025374855825 0.00804289544235925
1 0.08304498269896193 0.2158176943699732 0.006920415224913495 0.010723860589812333
0 0.058246828143021914 0.21849865951742628 0.008073817762399077 0.0160857908847185
1 0.7254901960784313 0.21179624664879357 0.006920415224913495 0.010723860589812333
0 0.8535178777393311 0.2158176943699732 0.00922722029988466 0.021447721179624665
1 0.9025374855824683 0.2111260053619303 0.010380622837370242 0.022788203753351208
1 0.7422145328719724 0.20777479892761394 0.01730103806228374 0.01876675603217158
0 0.6447520184544406 0.2037533512064343 0.00922722029988466 0.010723860589812333
0 0.18339100346020762 0.20241286863270777 0.011534025374855825 0.00804289544235925
1 0.9100346020761245 0.20509383378016086 0.006920415224913495 0.0160857908847185
1 0.7814302191464821 0.2017426273458445 0.008073817762399077 0.00938337801608579
1 0.49019607843137253 0.2037533512064343 0.016147635524798153 0.01876675603217158
0 0.16666666666666666 0.19772117962466487 0.014994232987312572 0.00938337801608579
1 0.7693194925028836 0.19571045576407506 0.00922722029988466 0.010723860589812333
1 0.9809688581314879 0.19638069705093833 0.008073817762399077 0.014745308310991957
1 0.04440599769319493 0.19638069705093833 0.008073817762399077 0.014745308310991957
0 0.05190311418685121 0.1950402144772118 0.00922722029988466 0.020107238605898123
1 0.011534025374855825 0.20040214477211796 0.01384083044982699 0.030831099195710455
1 0.6234140715109573 0.1903485254691689 0.01730103806228374 0.01876675603217158
1 0.34544405997693195 0.18431635388739948 0.008073817762399077 0.00938337801608579
1 0.9123414071510957 0.18498659517426275 0.006920415224913495 0.0160857908847185
1 0.7364475201845444 0.1836461126005362 0.01730103806228374 0.01876675603217158
1 0.356401384083045 0.18230563002680966 0.00922722029988466 0.0160857908847185
1 0.649365628604383 0.1836461126005362 0.00922722029988466 0.021447721179624665
0 0.5732410611303345 0.1789544235924933 0.00922722029988466 0.014745308310991957
1 0.2831603229527105 0.17292225201072386 0.012687427912341407 0.00804289544235925
0 0.38696655132641294 0.17292225201072386 0.010380622837370242 0.013404825737265416
1 0.0034602076124567475 0.17359249329758714 0.006920415224913495 0.014745308310991957
0 0.8886966551326413 0.1742627345844504 0.010380622837370242 0.01876675603217158
0 0.8419838523644751 0.16823056300268097 0.006920415224913495 0.012064343163538873
1 0.049019607843137254 0.1675603217158177 0.0057670126874279125 0.013404825737265416
1 0.6908881199538639 0.16420911528150134 0.006920415224913495 0.012064343163538873
1 0.21626297577854672 0.16554959785522788 0.012687427912341407 0.014745308310991957
1 0.6182237600922722 0.16621983914209115 0.016147635524798153 0.01876675603217158
1 0.8742791234140715 0.1648793565683646 0.00922722029988466 0.021447721179624665
1 0.9659746251441753 0.16219839142091153 0.008073817762399077 0.01876675603217158
0 0.33160322952710497 0.15750670241286863 0.012687427912341407 0.00938337801608579
1 0.8938869665513264 0.1581769436997319 0.006920415224913495 0.013404825737265416
1 0.2122260668973472 0.15884718498659517 0.00922722029988466 0.014745308310991957
1 0.9296424452133795 0.1601876675603217 0.00922722029988466 0.020107238605898123
1 0.07093425605536333 0.15616621983914208 0.0057670126874279125 0.012064343163538873
0 0.3460207612456747 0.15281501340482573 0.011534025374855825 0.00804289544235925
0 0.14013840830449828 0.1487935656836461 0.014994232987312572 0.010723860589812333
1 0.18627450980392157 0.14611260053619302 0.008073817762399077 0.010723860589812333
1 0.05709342560553633 0.14611260053619302 0.008073817762399077 0.010723860589812333
1 0.936562860438293 0.14343163538873996 0.006920415224913495 0.013404825737265416
1 0.7745098039215687 0.14611260053619302 0.01730103806228374 0.01876675603217158
0 0.38523644752018454 0.14075067024128687 0.01384083044982699 0.00804289544235925
1 0.20069204152249134 0.1427613941018767 0.01845444059976932 0.012064343163538873
0 0.6101499423298731 0.14343163538873996 0.006920415224913495 0.0160857908847185
0 0.21914648212226068 0.13873994638069706 0.011534025374855825 0.012064343163538873
0 0.5282583621683967 0.13941018766756033 0.00922722029988466 0.0160857908847185
1 0.02364475201845444 0.1380697050938338 0.008073817762399077 0.013404825737265416
1 0.9688581314878892 0.13404825737265416 0.00922722029988466 0.00804289544235925
1 0.2681660899653979 0.13136729222520108 0.010380622837370242 0.00804289544235925
1 0.43079584775086505 0.12734584450402145 0.010380622837370242 0.00804289544235925
0 0.13264129181084197 0.1306970509383378 0.006920415224913495 0.014745308310991957
1 0.7197231833910035 0.12667560321715818 0.00922722029988466 0.00938337801608579
1 0.6585928489042676 0.12935656836461126 0.006920415224913495 0.014745308310991957
0 0.21337946943483277 0.12667560321715818 0.01384083044982699 0.00938337801608579
1 0.9411764705882353 0.1306970509383378 0.011534025374855825 0.020107238605898123
1 0.1447520184544406 0.12667560321715818 0.010380622837370242 0.014745308310991957
0 0.831603229527105 0.12533512064343164 0.006920415224913495 0.014745308310991957
1 0.7474048442906575 0.12734584450402145 0.016147635524798153 0.01876675603217158
0 0.05074971164936563 0.12801608579088472 0.011534025374855825 0.022788203753351208
1 0.1695501730103806 0.12198391420911528 0.006920415224913495 0.013404825737265416
0 0.9688581314878892 0.11796246648793565 0.011534025374855825 0.010723860589812333
1 0.8800461361014994 0.11997319034852547 0.00922722029988466 0.020107238605898123
1 0.20242214532871972 0.11394101876675604 0.010380622837370242 0.00804289544235925
1 0.8990772779700116 0.11126005361930295 0.008073817762399077 0.00804289544235925
1 0.7975778546712803 0.10991957104557641 0.008073817762399077 0.010723860589812333
1 0.7214532871972318 0.10924932975871314 0.010380622837370242 0.012064343163538873
0 0.7860438292964245 0.10656836461126006 0.010380622837370242 0.00938337801608579
0 0.27854671280276816 0.10723860589812333 0.01730103806228374 0.010723860589812333
1 0.03690888119953864 0.10924932975871314 0.00922722029988466 0.014745308310991957
0 0.596885813148789 0.10723860589812333 0.008073817762399077 0.0160857908847185
0 0.7410611303344867 0.10455764075067024 0.010380622837370242 0.0160857908847185
1 0.1978085351787774 0.10120643431635389 0.010380622837370242 0.00938337801608579
1 0.21107266435986158 0.09986595174262734 0.00922722029988466 0.012064343163538873
0 0.5346020761245674 0.09651474530831099 0.012687427912341407 0.00804289544235925
1 0.629757785467128 0.0985254691689008 0.00922722029988466 0.014745308310991957
1 0.2231833910034602 0.09919571045576407 0.010380622837370242 0.0160857908847185
1 0.8731257208765859 0.0985254691689008 0.011534025374855825 0.01742627345844504
1 0.7658592848904268 0.09718498659517426 0.011534025374855825 0.014745308310991957
1 0.9371395617070357 0.08914209115281502 0.008073817762399077 0.012064343163538873
1 0.38408304498269896 0.08780160857908847 0.006920415224913495 0.00938337801608579
1 0.7053056516724336 0.0871313672922252 0.008073817762399077 0.013404825737265416
1 0.02249134948096886 0.08646112600536193 0.008073817762399077 0.012064343163538873
0 0.39677047289504036 0.08378016085790885 0.00922722029988466 0.012064343163538873
0 0.3621683967704729 0.08109919571045576 0.01384083044982699 0.00938337801608579
1 0.8754325259515571 0.07707774798927614 0.00922722029988466 0.006702412868632708
1 0.41810841983852365 0.07841823056300268 0.008073817762399077 0.012064343163538873
1 0.5299884659746251 0.07305630026809651 0.008073817762399077 0.012064343163538873
1 0.8621683967704729 0.06970509383378017 0.010380622837370242 0.00804289544235925
0 0.7185697808535179 0.07037533512064344 0.00922722029988466 0.012064343163538873
1 0.9763552479815456 0.07171581769436998 0.010380622837370242 0.01742627345844504
0 0.9901960784313726 0.06769436997319035 0.010380622837370242 0.014745308310991957
1 0.02191464821222607 0.06568364611260054 0.006920415224913495 0.013404825737265416
1 0.908881199538639 0.06568364611260054 0.00922722029988466 0.01876675603217158
0 0.621683967704729 0.06032171581769437 0.01384083044982699 0.00804289544235925
1 0.22549019607843138 0.06233243967828418 0.008073817762399077 0.012064343163538873
0 0.9648212226066898 0.06635388739946381 0.010380622837370242 0.022788203753351208
1 0.9290657439446367 0.06300268096514745 0.010380622837370242 0.0160857908847185
1 0.5380622837370242 0.058310991957104555 0.008073817762399077 0.00938337801608579
0 0.8160322952710496 0.06099195710455764 0.008073817762399077 0.01742627345844504
1 0.7635524798154556 0.058310991957104555 0.01384083044982699 0.012064343163538873
1 0.01384083044982699 0.058981233243967826 0.006920415224913495 0.0160857908847185
1 0.9734717416378316 0.054289544235924934 0.00922722029988466 0.00938337801608579
1 0.8477508650519031 0.05630026809651475 0.006920415224913495 0.013404825737265416
1 0.06055363321799308 0.05361930294906166 0.008073817762399077 0.010723860589812333
0 0.5991926182237601 0.05026809651474531 0.008073817762399077 0.014745308310991957
1 0.6124567474048442 0.048927613941018765 0.00922722029988466 0.014745308310991957
1 0.12399077277970011 0.04758713136729222 0.01730103806228374 0.012064343163538873
1 0.8535178777393311 0.04758713136729222 0.006920415224913495 0.014745308310991957
0 0.6735870818915801 0.04423592493297587 0.01384083044982699 0.00804289544235925
1 0.13610149942329874 0.0435656836461126 0.006920415224913495 0.012064343163538873
1 0.5738177623990772 0.0388739946380697 0.012687427912341407 0.00804289544235925
1 0.6649365628604383 0.036193029490616625 0.012687427912341407 0.00804289544235925
1 0.04325259515570934 0.040214477211796246 0.012687427912341407 0.0160857908847185
1 0.5905420991926182 0.03418230563002681 0.01384083044982699 0.00938337801608579
1 0.9705882352941176 0.03686327077747989 0.010380622837370242 0.01742627345844504
1 0.6332179930795848 0.03418230563002681 0.006920415224913495 0.012064343163538873
1 0.27970011534025374 0.035522788203753354 0.008073817762399077 0.014745308310991957
1 0.19319492502883506 0.032171581769437 0.012687427912341407 0.00804289544235925
0 0.9290657439446367 0.03418230563002681 0.008073817762399077 0.014745308310991957
0 0.2918108419838524 0.03284182305630027 0.00922722029988466 0.012064343163538873
1 0.6043829296424452 0.030160857908847184 0.011534025374855825 0.00938337801608579
1 0.0328719723183391 0.036193029490616625 0.010380622837370242 0.024128686327077747
1 0.6643598615916955 0.02613941018766756 0.011534025374855825 0.006702412868632708
1 0.5559400230680508 0.02680965147453083 0.01384083044982699 0.00804289544235925
1 0.9382929642445214 0.03150134048257373 0.012687427912341407 0.02546916890080429
1 0.5732410611303345 0.024128686327077747 0.016147635524798153 0.010723860589812333
1 0.5201845444059977 0.024128686327077747 0.006920415224913495 0.010723860589812333
1 0.209919261822376 0.024128686327077747 0.01384083044982699 0.010723860589812333
1 0.8558246828143022 0.022788203753351208 0.00922722029988466 0.010723860589812333
1 0.8442906574394463 0.023458445040214475 0.00922722029988466 0.014745308310991957
0 0.36678200692041524 0.020777479892761394 0.01384083044982699 0.00938337801608579
1 0.9134948096885813 0.02546916890080429 0.011534025374855825 0.021447721179624665
1 0.5403690888119954 0.01876675603217158 0.008073817762399077 0.00804289544235925
1 0.696078431372549 0.01675603217158177 0.010380622837370242 0.006702412868632708
1 0.7122260668973471 0.01742627345844504 0.010380622837370242 0.013404825737265416
1 0.5974625144175317 0.0160857908847185 0.01384083044982699 0.010723860589812333
1 0.9953863898500577 0.013404825737265416 0.00922722029988466 0.00804289544235925
1 0.31718569780853517 0.015415549597855228 0.006920415224913495 0.014745308310991957
1 0.031718569780853516 0.012734584450402145 0.008073817762399077 0.00938337801608579
1 0.049019607843137254 0.012064343163538873 0.008073817762399077 0.013404825737265416
1 0.8973471741637832 0.012734584450402145 0.00922722029988466 0.01742627345844504
1 0.2104959630911188 0.00804289544235925 0.012687427912341407 0.010723860589812333
1 0.5841983852364475 0.006032171581769437 0.008073817762399077 0.00938337801608579
0 0.9746251441753172 0.00938337801608579 0.00922722029988466 0.01876675603217158
1 0.9158016147635525 0.006032171581769437 0.006920415224913495 0.012064343163538873
1 0.9059976931949251 0.005361930294906166 0.008073817762399077 0.010723860589812333
1 0.8656286043829297 0.005361930294906166 0.008073817762399077 0.010723860589812333
1 0.8575547866205305 0.007372654155495978 0.008073817762399077 0.014745308310991957
1 0.8477508650519031 0.006032171581769437 0.006920415224913495 0.012064343163538873
1 0.8385236447520185 0.007372654155495978 0.006920415224913495 0.014745308310991957
1 0.6314878892733564 0.005361930294906166 0.008073817762399077 0.010723860589812333
0 0.5322952710495963 0.006032171581769437 0.008073817762399077 0.012064343163538873
1 0.27854671280276816 0.005361930294906166 0.01730103806228374 0.010723860589812333
1 0.25144175317185696 0.004021447721179625 0.011534025374855825 0.00804289544235925
1 0.22549019607843138 0.007372654155495978 0.010380622837370242 0.014745308310991957
1 0.11764705882352941 0.003351206434316354 0.00922722029988466 0.006702412868632708
1 0.10784313725490197 0.00804289544235925 0.008073817762399077 0.0160857908847185