1 0.9069132658648117 0.9546208449182914 0.01204348930595156 0.00790967628175765
1 0.8548702036037564 0.9606213085243327 0.007871215131323384 0.01080018836956842
1 0.6357872388517085 0.9789605006466695 0.009658724712458877 0.006551903426318284
1 0.813616247127873 0.9603939225678655 0.012162956439151773 0.00903081918603077
1 0.3752113770410431 0.9948299617281704 0.011924009540084324 0.006788414825839251
1 0.4802439731663089 0.9487206545296416 0.011924009540084324 0.006788414825839362
1 0.12106848073508619 0.9850874433918659 0.009897641973615048 0.008794304692106736
1 0.968923983191251 0.8648232566238943 0.013295598852964385 0.009149074885791197
1 0.7564290779827515 0.8858755180085789 0.009897671611526215 0.008794307786509692
0 0.7444165691254061 0.8859960908958198 0.011269260924406166 0.011154967846461417
0 0.729125540884 0.8875925799754214 0.010136618510593554 0.011036712146700878
1 0.714967214332229 0.8890708071664566 0.00900397609678072 0.010918456446940339
0 0.5873029791286224 0.9001325439342394 0.009897671611526326 0.008794307786509692
1 0.5747839355904593 0.9008727506588692 0.010017138744726317 0.009915450690782923
1 0.5583602056594181 0.9025875016270368 0.01114978115853893 0.010033706390543462
1 0.5311164317651778 0.9048651319516131 0.00876496992189113 0.008676045897943352
1 0.5457813904141218 0.9027672008169567 0.008884466693002357 0.009797191896619428
1 0.5180309844227081 0.9056645350851541 0.010017138744726317 0.009915450690783034
0 0.47498956500884415 0.9101583568857516 0.010017138744726262 0.009915450690782923
0 0.29584867025534445 0.9271614209000874 0.014667262260622371 0.011509742681750201
0 0.23972184054639994 0.9324546419662223 0.011149781158539013 0.010033706390543462
1 0.3500973145084805 0.9203638112985626 0.010136618510593498 0.011036712146700878
1 0.8160711074105345 0.8705793092025773 0.013534545752031835 0.011391479245982383
1 0.21065958512504002 0.9337884583019479 0.010136588872682317 0.011036709052298033
1 0.2518825230117845 0.9283508225124999 0.00900391682095844 0.01091845025813487
0 0.12830215048613422 0.9401198518128028 0.011269260924406235 0.011154967846461528
1 0.7548759610368154 0.8713002453222697 0.009897671611526215 0.008794307786509803
1 0.7424763316723637 0.8731616604158008 0.010017138744726206 0.009915450690782812
0 0.9977984026668254 0.8461987296122158 0.004403194666349197 0.01215785505097422
0 0.6851570592977062 0.8780125726919661 0.008884496330913594 0.009797194991022384
1 0.5574928833699221 0.889074303270943 0.010017138744726317 0.009915450690782812
0 0.5309946610202992 0.892974517007646 0.011388728057606157 0.012276110750734759
1 0.4963597974960589 0.9011252205122404 0.02367115162995803 0.02242807284103876
0 0.5454804274720653 0.8891948106935558 0.01114978115853904 0.010033706390543351
0 0.46115631546956753 0.8985656391028438 0.010136618510593554 0.011036712146700989
1 0.47349618162950813 0.8961436556515789 0.010136618510593498 0.0110367121467011
1 0.32791951661994734 0.916444258397891 0.022538509216145253 0.02230981714127811
0 0.36124250107633005 0.9067300400552278 0.010136618510593498 0.011036712146700878
1 0.2926563010268559 0.9133241055363577 0.011149781158538985 0.010033706390543351
0 0.23709578511533996 0.9185581995262131 0.009003916820958413 0.010918450258134649
0 0.22168528342440028 0.9190334864257188 0.009897641973615035 0.008794304692106736
1 0.20928566887890404 0.9208948999720485 0.010017109106815109 0.009915447596380078
0 0.18177422460551346 0.926034637053236 0.011627662324006471 0.01451839655928111
1 0.15321855791760403 0.9267486940375215 0.008884451874046823 0.009797190349418061
0 0.16669111835770192 0.9242084494712911 0.008884437055091177 0.009797188802216583
1 0.07279906452954002 0.9351450452151009 0.006858054669666255 0.01180307712128259
0 0.9182766687703804 0.8463045291514181 0.010375552776993757 0.013278997955247451
0 0.13888099361864395 0.9265452107401504 0.010136588872682317 0.011036709052298144
0 0.7401776865033876 0.8569637419471394 0.011269260924406388 0.011154967846461306
0 0.6841105829515652 0.8628175352390117 0.010136618510593665 0.011036712146700767
0 0.5837498911630439 0.8721622693157743 0.011030314025338939 0.00891256348627012
0 0.6976428547298298 0.86083786444572 0.010256085643793655 0.01215785505097422
0 0.6563004582125073 0.8651542965078709 0.011388728057606379 0.01227611075073487
0 0.6403833751975948 0.8662493419852162 0.013534545752031724 0.011391479245982716
0 0.488426498543302 0.8804142065436413 0.011149781158538985 0.010033706390543462
0 0.46130219178226173 0.8838129797724908 0.013534605027854085 0.011391485434788295
1 0.3779315511316878 0.8913838350312054 0.012162956439151662 0.009030819186030659
0 0.7789560647679283 0.8500809109368096 0.007990682264523374 0.011921331273841762
1 0.3200459808717017 0.8962938127870256 0.009897671611526215 0.008794307786509581
0 0.29292163706327234 0.8996925898838787 0.012282438391307382 0.010151963637505368
0 0.7681359911668179 0.850643793387621 0.009242910363181034 0.013160742255487023
1 0.41575648768221607 0.8863009740770461 0.011269260924406221 0.011154967846461528
0 0.19199466111523356 0.9090964479425181 0.012282453210262917 0.010151965184706846
1 0.34711054774980843 0.8923344088302172 0.010136618510593498 0.011036712146700878
0 0.3324456102361535 0.8944323976934946 0.012521370471419047 0.01239436645049552
0 0.22075823607092615 0.9049596557944645 0.008884437055091204 0.009797188802216583
0 0.3612091703728906 0.8902956070926423 0.011388728057606323 0.012276110750734759
1 0.17986269362730992 0.908095817102462 0.008884437055091177 0.009797188802216694
0 0.4025515965281242 0.8859791719360885 0.012760304737819195 0.014636652259041871
1 0.717940125410343 0.8524836206887343 0.023790618763158244 0.02354921574531199
0 0.6827366730217628 0.8499240361849346 0.010017138744726206 0.009915450690782812
0 0.6402018349318715 0.8537980994076928 0.011269260924406277 0.011154967846461417
1 0.555758285434085 0.8620477818183048 0.010256085643793544 0.012157855050974109
1 0.5211234219098447 0.8701984853228992 0.02253850921614542 0.02230981714127811
1 0.4156347169373378 0.874410359133079 0.008884437055091177 0.009797188802216583
1 0.8142147154082415 0.8316622351761971 0.017945754193060104 0.010743252966718075
0 0.3871387975418398 0.8756850460717229 0.011269260924406277 0.011154967846461417
1 0.34630298866482356 0.879381778831857 0.008884437055091177 0.009797188802216583
0 0.28916293180892183 0.8859144039172306 0.007871244769234453 0.010800191463971154
1 0.24212846005551886 0.8959265802439772 0.02253850921614528 0.022309817141278332
0 0.32931293752687607 0.881155657649905 0.013654072161054132 0.012512628339061527
1 0.3020691636326356 0.8834332879744813 0.011269260924406221 0.011154967846461528
0 0.21995066216698572 0.8920070273433058 0.01013658887268229 0.011036709052298144
0 0.19106761376175946 0.8950226173112638 0.01126926092440625 0.011154967846461528
1 0.13106717030170914 0.9069552788528008 0.022657976349345396 0.023430960045551452
1 0.9974066610892853 0.8056590159922893 0.005186677821429453 0.009560671213890037
1 0.914573080263507 0.811548091429966 0.010136618510593554 0.011036712146700878
0 0.722019364952843 0.8316520307384914 0.012401903338219111 0.011273223546221955
1 0.8118275709220041 0.8200081409149598 0.013295598852964385 0.009149074885791308
1 0.708814473798751 0.8313302285975337 0.008884496330913594 0.009797194991022384
0 0.6567116779710956 0.8367701207514382 0.015680469365434657 0.010506741567196998
1 0.4973327735087754 0.8511430882837818 0.012282423572351653 0.010151962090304001
0 0.45944809707531353 0.8556653185099821 0.015799949131301894 0.011628003023114952
0 0.5261560968500236 0.8475668660406633 0.009003916820958358 0.010918450258134538
0 0.30069524738649966 0.8705397296445819 0.011149781158538985 0.010033706390543573
1 0.31643312970161197 0.8677629698108267 0.011149781158538985 0.010033706390543462
0 0.2059979306755534 0.8792931682033261 0.01001710910681508 0.009915447596380078
1 0.9640808244302859 0.7978767801291686 0.010910846892138948 0.0077914205819968885
1 0.7739716539228698 0.8194259162057771 0.011269260924406388 0.011154967846461528
0 0.2874903414134521 0.8702179290508256 0.007871244769234453 0.010800191463971154
0 0.24671426610303593 0.8744752332630965 0.010136588872682317 0.011036709052298033
1 0.21890414136397796 0.8768119945319557 0.008884437055091204 0.009797188802216694
0 0.17750199646109982 0.8805678566891716 0.010136588872682345 0.011036709052298033
1 0.946851826393271 0.7974082545870255 0.010910846892138726 0.0077914205819968885
0 0.12062960889120408 0.8842384350673573 0.010136588872682317 0.011036709052298033
1 0.7445222398538703 0.8225006386652197 0.023790618763158022 0.02354921574531188
0 0.7086329398493614 0.8188790452958328 0.011388728057606379 0.012276110750734648
1 0.6866366462723066 0.8274106787912652 0.02402956566222547 0.025791620105503288
1 0.651880041641099 0.8236707642574896 0.01114978115853893 0.010033706390543462
1 0.6310163904778572 0.8320841420531615 0.023790618763158244 0.02354921574531199
1 0.574829819792835 0.8368167924407603 0.02265797634934541 0.023430960045551563
1 0.5465131074134706 0.8397732530116366 0.02265797634934541 0.023430960045551452
1 0.8732570569714337 0.7999906650760711 0.01717152581151482 0.013988544531422176
1 0.5224571092501734 0.8343493131227765 0.011030314025338939 0.00891256348627012
1 0.4680292590740478 0.839465089042646 0.011149781158538985 0.010033706390543462
1 0.4561362173499023 0.8407068048341603 0.010017138744726262 0.009915450690782812
1 0.35088878620971853 0.8579304926739999 0.023790618763158133 0.02354921574531199
0 0.3292486030532529 0.8590562013942031 0.012225023255341194 0.020124348183937157
0 0.3011397978485276 0.8585899868507345 0.012640837604619148 0.01351550935476864
0 0.3836454135049501 0.8482753459997974 0.012521370471418991 0.012394366450495298
1 0.31505921345547605 0.8548694114809274 0.009003916820958413 0.010918450258134649
0 0.23225492364971967 0.862381135795359 0.011030314025338911 0.00891256348627023
1 0.9128694564599424 0.7901865963648472 0.008765029197713381 0.008676052086749264
0 0.2045045472962173 0.8652784669691536 0.010136588872682345 0.011036709052298033
1 0.155264458689633 0.8760876730605411 0.02265797634934541 0.02343096004555134
0 0.18846797601281562 0.8652523118136044 0.010017109106815109 0.009915447596380078
1 0.1324008576420378 0.8711061066526782 0.01114978115853904 0.010033706390543462
0 0.7478558918975079 0.8000464091214304 0.011388728057606379 0.012276110750734759
1 0.71998603359185 0.8018225989381531 0.010017138744726206 0.009915450690783034
0 0.6911030000055792 0.8048381873589097 0.01114978115853904 0.010033706390543462
0 0.6225167999561051 0.8114322528400396 0.009897671611526215 0.008794307786509581
0 0.5510391947133432 0.8177613330314177 0.009897671611526215 0.008794307786509581
1 0.8754891000093533 0.7833197114307562 0.01114978115853904 0.010033706390543573
0 0.5674628653685619 0.8160465882520557 0.011269260924406277 0.011154967846461528
0 0.5373873965260562 0.8186198671092417 0.010017138744726317 0.009915450690783145
1 0.5226627191294676 0.8201572252445601 0.010017138744726317 0.009915450690783034
1 0.5102033561984157 0.8214580688859546 0.010017138744726317 0.009915450690783034
0 0.7056485000239452 0.8016190524969561 0.01150819519080648 0.01339725365500799
1 0.8929857324712736 0.7809260740348689 0.008110149397723476 0.013042474178114993
0 0.344147886558952 0.8376617320875517 0.01591941626450194 0.012749145927388406
1 0.118954714884056 0.8577724881612585 0.01001710910681508 0.009915447596379967
0 0.22995625734545433 0.8461831595980767 0.010256056005882391 0.012157851956571375
1 0.8658901025471608 0.7792204608873665 0.009481857262248261 0.015403146615678431
0 0.7335160313963472 0.7890734530107648 0.012521370471419102 0.012394366450495409
0 0.7187315907952476 0.7900502427883493 0.010136618510593443 0.011036712146700767
0 0.6908617261732559 0.7918263733292497 0.011269260924406277 0.011154967846461528
1 0.6557800148916428 0.8011574068638201 0.02265797634934541 0.02343096004555134
1 0.9433274449025313 0.7643335904978055 0.00900397609678072 0.01091845644694045
0 0.6334827795078208 0.7961167079644724 0.010017138744726206 0.009915450690783145
0 0.6199504484537339 0.7980963849465699 0.010136618510593443 0.011036712146700878
1 0.5648965731420132 0.8027107141697802 0.008765029197713492 0.008676052086749042
0 0.5507979271973534 0.8047495782775802 0.010017138744726317 0.009915450690783145
1 0.7913705978861498 0.7784984519618279 0.006619092951643313 0.009560671213889815
1 0.577355936073065 0.8014098705283857 0.011269260924406277 0.011154967846461528
0 0.537712488357506 0.8055489205880972 0.013534575389942849 0.01139148234038545
1 0.48152593249143927 0.8102815694284949 0.00989767161152616 0.008794307786509581
1 0.4600959601212909 0.818754075074047 0.02391009852902537 0.024670477201229946
0 0.39606914843721774 0.8197706566319463 0.011388728057606323 0.01227611075073487
0 0.3547267519198952 0.8240870886940972 0.0102560856437936 0.01215785505097422
0 0.34044892228067936 0.8244441167994396 0.008884437055091177 0.009797188802216583
1 0.9257997727161827 0.7610621484191566 0.010910846892138837 0.0077914205819968885
1 0.2911490841953952 0.8346928130353151 0.02379063358211375 0.02354921729251347
0 0.24309913245655707 0.8351749759758248 0.011508195190806397 0.01339725365500799
1 0.2287018208651856 0.8344108627240954 0.007632297870167143 0.008557787103779968
1 0.2078979329064548 0.8433848088775009 0.022657976349345382 0.023430960045551452
1 0.18065415901221438 0.8456624392020772 0.022538509216145308 0.022309817141278332
0 0.14539092228383377 0.8425422286119228 0.011149781158538985 0.010033706390543462
1 0.13066623006828965 0.8440795882944427 0.011149781158538985 0.010033706390543462
0 0.11713394237792528 0.8460593206843587 0.01126926092440625 0.011154967846461417
1 0.9098229561346702 0.7615966224443651 0.008884496330913483 0.009797194991022384
1 0.8743517974126952 0.7618990885157572 0.008884496330913594 0.009797194991022273
1 0.7107696150055629 0.7744436151961023 0.015680469365434657 0.010506741567196998
0 0.9430861710702081 0.7513217764681457 0.013892947151632029 0.01475490795880241
0 0.6251336239352077 0.7822509287673212 0.01681311177924738 0.010624997266957648
1 0.5662348550730314 0.7884003674974005 0.010017138744726206 0.009915450690782812
1 0.5101079883166978 0.7936935924315389 0.011269260924406277 0.011154967846461639
1 0.4817912759373335 0.7966500530024151 0.011269260924406221 0.011154967846461528
1 0.46134350471552543 0.7982181336564139 0.006619092951643424 0.009560671213889815
1 0.8631135762127173 0.7585378522499673 0.010733966809261086 0.016642545219712312
0 0.37111712150958565 0.8059379078577471 0.012401903338219 0.011273223546222177
1 0.7894590669079464 0.7605596320110539 0.006619092951643313 0.009560671213889815
1 0.15289916322799446 0.8270208875063081 0.011149788568016822 0.010033707164143979
1 0.907196871065699 0.7477001830987587 0.006738572717510549 0.010681932669807992
1 0.6257574110512806 0.7719829565113032 0.01114978115853904 0.010033706390543462
1 0.5713892711201775 0.7776593662535347 0.008884496330913594 0.009797194991022384
1 0.45907585700039927 0.7876851792050468 0.011030314025338939 0.00891256348627023
1 0.5087340783868954 0.7808000933774619 0.010910846892138837 0.0077914205819969995
0 0.4821163592661614 0.7835791673042944 0.01430883340939948 0.008146193870084306
1 0.39677907198305107 0.7941893943176164 0.011269260924406221 0.011154967846461417
1 0.28679071221174324 0.8045393235031635 0.011030314025338939 0.00891256348627023
1 0.37507916157631893 0.794754590861505 0.011149781158538985 0.010033706390543462
1 0.31907179159109683 0.8011689556055139 0.010136618510593443 0.011036712146700989
1 0.8727079134920641 0.7410982241785974 0.007632268232256045 0.008557784009377123
0 0.34846144245558497 0.7975336647883378 0.0102560856437936 0.012157855050974331
1 0.29284118666113546 0.802207128050234 0.010017138744726317 0.009915450690782812
1 0.12300060149468295 0.8205064675692324 0.010136588872682303 0.011036709052298033
1 0.23501535628408293 0.8076777365340133 0.010136588872682345 0.011036709052298144
1 0.20953029439611726 0.8103385532138838 0.006738572717510577 0.010681932669807881
1 0.18234625406847685 0.8131767549905967 0.006738572717510605 0.010681932669807992
1 0.1494988571869558 0.8166062503513263 0.015799941721824085 0.011628002249514435
0 0.9726504576817182 0.7278293713852335 0.01114978115853904 0.010033706390543462
1 0.8878174670599029 0.7270505456084893 0.0107913671262716 0.006670159126078823
1 0.9384291471656557 0.7183653680786863 0.0107913671262716 0.006670159126078823
1 0.9549125513874746 0.7172111947514609 0.010495019910193859 0.014400140859520905
1 0.9997202131701979 0.6979339911018301 0.000559573659604351 0.008676052086748931
1 0.8854567550747372 0.6995225867424004 0.01204348930595156 0.007909676281757316
1 0.7400282933111266 0.7158399398278281 0.008884496330913594 0.009797194991022384
1 0.9030131274195912 0.697689580074472 0.008884496330913594 0.009797194991022384
0 0.7116517880893399 0.7182358351353735 0.011269260924406277 0.011154967846461417
1 0.6844080438330107 0.7205134623655467 0.008884496330913594 0.009797194991022384
0 0.6714420932616525 0.7224340053089582 0.012401903338219111 0.011273223546222066
0 0.5704553403832912 0.7312772365076421 0.012282423572351764 0.010151962090304001
1 0.9666504916633021 0.6876444310533942 0.01204348930595145 0.007909676281757316
0 0.5154014121120816 0.7358916311954805 0.008884437055091232 0.009797188802216583
0 0.4870846997327172 0.7388480917663568 0.008884437055091177 0.009797188802216583
1 0.33468099864262935 0.7541932239845326 0.009897671611526215 0.008794307786509692
0 0.5295597979396749 0.7344133978156395 0.010256085643793544 0.012157855050974442
1 0.4456825336945499 0.7426038961949515 0.010136618510593498 0.011036712146700878
1 0.4031477315589034 0.7464780155991293 0.008884437055091177 0.009797188802216805
1 0.34708062800708117 0.7523318088910016 0.010017138744726262 0.009915450690782923
0 0.30749695831498897 0.7570314257612454 0.012401903338219 0.011273223546221955
1 0.17938589017296522 0.7692734910118026 0.009897641973614979 0.008794304692106736
0 0.9852200329724352 0.6845719665056098 0.01114978115853904 0.010033706390543462
0 0.27912047532163564 0.7594273187479886 0.012521385290374665 0.012394367997696554
0 0.23595960468667138 0.7627999360476885 0.01001710910681508 0.009915447596379967
0 0.1946769184143713 0.7676770019322012 0.01126926092440625 0.011154967846461417
0 0.15050284176773898 0.7722890809797607 0.01126926092440625 0.011154967846461417
0 0.29253331069775557 0.7563264419065978 0.010136618510593498 0.011036712146700767
0 0.13786427182055344 0.7719081509889227 0.009123383954158487 0.01203959316240788
1 0.9030107941700016 0.686920111129181 0.008765029197713603 0.008676052086749042
1 0.7244362639871308 0.7038641027014554 0.010017138744726317 0.009915450690782923
1 0.7379087958824617 0.7013238011802049 0.010017138744726206 0.009915450690782812
0 0.710218138276604 0.7047817053533374 0.011269260924406166 0.011154967846461528
0 0.6394263869661043 0.7121728536861252 0.010136618510593443 0.011036712146700989
0 0.5703932798834351 0.7199472553860369 0.012521370471419102 0.012394366450495076
1 0.963876232986292 0.6777312382742693 0.006858039850710651 0.011803075574081112
0 0.5559960064325968 0.7191830782168809 0.008884496330913483 0.009797194991022273
0 0.4989156746406732 0.7262763355774149 0.007990741540345792 0.011921337462647341
0 0.5128948534521329 0.7231163285653417 0.011269260924406166 0.011154967846461417
0 0.401893288762301 0.7347056594493255 0.011269260924406221 0.011154967846461417
1 0.34633277285078523 0.739939753439181 0.008884437055091177 0.009797188802216694
0 0.3178965870218873 0.7417750118299615 0.008884437055091232 0.009797188802216694
0 0.27661390815906495 0.7466520769408737 0.010136603691637935 0.011036710599499289
1 0.23401935873100704 0.7499655663906931 0.008764969921891103 0.008676045897943352
0 0.22004019473850298 0.753125571855565 0.010256056005882364 0.012157851956571264
0 0.10879971169437092 0.7624725553343776 0.01001710910681508 0.009915447596380189
0 0.14894971850546931 0.7577137490176291 0.013534605027854085 0.011391485434788406
0 0.12051352417394932 0.7595490682314334 0.011030314025338911 0.00891256348627023
1 0.7369817929858544 0.6872499659073461 0.008765029197713492 0.008676052086749153
1 0.902351438330967 0.6699842314699365 0.006738572717510549 0.010681932669807881
1 0.7238963160054738 0.68804937213529 0.010017138744726317 0.009915450690783034
0 0.6961459841088382 0.6909466986674804 0.01114978115853904 0.010033706390543462
1 0.949058491319664 0.6622735919948659 0.012043489305951671 0.007909676281757316
0 0.7963274096054035 0.679920197147291 0.010136618510593554 0.0110367121467011
0 0.6235356771764411 0.6973940407474246 0.011149781158539152 0.010033706390543462
1 0.45533433688306335 0.714955423717444 0.010017138744726262 0.009915450690782923
1 0.5538168347131543 0.7041063619283151 0.007871215131323384 0.010800188369568309
1 0.4988226400085448 0.7092813280682901 0.008884437055091177 0.009797188802216694
0 0.47163857004299314 0.7121195329394059 0.011149781158538985 0.010033706390543573
1 0.4002206983668314 0.7190091845829206 0.008764969921891075 0.008676045897943352
1 0.387821075318713 0.7208706589522741 0.011149781158538985 0.010033706390543573
0 0.3322008195242635 0.7255441222141705 0.01114978115853904 0.010033706390543462
1 0.31741640856107495 0.7265209088973521 0.00876496992189102 0.008676045897943463
0 0.27500105133019526 0.7315161735266054 0.010017123925770699 0.009915449143581334
1 0.16507243253496515 0.7424266733906886 0.009897641973615035 0.008794304692106847
0 0.5678556878153918 0.7015069325571843 0.013773480018431816 0.013633765054529179
0 0.17690571955722142 0.7406243284184166 0.011149781158538985 0.010033706390543462
1 0.14972166441062545 0.743462531742331 0.008884437055091149 0.009797188802216583
0 0.10781292445796323 0.7478380939751643 0.011149781158538999 0.010033706390543351
1 0.6526864170961066 0.6915164017514763 0.009481857262248261 0.01540314661567821
0 0.4418905051462376 0.7123912764921176 0.011747142089873763 0.01563965801519951
1 0.948222196121929 0.6544253545616634 0.01204348930595145 0.007909676281757316
0 0.2186352662195614 0.7345670510555726 0.011747142089873708 0.015639658015199287
1 0.9810098568252555 0.6504352280861745 0.012162956439151662 0.009030819186030659
0 0.2887412821494433 0.7261138222037637 0.011747142089873652 0.015639658015199287
0 0.9958397445804468 0.6482190335157504 0.008320510839106454 0.01215785505097422
1 0.7349817626903896 0.6738549701639961 0.009897671611526215 0.008794307786509581
1 0.5531287131234583 0.6922748779286312 0.008884496330913483 0.009797194991022384
0 0.5377182114325186 0.6927501648281369 0.012282423572351764 0.010151962090304001
1 0.5105341414669671 0.6955883696992526 0.010017138744726317 0.009915450690782923
0 0.49801504496931526 0.6963286418885105 0.00989767161152627 0.008794307786509581
1 0.45509309900498485 0.7019436658692038 0.010136618510593609 0.011036712146700878
0 0.4691319817451333 0.6993442334036699 0.011269260924406277 0.011154967846461528
1 0.39947284321053533 0.7066171291311 0.010136618510593498 0.011036712146700989
1 0.38638742550597704 0.7074165291702381 0.011149781158538985 0.010033706390543351
1 0.34277968488520666 0.7119694788207158 0.010017138744726317 0.009915450690782812
1 0.33032032195415484 0.7132703224621103 0.010017138744726262 0.009915450690783034
1 0.3150292937127488 0.7148668115417118 0.011149781158538985 0.010033706390543462
0 0.2731802799172087 0.7198029460002826 0.01150819519080637 0.013397253655007879
1 0.23109232553893494 0.7224967353744844 0.011149781158539013 0.010033706390543462
1 0.20334193436647702 0.7253940680954802 0.01001710910681508 0.009915447596379967
0 0.19094231131835876 0.7272555424648338 0.010136588872682345 0.011036709052298033
0 0.17621761910281464 0.7287929021473536 0.010136588872682345 0.011036709052298033
1 0.12015050814151465 0.7346466962128266 0.009003931639914017 0.010918451805336127
1 0.8577545687215774 0.6491333116389337 0.00864556206451339 0.007554909182475811
0 0.9776980426920002 0.6354767674973694 0.009362377496380914 0.014281885159760255
1 0.878529786159714 0.6452638111377025 0.008110149397723365 0.013042474178114993
1 0.7339352926605823 0.6586599919868642 0.008884496330913594 0.009797194991022273
0 0.691400454570691 0.6625340552096224 0.010136618510593554 0.011036712146700878
1 0.6494319440040397 0.6663490498583227 0.010017138744726206 0.009915450690782812
0 0.39741313862429284 0.6926615557468077 0.011149781158538985 0.010033706390543462
1 0.3843277209197346 0.6934609557859457 0.009897671611526215 0.008794307786509581
1 0.34241897355759454 0.6978365187923798 0.00989767161152616 0.008794307786509692
1 0.9954503002982513 0.630161957865216 0.009099399403497244 0.01215785505097422
0 0.706631749245497 0.6603769946778841 0.011388728057606379 0.01227611075073487
1 0.5377445909741015 0.6768763656879135 0.008884496330913594 0.009797194991022384
0 0.4681452156440147 0.6847098297730775 0.010136618510593498 0.011036712146700989
1 0.35651759618067663 0.6957977170548051 0.01114978115853904 0.010033706390543462
0 0.32995961062654267 0.6991373624337742 0.012401903338219 0.011273223546222066
1 0.2726403615734629 0.7039882123397142 0.00876496992189113 0.008676045897943352
1 0.22965868204253248 0.7090426648682708 0.011149781158539013 0.010033706390543462
1 0.11633204818527494 0.7203078810654209 0.011030314025338911 0.008912563486270009
0 0.5502039539051535 0.6755755220465192 0.009123443229980821 0.012039599351213792
1 0.3700498912805188 0.6938179838912881 0.009003916820958413 0.010918450258134649
1 0.16271173536875502 0.714898712977398 0.011149781158538985 0.010033706390543462
0 0.14742070712734898 0.7164952020569996 0.01001710910681508 0.009915447596380078
0 0.18983605694875097 0.7114999382013472 0.013534605027854085 0.011391485434788406
0 0.21627456905335127 0.7070390906422823 0.012999281274797714 0.016879059713636013
1 0.9121490818779299 0.6275830434806566 0.009778204478326002 0.007673164882236239
1 0.7319949959317176 0.6458255676956508 0.009897671611526104 0.008794307786509692
0 0.719088785243293 0.6483067413670212 0.00900397609678072 0.010918456446940561
0 0.7036185499857532 0.6482214568143904 0.010017138744726317 0.009915450690782812
0 0.6481177676408374 0.6540161222563824 0.012521370471418991 0.012394366450495298
1 0.6349726100533455 0.6542548915675614 0.008884496330913483 0.009797194991022495
1 0.6197413216948731 0.656412011375122 0.010136618510593443 0.011036712146700989
0 0.6061493163500085 0.657831110716277 0.010136618510593554 0.011036712146700989
1 0.550529060555559 0.6625045739781732 0.009897671611526215 0.008794307786509692
1 0.5069810535013887 0.6676180950807876 0.01114978115853904 0.010033706390543573
1 0.4950880117772431 0.6688598108723018 0.010017138744726428 0.009915450690782923
0 0.47991645698537067 0.671577502131999 0.011388728057606323 0.01227611075073487
1 0.451986858796779 0.6727930612207627 0.00989767161152627 0.008794307786509581
0 0.3954131676046505 0.6792665538146518 0.010017138744726317 0.009915450690782923
1 0.3823874538287811 0.6806265284003294 0.008884437055091232 0.009797188802216694
1 0.4677845043164026 0.6705768697447414 0.010017138744726262 0.009915450690782812
0 0.35508394636794066 0.6823435872727689 0.008884437055091232 0.009797188802216583
0 0.2842921357816187 0.6897347417943624 0.012282423572351708 0.01015196209030389
1 0.20160731310906246 0.6983676090130673 0.010017109106815136 0.009915447596379967
1 0.18744894210042473 0.6998458408457069 0.008884437055091149 0.009797188802216583
0 0.10300538519316037 0.7080955240299194 0.009897641973614979 0.008794304692106847
0 0.33916683371511697 0.683438635844517 0.013534605027854085 0.011391485434788406
1 0.31129696909312543 0.6852147663854173 0.00989767161152616 0.008794307786509692
0 0.17323085234414254 0.7007634996790083 0.012401932976130126 0.011273226640625023
0 0.14598705731461295 0.7030410722749636 0.01001710910681508 0.009915447596380078
1 0.961209978287336 0.6150920622098353 0.009897671611526104 0.008794307786509581
0 0.7903849094961539 0.6295264124093141 0.011269260924406166 0.011154967846461417
1 0.8772419767054274 0.617056965843894 0.008765029197713381 0.008676052086749153
0 0.8956036171562549 0.6174072356862766 0.011747142089873708 0.015639658015199398
0 0.6896658036753652 0.6355075992216122 0.009897671611526215 0.008794307786509692
0 0.6471310311776299 0.639381715531387 0.008884496330913594 0.009797194991022384
0 0.633538966556943 0.6408008210613478 0.008884496330913594 0.009797194991022384
1 0.6052222541775787 0.643757281632224 0.008884496330913483 0.009797194991022273
1 0.5066203125358653 0.6534851381468545 0.011030314025338939 0.00891256348627023
1 0.6753282701074605 0.6353040527804151 0.008884496330913483 0.009797194991022495
0 0.5337446489348168 0.6500863618236021 0.01114978115853893 0.010033706390543462
1 0.5201526435899522 0.6515054611647572 0.008884496330913483 0.009797194991022495
1 0.4782438665899009 0.6558810272655942 0.011149781158538985 0.010033706390543462
1 0.3813409541610625 0.6654315533176003 0.00989767161152616 0.008794307786509581
0 0.3546635014737285 0.6676500557922964 0.011149781158538985 0.010033706390543462
1 0.2697133346977244 0.6765194405993279 0.008884437055091121 0.009797188802216583
1 0.19936838668773077 0.682730263543744 0.008884437055091204 0.009797188802216805
1 0.17218433154113477 0.6855684668676583 0.011149781158538985 0.010033706390543573
1 0.1166835566056967 0.6913631315360496 0.008884451874046767 0.009797190349418283
0 0.15859231137731458 0.6869875677560148 0.011388728057606323 0.012276110750734759
0 0.10189913082355256 0.6923399197664327 0.011269260924406235 0.011154967846461528
0 0.7164914596086494 0.629305847086032 0.010614499676060984 0.015521402315438748
0 0.3385671754884375 0.6670632714559896 0.01389300642745428 0.01475491414760799
1 0.975901324980485 0.5971202711119314 0.008884496330913594 0.009797194991022384
1 0.6451907344487653 0.6265472912401737 0.009897671611526215 0.008794307786509581
1 0.5613732397244853 0.6352984172530418 0.010136618510593443 0.011036712146700989
0 0.5472746467393143 0.6373372158962138 0.011388728057606379 0.012276110750734759
0 0.5058127534508805 0.6405325081484943 0.010017138744726206 0.009915450690783145
1 0.45031197110596455 0.6463271735904863 0.010017138744726262 0.009915450690782923
0 0.43615361491628235 0.6478054038759244 0.011149781158538985 0.010033706390543573
0 0.47743630750491606 0.6429283972672339 0.010136618510593554 0.011036712146700989
1 0.35221664674246855 0.6554353277086968 0.011149781158538985 0.010033706390543462
1 0.2683394184515884 0.6636258822694286 0.008764969921891075 0.008676045897943352
0 0.36574894815864434 0.6534556538210023 0.011269260924406221 0.011154967846461417
0 0.22586433506358636 0.6680605746729443 0.012401932976130126 0.0112732266406248
1 0.19742813441573281 0.6698958346109263 0.009897641973615035 0.008794304692106847
1 0.10001861211815469 0.6800660622857517 0.00989764197361502 0.008794304692106736
1 0.17018434570253677 0.6721734664827039 0.010017109106815109 0.009915447596379967
0 0.1282755983403967 0.6765490294891381 0.010017109106815109 0.009915447596379967
1 0.9911303456815239 0.5841937354460967 0.009778204478326114 0.007673164882236239
1 0.9579245310629965 0.5842596839291619 0.009778204478326114 0.00767316488223635
1 0.9416203338573114 0.5870956308886197 0.01114978115853904 0.010033706390543462
0 0.6664104663946853 0.6107279917636754 0.014428359818421832 0.009267342963163228
1 0.6980057574339324 0.6062956088116329 0.009897671611526104 0.008794307786509581
1 0.4651228145702248 0.629476522302453 0.011030314025338939 0.00891256348627012
1 0.43623975134604287 0.6324921138176125 0.00787127440714569 0.010800194558374332
1 0.3579661497471823 0.6395308029553903 0.016693644646047334 0.009503854362684083
0 0.10889845458255636 0.6666688086307435 0.01013658887268229 0.011036709052298144
1 0.13080629329921659 0.662680994701131 0.011149781158538985 0.010033706390543462
1 0.16189494483181288 0.6588683164663102 0.014667277079577962 0.011509744228951568
1 0.9443589052597148 0.5698049841300936 0.00685803985071054 0.011803075574081112
1 0.6679876952247705 0.5986600494514871 0.011388728057606268 0.012276110750734648
1 0.35638429668849614 0.6300599228342387 0.0156804693654346 0.010506741567196998
0 0.2742060616562463 0.6380730907509267 0.01669364464604728 0.009503854362684194
0 0.5515307663646918 0.6074179899087345 0.014308892685221841 0.008146200058889885
1 0.46562710491518633 0.6180874102365647 0.012401903338218945 0.011273223546221844
1 0.44467274605307194 0.6202751901925803 0.006738572717510549 0.01068193266980777
0 0.1014740702033617 0.6561075050295961 0.01126926092440625 0.011154967846461306
1 0.9389896478813171 0.5516603067394479 0.010791367126271711 0.006670159126078823
1 0.9213735419698631 0.5529327419552397 0.010017138744726317 0.009915450690782923
0 0.6382304644682135 0.5558540795784876 0.011030314025338828 0.00891256348627023
0 0.48645279483005455 0.5717007177691453 0.011269260924406221 0.011154967846461639
0 0.43095204212304994 0.5774953801167343 0.01353460502785403 0.011391485434788295
1 0.34650846298735216 0.5857450656217489 0.012282423572351708 0.01015196209030389
1 0.15049700645753838 0.605643149037604 0.009897641973615007 0.008794304692106736
1 0.12387929474628215 0.608422222190836 0.011030314025338925 0.00891256348627012
1 0.37300670865855257 0.5818447895148207 0.008884437055091177 0.009797188802216694
1 0.17818766406339626 0.6021852448644713 0.008884437055091177 0.009797188802216694
0 0.2903218859859963 0.5904776567335256 0.011388728057606323 0.012276110750734759
1 0.2749711241779902 0.5915135743609903 0.010136618510593498 0.011036712146700878
0 0.20644465769511608 0.598668211294257 0.01353460502785403 0.011391485434788184
1 0.19222656162250035 0.5995858108517362 0.010017109106815109 0.009915447596380078
1 0.13672577927758447 0.6053804762937282 0.010017109106815136 0.009915447596379856
1 0.26069329453877443 0.5918706024663329 0.011508195190806425 0.013397253655008101
1 0.7666975752523821 0.5362061565645309 0.006858039850710651 0.011803075574081112
1 0.6590940563556332 0.5474407079716216 0.02367115162995792 0.02242807284103865
1 0.4975382415149705 0.5575063157978514 0.008884437055091121 0.009797188802216583
0 0.6367968146554775 0.5423999497964518 0.011269260924406277 0.011154967846461417
0 0.6079137217933845 0.5454155444060139 0.010136618510593554 0.011036712146700989
0 0.5229635846552918 0.5542849261186427 0.012401903338219 0.011273223546221844
1 0.4838267690369058 0.557804272234733 0.008884437055091177 0.009797188802216694
1 0.32364487044237894 0.5807634383908622 0.023790618763158133 0.02354921574531199
1 0.3014073389872457 0.576283314038054 0.008764969921891075 0.008676045897943352
1 0.2737166813813878 0.5797412182111867 0.010017138744726262 0.009915450690782923
1 0.2606312636768296 0.5805406182503248 0.00876496992189113 0.008676045897943352
1 0.218156165469872 0.5849753122010419 0.009897641973615007 0.008794304692106736
1 0.19046552268296968 0.5884332148269733 0.008884437055091177 0.009797188802216694
1 0.17681375413359385 0.5892917458103945 0.008764969921891075 0.008676045897943352
0 0.10664802054921171 0.5971843416134421 0.011149781158539027 0.010033706390543462
0 0.4582222188804509 0.5593438882817094 0.012282423572351708 0.01015196209030389
0 0.38182681755635417 0.567886964407676 0.015799949131301894 0.011628003023114952
1 0.20456414530605177 0.5863944130893983 0.010136588872682345 0.011036709052298144
0 0.1490036230782023 0.5916284478034313 0.01001710910681508 0.009915447596379967
0 0.09210253534980131 0.6004034749281942 0.011747142089873722 0.015639658015199398
1 0.6794774931038183 0.5237731710619209 0.01114978115853904 0.010033706390543462
0 0.6641864648624123 0.5253696601415225 0.010017138744726317 0.009915450690782923
0 0.6499086055852852 0.5257266913412678 0.01114978115853893 0.010033706390543573
0 0.5389668400542096 0.5378766467644049 0.011269260924406166 0.011154967846461417
1 0.4550895758090845 0.5460671451437171 0.008884437055091177 0.009797188802216694
1 0.43929196624370576 0.5482833928011579 0.011269260924406277 0.011154967846461417
0 0.3282306616709404 0.5593120929571828 0.008884437055091177 0.009797188802216583
0 0.2880806474503642 0.5640709000475322 0.012401903338218945 0.011273223546222066
1 0.14864291175059013 0.5774954877750953 0.009897641973614951 0.008794304692106736
0 0.7212070038119135 0.5177158375176575 0.00900397609678083 0.01091845644694045
0 0.4686218772252603 0.5440874712560226 0.009003916820958413 0.010918450258134649
1 0.31451915955496457 0.5596100524884673 0.011149781158538985 0.010033706390543462
0 0.17526063087132415 0.5747164138482628 0.01126926092440625 0.011154967846461417
0 0.13391821953504607 0.5790328474576152 0.010136588872682345 0.011036709052298144
1 0.01158768056331249 0.5810353489744573 0.012043517091493303 0.007909679182759977
1 0.7053473867061675 0.508602038588865 0.008884496330913483 0.009797194991022384
0 0.6905032062221341 0.5090181976384904 0.008884496330913483 0.009797194991022384
1 0.6621267602761698 0.5114140867572301 0.01103031402533905 0.00891256348627023
1 0.6491608097048116 0.5133346297006414 0.010017138744726206 0.009915450690782923
1 0.5161629514379251 0.5334555940800577 0.02265797634934541 0.023430960045551563
1 0.4668010835838404 0.532374246050502 0.010017138744726262 0.009915450690783034
1 0.3767849408021291 0.5474408140827811 0.022538509216145308 0.02230981714127822
1 0.5999207125956052 0.5241438966150529 0.022777456115212646 0.024552221501469518
0 0.5494261726897967 0.5231808073796606 0.010136618510593554 0.011036712146700989
0 0.535834167344932 0.5245999067208156 0.010136618510593443 0.011036712146700878
0 0.4927927479310681 0.529093728521413 0.01240190333821889 0.011273223546221955
1 0.4377388429814361 0.5337080608390262 0.011030314025338939 0.00891256348627012
0 0.4239388711861102 0.5385498414833318 0.010614499676060929 0.015521402315438748
1 0.3540408217066896 0.54358038903199 0.011269260924406166 0.011154967846461528
1 0.3415217252090377 0.5443206612212479 0.01114978115853904 0.010033706390543462
1 0.2651573139293132 0.5585287021381095 0.023790633582113807 0.023549217292513358
1 0.20909021778696874 0.5643824946563809 0.022657976349345382 0.023430960045551452
1 0.1597283647518396 0.5633011450796239 0.01001710910681508 0.009915447596379967
1 0.09752233189023068 0.5760309533902452 0.023790648401069328 0.023549218839714947
0 0.45472886448147243 0.531934185115381 0.013534605027854085 0.011391485434788295
0 0.31433765524348606 0.5471588660923636 0.013654072161054187 0.012512628339061638
0 0.18747875592429755 0.5604038123586279 0.011388728057606323 0.01227611075073487
1 0.1743933170844501 0.5612031546691449 0.010136588872682317 0.011036709052298144
0 0.14601685631953018 0.563599045335086 0.010017109106815136 0.009915447596380078
0 0.13242483615571 0.5650181462234425 0.01001710910681508 0.009915447596380189
0 0.11770014394016587 0.5665555059059623 0.01001710910681508 0.009915447596380078
1 0.7831718432523107 0.4919742667171914 0.009897671611526215 0.008794307786509581
1 0.4368117808090064 0.5196342317549733 0.010017138744726262 0.009915450690782812
0 0.3535606072916325 0.5283262299179612 0.008884437055091177 0.009797188802216583
0 0.3399686019467679 0.5297453292591162 0.008884437055091177 0.009797188802216583
0 0.26974311256735245 0.5370773559308294 0.008884437055091232 0.009797188802216583
1 0.199457919259248 0.5438488080560031 0.008764969921891103 0.008676045897943352
0 0.15862211038223178 0.5475455408161372 0.008884437055091204 0.009797188802216694
1 0.1445234729401941 0.5495843441009134 0.010136588872682317 0.011036709052298033
0 0.7717831151947044 0.48182680807259204 0.012162956439151662 0.009030819186030659
0 0.1041345266395062 0.5521007452838701 0.009123383954158487 0.012039593162407991
0 0.38265161364469813 0.5218880194698765 0.00912338395415846 0.01203959316240788
1 0.6820035564245597 0.48836631461417446 0.022538509216145308 0.022309817141278276
0 0.6321948657137632 0.488465249063325 0.011269257766239438 0.011154938208550291
1 0.21418031417944738 0.5315420356096119 0.008884437055091204 0.009797188802216694
0 0.6179170127529697 0.48882233953889276 0.010136615352426714 0.011036682508789808
0 0.6036989447391818 0.48973992118301335 0.008884496330913483 0.009797194991022329
1 0.5414928954795339 0.5024697162218805 0.02265797950751225 0.023430989683462577
1 0.48542579192771174 0.5083235095137528 0.023790621921324917 0.023549245383223172
1 0.45767540075525376 0.5112208422347487 0.02265797950751225 0.023430989683462633
0 0.435437870879204 0.5067407327008963 0.012162956439151662 0.009030819186030659
1 0.35218669736183017 0.5154327308638842 0.00876496992189113 0.008676045897943352
0 0.3238102482576991 0.5178285903447126 0.010910840575805214 0.007791361306174527
1 0.2678028814306437 0.5242429847266327 0.009897671611526215 0.008794307786509581
1 0.19927641494776954 0.5313976216598993 0.011030314025338966 0.00891256348627012
1 0.14434196862871568 0.5371331577048096 0.009897641973615007 0.008794304692106847
1 0.08770852905103148 0.5430460803937636 0.009897641973615007 0.008794304692106847
0 0.2824391187857933 0.5272494446099325 0.012225023255341194 0.020124348183937157
1 0.17841279500152216 0.5398110111801239 0.023910125008769767 0.024670450657721776
1 0.15730793243994606 0.5352125983952413 0.008884440213257988 0.00979721844012782
1 0.12285227963657835 0.5450450751452677 0.02379064414975833 0.023549247704025333
1 0.8859103654777123 0.4512059289479694 0.006858039850710651 0.011803075574081168
0 0.6859633225175259 0.46641352248383583 0.01114978115853904 0.010033706390543462
1 0.12693148425734477 0.5242134738572723 0.009897641973614993 0.008794304692106736
0 0.6451275104823428 0.47011022560605875 0.01126925460807271 0.011154908570639
1 0.4763001154154587 0.4871701649738219 0.008884437055091177 0.009797188802216694
1 0.05500701273351562 0.5317228860126282 0.009003917914102613 0.010918391755913137
0 0.36467249279395375 0.4982580226176382 0.012401897021885322 0.011273164270399538
1 0.30860535960422036 0.5041118190039133 0.009003910504624901 0.010918390982312343
0 0.3798440507439929 0.49554036099585225 0.009242851087358672 0.013160736066681333
1 0.16898842004647935 0.5158546627371553 0.009362324536892258 0.014281938246776926
1 0.7073335581629074 0.45738041574823596 0.022538509216145308 0.022309817141278165
0 0.4609470235160298 0.477436643293907 0.010017138744726262 0.009915450690782868
0 0.6715637252915985 0.4548799652831224 0.010136612194259986 0.011036652870878516
1 0.6007121779805098 0.46171051871466806 0.008884496330913483 0.009797194991022384
0 0.5871798500845896 0.4636902253346766 0.009003969780447152 0.010918397171117977
0 0.5454503393764945 0.46974755887894015 0.01162766864034026 0.014518455835103639
1 0.4269382475613739 0.4860888169442662 0.023790625079491645 0.023549275021134353
1 0.3425544316301874 0.4948990708070147 0.02492332676912673 0.023667536909700637
1 0.30684433232547853 0.4929591917940377 0.007871268090812067 0.010800135282551748
0 0.20994140191951766 0.5025096897553343 0.008884437055091149 0.009797188802216639
1 0.14880830754303265 0.5145606678196555 0.024803853319593144 0.02254633472960499
0 0.12856845831481906 0.5127060718121079 0.009242851087358575 0.013160736066681222
0 0.11366455167366343 0.5125616586359962 0.011149781158538999 0.010033706390543351
0 0.09768771711502858 0.5130961045704949 0.010910840575805256 0.007791361306174527
0 0.5878323405173345 0.4483178339699927 0.01114978115853904 0.010033706390543518
1 0.48249416572403353 0.4593158677887567 0.008884437055091121 0.009797188802216694
1 0.4281260554308416 0.4649922744365853 0.006619092951643313 0.00956067121388987
1 0.13822255879867723 0.4958270120984719 0.009003910504624874 0.010918390982312343
1 0.11652263782430053 0.4963921797780502 0.011149781158538999 0.010033706390543462
1 0.8641725764200063 0.41379774226107957 0.007512794782722376 0.007436581829281419
0 0.3636213625813009 0.46152416582574673 0.01114978115853904 0.010033706390543462
1 0.28263553316737494 0.4699796464004079 0.01681311177924738 0.010624997266957537
0 0.19649295761488011 0.478406688911555 0.016693644646047306 0.00950385436268436
1 0.16534456510620604 0.48165879646783977 0.011030314025338911 0.00891256348627023
0 0.13810077639301005 0.4839364283396174 0.011149781158538957 0.010033706390543351
1 0.7698244274704146 0.38283696311876214 0.015680469365434657 0.010506741567197053
1 0.5247187946009554 0.39879164947707135 0.009897671611526215 0.008794307786509692
1 0.46921801225603954 0.40458631491906333 0.00989767161152627 0.008794307786509692
1 0.20247448502283738 0.4324361835844709 0.011030314025338966 0.00891256348627012
1 0.10682370752761192 0.44298962415809906 0.010017109106815109 0.009915447596380023
1 0.9527481743447805 0.35296877651723874 0.012162956439151662 0.00903081918603077
0 0.6651099805173641 0.3835670308703141 0.012282423572351653 0.010151962090304056
0 0.6498189522759581 0.38516351994991554 0.008884496330913483 0.009797194991022384
0 0.6215022398965937 0.3881199805207918 0.008884496330913483 0.00979719499102244
0 0.4538672504480334 0.4056222325465282 0.008884437055091232 0.009797188802216694
0 0.43970889425835125 0.4071004628319663 0.010017138744726317 0.009915450690782923
0 0.42498418722385156 0.4086378240616876 0.01228242357235182 0.010151962090303945
0 0.32814100836161314 0.4187489215658305 0.008884437055091232 0.009797188802216694
1 0.2862919945660731 0.4236850560244012 0.00900391050462479 0.010918390982312343
1 0.18938906731827906 0.433235583623609 0.01001710910681508 0.009915447596380078
1 0.1610723401199592 0.43619204574168663 0.01001710910681508 0.009915447596380078
0 0.5370586872406404 0.39636963329349245 0.012401897021885433 0.011273164270399594
0 0.48099155405090693 0.40222342967976754 0.01126925460807271 0.011154908570639166
1 0.24313110486084227 0.4270577052828143 0.009003910504624846 0.010918390982312398
1 0.1746046383779682 0.43421234221608096 0.010136582556348778 0.011036649776475727
1 0.3551458416731198 0.4142289461568854 0.009003910504624846 0.010918390982312287
0 0.6351827414005528 0.38215702733430174 0.010972907391994857 0.018884890304081026
1 0.5212587444256721 0.38781641200564226 0.007871208814989705 0.010800129093746058
0 0.6762551639270467 0.3699332299890681 0.010017138744726206 0.009915450690782979
1 0.2011005719348682 0.4195426548924827 0.011149781158538985 0.010033706390543462
1 0.18700195246995285 0.42158148626796865 0.007871238452900942 0.010800132188148903
1 0.16026476305785195 0.42323938765261676 0.008764969921891075 0.008676045897943352
1 0.08396010332184992 0.43800802811232475 0.02379065471740288 0.023549278115537198
0 0.6466863388425029 0.3718867737175203 0.012282423572351764 0.010151962090304056
0 0.33973304268683535 0.40393482029251976 0.010017138744726262 0.009915450690782923
0 0.3262007444288264 0.40591452381812543 0.010136612194259986 0.011036652870878572
0 0.28542466911841025 0.41017182803039615 0.01013661219425993 0.011036652870878516
1 0.1739165167882722 0.422380858216397 0.009123383954158487 0.01203959316240788
1 0.9502415595671763 0.3401935097138168 0.008229622847257145 0.014163676358210642
1 0.7670168645697093 0.35648930464473794 0.015561002232234555 0.009385598662923711
1 0.7029590226357081 0.35184089564183463 0.009897671611526215 0.008794307786509581
0 0.6904996597046562 0.3531417392832291 0.009897671611526215 0.008794307786509581
1 0.606741901705143 0.3624534663861452 0.010017138744726206 0.009915450690782923
1 0.589692173118251 0.36366673792533966 0.009897671611526215 0.008794307786509525
1 0.47755793637669536 0.37537432760348693 0.009897671611526215 0.008794307786509581
1 0.3665563716868636 0.38696365848747083 0.00989767161152616 0.008794307786509525
1 0.3535306875489054 0.3883236299787456 0.008764969921891186 0.008676045897943352
1 0.2974635839970831 0.3941774232706178 0.009897671611526215 0.008794307786509581
1 0.1587713796785159 0.4092246864184441 0.008884437055091204 0.009797188802216694
0 0.5211059730687768 0.3702608034064696 0.008884496330913594 0.009797194991022329
0 0.49392190310322526 0.37309900827758535 0.011149781158538985 0.010033706390543462
0 0.3252139751695411 0.3912800905496219 0.011269254608072654 0.01115490857063911
1 0.28330522780740097 0.3956556535560559 0.009003910504624846 0.010918390982312343
1 0.26908713805111883 0.3965733123893574 0.010017138744726317 0.009915450690782923
0 0.18646203412620702 0.40576675260740036 0.01013658255634875 0.011036649776475727
1 0.17224392955096923 0.40668441298790314 0.008884437055091149 0.009797188802216639
1 0.08842644223616686 0.41543553822717066 0.008884451874046753 0.009797190349418061
0 0.5346382416888746 0.36828110297526684 0.009003969780447152 0.010918397171117922
0 0.24133674687866088 0.3994706451103534 0.011388728057606323 0.012276110750734759
1 0.461757993561727 0.3668211063156368 0.007871268090812122 0.010800135282551748
1 0.31236516795629377 0.38355239636574906 0.008110208673545838 0.013042480366920683
1 0.18520759132960468 0.3939943964575966 0.01001710910681508 0.009915447596380023
1 0.1365338450652159 0.4047445324277248 0.023671181267869226 0.02242807593544155
1 0.07420603404925077 0.4055837265679798 0.010017109106815095 0.009915447596380023
1 0.6393790618671744 0.3516771768076692 0.02379062507949159 0.023549275021134464
0 0.6036690249964547 0.34973732124379775 0.01126925460807271 0.011154908570639055
0 0.5769915395130425 0.3519557971749854 0.010017138744726206 0.009915450690782868
1 0.4926077235818561 0.36076605103773385 0.011149781158538985 0.010033706390543407
0 0.4773764320652169 0.3629231412073832 0.012401897021885322 0.01127316427039965
1 0.4428610388323434 0.3721950172541621 0.022657982665679033 0.023431019321373925
0 0.36512272503229437 0.373509558343346 0.00989767161152616 0.008794307786509525
0 0.3521567744609362 0.37543010128675736 0.011149781158538985 0.010033706390543462
1 0.2977289306011442 0.3805459364824493 0.011030314025338939 0.008912563486270064
0 0.2819313147194318 0.38276212486406774 0.008884437055091177 0.009797188802216694
0 0.26833927973665606 0.38418122729962556 0.008884437055091177 0.009797188802216639
1 0.1721221588060908 0.3947937980439361 0.009003910504624846 0.010918390982312398
0 0.15733772986577987 0.3957705566364081 0.008884437055091177 0.009797188802216694
1 0.10872372828220783 0.4070812628982719 0.02265799007515676 0.023431020094974553
1 0.5899574900844009 0.350035254231574 0.009003969780447263 0.010918397171117977
1 0.415617264938103 0.3744726475787383 0.02277744979887908 0.024552162225647045
1 0.9480888171906385 0.30924289918248843 0.010136612194259986 0.011036652870878627
1 0.1287200280646147 0.38515465981619756 0.008884437055091177 0.009797188802216639
0 0.1004033082757726 0.3881111211606745 0.011149781158539013 0.010033706390543351
1 0.08505254330959972 0.38914700915022815 0.00989764197361502 0.008794304692106736
0 0.6875128929459842 0.3251123368148837 0.009897671611526215 0.008794307786509636
0 0.6716555434976716 0.3267679537443655 0.009897671611526104 0.008794307786509636
0 0.6591961805666199 0.32806879738576 0.009897671611526215 0.008794307786509636
1 0.6439051523252138 0.32966528646536153 0.008765029197713492 0.008676052086749153
0 0.44801318722205596 0.350684600152022 0.011149781158538985 0.010033706390543462
0 0.41963673811792485 0.3530804596328504 0.011030314025338939 0.008912563486270175
1 0.27975211020391133 0.36768538203199375 0.00989767161152616 0.008794307786509636
1 0.2667264260659531 0.36904535352326845 0.008764969921891075 0.008676045897943352
1 0.18410134011816365 0.37823882183202107 0.011149781158538985 0.010033706390543407
1 0.11330952953184176 0.3856299763536145 0.01001710910681508 0.009915447596380023
1 0.9461485236199407 0.2964085045291862 0.01091084057580538 0.007791361306174471
1 0.4343016819479133 0.35098253004539537 0.008884437055091121 0.009797188802216639
1 0.7592581982058075 0.3159211467724918 0.009123443229980821 0.012039599351213681
0 0.7008660169839374 0.3214508862005541 0.012640837604619204 0.01351550935476864
1 0.5243178247296247 0.33591596201311613 0.02367115162995803 0.02242807284103876
1 0.4682507211778024 0.3417697553049883 0.02253850921614542 0.022309817141278276
1 0.35611651407415795 0.3534773418887328 0.022538509216145308 0.02230981714127822
0 0.27906401825212657 0.35585389493790687 0.01114978115853893 0.010033706390543462
1 0.18114788924397546 0.36664385387346243 0.007871238452900914 0.010800132188148903
1 0.16248987825549244 0.3742601395342679 0.024923326769126786 0.02366753690970058
0 0.12627317649152164 0.37293996137050933 0.009123383954158487 0.012039593162407991
1 0.9460267856711404 0.28451791612872745 0.008765029197713381 0.008676052086749098
0 0.6295652918240531 0.31869233035469585 0.010136612194259764 0.011036652870878516
1 0.58032519155668 0.3295015676311961 0.02265798266567909 0.02343101932137387
1 0.4965076968323999 0.3382526936440643 0.022657982665678977 0.023431019321373814
1 0.44771220946104384 0.3371122115758226 0.008884437055091232 0.009797188802216694
1 0.4340007041869012 0.337410141469196 0.010910840575805325 0.007791361306174582
0 0.3350116515125819 0.3488789291038502 0.010017138744726317 0.009915450690782979
1 0.3005559950044753 0.35871140624067693 0.022657982665678977 0.023431019321373814
0 0.09890992489643653 0.3740964199265018 0.011269254608072654 0.01115490857063911
0 0.08361889665503047 0.3756929090061033 0.010136582556348764 0.011036649776475727
0 0.0713387375819455 0.3786754966418189 0.012760340692063984 0.014636714629267078
0 0.6418454477389713 0.31570971308106915 0.010017138744726317 0.009915450690782923
1 0.6085822296452666 0.3259845294193775 0.02277744979887908 0.024552162225647156
1 0.15291731645253853 0.3542870540239379 0.008645496472357433 0.007554843717847759
0 0.36070230846088625 0.33202602609296467 0.009897671611526215 0.008794307786509692
0 0.3482429751677455 0.33332686663995625 0.00989767161152616 0.008794307786509636
0 0.13869922353808956 0.3552046832193282 0.009897641973615007 0.008794304692106791
1 0.12573326130594253 0.35712525734785217 0.008884437055091163 0.009797188802216639
1 0.09735680479233363 0.3595211176022813 0.008764984740846707 0.00867604744514483
0 0.06966615034464255 0.36297905141332515 0.010017109106815095 0.009915447596380078
1 0.6409183855665417 0.30163588399701624 0.008765029197713492 0.008676052086749098
0 0.43313337873923835 0.3238969134751909 0.012282423572351764 0.010151962090304056
0 0.5859839837043544 0.3073714154003222 0.010136612194259875 0.011036652870878572
0 0.5723919190836675 0.3087905209302829 0.010136612194259875 0.011036652870878516
1 0.5151324395514325 0.31420199846977903 0.008884496330913483 0.00979719499102244
0 0.47328339611798137 0.31913813602275265 0.01126925460807271 0.01115490857063911
0 0.3051418221872815 0.33726011698841707 0.0102560856437936 0.01215785505097422
0 0.6277732311372164 0.30187468294610653 0.010136612194259986 0.011036652870878572
0 0.61367458203439 0.3039135174159953 0.009123443229980932 0.012039599351213681
1 0.242247652917021 0.3381584428465559 0.02253850921614528 0.02230981714127822
1 0.18668714866629393 0.3433925056512986 0.022419042082945234 0.02118867423700499
1 0.09660896445499323 0.3471290606032593 0.009897641973614993 0.008794304692106791
1 0.08131793621358716 0.3487255496828608 0.008764984740846679 0.00867604744514483
1 0.3260054405544455 0.328846712649237 0.022657982665678977 0.023431019321373925
0 0.2904148146992703 0.32802803581635576 0.012640837604619093 0.013515509354768585
1 0.27044492464292963 0.33408080663909234 0.022538509216145308 0.022309817141278276
0 0.15097706733870736 0.3414526547290314 0.007871238452900914 0.010800132188148903
0 0.12391248248347826 0.34541203059513015 0.012640867242530301 0.01351551244917143
0 0.1101412553035244 0.34514935785125433 0.01001710910681508 0.009915447596380023
0 0.06879883655776847 0.3494657922342074 0.008884451874046767 0.009797190349418117
1 0.6906053335912875 0.2896463166905401 0.022657982665678977 0.023431019321373925
1 0.6622886212119231 0.29260277726141637 0.022657982665678977 0.02343101932137398
1 0.6395444724785724 0.288742355305028 0.008884496330913483 0.009797194991022384
0 0.5834176353601502 0.2940355771447636 0.009897671611526215 0.008794307786509525
1 0.4860081352910055 0.3042058024987868 0.00763226823225599 0.008557784009377067
1 0.30433423030621864 0.3243074604465487 0.009003910504624846 0.010918390982312287
0 0.16388329600425433 0.3389715091483708 0.01353459871152049 0.011391426158965878
1 0.6264590547740141 0.28954175534416615 0.010136612194259764 0.011036652870878572
0 0.5992749848084626 0.2923799602152818 0.010136612194259986 0.011036652870878572
0 0.4407013717736936 0.30893614188771107 0.016932585228781105 0.01174619944705324
0 0.576975416175051 0.2765697923706433 0.01669364464604728 0.00950385436268425
0 0.4592376120172983 0.28942924128293845 0.012282423572351764 0.010151962090304001
1 0.4297881979482988 0.29250396374238097 0.010017138744726262 0.009915450690782979
1 0.178335728594414 0.3187573402337841 0.010017109106815109 0.009915447596380078
1 0.4364647599672754 0.2906732384352161 0.010017138744726262 0.009915450690782979
1 0.3265958673291677 0.30214431052503665 0.010017138744726262 0.009915450690782923
1 0.6853819260458396 0.2567490127018556 0.01114978115853893 0.010033706390543518
1 0.6558131009612957 0.2587025564303078 0.008645555748179823 0.007554849906653394
1 0.5137228953065124 0.2741045944134229 0.009897671611526215 0.008794307786509581
1 0.6280029762222378 0.2610393176991672 0.009897671611526215 0.008794307786509636
1 0.4037345323770376 0.28445449396105893 0.00989767161152616 0.008794307786509636
1 0.09281692108772541 0.3169164424476267 0.011030314025338911 0.00891256348627012
1 0.599000409910611 0.26293371012863376 0.008765029197713492 0.008676052086749042
1 0.5723827204277881 0.26571278096106343 0.009897671611526215 0.008794307786509636
1 0.4302925147730048 0.2811148189441785 0.011149781158538985 0.010033706390543462
1 0.15511371351455136 0.3104122265614565 0.011269254608072654 0.01115490857063911
1 0.06789820263509946 0.31951812895681486 0.006738581220132586 0.010681874941186997
0 0.948873357893431 0.21450125644698093 0.01091084057580527 0.007791361306174499
1 0.9377258412341587 0.21736558838293596 0.006738566401176982 0.01068187339398552
0 0.9201694688893048 0.21919859505086425 0.012640837604619204 0.013515509354768557
1 0.9379888873847082 0.1929646591929848 0.009778201320159274 0.007673135244325113
0 0.22840058049326434 0.26194916266108864 0.009897671611526188 0.008794307786509581
1 0.11689242974220967 0.27415820766604504 0.008884440213257946 0.009797218440127875
1 0.42366649082291563 0.24042840537217175 0.008764969921891075 0.00867604589794338
0 0.408435197727193 0.2425854807228655 0.010017141902893045 0.009915480328694076
0 0.07492394723438614 0.27797318440138696 0.011269254608072668 0.01115490857063911
0 0.4791075380221481 0.2340731536590876 0.008884499489080322 0.00979722462893351
0 0.3516822730391864 0.24737723241683643 0.010017141902893045 0.009915480328694104
1 0.33871632404691154 0.2492977901792034 0.009003910504624846 0.010918390982312315
1 0.24074047313294933 0.25952714647750974 0.010136612194259959 0.011036652870878572
0 0.4518637329109131 0.23635077225911108 0.011269254608072654 0.011154908570639055
0 0.2684311291597238 0.2560692274854215 0.01138872489943954 0.01227608111282355
0 0.2554054153838544 0.2574292020710991 0.012521367313252263 0.012394336812584061
0 0.5910625396887422 0.22068380826206643 0.011269254608072599 0.01115490857063911
1 0.9368539164585561 0.18231349040432115 0.010375552776993646 0.013278997955247535
1 0.09522123273385501 0.2696189390971997 0.022538509216145336 0.022309817141278165
0 0.22702666740529515 0.24905563396910044 0.010017141902893045 0.009915480328694104
1 0.1562348568189732 0.2564467884906939 0.011149784316705796 0.010033736028454587
1 0.8413203162106638 0.18321866034475032 0.008765029197713492 0.008676052086749125
0 0.5197020778040913 0.2173646513261604 0.01114978431670588 0.01003373602845467
0 0.5040239353719125 0.22070204188787446 0.009242910363180923 0.013160742255486996
1 0.4777933600798624 0.22174021123819163 0.011149784316705824 0.010033736028454643
1 0.46369473903586367 0.22377902779472197 0.01013661219425993 0.011036652870878572
1 0.4206533196219996 0.2282728495953195 0.007871268090812122 0.010800135282551804
1 0.34974203874431087 0.2345428315747285 0.011030314025338939 0.008912563486270203
1 0.336269474052902 0.23708310655247078 0.009003910504624846 0.010918390982312315
1 0.2892947506850546 0.24765585278415256 0.023790621921324917 0.023549245383223172
0 0.2405589672423875 0.24707594526245036 0.010136612194259959 0.011036652870878544
0 0.14201676548360762 0.2573644325050398 0.01013658255634875 0.011036649776475727
0 0.07179129833262544 0.2646964568559509 0.012401926659796586 0.011273167364802494
1 0.625577929763449 0.2114119025773763 0.023790621921324973 0.023549245383223227
0 0.590821328290408 0.207672017681512 0.010910843733972109 0.007791390944085735
1 0.449983233761721 0.22407695768809538 0.010136612194260042 0.011036652870878572
0 0.25516417434760913 0.24441741458494748 0.01240189702188535 0.011273164270399622
0 0.6743113831146933 0.2012223707916987 0.012760307895985923 0.014636681896953024
0 0.687604772006963 0.1970003339062768 0.010136612194259875 0.011036652870878544
1 0.9344955345648132 0.16555497084561197 0.01103031402533905 0.00891256348627012
1 0.09918097076799344 0.24766616488021956 0.011149784316705769 0.010033736028454643
0 0.29388054507178285 0.22620453698838439 0.00888444021325796 0.00979721844012782
0 0.280288510089007 0.22762363942394226 0.008884440213258016 0.009797218440127847
0 0.2372470906751431 0.23211746122453975 0.011149784316705796 0.010033736028454615
1 0.2230887418949387 0.23359569073637715 0.0077517829804896465 0.009678961193165886
1 0.1562612760801727 0.24057294025199943 0.007751768161534084 0.009678959645964436
0 0.14102998298445008 0.24273001560269322 0.011269254608072654 0.01115490857063911
0 0.12579868988872744 0.24488709095338695 0.014786741054611266 0.012630857495313758
0 0.5893279449110721 0.19365731644733933 0.011030314025338939 0.008912563486270175
0 0.43421202390133584 0.21041931419717635 0.00888444021325796 0.009797218440127847
0 0.6447689312553988 0.18730205610410527 0.008884499489080433 0.009797224628933593
0 0.6300442834967213 0.18883941114502079 0.008884499489080322 0.009797224628933593
0 0.3928695977461022 0.2147357493537302 0.01025608248562676 0.012157825413063011
1 0.05822568261104917 0.25024171105281423 0.011508195190806418 0.013397253655008046
0 0.6582415255847189 0.18476177803196006 0.011149784316705769 0.010033736028454643
0 0.6875116749408455 0.18000530294804656 0.011508195190806259 0.013397253655008073
1 0.7937436092619645 0.1666466473373917 0.006738566401176982 0.010681873393985547
0 0.710999081081636 0.1747189251906014 0.009362380654547864 0.014281914797671463
1 0.3339087932847308 0.2095551594109346 0.01001714190289299 0.009915480328694076
1 0.22284750085869343 0.2205839032502256 0.009897656792570625 0.008794306239308186
0 0.16645299603334857 0.22873918661610473 0.010375523139082493 0.013278994860844662
0 0.11423075797315423 0.23305788831446642 0.014667270763244394 0.011509684953129262
1 0.4827662998743579 0.19854800568486364 0.022538509216145308 0.02230981714127825
1 0.45450929300276577 0.20206505562123495 0.022657979507512194 0.023430989683462716
1 0.4323314951142326 0.19814550272056353 0.010017141902893045 0.009915480328694132
0 0.39200230035726713 0.20122250344636664 0.010910843733972053 0.007791390944085708
0 0.25122394097426337 0.21818802972404225 0.012521367313252235 0.012394336812584117
1 0.23643952843199145 0.2191648015882684 0.01013661219425993 0.0110366528708786
0 0.09598857931107149 0.23382885183729196 0.0124019266597966 0.011273167364802494
1 0.5665240594529546 0.1892362934009032 0.02265797950751225 0.02343098968346266
0 0.41867975462368456 0.19900401579062627 0.01013661219425993 0.0110366528708786
1 0.6722183774629226 0.17083236135041818 0.010017141902893156 0.009915480328694132
1 0.6557946475318813 0.17254711231858594 0.01114978431670588 0.01003373602845467
1 0.6444679862904645 0.17372969407141417 0.011149784316705769 0.010033736028454643
1 0.5991612227731528 0.17846003346033845 0.01114978431670588 0.010033736028454615
1 0.6845582685235241 0.16841033034788366 0.010017141902893045 0.009915480328694104
0 0.8870957653957305 0.13989530079325574 0.013534539435698156 0.01139141997016016
1 0.33399493287265813 0.1942418989905338 0.008764969921891075 0.008676045897943352
0 0.29146009952001706 0.19811600667015877 0.0100171419028931 0.009915480328694104
0 0.2773017433303349 0.19959423695559692 0.00888444021325796 0.00979721844012782
0 0.5014507168841682 0.17505788815152068 0.008884499489080322 0.009797224628933537
0 0.43179157834957016 0.18233078387895074 0.0100171419028931 0.009915480328694104
0 0.3469608818649329 0.19232134122816683 0.010256082485626816 0.01215782541306304
0 0.6830051499985046 0.15383504284261873 0.010017141902893156 0.009915480328694076
0 0.669472820523501 0.1558147346436717 0.010136612194259986 0.011036652870878572
0 0.6145384186613141 0.1615502660469777 0.01126925460807271 0.011154908570639138
0 0.5720633204543564 0.16598495999769491 0.010136612194259986 0.0110366528708786
0 0.45828982559985393 0.1784305225909781 0.01138872489943954 0.012276081112823578
1 0.4435651482032654 0.1799678807262965 0.009123380795991731 0.012039563524496782
0 0.5572788782741732 0.16696173495632394 0.012521367313252263 0.012394336812584145
1 0.06218311436128165 0.2175195100266078 0.022538509216145322 0.02230981714127825
0 0.7479233911189731 0.13968840018544887 0.012401897021885433 0.011273164270399622
1 0.17974173956172856 0.20297826956872184 0.010972877754083649 0.01888488720967818
1 0.14418214553556466 0.20782459811559875 0.023671181267869212 0.022428075935441605
1 0.11649148950879017 0.21128251710768697 0.022657979507512166 0.02343098968346269
1 0.09425395489549016 0.2068023631169677 0.009897641973614993 0.008794304692106764
1 0.31226398432058106 0.18914203087884202 0.024803853319593228 0.02254633472960496
1 0.28895354401823514 0.18534073367793114 0.00989767161152616 0.008794307786509581
1 0.227939903535078 0.19851287101268272 0.023790621921324917 0.0235492453832232
1 0.396021773537089 0.1798303155004787 0.024923323610960058 0.023667507271789456
0 0.3455869687769637 0.17942781253617862 0.01013661219425993 0.011036652870878544
0 0.3320546985777826 0.18140749814842583 0.010256082485626816 0.012157825413063067
1 0.5912876838667402 0.15830955821156187 0.023790621921324973 0.023549245383223227
0 0.5136090739953802 0.16018467384728524 0.008884499489080322 0.009797224628933565
0 0.5000170686505155 0.16160377318844027 0.008884499489080377 0.009797224628933593
0 0.47232641262374103 0.16506169218052846 0.010136612194259875 0.011036652870878544
0 0.457035384382335 0.16665818126012996 0.011269254608072599 0.01115490857063911
1 0.6827638793243481 0.14082325845087001 0.009897671611526215 0.008794307786509609
1 0.669231609125167 0.14280294406311722 0.010017141902893156 0.009915480328694076
1 0.6478016383341021 0.15127546452762491 0.02379062192132486 0.023549245383223227
1 0.7470560656713101 0.12617517219144375 0.01126925460807271 0.011154908570639083
0 0.4720254660797235 0.15148931532888177 0.012162956439151718 0.009030819186030742
0 0.09326717239633263 0.19216794621462113 0.011269254608072654 0.011154908570639083
0 0.06495045260749054 0.19512440755909805 0.011269254608072661 0.011154908570639138
0 0.052550824822122096 0.19698583747158477 0.011388724899439526 0.012276081112823578
0 0.27544764862338667 0.1714465756930882 0.011149784316705713 0.010033736028454615
1 0.6128037646078215 0.13452378042105628 0.011030314025338939 0.008912563486270175
1 0.48487194320154803 0.14844757020537475 0.008884499489080266 0.009797224628933565
1 0.3863297414427682 0.1587360574479642 0.008884440213257905 0.00979721844012782
1 0.3150313167363955 0.16674694400388862 0.011269254608072654 0.011154908570639083
0 0.595187657117284 0.13579620081789234 0.012282426730518492 0.010151991728215154
1 0.5549779030137743 0.1399943771802828 0.008884499489080322 0.009797224628933565
1 0.44233710984890695 0.15232167788499973 0.01013661219425993 0.011036652870878544
0 0.6970371376944522 0.1189273424475594 0.009242910363180923 0.013160742255486968
1 0.05174324776001486 0.1840331793825149 0.009897641973615007 0.008794304692106736
1 0.1683794323444051 0.17695697750438355 0.02367118126786924 0.022428075935441633
0 0.07773489570920347 0.18075264858167175 0.010017112264981878 0.009915477234291259
1 0.8035367174940602 0.10270662763156307 0.014308889527055002 0.008146170420978732
1 0.3364612875274605 0.15827442353938098 0.022538509216145308 0.02230981714127822
1 0.2865928336121528 0.15781278963079776 0.008884440213258016 0.009797218440127847
1 0.25270352794886375 0.16758613582334142 0.022657979507512194 0.02343098968346266
1 0.5045431575294715 0.139591868027177 0.023671151629958143 0.022428072841038732
1 0.4202190471060572 0.14896271125542054 0.022657979507512194 0.02343098968346266
1 0.3986673055701139 0.1455446167759611 0.009003910504624846 0.010918390982312315
1 0.231092051267237 0.16360745507278973 0.009123380795991731 0.012039563524496782
0 0.5673155264169423 0.12680293031947396 0.009003969780447263 0.010918397171118047
0 0.5536039899258051 0.1271008484882946 0.011030314025338939 0.008912563486270161
0 0.48230559327826034 0.13511171713086056 0.008884499489080322 0.009797224628933565
1 0.46877332465816257 0.1370914175620634 0.009003969780447152 0.010918397171118033
0 0.38665482319251265 0.14566515693088794 0.012401897021885377 0.011273164270399622
1 0.6226371017457245 0.11932649124524969 0.008884499489080211 0.009797224628933579
0 0.4527964737014887 0.13762585022480797 0.013534598711520518 0.011391426158965878
0 0.6373617495044019 0.11778913620433415 0.009123440071814204 0.0120395697133025
1 0.5930682173853582 0.1212800411625077 0.01114978431670588 0.010033736028454629
1 0.9215709265646299 0.08188066457854355 0.012401897021885433 0.011273164270399622
1 0.8061868472759414 0.08995978407269953 0.009123440071814093 0.012039569713302514
1 0.16315833928188267 0.15482910696080243 0.009778170103164702 0.007673117330966678
1 0.3846548533571828 0.1322701661129489 0.006738567190718747 0.0106818808034633
0 0.13925282960432067 0.15619135765530318 0.016813143785783663 0.010625022589793809
1 0.4132392100307237 0.12645163522251449 0.01001714190289299 0.00991548032869409
1 0.07802896627928657 0.16201672554507954 0.010136582556348736 0.011036649776475671
1 0.9210620112015259 0.07173094680161407 0.015561002232234555 0.009385598662923753
0 0.4743436174885758 0.11950508953861333 0.016932585228780994 0.011746199447053185
1 0.2510286394685076 0.1411202407835872 0.012282426730518547 0.010151991728215154
1 0.16896987314854114 0.15025456642350396 0.011269254608072654 0.011154908570639055
1 0.58203557484768 0.1037267052939487 0.009003969780447152 0.010918397171118019
1 0.011345086648378199 0.14347186475868734 0.00685805151149947 0.011803047483371382
1 0.9152699531472905 0.028123338764907822 0.009003969780447263 0.010918397171118043
1 0.5414582112141904 0.06148362406056633 0.01192401427733436 0.006788459282706154
1 0.8723767666172879 0.02863390781021808 0.010256082485626705 0.012157825413063043
1 0.030624568144353128 0.11481818860251644 0.010136582556348743 0.011036649776475713
1 0.11007908355540755 0.05437469828937931 0.011924044310016563 0.006788466081847924
1 0.3302637192536991 0.030252249086749908 0.009003910702010232 0.010918392834681767
1 0.23324130472434296 0.038681585314910644 0.007751797602059823 0.009678960887997863
1 0.34582239196199405 0.02579369130841352 0.011388725540942168 0.012276087133024284
1 0.25750294188670875 0.02991342936868173 0.007632327162653885 0.008557786956536303
0 0.05645421580135336 0.050904306307483466 0.013534599007598618 0.011391428937520064
