1 0.4706408161200749 0.99661303548537 0.009681959680985619 0.00659338639651863
1 0.728632178332361 0.9570527401309787 0.011946031283755043 0.006841018830463064
1 0.06456822661862377 0.9978434992924005 0.012821650030803489 0.00431300141519908
1 0.6160764814711834 0.9342014899881466 0.011946031283755043 0.006841018830463286
1 0.9748151215279659 0.8938302906740616 0.009932112512391345 0.008834586546103695
1 0.1205678431952028 0.9555042176111106 0.01332824953858347 0.0092060384369258
1 0.3327044412304817 0.9311675309299849 0.009932142134429056 0.008834589786008817
0 0.34446602875201293 0.9287468858020542 0.011314360389257594 0.011199609392471666
0 0.35974886753516133 0.9270753279940659 0.010182324587872937 0.011075793175499227
1 0.37389961127284926 0.9255275928828601 0.009050288786488392 0.010951976958527232
0 0.5010064845363862 0.9093567938577309 0.009932142134429278 0.008834589786008817
1 0.513396566407893 0.9074344590823834 0.010057226747816284 0.009955132236678432
1 0.5298115002365019 0.9056390785776122 0.011189262549201162 0.010078948453650538
1 0.5569184392258373 0.9021071501069331 0.008800047088968754 0.008710767089226357
1 0.5421390908477067 0.9031565269611481 0.008925161324393693 0.009831312779800983
1 0.569874634477485 0.9001229567474597 0.010057226747816284 0.00995513223667821
0 0.6128930020793926 0.8954178303457353 0.010057226747816284 0.009955132236678432
0 0.791571209277615 0.874173537507422 0.014710541848506287 0.01157106614315162
0 0.8475457351036229 0.8674842217961057 0.011189262549201051 0.010078948453650538
1 0.7371071184312878 0.8789962543532472 0.010182324587872937 0.011075793175499338
1 0.27113840063814487 0.9288272774717945 0.013578431992026685 0.011447241826416099
1 0.8762256810013703 0.8626459624453651 0.010182294965835004 0.011075789935594105
1 0.834780320307875 0.866044757967028 0.009050229542412302 0.010951970478716655
0 0.9580500187886072 0.8514279327855967 0.011314360389257483 0.011199609392471666
1 0.3310782949631068 0.9166000643627523 0.00993214213442939 0.00883458978600904
1 0.34359352730541104 0.9157983248023397 0.010057226747816506 0.00995513223667821
0 0.08548332169396528 0.9440290832126859 0.01030740920125972 0.01219633562616862
0 0.4006376132756954 0.9084249143589298 0.008925190946431516 0.009831316019706104
1 0.5277444272951566 0.8922541218136111 0.010057226747816395 0.00995513223667821
0 0.5544729456818422 0.8904649183673272 0.0114394450026446 0.01232015184314128
1 0.5900672366220472 0.8911088132146692 0.023760743353230307 0.022522916513763813
0 0.5395059489592774 0.8898334239214151 0.011189262549201162 0.010078948453650538
0 0.6239071431456712 0.8811691699086646 0.010182324587872715 0.011075793175499338
1 0.6113293981187112 0.8814106350038375 0.010182324587872715 0.01107579317549956
1 0.7579283170186086 0.870480529941476 0.02262870755184565 0.022399100296791596
0 0.7232784579684111 0.8680319427171765 0.010182324587872937 0.011075793175499227
1 0.7917056812355392 0.8599806154101366 0.011189262549201051 0.010078948453650871
0 0.8471141965663641 0.8533532069973303 0.009050229542412414 0.010951970478716877
0 0.8622719441227906 0.8505610474945965 0.009932112512391345 0.008834586546103695
1 0.874787161654076 0.8497593095541366 0.010057197125778572 0.009955128996772977
0 0.902772872926279 0.8489669443498911 0.01168961422941861 0.014561236744479733
1 0.9308242445977963 0.8436302634482025 0.008925146513374727 0.009831311159848366
0 0.9171144119308854 0.8439955504301817 0.00892513170235587 0.009831309539895527
0 0.16605363415034824 0.9267098028804235 0.010432493814646726 0.013316878076837901
0 0.944787398442951 0.840401710611111 0.010182294965834782 0.011075789935594105
0 0.34234576540531314 0.899488077206541 0.011314360389257316 0.011199609392471666
0 0.39838284094352405 0.8933590319105833 0.01018232458787277 0.011075793175499227
0 0.4984452945157159 0.8812804950654491 0.011064177935813935 0.008958406002981145
0 0.384735572799835 0.8942845876879681 0.010307409201259943 0.01219633562616862
0 0.4260558274555897 0.8897651920915127 0.011439445002644544 0.012320151843141058
0 0.44184214183273685 0.8874714549497034 0.013578431992027074 0.011447241826416321
0 0.5933508899514588 0.8691988169268055 0.01118926254920094 0.010078948453650538
0 0.6205829135541814 0.8667874309067957 0.013578491236102663 0.011447248306226676
1 0.7036644153970719 0.8565661826749188 0.012196213737198591 0.009082222219953584
0 0.3029769234496013 0.9009584185184923 0.008043219110338673 0.011948690232603365
1 0.761274483032676 0.8491308081188522 0.00993214213442939 0.00883458978600904
0 0.7885065436629458 0.8467194180489608 0.012321313161604674 0.010202766290575704
0 0.31366895823236585 0.8992218673126792 0.009300458013262292 0.013193061859865907
1 0.6656152361628254 0.8595935214459018 0.011314360389257483 0.011199609392471666
0 0.8891349781082827 0.8345789771452219 0.012321327972623641 0.010202767910528099
1 0.7339799105099252 0.8509818636694515 0.010182324587872937 0.01107579317549956
0 0.7487592506903715 0.8499325476792647 0.012571480804029478 0.012443968060113053
0 0.860142307450398 0.8366157618811376 0.00892513170235576 0.009831309539895416
0 0.7197665948435059 0.8519693307952279 0.0114394450026446 0.012320151843141058
1 0.9007714595920734 0.8310377319424986 0.00892513170235576 0.009831309539895527
0 0.6784463105657131 0.8564887296315884 0.012821650030803378 0.01468505296145206
1 0.3631044513079784 0.89041207832953 0.0238858279666172 0.023643458964433206
0 0.3969443282095645 0.8804724382634306 0.010057226747816506 0.00995513223667821
0 0.43933412899075147 0.8752688895007819 0.011314360389257705 0.011199609392471666
1 0.5236102089417204 0.8654840962772674 0.010307409201259832 0.012196335626168398
1 0.5592044998819252 0.8661279911246096 0.02262870755184554 0.022399100296791596
1 0.6631697426188302 0.8479512897062961 0.00892513170235576 0.009831309539895416
1 0.26455872497608623 0.8904150762000158 0.017981595845660614 0.010821858715104993
0 0.6912836558048665 0.8431749400839941 0.011314360389257594 0.011199609392471666
1 0.7319753502532353 0.8381571813706901 0.00892513170235576 0.00983130953989575
0 0.7892070483325813 0.8324645862232368 0.007918164118989601 0.010828151021839316
1 0.8373165634174063 0.8323068023741946 0.02262870755184543 0.022399100296791485
0 0.7489563019825367 0.8362998927574328 0.01370357584948978 0.012567790756896069
1 0.7760632409718722 0.8327679642867536 0.011314360389257483 0.011199609392471666
0 0.8581377620047272 0.8237910779624237 0.010182294965834782 0.011075789935594216
0 0.88700534143589 0.8206336915317629 0.011314360389257705 0.011199609392471666
1 0.948196114961396 0.8196121991497934 0.022753792165232656 0.023519642747460878
1 0.07928208964325945 0.9038740944325305 0.006661000855510579 0.009583670626140739
1 0.162175898708659 0.891971979760384 0.010182324587872715 0.011075793175499338
0 0.3546264874938207 0.8709227304095022 0.012446396190642361 0.011323425609443993
1 0.2643773919009744 0.8785252023067498 0.013328249538583137 0.0092060384369258
1 0.36745756189670864 0.8678179385951887 0.008925190946431627 0.009831316019706104
0 0.41953245288599716 0.8621222565384443 0.0157175242428913 0.01057422628116067
1 0.061550610393631744 0.8990079506095441 0.006661000855510801 0.009583670626140517
1 0.5783370098951777 0.8424845289202709 0.012321298350585819 0.010202764670622866
0 0.616323640209396 0.8388968596798776 0.015842622082947955 0.011694887219981465
0 0.5494068667329676 0.8450815865014738 0.009050229542412191 0.010951970478716655
0 0.7746247216245778 0.8198813113955249 0.011189262549201051 0.010078948453650538
1 0.7586507803273499 0.8204942348613304 0.011189262549201051 0.010078948453650538
0 0.8690268332686377 0.808421873454731 0.010057197125778239 0.009955128996773088
1 0.11086095961178144 0.8890776256555362 0.010939093322427151 0.007837863552311863
1 0.30123504447017857 0.8699568288944131 0.011314360389257427 0.011199609392471666
0 0.7874558108384846 0.816776517961259 0.007918164118989601 0.010828151021839094
0 0.828210047593547 0.8123190304732897 0.010182294965835004 0.011075789935594105
1 0.8558830341056127 0.8087251906542192 0.00892513170235576 0.00983130953989575
0 0.8971407612656929 0.8036455222124764 0.010182294965835004 0.011075789935594216
1 0.1275917288876391 0.8849791336527884 0.010939093322426804 0.007837863552311863
0 0.9534937010810156 0.795213422232689 0.010182294965834782 0.011075789935594105
1 0.3306686862350906 0.8667375294954085 0.0238858279666172 0.023643458964433206
0 0.36494955566805776 0.8556154323903429 0.01143944500264471 0.012320151843141058
1 0.38827879010606725 0.8593022109435124 0.02413601042006097 0.025884662353923615
1 0.4214275578802392 0.8483038772911538 0.011189262549201162 0.010078948453650538
1 0.44362475651686395 0.8521144720612954 0.023885827966617423 0.023643458964433095
1 0.4995367474416877 0.8448648843146682 0.022753792165232656 0.0235196427474611
1 0.5278382941611393 0.8417694076124462 0.022753792165232656 0.023519642747460878
1 0.20004686216824002 0.8719502402274093 0.017224827111106733 0.014059788338292467
1 0.5501699425391597 0.8313870827152315 0.011064177935813935 0.008958406002981478
1 0.6044463858332272 0.8248834345152268 0.011189262549201162 0.01007894845365076
1 0.6163330579681459 0.8235833318379656 0.010057226747816395 0.00995513223667821
1 0.7228688558537297 0.8181694670939084 0.023885827966617312 0.023643458964433206
0 0.7442529484279617 0.8146963021983011 0.012315063749692934 0.020164185974129722
0 0.7716132101798905 0.8083009877644054 0.01269656541741615 0.013564510510782446
0 0.6887850377129275 0.8156589092771418 0.012571480804029145 0.012443968060113275
1 0.7572122609800556 0.807607581970102 0.009050229542412302 0.010951970478716655
0 0.839727715300216 0.7974482450866164 0.011064177935813824 0.008958406002981256
1 0.15923320040693045 0.870742929621318 0.008800106333044483 0.00871077356903649
0 0.8674632293079563 0.7944146781128332 0.010182294965834893 0.011075789935594105
1 0.9178994109329854 0.7945694673312947 0.022753792165232656 0.023519642747460878
0 0.8831244672694007 0.7910003376563258 0.01005719712577835 0.009955128996772977
1 0.9391615576186304 0.7848712907404155 0.01118926254920094 0.010078948453650538
0 0.32256916603228586 0.8455053940670041 0.0114394450026446 0.012320151843141058
1 0.350179610237658 0.8413512830225987 0.010057226747816506 0.0099551322366781
0 0.379047174857802 0.8381938982118907 0.011189262549201051 0.010078948453650538
0 0.44747439812493 0.8301425709048509 0.009932142134429278 0.008834589786008817
0 0.5186692212195674 0.8212213661061591 0.009932142134429167 0.008834589786008817
1 0.19427083857445165 0.8561352704591207 0.011189262549201051 0.010078948453650427
0 0.5022543466350342 0.8230167401311199 0.011314360389257483 0.011199609392471666
0 0.5321914639939453 0.8191752613982946 0.010057226747816284 0.0099551322366781
1 0.5469082552543634 0.8175656149386973 0.010057226747816284 0.009955132236678432
1 0.5593609452899742 0.8162036041529499 0.010057226747816173 0.00995513223667821
0 0.3641427204419305 0.8381226749913131 0.011564529616031827 0.01344069429381034
1 0.17666132002442975 0.8574941367114537 0.00816830372372579 0.013069232683272647
0 0.7250829794530775 0.7969435022441809 0.01596770669633507 0.01281542967065108
1 0.9494220546563109 0.7690036646817747 0.01005719712577835 0.009955128996772977
0 0.8384799615978025 0.7811379366267892 0.010307379579222009 0.012196332386263276
1 0.20276446136158666 0.850102096043861 0.00955064046670584 0.015434265249356094
0 0.3342119035413228 0.8317551527509526 0.012571480804029311 0.012443968060113386
0 0.3488661821170854 0.8295852318261154 0.010182324587872882 0.011075793175499338
0 0.37647661970912294 0.8254310615376343 0.011314360389257594 0.011199609392471666
1 0.412762019776742 0.8271336499712354 0.0227537921652326 0.023519642747460878
1 0.1239016269793653 0.8519221834528288 0.009050288786488392 0.01095197695852701
0 0.43345810412863783 0.8174973863487002 0.010057226747816284 0.00995513223667821
0 0.4471054315164027 0.8165718240915047 0.01018232458787277 0.011075793175499338
1 0.5018853207824312 0.8094459997975845 0.00880010633304451 0.008710773569036712
0 0.5160986726842232 0.8084585886759789 0.010057226747816284 0.00995513223667821
1 0.2754103454760492 0.8336495486698361 0.006661000855510246 0.009583670626140739
1 0.48943263074682036 0.810808010583332 0.011314360389257483 0.011199609392471666
0 0.5290548465115171 0.8064743376923821 0.01357846161406484 0.011447245066321443
1 0.5849668226253218 0.7992247515657074 0.00993214213442939 0.008834589786008817
1 0.607730039162639 0.802973438227363 0.024010925806673744 0.024764119903254334
0 0.6705000822351381 0.7904366780960796 0.011439445002644377 0.01232015184314128
0 0.711820336890893 0.7859172824996241 0.010307409201259832 0.01219633562616862
0 0.7258460190238971 0.7832489424537681 0.008925131702355649 0.00983130953989575
1 0.1403196781084206 0.8450222760793318 0.010939093322426902 0.007837863552311863
1 0.7762196871720958 0.7828435172610417 0.02388584277763628 0.02364346058438571
0 0.8232659277599288 0.7731608287908599 0.011564529616031494 0.01344069429381034
1 0.8371665400905647 0.7693719446743819 0.007667981665546053 0.008586947632348907
1 0.859426251411845 0.7737428139097633 0.022753792165232545 0.023519642747460767
1 0.8865331904011804 0.770210885439084 0.02262870755184554 0.022399100296791596
0 0.920310562815795 0.7597109100437165 0.011189262549201051 0.010078948453650538
1 0.9350273688872321 0.7581012619641666 0.011189262549201051 0.010078948453650538
0 0.9486746658607845 0.7571757630009286 0.011314360389257483 0.011199609392471443
1 0.15604345017887433 0.8421682677121879 0.0089251909464316 0.009831316019705882
1 0.19076212237203094 0.8349681284285408 0.0089251909464316 0.009831316019705771
1 0.35327871771206276 0.8126558901858345 0.0157175242428918 0.01057422628116067
0 0.12133107183068625 0.8391593467785725 0.013953685832187812 0.014808869178424389
0 0.4386243437884638 0.8021869437961267 0.01684956004427618 0.010698042498132998
1 0.49749156807421224 0.7957483514779278 0.010057226747816339 0.00995513223667821
1 0.5534661309277675 0.7890590317167301 0.011314360389257483 0.011199609392471555
1 0.5817676776472192 0.7859635550145081 0.011314360389257483 0.011199609392471666
1 0.6020822537180568 0.7831745400451887 0.00666100085551069 0.009583670626140739
1 0.2010163477812711 0.8293095601572333 0.010807760881477835 0.016678623916997815
0 0.6918935695594168 0.7716500478425417 0.012446396190642361 0.011323425609443993
1 0.2734089321418437 0.8157203362624439 0.006661000855510579 0.009583670626140406
1 0.909627911674813 0.746133997106563 0.011189269954710479 0.010078949263626846
1 0.15561194126365346 0.8280372496735071 0.00678609869556715 0.010704331564961533
1 0.43580043625515374 0.7922874963249922 0.011189262549201107 0.010078948453650538
1 0.49013945809128767 0.7863441753544927 0.008925190946431627 0.009831316019706104
1 0.6020259756342939 0.7724052118424971 0.011064177935814046 0.008958406002981145
1 0.5520276181938079 0.7761724380695774 0.01093909332242693 0.007837863552311863
0 0.5786310815891446 0.773262688932719 0.014335259970656766 0.008209318683039202
1 0.66428939619031 0.7655951611536655 0.011314360389257483 0.011199609392471666
1 0.7739743614285375 0.7524641637849305 0.011064177935814157 0.008958406002981256
1 0.6856109530711834 0.7615617842767995 0.01118926254920094 0.010078948453650538
1 0.7417105709160876 0.7559930102061764 0.010182324587872826 0.011075793175499227
1 0.18788197299033066 0.8142994087588855 0.007667952043508008 0.008586944392443452
0 0.71221441646652 0.7586520351399412 0.010307409201259832 0.012196335626168953
1 0.7675603828773166 0.7514642962577243 0.010057226747816284 0.00995513223667821
1 0.9374322499337764 0.733451702409869 0.010182294965834893 0.011075789935594105
1 0.8252329994329489 0.744589252171068 0.010182294965835004 0.011075789935594105
1 0.8507044122158818 0.7418033208711345 0.006786098695567011 0.010704331564961644
1 0.8778738935119107 0.73883166362579 0.006786098695567233 0.010704331564961533
1 0.910703698222298 0.7352409095010464 0.015842614677438527 0.011694886410005378
0 0.08738171004461465 0.8224559285385253 0.011189262549201051 0.010078948453650427
1 0.17009106873445567 0.8037684668418389 0.010813995482370498 0.006717202613490736
1 0.11877300572379706 0.8059785803616407 0.010813995482370387 0.006717202613490958
1 0.1024206734459574 0.8083342256119362 0.010557578428034065 0.014437420527507294
1 0.0504802914421405 0.7998369815215138 0.00880010633304451 0.008710773569036712
1 0.16646038521909418 0.7763762554918641 0.012071129123811475 0.007961679769284191
1 0.31205544722273726 0.7615860447123994 0.008925190946431572 0.009831316019705771
1 0.14891341558910054 0.7782954522136074 0.008925190946431405 0.009831316019705771
0 0.3402945108795711 0.7579302903050325 0.011314360389257483 0.011199609392471666
1 0.36740142024686856 0.7543983650742584 0.008925190946431738 0.009831316019706104
0 0.3804826704898653 0.7535347174053597 0.01244639619064225 0.011323425609443993
0 0.4810485930427213 0.7408339419823285 0.012321298350585652 0.010202764670622866
1 0.08457664464213871 0.7819294846276428 0.012071129123811475 0.007961679769284191
0 0.5358285481661604 0.7337081704526736 0.00892513170235587 0.009831309539895416
0 0.5641300948856118 0.7306126937504518 0.00892513170235576 0.009831309539895527
1 0.7163299158963753 0.7133986933096423 0.00993214213442939 0.00883458978600904
0 0.5216777451843966 0.7352559120436898 0.010307409201259943 0.01219633562616873
1 0.6053878302433764 0.7255329644446806 0.010182324587872826 0.011075793175499338
1 0.6477776080158602 0.7203294781660128 0.008925131702355649 0.009831309539895416
1 0.7038146835540708 0.714200432870055 0.010057226747816395 0.009955132236678432
0 0.7434993971924042 0.7104270360642979 0.01244639619064214 0.011323425609443993
1 0.8712973647723365 0.6953149322453802 0.009932112512391345 0.008834586546103584
0 0.06577254798403859 0.7828518958716135 0.011189262549201051 0.010078948453650538
0 0.7717384386327097 0.7067712840868596 0.012571495615048223 0.012443969680065892
0 0.8146316927913672 0.7009455584203189 0.01005719712577835 0.009955128996772977
0 0.856014525989188 0.6969864900533689 0.011314360389257594 0.011199609392471666
0 0.9001649442034994 0.6921575458147196 0.011314360389257594 0.011199609392471666
0 0.7579660422347514 0.7065762422193809 0.010182324587872826 0.011075793175499338
0 0.9124300007056949 0.6891146621088924 0.009175314155799419 0.012072512929386048
1 0.14659303628053033 0.7677737596847657 0.00880010633304451 0.0087107735690366
1 0.3247051951638479 0.7465914382488958 0.010057226747816561 0.0099551322366781
1 0.3109953781001305 0.7469566635568704 0.010057226747816062 0.009955132236678432
0 0.3387934492255832 0.7444833661884691 0.011314360389257594 0.011199609392471666
0 0.4095472864021742 0.7367446776728193 0.010182324587872882 0.011075793175499338
0 0.47866567804079235 0.7297520374722279 0.012571480804029256 0.012443968060113275
1 0.08514896300113434 0.7716585755459706 0.0069111833089540164 0.011824874015630926
0 0.4925662393250366 0.7259630989715319 0.008925190946431683 0.009831316019705882
0 0.5498605011354298 0.7208308326735364 0.00804327835441454 0.01194869671241372
0 0.5355220646202508 0.7206977013444729 0.011314360389257483 0.011199609392471888
0 0.6464641798952877 0.7085634269695293 0.011314360389257483 0.011199609392471666
1 0.7018726952261125 0.7019360185567232 0.00892513170235576 0.009831309539895527
0 0.7300491507188422 0.6977199401597559 0.008925131702355982 0.009831309539895416
0 0.7714319765111538 0.6937608726027822 0.01018230977685386 0.011075791555546721
1 0.8137592127691189 0.6879970550447276 0.008800047088968754 0.008710767089226135
0 0.8280976344732789 0.6881301879937438 0.010307379579222009 0.012196332386263387
0 0.9387895516916785 0.6737547719033147 0.01005719712577835 0.009955128996772977
0 0.8985387913227897 0.6775900200034113 0.013578491236102774 0.011447248306226565
0 0.9267152682398732 0.6733739992305672 0.011064177935813935 0.008958406002981145
1 0.3088656969946808 0.7330113828032689 0.00880010633304451 0.008710773569036712
1 0.14358461912758608 0.7510889716689014 0.0067860986955669 0.010704331564961533
1 0.3218219218683665 0.7310271862038904 0.010057226747816173 0.00995513223667821
0 0.3495573914430498 0.7279936240899649 0.011189262549201051 0.010078948453650538
1 0.09629134882995388 0.75342604593909 0.012071129123811461 0.007961679769284191
0 0.2493073635815184 0.7383912815352089 0.010182324587872715 0.011075793175499338
0 0.42188430958314777 0.7189485965944907 0.011189262549201051 0.010078948453650538
1 0.5899955658198182 0.700561457466712 0.010057226747816395 0.009955132236678432
1 0.49144356865166056 0.7107734530704786 0.007918134496951779 0.010828147781933972
1 0.5462860660817932 0.7042079527661582 0.00892513170235576 0.00983130953989575
0 0.57345557699986 0.7012362922809087 0.011189262549201162 0.010078948453650538
1 0.644712942401191 0.6928753587075516 0.008800047088968754 0.008710767089226135
1 0.6572281813568301 0.6920736783912148 0.011189262549201051 0.010078948453650538
0 0.7125741477676267 0.6848859395089979 0.01118926254920094 0.010078948453650538
1 0.7272283967213513 0.6827160218240661 0.008800047088968643 0.008710767089226135
0 0.7697432813237506 0.6786330755661389 0.010057211936797317 0.009955130616725594
1 0.879490781463162 0.6660623502327148 0.009932112512391233 0.008834586546103695
0 0.4771677336872509 0.7112005864869391 0.013828601218800918 0.013688326727754774
0 0.8675415752192341 0.6668021208206127 0.01118926254920094 0.010078948453650538
1 0.8947110713262821 0.6638304619553157 0.00892513170235576 0.00983130953989575
0 0.9365973660992577 0.6592491558204451 0.011189262549201051 0.010078948453650538
1 0.39213794967143334 0.7193664806227462 0.00955064046670584 0.015434265249355872
0 0.602576464382597 0.6952155215069842 0.011814712069475264 0.015681897683300527
1 0.09541573008290544 0.7455820118081011 0.012071129123811461 0.007961679769284191
0 0.8254676461206685 0.6697026140894555 0.011814712069475264 0.01568189768330086
1 0.06252337274973518 0.7486124358684225 0.012196213737198924 0.009082222219953584
0 0.7551546763739723 0.6762587992816844 0.011814712069475153 0.015681897683300527
0 0.04661191451512514 0.749785637039373 0.010307409201260054 0.01219633562616862
1 0.30793071248546133 0.7195025440984092 0.00993214213442939 0.00883458978600915
1 0.4895641226303957 0.6990693099824813 0.008925190946431627 0.009831316019706104
0 0.5047218701868224 0.6962771504797477 0.012321298350585708 0.010202764670622866
1 0.5318913811048892 0.693305489994498 0.010057226747816284 0.009955132236678432
0 0.5442815288338065 0.6913832079834159 0.009932142134429167 0.00883458978600915
1 0.587424987662436 0.6877986832764367 0.010182324587872826 0.011075793175499227
0 0.5731491230759884 0.6882258199328026 0.011314360389257483 0.011199609392471443
1 0.6427709540732327 0.6806109443942199 0.010182324587872826 0.011075793175499005
1 0.6557271197028423 0.6786267542746517 0.01118926254920094 0.01007894845365076
1 0.6993115052054422 0.6738597197644411 0.010057226747816284 0.009955132236678432
1 0.7117641952410532 0.672497708978694 0.010057226747816395 0.009955132236678432
1 0.7270470340242015 0.6708261511707054 0.011189262549200829 0.010078948453650538
0 0.76899587850938 0.6668051154511931 0.011564529616031605 0.01344069429381034
1 0.8106945471544498 0.6605429355862664 0.01118926254920094 0.010078948453650538
1 0.838430075973209 0.6575093669925307 0.01005719712577835 0.00995512899677331
0 0.850945314928848 0.6567076866761938 0.010182294965834893 0.011075789935594105
0 0.8656621210002852 0.6550980385966441 0.010182294965835004 0.011075789935593772
1 0.9216992039440054 0.6489689924907099 0.00905024435343127 0.010951972098669271
1 0.18265646115354872 0.7212946861711027 0.008675021719657394 0.00759023111836743
0 0.06253273787774394 0.7332989737503969 0.009425542626649408 0.014313604310534966
1 0.16152563871116882 0.72190453082738 0.00816830372372579 0.013069232683272425
1 0.3056759467666247 0.7044367208941386 0.008925190946431683 0.009831316019705882
0 0.34806574754781183 0.6992331721314899 0.010182324587872937 0.011075793175499338
1 0.3898895370416411 0.6940915907214031 0.010057226747816228 0.0099551322366781
0 0.6417733680132436 0.6665418409438357 0.011189262549200829 0.010078948453650427
1 0.6547295336428534 0.6645576508242677 0.009932142134429056 0.008834589786008817
1 0.6966158358213381 0.6599763438794208 0.009932142134429278 0.008834589786008817
1 0.043478465379534925 0.731980240848953 0.010307409201260047 0.012196335626168953
0 0.3327203664579699 0.7003444587141436 0.01143944500264471 0.012320151843141058
1 0.5012725856039834 0.6807748657873042 0.008925190946431627 0.009831316019705882
0 0.5709569292858832 0.6737202647139615 0.010182324587872937 0.011075793175499338
1 0.682402520154919 0.6609638110051972 0.01118926254920094 0.010078948453650538
0 0.7090685258569491 0.6586143330936736 0.01244639619064214 0.011323425609443882
1 0.7661125755918606 0.6512408666460928 0.008800047088968865 0.008710767089226135
1 0.8091934921137967 0.6470960707137792 0.011189262549201051 0.010078948453650538
1 0.9223371745046315 0.6341538285756227 0.011064177935813824 0.008958406002981145
0 0.4888198955683726 0.6821368765730516 0.009175373399875175 0.012072519409196403
1 0.6687552157758572 0.6618893107784116 0.009050229542412302 0.010951970478716544
1 0.8758600831367815 0.6386701405026923 0.01118926254920094 0.010078948453650538
0 0.8911429219199298 0.6369985826947039 0.010057197125778461 0.009955128996772977
0 0.8486280447230401 0.641081528142655 0.013578491236102663 0.011447248306226676
0 0.821836947794288 0.6423104043594332 0.013071862106284748 0.01692625959084737
1 0.12486814812124136 0.7117356632050829 0.009807057521042259 0.007714047335339536
1 0.3048035045640986 0.6914881534146136 0.009932142134429056 0.008834589786008817
0 0.31794730372712365 0.6911848362151252 0.009050288786488059 0.010951976958527232
0 0.3330425089768566 0.6878324054870567 0.010057226747816506 0.00995513223667821
0 0.388513566614375 0.6817652682995851 0.012571480804029256 0.012443968060113386
1 0.4014071833239564 0.6792207477106065 0.008925190946431627 0.009831316019705882
1 0.4167525710271332 0.6781095203720284 0.010182324587872826 0.01107579317549956
0 0.4303372968641287 0.6766236933693088 0.010182324587872937 0.011075793175499338
1 0.4856832632749254 0.6694359544870918 0.009932142134429167 0.00883458978600904
1 0.5293301910842189 0.665229191202216 0.01118926254920094 0.01007894845365076
1 0.5412168632191374 0.6639290885249548 0.010057226747816284 0.00995513223667821
0 0.5566247932290076 0.6633781324117116 0.01143944500264471 0.012320151843140947
1 0.5841726885143514 0.6586636908978958 0.009932142134429278 0.008834589786008817
0 0.640838324259948 0.6530330087187866 0.010057226747816395 0.009955132236678543
1 0.6538570618182893 0.6516090865846478 0.00892513170235587 0.009831309539895527
1 0.5682612599017792 0.659836888828941 0.010057226747816284 0.0099551322366781
0 0.6809014585009312 0.6475168868886338 0.00892513170235576 0.009831309539895527
0 0.7516553549215981 0.6397781918931736 0.012321298350585708 0.010202764670622866
1 0.8342958938551455 0.6307393974603576 0.010057197125778461 0.009955128996772977
1 0.8484466820258901 0.6291916574892941 0.00892513170235576 0.009831309539895416
0 0.9327227693823685 0.619406863455803 0.009932112512391345 0.008834586546103584
0 0.6966878025001162 0.6452231465069194 0.013578491236102663 0.011447248306226676
1 0.7242982400921537 0.6410689762184385 0.00993214213442939 0.008834589786008817
0 0.8625349130789224 0.6270836479128483 0.012446425812680295 0.011323428849349115
0 0.889641860265942 0.6235516585781407 0.01005719712577835 0.009955128996772977
1 0.0742443181517779 0.7099000026864941 0.00993214213442939 0.008834589786008817
0 0.24424440854642482 0.6879034820447056 0.011314360389257594 0.011199609392471555
1 0.15670037047439422 0.6940758052249668 0.008800106333044733 0.008710773569036823
0 0.13883756539715192 0.6982981134446871 0.011814712069475264 0.01568189768330075
0 0.34393159505178617 0.6724631993594117 0.00993214213442939 0.008834589786008817
0 0.3863213432022321 0.6672597163206491 0.008925190946431627 0.009831316019705771
0 0.3999061282833033 0.6657738828381191 0.008925190946431683 0.009831316019706104
1 0.428207675002755 0.662678406135897 0.008925190946431738 0.009831316019706104
1 0.5266345513221529 0.6513458120772906 0.011064177935813935 0.008958406002981145
1 0.3578947052560587 0.669234591328126 0.008925190946431627 0.009831316019706104
0 0.4994024980973924 0.6537572013372056 0.011189262549201051 0.010078948453650538
1 0.512987223934388 0.6522713743344859 0.008925190946431627 0.009831316019706104
1 0.5548735557349109 0.6476900641497338 0.011189262549201051 0.010078948453650538
1 0.6516023257214905 0.636543260140472 0.009932142134429167 0.00883458978600915
0 0.6781432468101336 0.6330732397782791 0.01118926254920094 0.010078948453650538
1 0.7630479165905263 0.6237868064317076 0.00892513170235576 0.009831309539895527
1 0.83311068907276 0.614989419469941 0.008925131702355649 0.009831309539895527
1 0.860280185179808 0.612017760604644 0.01118926254920094 0.010078948453650538
1 0.9157512354118169 0.6059506242271486 0.008925146513374727 0.009831311159848144
0 0.8738649258278224 0.6105319319819718 0.0114394450026446 0.012320151843140947
0 0.9304054991765605 0.6037807049222643 0.011314360389257483 0.011199609392471666
0 0.31638681706688865 0.6720731140045015 0.010682676268090718 0.015558081466328533
0 0.6937419506625687 0.6290985672324088 0.013953745076263901 0.014808875658234633
1 0.056015663766454504 0.6954470372241423 0.008925190946431627 0.009831316019706104
1 0.38544890099970586 0.654311148841124 0.009932142134429334 0.008834589786008817
1 0.469221505356676 0.6451485349514303 0.010182324587872826 0.011075793175499338
0 0.48343479140105744 0.6441610710655592 0.0114394450026446 0.012320151843140947
0 0.524629991065463 0.6385211297785292 0.010057226747816284 0.0099551322366781
1 0.5801010487029814 0.6324539925910575 0.010057226747816395 0.0099551322366781
0 0.5942518220627073 0.6309062542399465 0.011189262549201051 0.01007894845365076
0 0.5528689954782211 0.6348653818509724 0.010182324587872826 0.011075793175499338
1 0.6778993351929554 0.6206230386555076 0.01118926254920094 0.010078948453650538
1 0.761609397243232 0.6109001535404791 0.008800047088968643 0.008710767089226135
0 0.6642520374272285 0.6215485976727979 0.011314360389257483 0.011199609392471666
0 0.8040617321334282 0.6062569368671937 0.012446425812680295 0.011323428849349226
1 0.832238202437177 0.6020408568502738 0.009932112512391345 0.008834586546103695
1 0.929595554847671 0.5913924135279314 0.009932112512391233 0.008834586546103584
1 0.8593451562375314 0.598508926759642 0.010057197125778239 0.009955128996772977
0 0.9012314584160165 0.5939276198147951 0.01005719712577835 0.009955128996772977
1 0.03834984412396669 0.6860366377577649 0.009807057521042058 0.007714047335339758
1 0.07080438547027806 0.6790841373878731 0.00980705752104194 0.007714047335339536
1 0.0873443512815329 0.6784093650576576 0.011189262549201051 0.010078948453650538
0 0.3613065901213417 0.6433406073823005 0.014460403828119472 0.00932986761351895
1 0.32948373289619737 0.6456870032443909 0.009932142134429167 0.008834589786008817
1 0.5619974493090073 0.6191215728192805 0.011064177935814046 0.008958406002981145
1 0.5908650435511891 0.6159641847686672 0.007918193741027646 0.010828154261744216
1 0.668852236177659 0.6063001257126917 0.016724475430889174 0.009577500047463605
0 0.9180310252316394 0.580180462978106 0.010182294965835004 0.011075789935594105
1 0.895768175185559 0.5809140629873268 0.01118926254920094 0.010078948453650427
1 0.8645739300063667 0.5837588162964318 0.014710556659525587 0.011571067763104015
1 0.0809398267244345 0.66209602569271 0.0069111833089540164 0.011824874015630926
1 0.35716301986656634 0.6318841624521343 0.01143944500264471 0.012320151843140947
1 0.6683550314199256 0.5967133073132314 0.015717524242891412 0.010574226281160892
0 0.7503670101460872 0.5871761497635667 0.016724475430889063 0.009577500047463605
0 0.4728240884250796 0.6158309627808454 0.014335319214732578 0.008209325162849557
1 0.5590484867843482 0.6081015796575713 0.01244639619064225 0.011323425609443771
1 0.5799916230625717 0.6058109278051005 0.006786098695567233 0.010704331564961644
0 0.9230064910489006 0.5682937368581595 0.011314360389257483 0.011199609392471443
1 0.08227203111843068 0.6432350276851799 0.010813995482370387 0.006717202613490736
1 0.09975645844173087 0.6407555597381017 0.01005722674781652 0.00995513223667821
0 0.37700226174483753 0.5837768154945966 0.011064177935813824 0.008958406002981145
0 0.5286986433969747 0.5671850503917786 0.011314360389257594 0.011199609392471666
0 0.5841696714124552 0.5611179164442122 0.013578491236102774 0.011447248306226676
1 0.668445780985462 0.5513331199807925 0.012321298350585597 0.010202764670622866
1 0.8642300023098444 0.5293520834098199 0.009932112512391345 0.008834586546103695
1 0.8908334582996715 0.5264423350829378 0.011064177935813935 0.008958406002981034
1 0.6417172263634037 0.5531222674229055 0.00892513170235587 0.009831309539895527
1 0.8364319311843916 0.5318253807782211 0.00892513170235576 0.009831309539895638
0 0.7243577652969511 0.5440834729900894 0.01143944500264471 0.012320151843141058
1 0.7395780617734059 0.5418516439567662 0.010182324587872715 0.011075793175499338
0 0.8080678273472275 0.534360587875061 0.013578491236102774 0.011447248306226676
1 0.8221560517869251 0.5322525190545395 0.010057197125778239 0.009955128996773088
1 0.8776271094244436 0.5261853818670678 0.01005719712577835 0.0099551289967732
1 0.7536037439064099 0.53918330391091 0.011564529616031605 0.013440694293810118
1 0.24725923296955737 0.5917290270090503 0.0069111833089540164 0.011824874015630926
1 0.35480512235228867 0.5799662142446446 0.023760743353230085 0.022522916513763924
1 0.5148074340140696 0.5556604082862975 0.00892513170235576 0.009831309539895638
0 0.37550120009084975 0.5703298913780332 0.011314360389257538 0.011199609392471666
0 0.40436882395506946 0.5671725000875149 0.010182324587872937 0.011075793175499227
0 0.48927346411342415 0.5578860699808488 0.012446396190642361 0.011323425609443771
1 0.5282670752376781 0.5530540388329084 0.00892513170235587 0.009831309539895527
1 0.6897079062467534 0.5416348857657899 0.02388582796661698 0.023643458964433206
1 0.7104665625273807 0.532558890128684 0.008800047088968865 0.008710767089226246
1 0.7382646336528333 0.530085592760283 0.010057226747816395 0.009955132236678321
1 0.751220799282443 0.5281014026407147 0.008800047088968643 0.008710767089226357
1 0.7936731489836584 0.5234581843474765 0.009932112512391345 0.008834586546103695
1 0.8214712052980921 0.5209848885990279 0.00892513170235587 0.009831309539895638
1 0.8349934184504321 0.5189387871310684 0.008800047088968643 0.008710767089226246
0 0.9052438170605717 0.511822273899358 0.01118926254920094 0.010078948453650538
0 0.5536134116049083 0.5491475042182772 0.012321298350585708 0.010202764670622866
0 0.6300901544406785 0.5413500456477452 0.015842622082947955 0.011694887219981576
1 0.8072578896316729 0.5219723557248042 0.010182294965834893 0.011075789935594105
0 0.862666398349163 0.515344888067922 0.01005719712577835 0.009955128996772977
0 0.920148256665424 0.511893498739888 0.011814712069475264 0.01568189768330075
1 0.32978719272687607 0.5611516386548322 0.011189262549200774 0.010078948453650538
0 0.34507003151002447 0.5594800808468436 0.010057226747816173 0.009955132236678321
0 0.35909574326506627 0.5568117375610824 0.011189262549201162 0.010078948453650649
0 0.47010034821605573 0.5452378001353598 0.011314360389257538 0.011199609392471555
1 0.5538104332750353 0.5355148525363504 0.00892513170235576 0.009831309539895527
1 0.5697218388789043 0.5343417170892862 0.011314360389257483 0.011199609392471555
0 0.680601405233913 0.5216471122449323 0.00892513170235576 0.009831309539895416
0 0.7208521730083113 0.5178118633348596 0.01244639619064225 0.011323425609443882
1 0.859970728965059 0.5014615121829017 0.009932112512391456 0.008834586546103695
0 0.2877132866370136 0.564052069439694 0.009050288786488392 0.01095197695852701
0 0.5401631355093084 0.5364404115536405 0.009050229542412414 0.010951970478716655
1 0.6940610760795594 0.5190407395516381 0.011189262549201051 0.010078948453650538
0 0.8333672655697224 0.50437126131976 0.011314360389257483 0.011199609392471666
0 0.8746875350364962 0.4998518641033519 0.010182294965834893 0.011075789935594216
1 0.9942971401369408 0.4759577698733837 0.011405719726118368 0.007961682806695236
1 0.301241711381543 0.5517969767182638 0.008925190946431572 0.009831316019705993
0 0.3158334410372773 0.5490667253240163 0.008925190946431572 0.009831316019705882
1 0.3440724454500354 0.5454109773964596 0.011064177935813713 0.008958406002981256
1 0.35715369569303207 0.5445473297275607 0.010057226747816395 0.009955132236678321
1 0.49142504540607845 0.5360998339057867 0.022753792165232545 0.023519642747460878
1 0.5394157549114662 0.5246124490087658 0.010057226747816395 0.009955132236678321
1 0.6306061650938735 0.5203098116032867 0.02262870755184554 0.022399100296791485
1 0.4075898987424148 0.5447021765701457 0.0228788900052892 0.024640303686282117
0 0.45671267367122514 0.5330909722162473 0.010182324587872993 0.011075793175499227
0 0.4702973995082207 0.5316051452135278 0.01018232458787277 0.011075793175499449
0 0.5133157671101283 0.5269000188118034 0.01244639619064225 0.011323425609443882
1 0.5680956859981947 0.5197741912779779 0.011064177935813935 0.008958406002981367
0 0.582621756046789 0.5215881955271213 0.010682676268090607 0.015558081466328422
1 0.6519933815818866 0.5117321790830294 0.011314360389257594 0.011199609392471666
1 0.6643835293108039 0.5098098970719473 0.01118926254920094 0.010078948453650538
1 0.7420517633684185 0.5075533570845462 0.02388584277763639 0.023643460584385823
1 0.7980888315011199 0.5014243125985646 0.022753792165232656 0.023519642747460823
1 0.8460795261954887 0.48993692932149635 0.01005719712577835 0.009955128996772977
1 0.9095969646768491 0.48922813011513505 0.023885857588655246 0.023643462204338328
0 0.5511147638909313 0.52163147665133 0.013578491236102774 0.011447248306226676
0 0.6915530402288708 0.5068382365866977 0.01370357584948978 0.012567790756896069
0 0.8183439973767295 0.4929704979152322 0.0114394450026446 0.012320151843141003
1 0.8313001712040233 0.4909862469316355 0.010182294965834893 0.01107578993559405
0 0.8595391904278004 0.48733049738412626 0.01005719712577835 0.009955128996773088
0 0.8731239310758148 0.48584466876145405 0.01005719712577835 0.009955128996773144
0 0.8878407371472519 0.48423502068190427 0.010057197125778239 0.009955128996773088
1 0.22162522556521402 0.5519980993156379 0.009932142134429417 0.00883458978600904
1 0.5659660641368209 0.505828904044566 0.010057226747816284 0.009955132236678321
0 0.6491726505930986 0.49672819826335857 0.00892513170235587 0.009831309539895583
0 0.6627573764300942 0.49524237126063897 0.00892513170235576 0.009831309539895694
0 0.7329452549500688 0.48756558437366493 0.00892513170235576 0.009831309539895583
1 0.8030705615413118 0.47932852950126137 0.008800047088968754 0.008710767089226246
0 0.8437622559896807 0.47431077078795736 0.00892513170235576 0.009831309539895583
1 0.857975586467119 0.4733233020422284 0.010182294965835004 0.01107578993559405
0 0.23056289894010068 0.5396779474724969 0.012196213737198563 0.009082222219953362
0 0.8979761569770548 0.467246851362618 0.009175314155799419 0.012072512929385992
0 0.6193637483746907 0.4965858110662793 0.009175314155799308 0.012072512929385881
1 0.3196831418894192 0.5270948176877612 0.02262870755184554 0.022399100296791485
0 0.3683649259401821 0.5166660851838477 0.011314357082590154 0.01119957977043362
1 0.7860333531526014 0.4704165475359505 0.00892513170235576 0.009831309539895638
0 0.3823906443085588 0.5139978011421622 0.010182321281205442 0.011075763553461404
0 0.3964788374728847 0.5118897207505269 0.008925190946431627 0.009831316019705882
1 0.45999628911193047 0.511180905113194 0.02275379547189993 0.023519672369498756
1 0.5160333646501413 0.5050518598172362 0.023885831273284586 0.02364348858647114
1 0.5437688934689004 0.5020182912235004 0.02275379547190004 0.023519672369498867
0 0.5645275514028614 0.49294231039741343 0.012196213737198591 0.009082222219953529
1 0.6477341378591391 0.48384160461620596 0.008800047088968643 0.00871076708922619
0 0.6759731389652298 0.4801858270666113 0.01093908670909216 0.00783780430823594
1 0.7320727601168016 0.47461708261802604 0.009932142134429167 0.008834589786008873
1 0.8005625256906233 0.46712602653632085 0.011064177935813935 0.0089584060029812
1 0.8554675506164303 0.461120799077288 0.009932112512391233 0.00883458654610364
1 0.9120706588663524 0.4549298440528914 0.009932112512391233 0.00883458654610364
0 0.7184223384372934 0.4806471092599662 0.012315063749692823 0.020164185974129945
1 0.8227596963585437 0.4709366393573866 0.024010952122044404 0.024764093521121466
1 0.842386283909081 0.4619844335551204 0.008925135009023144 0.009831339161933517
1 0.8781682046799466 0.46430920172753054 0.023885853489813313 0.023643491016400064
1 0.11246260767385774 0.533879917670899 0.0069111833089541275 0.011824874015630926
0 0.31108008684853977 0.5064848680729881 0.011189262549201051 0.010078948453650649
1 0.8696902725372477 0.4448198353515902 0.009932112512391345 0.00883458654610364
0 0.3517717779902414 0.5014670797376461 0.01131435377592288 0.011199550148395798
1 0.5203865098209104 0.48245776127604645 0.00892513170235576 0.009831309539895583
1 0.9415762232730731 0.43695732211421695 0.009050230334587073 0.010951912044617096
0 0.6318320973832787 0.4697012779452444 0.012446389577307482 0.01132336636536807
1 0.6878692025435276 0.4635722294093813 0.009050222929077534 0.010951911234640788
0 0.6164241706800759 0.4702522636805256 0.009300398769186202 0.01319305538005533
1 0.8268001282735273 0.44554103495938135 0.009425489995908198 0.014313657074800479
1 0.2882543246978618 0.50217588056396 0.02262870755184554 0.022399100296791485
0 0.5332864302954625 0.4697042693359196 0.010057226747816284 0.009955132236678266
0 0.322660278744216 0.49217432590956395 0.010182317974538169 0.01107573393142347
1 0.39335162955152203 0.4838753300667311 0.008925190946431683 0.009831316019705993
0 0.4069989602459542 0.4829497974315737 0.009050282173153401 0.010951917714451143
0 0.44907286633581667 0.4800493666467119 0.011689620842753212 0.01456129598855549
1 0.5683772193262981 0.4709703763790256 0.02388583457995197 0.023643518208509018
1 0.6527158415839605 0.46174585438084575 0.025017929625412605 0.023767340905291756
1 0.6871843379370082 0.45230457095178445 0.007918187127692877 0.01082809501766846
0 0.7839131194279394 0.44115773570053207 0.00892513170235587 0.009831309539895583
1 0.846235950179184 0.44001248472571364 0.02489283839869061 0.02264673921054655
0 0.8656092264714796 0.43392363364467323 0.009300398769186424 0.013193055380055385
0 0.8801384064150108 0.43063311183506736 0.011189262549201051 0.010078948453650594
0 0.8958621899898161 0.4277790722259328 0.01093908670909216 0.007837804308235996
0 0.40304613751837337 0.4680696689307235 0.011189262549200996 0.010078948453650538
1 0.5083278960542592 0.45655449508007284 0.00892513170235576 0.009831309539895583
1 0.562666888268355 0.45061117734947864 0.006661000855510579 0.009583670626140517
1 0.8525373643651948 0.41947375671156534 0.009050222929077423 0.010951911234640788
1 0.87385892534491 0.4154403494026849 0.01118926254920094 0.010078948453650594
1 0.12563142432453384 0.49274055677402157 0.007542860816786581 0.007466342697698303
0 0.6249365796606366 0.4335921289273662 0.011189262549201162 0.010078948453650538
1 0.7058790352700691 0.4247390620599137 0.01684956004427618 0.010698042498132887
0 0.7918532248605235 0.41476850840909235 0.016724475430889063 0.009577500047463494
1 0.8229849351385315 0.4113634830646766 0.011064177935813824 0.0089584060029812
0 0.850091888938886 0.40783155297404483 0.011189262549201051 0.010078948453650538
1 0.21112722497271835 0.44255622114593524 0.015717524242891412 0.01057422628116056
1 0.4540233753219368 0.40634829727553656 0.009932142134429223 0.008834589786008817
1 0.5094944329594553 0.40028116008806486 0.009932142134429167 0.008834589786008928
1 0.7760950996245328 0.3711217589910427 0.011064177935813935 0.0089584060029812
1 0.8718168995132536 0.3612193457013893 0.010057197125778239 0.009955128996772977
1 0.025978742229651408 0.4520313503063178 0.012196213737198591 0.009082222219953584
0 0.3135851352193702 0.4211415933443396 0.012321298350585708 0.010202764670622866
0 0.32886797400251866 0.4194700355363511 0.00892519094643135 0.009831316019705938
0 0.35716952072197017 0.4163745588341291 0.008925190946431627 0.009831316019705938
0 0.5247147294359102 0.3980493310547417 0.00892513170235587 0.009831309539895583
0 0.5388655027956359 0.3965015927036306 0.010057226747816284 0.009955132236678266
0 0.5535823236780919 0.39489194300412833 0.012321298350585708 0.01020276467062281
0 0.6503736359713652 0.38430541022020115 0.00892513170235576 0.009831309539895583
1 0.6923224804565438 0.38028437450068897 0.009050222929077756 0.010951911234640732
1 0.7890512652541424 0.36913756887147453 0.010057197125778461 0.009955128996773033
1 0.817352826784613 0.3660420905492999 0.01005719712577835 0.009955128996773033
0 0.4414455973662716 0.4065897359885766 0.01244638957730737 0.01132336636536807
0 0.4974827025265203 0.40046068745271357 0.011314353775922714 0.011199550148395798
1 0.735215760138397 0.3744586760262573 0.009050222929077423 0.010951911234640788
1 0.8037055257122186 0.3669676199445521 0.010182288352500235 0.011075730691518237
1 0.623016521141921 0.3855961945454658 0.009050222929077645 0.010951911234640788
0 0.3425183627533213 0.41343998251227826 0.011057936721586281 0.018919768062412357
1 0.4550366236615705 0.3948949080126708 0.007918127883617176 0.01082808853785805
0 0.299756471449826 0.410177252086231 0.010057226747816284 0.009955132236678266
1 0.7746565835839059 0.3582351357218521 0.011189262549200829 0.010078948453650538
1 0.7888699025569925 0.35724769821811375 0.007918157505654833 0.010828091777763282
1 0.8153482780322747 0.3532173770085481 0.008800047088968643 0.008710767089226135
1 0.8930790428922315 0.35152113948847213 0.023885864201990015 0.023643521448414195
0 0.3290649660506079 0.4058373870943294 0.012321298350585819 0.010202764670622866
0 0.6358538663810742 0.37228240499787146 0.010057226747816284 0.009955132236678266
0 0.6495011674534685 0.3713568756026192 0.010182317974538169 0.01107573393142347
0 0.6902554042085309 0.36689938811464984 0.010182317974538058 0.01107573393142347
1 0.8018260796909538 0.355263476856555 0.009175314155799197 0.012072512929386048
1 0.02567232123448493 0.43902090434034446 0.008293394950448008 0.014189834378017852
1 0.20818764727810368 0.4162226737601814 0.015592439629504629 0.009453683830491222
1 0.2697662328496386 0.3981449613738479 0.009932142134429056 0.008834589786008873
0 0.2822189228852494 0.39678295058810054 0.00993214213442939 0.008834589786008928
1 0.36605407285558034 0.3881806375457794 0.01005722674781645 0.009955132236678321
1 0.3829724197274449 0.38576305456495985 0.009932142134429112 0.008834589786008873
1 0.4950466004259044 0.373504960733139 0.009932142134429167 0.008834589786008928
1 0.6059887157009414 0.3613706863581956 0.009932142134429278 0.008834589786008873
1 0.6190074236372445 0.3599467674639621 0.008800047088968643 0.008710767089226246
1 0.6750444991754554 0.3538177221680042 0.009932142134429278 0.008834589786008873
1 0.8137846740715934 0.3392101816666502 0.00892513170235576 0.009831309539895583
0 0.4513996429945729 0.37771172725792 0.008925190946431683 0.009831316019705938
0 0.4785691539126399 0.37474006677267035 0.011189262549200996 0.010078948453650538
0 0.6473089703566961 0.35685129076174016 0.011314353775922936 0.011199550148395743
1 0.6891952725351811 0.35226998381689323 0.009050222929077756 0.010951911234640732
1 0.7032835035882135 0.3501619742404476 0.010057226747816395 0.009955132236678266
0 0.7859865996394733 0.34168344941301343 0.010182288352500235 0.011075730691518237
1 0.8000748455035245 0.3395754382166152 0.00892513170235576 0.009831309539895527
1 0.8838474424549849 0.3304128251368978 0.008925146513374727 0.009831311159848144
0 0.43775237154421665 0.37863725341326704 0.009050282173153346 0.010951917714451143
0 0.7310190324069725 0.3471284056467117 0.0114394450026446 0.012320151843141058
1 0.5086376267212033 0.3618101327572332 0.007918187127692766 0.01082809501766846
1 0.6581949358245117 0.34658658188078273 0.008168362967801768 0.013069239163083002
1 0.7846731715189006 0.3299173982165301 0.010057197125778461 0.009955128996772977
1 0.8345433270455531 0.33013415640750643 0.02376077297526835 0.022522919753669046
1 0.8956152793884282 0.31778312465156305 0.010057197125778461 0.009955128996772977
1 0.33184517010139114 0.3845495372783434 0.023885834579951748 0.023643518208509073
0 0.3663136105170305 0.3751082899511303 0.01131435377592288 0.011199550148395743
0 0.39285455792104407 0.37163823672699425 0.010057226747816284 0.009955132236678321
1 0.47719318017870643 0.36241371472881445 0.011189262549201051 0.010078948453650594
0 0.4925385645752157 0.36130245776819847 0.012446389577307482 0.011323366365368015
1 0.5282579434354752 0.36306692468824786 0.022753798778567313 0.0235197019915368
0 0.6044876573536209 0.34792379186367034 0.009932142134429167 0.008834589786008928
0 0.6175689075966175 0.3470601441947715 0.01118926254920094 0.010078948453650649
1 0.67184535750402 0.34055655523884265 0.011064177935813935 0.0089584060029812
0 0.6877567564945541 0.3393833605477027 0.00892513170235576 0.009831309539895583
0 0.7013415119535875 0.3378975303050778 0.008925131702355649 0.009831309539895638
1 0.7976293519595294 0.32793320647700935 0.009050222929077645 0.010951911234640788
0 0.8122836124176056 0.325763257550087 0.00892513170235576 0.009831309539895527
1 0.8622162991426874 0.32654028818136244 0.022753806184076852 0.023519702801513054
1 0.3797733076780474 0.37250188439589305 0.009050282173153235 0.010951917714451143
1 0.5553648824248105 0.3595349962175687 0.02287888339195443 0.02464024444220614
1 0.021100296814192065 0.4083288913605443 0.010182317974538058 0.011075733931423526
1 0.837952050177333 0.30934470419026466 0.00892513170235576 0.009831309539895527
0 0.8662536043022941 0.30624922667806637 0.011189262549201051 0.010078948453650538
1 0.8814738974720815 0.3040173680227052 0.009932112512391233 0.008834586546103751
0 0.27909171496388685 0.3687685599043048 0.00993214213442939 0.008834589786008984
0 0.2949405716477276 0.36703509398783013 0.00993214213442939 0.008834589786008928
0 0.30739326168333825 0.3656730832020828 0.00993214213442939 0.008834589786008928
1 0.32267610046648676 0.36400152539409425 0.008800106333044844 0.008710773569036656
0 0.5185854015132392 0.34314112175985745 0.01118926254920094 0.010078948453650538
0 0.5468244026193299 0.3394853442102629 0.011064177935813824 0.008958406002981312
1 0.6866341121365487 0.32419368178470614 0.009932142134429278 0.008834589786008928
1 0.6996528200728518 0.32276976289047266 0.008800047088968643 0.008710767089226246
1 0.7823559046197601 0.31429126930502904 0.01118926254920094 0.010078948453650538
1 0.853109801040427 0.30655257430956884 0.01005719712577835 0.009955128996773088
1 0.020227857918333314 0.39538035350305717 0.01093908670909205 0.007837804308235996
1 0.5320450690522183 0.34053471944452535 0.00892513170235576 0.009831309539895638
1 0.207018089964344 0.37495020467646784 0.009175373399875175 0.012072519409196403
0 0.2652567540427064 0.3680132492414203 0.012696565417416372 0.013564510510782668
1 0.440854658869811 0.3448373568500046 0.02376074335323014 0.022522916513763813
1 0.49689173440802176 0.33870831155404674 0.02262870755184554 0.022399100296791596
1 0.6089658854844433 0.32645022096213105 0.02262870755184565 0.022399100296791596
0 0.684754636493246 0.31248954193661416 0.011189262549200829 0.010078948453650483
1 0.7827405746343215 0.3023394889232295 0.007918157505654944 0.010828091777763282
1 0.8026110704953697 0.30583745462169665 0.025017929625412605 0.0237673409052917
0 0.8377081418668222 0.29689453268953125 0.009175314155799419 0.012072512929385881
1 0.01778233805896756 0.3837381546253945 0.00880010633304451 0.008710773569036656
0 0.33431883797552375 0.3502512840780428 0.010182317974537947 0.01107573393142347
1 0.38475503771823927 0.35040610129858984 0.02275379877856737 0.0235197019915368
1 0.46852764207520925 0.3412434874088961 0.02275379877856737 0.023519701991536746
1 0.5159522744358287 0.3298180171001718 0.00892513170235587 0.009831309539895527
1 0.5294119419748078 0.32721161478483973 0.01093908670909216 0.007837804308236052
0 0.6285924730349806 0.31749801515986475 0.010057226747816284 0.00995513223667821
1 0.664374397508601 0.3198227829272867 0.022753798778567424 0.023519701991536746
0 0.8646900003416127 0.2922420313361685 0.011314353775922825 0.011199550148395798
0 0.8799728391247611 0.29057047352818 0.010182288352500235 0.011075730691518293
0 0.8926131593871198 0.2908893060404746 0.012821686266175969 0.01468511544543305
0 0.3216785144064977 0.3499324219437102 0.010057226747816173 0.009955132236678266
1 0.3563908894480183 0.35294131325528755 0.02287888339195454 0.02464024444220614
1 0.8076553461489224 0.28430197237176597 0.00867495586224687 0.0075901653944809855
0 0.5998593877782703 0.3064624770633114 0.009932142134429056 0.008834589786008928
0 0.6123120481918432 0.3051004695174693 0.00993214213442939 0.008834589786008873
0 0.8217435738952872 0.2821939331732824 0.009932112512391345 0.008834586546103695
1 0.8348248422559703 0.28133031350646887 0.00892513170235576 0.009831309539895583
1 0.8630638507675705 0.277674535146898 0.00880006189998761 0.008710768709178696
0 0.8908619251996907 0.27520126740053474 0.01005719712577835 0.009955128996773088
1 0.319548892545124 0.3359871347102985 0.00880010633304451 0.008710773569036545
0 0.527344865726795 0.31382662839880054 0.012321298350585597 0.010202764670622866
0 0.37445387303787425 0.3299819121111234 0.010182317974538169 0.01107573393142347
0 0.38803865811894567 0.3284960786285933 0.010182317974538113 0.011075733931423526
1 0.44514522715184757 0.32168294589032853 0.008925190946431627 0.009831316019705993
0 0.48709410125906405 0.3176619069309111 0.01131435377592277 0.011199550148395743
0 0.6552678734870573 0.29983507189041025 0.010307409201259832 0.01219633562616873
0 0.3324425125613727 0.33344264374335775 0.010182317974538169 0.011075733931423526
0 0.3466558611564974 0.3324552029997142 0.009175373399875175 0.012072519409196403
1 0.716905880758172 0.2874221279760992 0.02262870755184543 0.022399100296791485
1 0.7723143779713106 0.2807946915612075 0.022503622938458423 0.021278557846122148
1 0.8611218476285931 0.2654101224535188 0.009932112512391345 0.00883458654610364
1 0.8764046864117416 0.26373856464553025 0.00880006189998761 0.008710768709178807
1 0.6330707011658031 0.2960244442583254 0.022753798778567313 0.023519701991536746
0 0.6676642887455727 0.2877037625240093 0.012696565417416261 0.013564510510782612
1 0.688479216496628 0.28939703584551907 0.02262870755184554 0.022399100296791485
0 0.8067828628200068 0.27135343937413664 0.007918157505655055 0.010828091777763227
0 0.834077446847109 0.26950235258154687 0.012696595039454195 0.013564513750687845
0 0.8474745539617082 0.26633565103879475 0.01005719712577835 0.009955128996773144
0 0.8887948308339915 0.2618162530124103 0.008925146513374727 0.0098313111598482
1 0.2684215836749944 0.3347736239034925 0.022753798778567424 0.02351970199153669
1 0.2967231303944461 0.3316781472012705 0.022753798778567313 0.023519701991536746
1 0.318110376504497 0.32310051144110796 0.008925190946431572 0.009831316019705938
0 0.3740849097360144 0.3164111949198154 0.009932142134429167 0.008834589786008984
1 0.4714422399299799 0.30576275402740205 0.007667952043508119 0.008586944392443507
1 0.6532633395457381 0.28701035672970576 0.009050222929077534 0.010951911234640732
0 0.7936390521526302 0.2716567878156154 0.013578484622767895 0.011447189062150753
1 0.3310665421341067 0.3211163213215398 0.010182317974537891 0.011075733931423415
0 0.35823605305217365 0.3181446608362901 0.010182317974538169 0.01107573393142347
0 0.5167247383787328 0.3008099887119227 0.016974651270997954 0.011818644192878036
0 0.37661175809549935 0.2979867046849131 0.016724475430889174 0.009577500047463494
0 0.4944087489736895 0.2856697912738497 0.012321298350585708 0.010202764670622866
1 0.5238423907386016 0.28245049187484506 0.010057226747816284 0.00995513223667821
1 0.7751601889984928 0.25496265182571654 0.01005719712577835 0.009955128996773033
1 0.5169249102780116 0.28207283654340276 0.010057226747816284 0.009955132236678266
1 0.6267349601296259 0.2700623816253369 0.010057226747816173 0.009955132236678266
1 0.26642959140620603 0.30153091327622616 0.011189262549201162 0.010078948453650538
1 0.29573808600698787 0.2971910482843246 0.008675015106322959 0.0075901718742913404
1 0.4378744423623748 0.28221205103229063 0.009932142134429167 0.008834589786008873
1 0.32341107251905354 0.29359720846525406 0.009932142134429167 0.008834589786008928
1 0.5475594042939347 0.26908102404151746 0.009932142134429167 0.008834589786008928
1 0.8583104965788328 0.23509267789586968 0.011064177935813935 0.008958406002981173
1 0.35215360515655164 0.2893192154799903 0.008800106333044622 0.008710773569036656
1 0.37875703892985024 0.28640946958303715 0.009932142134429167 0.008834589786008928
1 0.5208933952852371 0.27143047233100315 0.011189262549201162 0.010078948453650594
1 0.7960470686173071 0.24190272939467752 0.011314353775922714 0.011199550148395743
1 0.8832158692445451 0.23236865713435131 0.00678610689325132 0.010704273940838394
0 0.0026851951706979293 0.31593712186060474 0.005370390341395859 0.007837804308236052
1 0.011409131447823684 0.31637977058987166 0.006786092082232131 0.010704272320885777
0 0.028956101077817487 0.31446057386812815 0.012696565417416372 0.013564510510782557
1 0.005889584152447613 0.2925969439938115 0.009807054214374777 0.007714017713301602
0 0.7139976276228466 0.2100435951638459 0.009932142134429167 0.0088345897860089
1 0.8255683047586029 0.19840769871677 0.008925135009023255 0.009831339161933489
1 0.5185918021700928 0.23028181946426185 0.008800047088968754 0.008710767089226135
0 0.5339371849132684 0.22917054769262699 0.010057230054483668 0.009955161858716144
0 0.8673920629770608 0.19326610573556952 0.011314353775922714 0.01119955014839577
0 0.4630582005725471 0.2357886706153799 0.008925194253099011 0.0098313456417439
0 0.590415220054155 0.22185901897557048 0.010057230054483668 0.009955161858716172
1 0.6034964719504854 0.22099538611769065 0.009050222929077645 0.010951911234640732
1 0.7014198496671811 0.21028503387688596 0.010182317974537836 0.011075733931423498
0 0.49016516753058675 0.23225672409377657 0.011314353775922714 0.011199550148395743
0 0.6736217768883949 0.21275831643426812 0.011439441695977104 0.012320122221103041
0 0.6866405144467359 0.21133439430012946 0.01257147749736176 0.012443938438075342
0 0.3507964176160438 0.2463659030982347 0.011314353775922714 0.01119955014839577
1 0.004958746256293278 0.28195147968105444 0.009917492512586557 0.013316878076838012
1 0.8457609266741852 0.18939359799708394 0.02262870755184565 0.022399100296791513
0 0.7125591115822196 0.1971569718946553 0.010057230054483557 0.009955161858716172
1 0.7833130080028865 0.1894182768991951 0.011189265855868435 0.010078978075688472
1 0.09822772038458838 0.2626479796071861 0.008800106333044524 0.0087107735690366
0 0.4197959559355003 0.2280436370874846 0.011189265855868435 0.010078978075688472
0 0.4358324461527564 0.22799104409108983 0.009300458013262125 0.013193061859865685
1 0.4616822284919474 0.22346233338254293 0.011189265855868269 0.010078978075688472
1 0.4758955458117004 0.22247488106778557 0.010182317974538058 0.011075733931423443
1 0.518913913413608 0.21776975466606124 0.007918187127692877 0.01082809501766846
1 0.5895427219142205 0.20891048759789377 0.011064177935813824 0.0089584060029812
1 0.6032525652933083 0.2085452294279762 0.009050222929077534 0.01095191123464076
1 0.651424607873808 0.20894771842422133 0.023885831273284808 0.023643488586471084
0 0.698911812163159 0.1980825161009265 0.010182317974538058 0.01107573393142347
0 0.797401237402585 0.18731025251173045 0.010182288352500124 0.011075730691518265
0 0.8675890937060311 0.17963346805468527 0.012446419199345304 0.011323369605273276
1 0.3150770354491171 0.24460140655614737 0.02388583127328492 0.02364348858647114
0 0.3482258065299564 0.23360310252582678 0.010939090015759767 0.007837833930274013
1 0.48935521335067944 0.21986847875245347 0.010182317974538169 0.011075733931423443
0 0.6840699329826863 0.19857159048781636 0.01244638957730737 0.01132336636536807
0 0.2652694551578634 0.2449449459726385 0.012821653337470984 0.014685082583489883
0 0.2513719502766561 0.24362934927340033 0.010182317974538058 0.01107573393142347
1 0.004461513529855798 0.26508093123788323 0.008923027059711597 0.008958406002981256
1 0.8371579029086773 0.16878365995342448 0.011189265855868324 0.0100789780756885
0 0.642318110167635 0.1889599745254017 0.008925135009023144 0.009831339161933489
0 0.6559028656266683 0.18747414428277684 0.008925135009023033 0.009831339161933461
0 0.6989212332285761 0.18276901788105251 0.011189265855868435 0.010078978075688472
1 0.7130719991827923 0.1812212803399178 0.00779308439661941 0.009707521325008572
1 0.7798636740269895 0.17391595263355256 0.007793069585600443 0.009707519705055956
0 0.7952090567701651 0.1728046808619177 0.011314353775922714 0.011199550148395743
0 0.8105544395133407 0.17169340909028283 0.014835637966245097 0.01269158059173553
0 0.34666220256927505 0.2195959071839289 0.011064177935814101 0.008958406002981228
0 0.5018172948296694 0.20319297298673733 0.008925135009023144 0.009831339161933489
0 0.2911286585624716 0.22510273704421763 0.008925194253099011 0.009831345641743844
0 0.3058454202008518 0.22349309382452565 0.008925194253099011 0.009831345641743872
0 0.5431375791074621 0.19867357415037662 0.010307405894592447 0.012196306004130714
1 0.8777245151891676 0.16264531354641792 0.011564529616031605 0.013440694293810285
0 0.27741878556134575 0.22546799845404036 0.011189265855868435 0.0100789780756885
0 0.24779757116042794 0.22700643326417375 0.011564529616031494 0.013440694293810368
1 0.14113354008563883 0.23640427085517363 0.006786092082232464 0.010704272320885777
0 0.22371150543712115 0.226805193625909 0.009425545933316765 0.014313633932572983
1 0.5996218538092426 0.18115303612892542 0.010057230054483668 0.009955161858716172
1 0.7105014177187428 0.1684584765276047 0.0099321273234102 0.008834588166056312
0 0.7673547108676169 0.16450867964966534 0.010432464192609014 0.013316874836932835
0 0.8193044826614795 0.15769241394909989 0.014710550046190485 0.011571008519028286
1 0.4518220513829625 0.20185564272305373 0.022628707551845484 0.02239910029679157
1 0.4801861716844792 0.19932044881728017 0.022753795471899985 0.02351967236949884
1 0.5010073702718 0.19080472440550902 0.010057230054483668 0.0099551618587162
0 0.5410704715840776 0.18528857619322373 0.010939090015759545 0.00783783393027393
0 0.6822624223648279 0.17211423845620405 0.012571477497361983 0.01244393843807537
1 0.6969166696652188 0.16994430596025323 0.010182317974537947 0.011075733931423443
0 0.83729239708313 0.15459073542621032 0.012446419199345415 0.011323369605273276
1 0.3679869030659652 0.21045797057639382 0.02275379547190004 0.023519672369498812
0 0.5145295521487683 0.18875861136643574 0.010182317974538169 0.01107573393142347
1 0.2607599763509313 0.2148132338402109 0.01005723005448389 0.009955161858716172
1 0.2771749101795403 0.21301785333543968 0.011189265855868546 0.010078978075688472
1 0.28849550516969047 0.21177966524647504 0.011189265855868546 0.010078978075688472
1 0.3337780036184435 0.20682689993099568 0.011189265855868435 0.010078978075688472
1 0.24818219674193243 0.215054657742232 0.010057230054483862 0.009955161858716144
0 0.044163957733625414 0.22999645378997632 0.01357842537869225 0.011447182582340398
1 0.5962350786043918 0.16621099627968394 0.008800047088968643 0.00871076708922619
0 0.63862488434558 0.16100749195009212 0.010057230054483668 0.009955161858716172
0 0.6527756577053057 0.1594597535989811 0.008925135009023144 0.009831339161933461
0 0.42850223801037013 0.1828553659500104 0.008925194253099011 0.0098313456417439
0 0.4981240690076144 0.1752404904114277 0.010057230054483501 0.009955161858716172
0 0.5831538267080615 0.1670746291375638 0.010307405894592447 0.012196306004130797
0 0.24655604882122384 0.2004871763639805 0.010057230054483668 0.0099551618587162
0 0.2602033778623224 0.19956162891780407 0.010182317974538169 0.01107573393142347
0 0.31510835835507267 0.19355640631862892 0.011314353775922825 0.011199550148395798
0 0.3575607080562879 0.1889131880253907 0.010182317974538169 0.011075733931423498
0 0.47139551603888963 0.17702965266455983 0.011439441695977048 0.012320122221103097
1 0.48611230729930777 0.17542000620496268 0.009175310849131924 0.012072483307348086
0 0.37221498497871675 0.18674325228953476 0.012571477497362038 0.012443938438075314
1 0.8668010948585623 0.13151372983690263 0.02262870755184554 0.022399100296791555
0 0.18008335720791874 0.2003849373288093 0.012446389577307593 0.01132336636536807
1 0.748816439171585 0.14214975875677233 0.011057907099548459 0.018919764822507096
1 0.7846014859056527 0.13937004408852538 0.02376077297526813 0.022522919753669074
1 0.8123995586844391 0.13689676153114316 0.02275379547189993 0.02351967236949884
1 0.8331582116583991 0.1278207362719994 0.009932112512391345 0.008834586546103668
1 0.6163651697176322 0.1566365930926727 0.02489283839869072 0.02264673921054655
1 0.6383184041063377 0.1479970524639292 0.00993214213442939 0.0088345897860089
1 0.7007663359353218 0.14797235713084647 0.023885831273284697 0.02364348858647114
1 0.532529991778597 0.16523892418591796 0.02501792631874511 0.02376731128325385
0 0.5817153106674344 0.1541880058683732 0.010182317974538058 0.01107573393142347
0 0.5953625804644572 0.1532624649020072 0.010307405894592447 0.012196306004130741
1 0.3371241663258433 0.1854771484863339 0.023885831273284808 0.023643488586471084
0 0.4134164521727205 0.17089428364718584 0.008925194253098956 0.009831345641743872
0 0.427001178009716 0.1694084566444662 0.0089251942530989 0.009831345641743844
0 0.4547992507885024 0.16693517408708397 0.010182317974538058 0.011075733931423498
0 0.4700820895716508 0.16526361627909547 0.011314353775922714 0.011199550148395743
1 0.24398549697921224 0.18772436931176217 0.00993214213442939 0.008834589786008928
1 0.2576327667762349 0.18679882834539618 0.010057230054483668 0.0099551618587162
1 0.2803959849668858 0.19054752981807063 0.023885831273284586 0.02364348858647114
1 0.1780162809599058 0.18699995094277017 0.011314353775922714 0.01119955014839577
0 0.45216609574238775 0.15361208747832245 0.012196213737198702 0.0090822222199535
0 0.8309660310259792 0.11331516462218666 0.011314353775922714 0.011199550148395757
0 0.8592675851509401 0.11021968710998833 0.011314353775922825 0.011199550148395757
0 0.8717828191465782 0.10941796236059462 0.011439441695977326 0.012320122221103014
0 0.6485163843605204 0.1315691823720629 0.011189265855868324 0.0100789780756885
1 0.3109742025523797 0.16678640392451277 0.011064177935813713 0.008958406002981228
1 0.43895975427266926 0.15335513345247606 0.0089251942530989 0.009831345641743872
1 0.5374491795120953 0.14258286986328003 0.008925135009023033 0.009831339161933461
1 0.6088316690688533 0.13534256436680106 0.011314353775922714 0.011199550148395798
0 0.3284586282223462 0.16430692116641565 0.012321301657253092 0.010202794292660827
1 0.3686468470767162 0.15991134178693245 0.008925194253099122 0.009831345641743872
1 0.4813495600138573 0.1481516291228842 0.010182317974538169 0.01107573393142347
0 0.22531897397628875 0.16934939326372653 0.009300458013262292 0.013193061859865685
1 0.86977827039424 0.09659324881984278 0.009932112512391345 0.008834586546103695
1 0.7543047802239083 0.11432729745900777 0.02376077297526824 0.022522919753669032
0 0.8436782957505875 0.09888080219190876 0.010057200432445845 0.009955158618810953
1 0.1177762052006715 0.17600770878144434 0.014335315908065138 0.008209295540811623
1 0.5860684508782026 0.13159386289412664 0.02262870755184565 0.022399100296791555
1 0.6346877222443099 0.12060485592497325 0.008925135009023144 0.009831339161933517
1 0.6699035991951998 0.12299153504078658 0.02275379547190015 0.023519672369498854
1 0.4178321067214779 0.14886042994919813 0.023760743353230196 0.02252291651376384
1 0.5022333025612054 0.1401961907474667 0.02275379547190004 0.023519672369498784
1 0.522551027207861 0.1323026604805353 0.009050222929077423 0.01095191123464076
1 0.6901587798818283 0.11453771873750154 0.009175310849131924 0.012072483307348045
0 0.35374863552840596 0.14963113888399812 0.009050282173153568 0.010951917714451198
0 0.3672083310360892 0.14702471851774185 0.011064177935814046 0.008958406002981228
0 0.43859078931747564 0.13978440145014914 0.008925194253099011 0.0098313456417439
1 0.4522380607678321 0.13885887529480206 0.009050282173153401 0.01095191771445117
0 0.5343125818006871 0.12988198897047204 0.012446389577307482 0.011323366365368057
1 0.29808994435747216 0.15401740315138995 0.008925194253099011 0.0098313456417439
0 0.4679618575003226 0.13600481925469599 0.013578484622768006 0.011447189062150753
0 0.2833731827190922 0.15562704637108188 0.00917537009320779 0.012072489787158414
1 0.32739849820232997 0.14967753167967796 0.011189265855868213 0.0100789780756885
1 0.9470743582903169 0.08587049569668478 0.012064885991449725 0.01792301235854793
1 0.002097346832646174 0.18060439594728256 0.004194693665292348 0.011323366365368043
1 0.11243804857114947 0.16411473478782085 0.009175370093207777 0.012072489787158414
1 0.754633177941375 0.0916062407130831 0.009807022939003263 0.0077139996623774715
1 0.5333775392873918 0.11637316785368691 0.0067860929088990884 0.010704279726395233
0 0.7782813894447671 0.0878854644429565 0.01684959214631443 0.010698067954566515
1 0.5041972536271118 0.11672911137436266 0.010057230054483723 0.0099551618587162
1 0.839350215015019 0.08063894185194151 0.010182288352500235 0.011075730691518265
1 0.002037952688437261 0.17058111837385578 0.004075905376874522 0.009453683830491222
0 0.4430033249124529 0.12285505980986824 0.016974651270997954 0.011818644192878106
1 0.665831958557163 0.09678182932843873 0.012321301657252981 0.010202794292660827
1 0.7479690235500454 0.08836522904046235 0.011314353775922714 0.011199550148395784
1 0.33439106429547816 0.130197477580912 0.00905028217315329 0.01095191771445117
1 0.9004972427088547 0.048430209286263806 0.00691119481330571 0.011824846013545609
1 0.3649224002005894 0.08035357293775075 0.011946036243756175 0.006841063263519992
1 0.03454781710240551 0.11818961525788683 0.01030740589459245 0.012196306004130741
1 0.8754824546843301 0.024511156641351242 0.010182288352500124 0.011075730691518269
1 0.5645125157341211 0.005344651977261609 0.009050223135744329 0.010689303954523218
1 0.5483509381909774 0.005152718888475668 0.011439442367644048 0.010305437776951335
