1 0.1435079574584961 0.994363009929657 0.011389493942260742 0.006764411926269531
1 0.9567198194563389 0.994363009929657 0.01138952374458313 0.006764411926269531
1 0.19589978456497192 0.9949266910552979 0.006833672523498535 0.010146617889404297
1 0.9948747153393924 0.9921082258224487 0.010250569321215153 0.006764411926269531
1 0.41571754217147827 0.9904171228408813 0.009111642837524414 0.005636930465698242
1 0.23690205812454224 0.9904171228408813 0.011389493942260742 0.00789177417755127
0 0.9829157176427543 0.9904171228408813 0.011389522813260555 0.010146617889404297
1 0.6765375733375549 0.9791432023048401 0.011389493942260742 0.005636930465698242
1 0.011389493942260742 0.9526493549346924 0.011389493942260742 0.013528704643249512
1 0.5671981871128082 0.9441938996315002 0.011389493942260742 0.005636930465698242
1 0.9282460138201714 0.9430665373802185 0.009111613035202026 0.00789177417755127
1 0.07232344150543213 0.9114994406700134 0.012528419494628906 0.00789177417755127
1 0.285876989364624 0.9103720188140869 0.009111642837524414 0.00789177417755127
0 0.2978360056877136 0.9092446565628052 0.010250568389892578 0.010146617889404297
0 0.3132118582725525 0.9092446565628052 0.009111642837524414 0.010146617889404297
1 0.3274487257003784 0.9092446565628052 0.00797271728515625 0.010146617889404297
0 0.4555808901786804 0.9069898724555969 0.009111642837524414 0.00789177417755127
1 0.4681093096733093 0.9064261317253113 0.009111642837524414 0.009019136428833008
1 0.48462414741516113 0.9064261317253113 0.010250568389892578 0.009019136428833008
1 0.5119589865207672 0.9058624505996704 0.007972657680511475 0.00789177417755127
1 0.4971526116132736 0.9052987694740295 0.007972687482833862 0.009019136428833008
1 0.5250569581985474 0.9052987694740295 0.009111642837524414 0.009019136428833008
0 0.5683371424674988 0.9052987694740295 0.009111642837524414 0.009019136428833008
0 0.748291589319706 0.9036076664924622 0.01366741955280304 0.010146617889404297
0 0.8046697080135345 0.9030439853668213 0.010250568389892578 0.009019136428833008
1 0.6936218738555908 0.9024802446365356 0.009111642837524414 0.010146617889404297
1 0.22494304180145264 0.9013528823852539 0.012528419494628906 0.010146617889404297
1 0.8337129801511765 0.9013528823852539 0.009111613035202026 0.010146617889404297
1 0.7921412289142609 0.9002254605293274 0.007972657680511475 0.010146617889404297
0 0.916287012398243 0.8990980982780457 0.010250568389892578 0.010146617889404297
1 0.285876989364624 0.8957158923149109 0.009111642837524414 0.00789177417755127
1 0.2984054684638977 0.8962795734405518 0.009111642837524414 0.009019136428833008
0 0.03872436285018921 0.8962795734405518 0.009111642837524414 0.011273980140686035
0 0.3559225797653198 0.89515221118927 0.00797271728515625 0.009019136428833008
1 0.48405468463897705 0.8928974270820618 0.009111642837524414 0.009019136428833008
0 0.5108200311660767 0.8940247893333435 0.010250568389892578 0.011273980140686035
1 0.5461275577545166 0.89853435754776 0.02164006233215332 0.020293116569519043
0 0.4960136413574219 0.8917700052261353 0.010250568389892578 0.009019136428833008
0 0.5808655917644501 0.8923336863517761 0.009111642837524414 0.010146617889404297
1 0.5683371424674988 0.8912063241004944 0.009111642837524414 0.010146617889404297
1 0.7152619659900665 0.8962795734405518 0.020501136779785156 0.020293116569519043
0 0.6810933947563171 0.8900789022445679 0.009111642837524414 0.010146617889404297
1 0.75 0.889515221118927 0.010250568389892578 0.009019136428833008
0 0.8058086633682251 0.8889515399932861 0.007972657680511475 0.010146617889404297
0 0.821184515953064 0.8878241181373596 0.009111613035202026 0.00789177417755127
1 0.8337129801511765 0.8883877992630005 0.009111613035202026 0.009019136428833008
0 0.861617311835289 0.8906426429748535 0.010250568389892578 0.013528704643249512
1 0.8900911137461662 0.8883877992630005 0.007972672581672668 0.009019136428833008
0 0.8764236867427826 0.8872604370117188 0.007972657680511475 0.009019136428833008
1 0.9709567204117775 0.8883877992630005 0.005694761872291565 0.011273980140686035
0 0.12072890996932983 0.8878241181373596 0.009111642837524414 0.012401342391967773
0 0.9043280184268951 0.8866967558860779 0.009111613035202026 0.010146617889404297
0 0.2989749312400818 0.8799323439598083 0.010250568389892578 0.010146617889404297
0 0.35535305738449097 0.8799323439598083 0.009111642837524414 0.010146617889404297
0 0.4561503529548645 0.8788049817085266 0.010250568389892578 0.00789177417755127
0 0.3416856527328491 0.8793686628341675 0.009111642837524414 0.011273980140686035
0 0.3832573890686035 0.8793686628341675 0.010250568389892578 0.011273980140686035
0 0.39920270442962646 0.8788049817085266 0.012528419494628906 0.010146617889404297
0 0.5518223345279694 0.8771138787269592 0.010250568389892578 0.009019136428833008
0 0.5791571736335754 0.8776775598526001 0.012528479099273682 0.010146617889404297
1 0.6628701686859131 0.8765501976013184 0.011389493942260742 0.00789177417755127
0 0.2596811056137085 0.8771138787269592 0.006833672523498535 0.011273980140686035
1 0.7209567129611969 0.8754227757453918 0.009111642837524414 0.00789177417755127
0 0.748291589319706 0.8759864568710327 0.011389508843421936 0.009019136428833008
0 0.27050113677978516 0.8765501976013184 0.00797271728515625 0.012401342391967773
1 0.624715268611908 0.8754227757453918 0.010250568389892578 0.010146617889404297
0 0.8496583104133606 0.874859094619751 0.01138952374458313 0.009019136428833008
1 0.6936218738555908 0.8742953538894653 0.009111642837524414 0.010146617889404297
0 0.7084282338619232 0.874859094619751 0.011389493942260742 0.011273980140686035
0 0.8206150382757187 0.8737316727638245 0.007972657680511475 0.009019136428833008
0 0.6793849766254425 0.8737316727638245 0.010250568389892578 0.011273980140686035
1 0.861617311835289 0.8726043105125427 0.007972657680511475 0.009019136428833008
0 0.6378132104873657 0.8737316727638245 0.011389493942260742 0.013528704643249512
1 0.3206150531768799 0.8731679916381836 0.02164006233215332 0.02142047882080078
0 0.35535305738449097 0.8669673204421997 0.009111642837524414 0.009019136428833008
0 0.3980637788772583 0.8664035797119141 0.010250568389892578 0.010146617889404297
1 0.4829156994819641 0.8658398985862732 0.009111642837524414 0.011273980140686035
1 0.518223226070404 0.8703494668006897 0.020501136779785156 0.020293116569519043
1 0.6235763132572174 0.8635851144790649 0.007972657680511475 0.009019136428833008
1 0.22266513109207153 0.8624577522277832 0.017084240913391113 0.009019136428833008
0 0.652050107717514 0.8618940114974976 0.010250568389892578 0.010146617889404297
1 0.6930523812770844 0.8613303303718567 0.007972657680511475 0.009019136428833008
0 0.7505694776773453 0.8618940114974976 0.006833702325820923 0.010146617889404297
1 0.7984054684638977 0.8669673204421997 0.020501136779785156 0.020293116569519043
0 0.7101366817951202 0.8613303303718567 0.012528479099273682 0.011273980140686035
1 0.7374715209007263 0.8607666492462158 0.010250568389892578 0.010146617889404297
0 0.8200455605983734 0.8607666492462158 0.009111613035202026 0.010146617889404297
0 0.8490888327360153 0.8607666492462158 0.010250568389892578 0.010146617889404297
1 0.9100227802991867 0.8664035797119141 0.020501136779785156 0.02142047882080078
1 0.03701597452163696 0.8556933403015137 0.005694746971130371 0.009019136428833008
1 0.12072890996932983 0.8528748750686646 0.009111642837524414 0.010146617889404297
0 0.31435078382492065 0.8528748750686646 0.011389493942260742 0.010146617889404297
1 0.22380411624908447 0.8506200909614563 0.012528419494628906 0.00789177417755127
1 0.3274487257003784 0.8511837720870972 0.00797271728515625 0.009019136428833008
0 0.37984055280685425 0.8511837720870972 0.014806389808654785 0.009019136428833008
1 0.019931674003601074 0.8489289879798889 0.005694746971130371 0.009019136428833008
1 0.5398633182048798 0.8489289879798889 0.011389493942260742 0.009019136428833008
0 0.5780182182788849 0.8494926691055298 0.014806389808654785 0.010146617889404297
0 0.5108200311660767 0.8483652472496033 0.007972657680511475 0.010146617889404297
0 0.7374715209007263 0.8478015661239624 0.010250568389892578 0.009019136428833008
1 0.7215262055397034 0.8466742038726807 0.010250568389892578 0.009019136428833008
0 0.8325740247964859 0.8466742038726807 0.009111613035202026 0.009019136428833008
1 0.07004553079605103 0.8444194197654724 0.010250568389892578 0.006764411926269531
1 0.26138949394226074 0.846110463142395 0.010250568389892578 0.010146617889404297
0 0.7505694776773453 0.846110463142395 0.006833702325820923 0.010146617889404297
0 0.7915717512369156 0.846110463142395 0.009111613035202026 0.010146617889404297
1 0.8194760829210281 0.8455467820167542 0.007972657680511475 0.009019136428833008
0 0.8610478341579437 0.8449831008911133 0.009111613035202026 0.010146617889404297
1 0.08712983131408691 0.8421645760536194 0.010250568389892578 0.006764411926269531
0 0.9179954454302788 0.842728316783905 0.009111613035202026 0.010146617889404297
1 0.2910022735595703 0.846110463142395 0.02164006233215332 0.02142047882080078
0 0.32630980014801025 0.8387824296951294 0.010250568389892578 0.011273980140686035
1 0.3490888476371765 0.8449831008911133 0.02164006233215332 0.02367532253265381
1 0.3832573890686035 0.8376550078392029 0.010250568389892578 0.009019136428833008
1 0.4048975110054016 0.8438556790351868 0.02164006233215332 0.02142047882080078
1 0.4612756371498108 0.842728316783905 0.020501136779785156 0.02142047882080078
1 0.4897494316101074 0.842728316783905 0.020501136779785156 0.02142047882080078
1 0.16059225797653198 0.837091326713562 0.01594531536102295 0.012401342391967773
1 0.5130979418754578 0.8348365426063538 0.010250568389892578 0.00789177417755127
1 0.5677676498889923 0.8342728018760681 0.010250568389892578 0.009019136428833008
1 0.5797266662120819 0.8342728018760681 0.009111642837524414 0.009019136428833008
1 0.6862186789512634 0.8404735326766968 0.02164006233215332 0.02142047882080078
0 0.7078587710857391 0.8393461108207703 0.010250568389892578 0.019165754318237305
0 0.7357631027698517 0.8359639048576355 0.011389493942260742 0.012401342391967773
0 0.6526196002960205 0.8342728018760681 0.011389493942260742 0.011273980140686035
1 0.7215262055397034 0.8337091207504272 0.007972657680511475 0.010146617889404297
0 0.8046697080135345 0.8325817584991455 0.010250568389892578 0.00789177417755127
1 0.12015944719314575 0.831454336643219 0.00797271728515625 0.00789177417755127
0 0.8325740247964859 0.8325817584991455 0.009111613035202026 0.010146617889404297
1 0.8826879262924194 0.8382186889648438 0.020501136779785156 0.02142047882080078
0 0.84851935505867 0.8308906555175781 0.009111613035202026 0.009019136428833008
1 0.9048974961042404 0.8308906555175781 0.010250568389892578 0.009019136428833008
0 0.28530752658843994 0.8241262435913086 0.010250568389892578 0.011273980140686035
1 0.3132118582725525 0.8229988813400269 0.009111642837524414 0.009019136428833008
0 0.3422551155090332 0.8229988813400269 0.010250568389892578 0.009019136428833008
0 0.41116172075271606 0.822435200214386 0.009111642837524414 0.00789177417755127
0 0.4829156994819641 0.8213077783584595 0.009111642837524414 0.00789177417755127
1 0.15660589933395386 0.8207440972328186 0.010250568389892578 0.009019136428833008
0 0.4664009213447571 0.8213077783584595 0.010250568389892578 0.010146617889404297
0 0.49658316373825073 0.8207440972328186 0.009111642837524414 0.009019136428833008
1 0.5113895237445831 0.8207440972328186 0.009111642837524414 0.009019136428833008
1 0.5239180028438568 0.8207440972328186 0.009111642837524414 0.009019136428833008
0 0.3274487257003784 0.8213077783584595 0.010250568389892578 0.012401342391967773
1 0.1389521360397339 0.820180356502533 0.006833672523498535 0.012401342391967773
0 0.6907745003700256 0.8196166753768921 0.014806389808654785 0.011273980140686035
1 0.9168564900755882 0.8162344694137573 0.009111613035202026 0.009019136428833008
0 0.8052391856908798 0.8162344694137573 0.009111613035202026 0.011273980140686035
1 0.16571754217147827 0.8156707882881165 0.00797271728515625 0.0146561861038208
0 0.2984054684638977 0.8117249011993408 0.011389493942260742 0.011273980140686035
0 0.3132118582725525 0.8111612200737 0.009111642837524414 0.010146617889404297
0 0.34111618995666504 0.8100337982177734 0.010250568389892578 0.010146617889404297
1 0.37699317932128906 0.8156707882881165 0.020501136779785156 0.02142047882080078
1 0.08712983131408691 0.8089064359664917 0.00797271728515625 0.010146617889404297
0 0.3986332416534424 0.8083427548408508 0.009111642837524414 0.009019136428833008
0 0.412300705909729 0.8089064359664917 0.009111642837524414 0.010146617889404297
1 0.46753984689712524 0.8077790141105652 0.00797271728515625 0.00789177417755127
0 0.48177677392959595 0.8083427548408508 0.009111642837524414 0.009019136428833008
1 0.23974943161010742 0.8072153329849243 0.005694746971130371 0.009019136428833008
1 0.45501136779785156 0.8077790141105652 0.010250568389892578 0.010146617889404297
0 0.4948747307062149 0.8077790141105652 0.012528449296951294 0.010146617889404297
1 0.5512528419494629 0.8066516518592834 0.009111642837524414 0.00789177417755127
1 0.5734624266624451 0.8128523230552673 0.02164006233215332 0.02254796028137207
0 0.6372437477111816 0.8072153329849243 0.010250568389892578 0.011273980140686035
0 0.678815484046936 0.8072153329849243 0.009111642837524414 0.011273980140686035
0 0.6930523812770844 0.8060879111289978 0.007972657680511475 0.009019136428833008
1 0.1042141318321228 0.8038331270217896 0.010250568389892578 0.006764411926269531
1 0.7431663051247597 0.8111612200737 0.021640077233314514 0.02142047882080078
0 0.7910022735595703 0.8066516518592834 0.010250568389892578 0.012401342391967773
1 0.8052391856908798 0.8043968677520752 0.006833702325820923 0.00789177417755127
1 0.8268792778253555 0.8111612200737 0.020501136779785156 0.02142047882080078
1 0.8542141169309616 0.8105975389480591 0.020501136779785156 0.020293116569519043
0 0.8889521658420563 0.8038331270217896 0.010250568389892578 0.009019136428833008
1 0.9037585407495499 0.8038331270217896 0.010250568389892578 0.009019136428833008
0 0.9174259677529335 0.8043968677520752 0.010250568389892578 0.010146617889404297
1 0.12015944719314575 0.8027057647705078 0.00797271728515625 0.009019136428833008
1 0.1554669737815857 0.799323558807373 0.00797271728515625 0.009019136428833008
1 0.31947606801986694 0.7948139905929565 0.014806389808654785 0.009019136428833008
0 0.08599090576171875 0.7959413528442383 0.012528419494628906 0.013528704643249512
0 0.4054669737815857 0.79368656873703 0.01594531536102295 0.009019136428833008
1 0.46469247341156006 0.79368656873703 0.009111642837524414 0.009019136428833008
1 0.5210706293582916 0.7931228876113892 0.010250568389892578 0.010146617889404297
1 0.5495444238185883 0.7931228876113892 0.010250568389892578 0.010146617889404297
1 0.5700455605983734 0.7925592064857483 0.005694746971130371 0.009019136428833008
1 0.16628700494766235 0.7948139905929565 0.009111642837524414 0.01578354835510254
0 0.660592257976532 0.7908681035041809 0.011389493942260742 0.010146617889404297
1 0.23974943161010742 0.7891770005226135 0.005694746971130371 0.009019136428833008
1 0.8798405416309834 0.7891770005226135 0.010250575840473175 0.009019136428833008
1 0.12129843235015869 0.7886133193969727 0.005694746971130371 0.010146617889404297
1 0.40375852584838867 0.7835400104522705 0.010250568389892578 0.009019136428833008
1 0.4584282636642456 0.7835400104522705 0.00797271728515625 0.009019136428833008
1 0.571184515953064 0.7818489074707031 0.010250568389892578 0.00789177417755127
1 0.5210706293582916 0.7801578640937805 0.010250568389892578 0.006764411926269531
0 0.5478360056877136 0.7801578640937805 0.013667404651641846 0.006764411926269531
1 0.63382688164711 0.7818489074707031 0.010250568389892578 0.010146617889404297
1 0.7443052530288696 0.7807215452194214 0.010250568389892578 0.00789177417755127
1 0.6554669737815857 0.7801578640937805 0.010250568389892578 0.009019136428833008
1 0.7118450999259949 0.7807215452194214 0.009111642837524414 0.010146617889404297
1 0.1548975110054016 0.7784667611122131 0.006833672523498535 0.00789177417755127
0 0.6822323501110077 0.7801578640937805 0.009111642837524414 0.011273980140686035
1 0.7380410134792328 0.779030442237854 0.009111642837524414 0.009019136428833008
1 0.9088838249444962 0.7795941233634949 0.009111613035202026 0.010146617889404297
1 0.7961275577545166 0.7784667611122131 0.009111613035202026 0.010146617889404297
1 0.8217539936304092 0.7784667611122131 0.005694746971130371 0.010146617889404297
1 0.8490888327360153 0.7784667611122131 0.005694746971130371 0.010146617889404297
1 0.8821184448897839 0.7784667611122131 0.014806382358074188 0.010146617889404297
0 0.054100215435028076 0.7756482362747192 0.010250568389892578 0.009019136428833008
1 0.1383826732635498 0.7660654187202454 0.010250568389892578 0.005636930465698242
1 0.08712983131408691 0.7626832127571106 0.010250568389892578 0.005636930465698242
1 0.07061505317687988 0.7632468938827515 0.009111642837524414 0.013528704643249512
1 0.019931674003601074 0.7491544485092163 0.00797271728515625 0.00789177417755127
1 0.13781321048736572 0.7384442090988159 0.011389493942260742 0.006764411926269531
1 0.284168541431427 0.7395715713500977 0.00797271728515625 0.009019136428833008
1 0.12015944719314575 0.7384442090988159 0.00797271728515625 0.009019136428833008
0 0.3126423954963684 0.7390078902244568 0.010250568389892578 0.010146617889404297
1 0.3399772047996521 0.7384442090988159 0.00797271728515625 0.009019136428833008
0 0.35307514667510986 0.7390078902244568 0.011389493942260742 0.010146617889404297
0 0.4544419050216675 0.7373167872428894 0.011389493942260742 0.009019136428833008
1 0.0558086633682251 0.7350620031356812 0.011389493942260742 0.006764411926269531
0 0.5096811056137085 0.7361894249916077 0.007972657680511475 0.009019136428833008
0 0.5381549000740051 0.7361894249916077 0.007972657680511475 0.009019136428833008
1 0.6913439631462097 0.735625684261322 0.009111642837524414 0.00789177417755127
0 0.4954441785812378 0.7361894249916077 0.009111642837524414 0.011273980140686035
1 0.5797266662120819 0.735625684261322 0.009111642837524414 0.010146617889404297
1 0.6224373579025269 0.7350620031356812 0.007972657680511475 0.009019136428833008
1 0.678815484046936 0.7350620031356812 0.009111642837524414 0.009019136428833008
0 0.7186788022518158 0.735625684261322 0.011389493942260742 0.010146617889404297
1 0.8473804146051407 0.7344983220100403 0.009111613035202026 0.00789177417755127
0 0.03701597452163696 0.7339345812797546 0.010250568389892578 0.009019136428833008
0 0.7471526339650154 0.7350620031356812 0.011389508843421936 0.011273980140686035
0 0.790432795882225 0.7339345812797546 0.009111613035202026 0.009019136428833008
0 0.8320045620203018 0.7344983220100403 0.010250568389892578 0.010146617889404297
0 0.8764236867427826 0.7344983220100403 0.010250568389892578 0.010146617889404297
0 0.7334851920604706 0.7333709001541138 0.009111642837524414 0.010146617889404297
0 0.8889521658420563 0.7328072190284729 0.007972657680511475 0.011273980140686035
1 0.11902052164077759 0.7277339100837708 0.00797271728515625 0.00789177417755127
1 0.2984054684638977 0.7260428667068481 0.009111642837524414 0.009019136428833008
1 0.28473806381225586 0.7249154448509216 0.009111642837524414 0.009019136428833008
0 0.3126423954963684 0.7254791259765625 0.010250568389892578 0.010146617889404297
0 0.3838268518447876 0.7254791259765625 0.009111642837524414 0.010146617889404297
0 0.4533029794692993 0.7260428667068481 0.011389493942260742 0.011273980140686035
1 0.05751711130142212 0.7249154448509216 0.005694746971130371 0.011273980140686035
0 0.46753984689712524 0.7237880229949951 0.00797271728515625 0.009019136428833008
0 0.5250569581985474 0.7249154448509216 0.0068337321281433105 0.011273980140686035
0 0.5108200311660767 0.7232243418693542 0.010250568389892578 0.010146617889404297
0 0.6224373579025269 0.7232243418693542 0.010250568389892578 0.010146617889404297
1 0.678246021270752 0.7226606607437134 0.007972657680511475 0.009019136428833008
0 0.7067198157310486 0.7215332388877869 0.007972657680511475 0.009019136428833008
0 0.7482915744185448 0.7220969796180725 0.00911162793636322 0.010146617889404297
1 0.7910022735595703 0.720969557762146 0.007972657680511475 0.00789177417755127
0 0.8052391856908798 0.7226606607437134 0.009111613035202026 0.011273980140686035
0 0.9168564900755882 0.7204058766365051 0.009111613035202026 0.009019136428833008
0 0.8764236867427826 0.7198421359062195 0.012528479099273682 0.010146617889404297
0 0.9048974961042404 0.7187147736549377 0.010250568389892578 0.00789177417755127
1 0.284168541431427 0.7108229994773865 0.00797271728515625 0.00789177417755127
1 0.11788153648376465 0.7108229994773865 0.005694746971130371 0.010146617889404297
1 0.29726654291152954 0.7102593183517456 0.009111642837524414 0.009019136428833008
0 0.3251708149909973 0.7102593183517456 0.010250568389892578 0.009019136428833008
1 0.07061505317687988 0.7080045342445374 0.011389493942260742 0.006764411926269531
0 0.22437357902526855 0.70969557762146 0.009111642837524414 0.010146617889404297
0 0.3980637788772583 0.7091318964958191 0.010250568389892578 0.009019136428833008
1 0.5671981871128082 0.7091318964958191 0.009111642837524414 0.009019136428833008
1 0.4681093096733093 0.7085682153701782 0.006833672523498535 0.010146617889404297
1 0.5233485102653503 0.7080045342445374 0.007972657680511475 0.009019136428833008
0 0.5506833791732788 0.7080045342445374 0.010250568389892578 0.009019136428833008
1 0.6224373579025269 0.7074407935142517 0.007972657680511475 0.00789177417755127
1 0.6349658370018005 0.7080045342445374 0.010250568389892578 0.009019136428833008
0 0.6907745003700256 0.7068771123886108 0.010250568389892578 0.009019136428833008
1 0.705580860376358 0.70631343126297 0.007972657680511475 0.00789177417755127
0 0.7482915744185448 0.7068771123886108 0.00911162793636322 0.009019136428833008
1 0.8587699383497238 0.70631343126297 0.009111613035202026 0.00789177417755127
0 0.4538724422454834 0.7074407935142517 0.012528419494628906 0.012401342391967773
0 0.8468109369277954 0.7057496905326843 0.010250568389892578 0.009019136428833008
1 0.8741457909345627 0.7057496905326843 0.007972657680511475 0.009019136428833008
0 0.916287012398243 0.7057496905326843 0.010250568389892578 0.009019136428833008
1 0.36845099925994873 0.70631343126297 0.00797271728515625 0.0146561861038208
0 0.580296128988266 0.7051860094070435 0.010250568389892578 0.0146561861038208
1 0.07061505317687988 0.7001127600669861 0.011389493942260742 0.006764411926269531
0 0.8046697080135345 0.7040586471557617 0.010250568389892578 0.0146561861038208
1 0.037585437297821045 0.6995490193367004 0.011389493942260742 0.00789177417755127
0 0.7340546548366547 0.7029312252998352 0.010250568389892578 0.0146561861038208
0 0.02164006233215332 0.6989853382110596 0.009111642837524414 0.011273980140686035
1 0.28473806381225586 0.6972942352294922 0.009111642837524414 0.00789177417755127
1 0.46753984689712524 0.6967305541038513 0.00797271728515625 0.009019136428833008
0 0.4829156994819641 0.6956031322479248 0.011389493942260742 0.009019136428833008
1 0.5102505683898926 0.6956031322479248 0.009111642837524414 0.009019136428833008
0 0.5227790474891663 0.6950394511222839 0.009111642837524414 0.00789177417755127
1 0.5660592317581177 0.6961668729782104 0.009111642837524414 0.010146617889404297
0 0.5518223345279694 0.6950394511222839 0.010250568389892578 0.010146617889404297
1 0.6218678951263428 0.6950394511222839 0.009111642837524414 0.010146617889404297
1 0.6349658370018005 0.6944757699966431 0.010250568389892578 0.009019136428833008
1 0.678815484046936 0.6944757699966431 0.009111642837524414 0.009019136428833008
1 0.6913439631462097 0.6944757699966431 0.009111642837524414 0.009019136428833008
1 0.7067198157310486 0.6944757699966431 0.010250568389892578 0.009019136428833008
0 0.7488610446453094 0.6950394511222839 0.010250568389892578 0.012401342391967773
1 0.7910022735595703 0.6933483481407166 0.010250568389892578 0.009019136428833008
1 0.8189066052436829 0.6933483481407166 0.009111613035202026 0.009019136428833008
0 0.8314350843429565 0.6939120888710022 0.009111613035202026 0.010146617889404297
0 0.8462414592504501 0.6939120888710022 0.009111613035202026 0.010146617889404297
1 0.9026195928454399 0.6939120888710022 0.007972672581672668 0.010146617889404297
1 0.1600227952003479 0.6854565739631653 0.00797271728515625 0.006764411926269531
0 0.03929382562637329 0.6843292117118835 0.00797271728515625 0.013528704643249512
1 0.1389521360397339 0.6837655305862427 0.006833672523498535 0.012401342391967773
1 0.284168541431427 0.6820744276046753 0.00797271728515625 0.009019136428833008
0 0.32687926292419434 0.6815106868743896 0.009111642837524414 0.010146617889404297
1 0.3690205216407776 0.6809470057487488 0.009111642837524414 0.009019136428833008
0 0.6224373579025269 0.6809470057487488 0.010250568389892578 0.009019136428833008
1 0.6355352997779846 0.6803833246231079 0.009111642837524414 0.00789177417755127
1 0.6776765286922455 0.6803833246231079 0.009111642837524414 0.00789177417755127
1 0.020501136779785156 0.6809470057487488 0.009111642837524414 0.011273980140686035
0 0.31150341033935547 0.6809470057487488 0.010250568389892578 0.011273980140686035
1 0.48120731115341187 0.679819643497467 0.00797271728515625 0.009019136428833008
0 0.5512528419494629 0.6803833246231079 0.009111642837524414 0.010146617889404297
1 0.6634396314620972 0.679819643497467 0.010250568389892578 0.009019136428833008
0 0.6902050077915192 0.6803833246231079 0.011389493942260742 0.010146617889404297
1 0.7477220892906189 0.6792559027671814 0.007972657680511475 0.00789177417755127
1 0.7910022735595703 0.679819643497467 0.010250568389892578 0.009019136428833008
1 0.9048974961042404 0.6792559027671814 0.010250568389892578 0.00789177417755127
0 0.4686788320541382 0.679819643497467 0.00797271728515625 0.011273980140686035
1 0.6497721970081329 0.6792559027671814 0.007972657680511475 0.010146617889404297
1 0.8582004606723785 0.6786922216415405 0.010250568389892578 0.009019136428833008
0 0.8735763132572174 0.6786922216415405 0.009111613035202026 0.009019136428833008
0 0.8308656066656113 0.6781285405158997 0.012528479099273682 0.010146617889404297
0 0.8041002303361893 0.6764374375343323 0.01138952374458313 0.01578354835510254
1 0.10364466905593872 0.6696730256080627 0.009111642837524414 0.006764411926269531
1 0.28473806381225586 0.6691093444824219 0.009111642837524414 0.00789177417755127
0 0.2978360056877136 0.6702367663383484 0.00797271728515625 0.010146617889404297
0 0.3132118582725525 0.668545663356781 0.009111642837524414 0.009019136428833008
0 0.3690205216407776 0.668545663356781 0.011389493942260742 0.011273980140686035
1 0.38211846351623535 0.6674182415008545 0.00797271728515625 0.009019136428833008
1 0.3974943161010742 0.6679819822311401 0.009111642837524414 0.010146617889404297
0 0.41116172075271606 0.6679819822311401 0.009111642837524414 0.010146617889404297
1 0.46697038412094116 0.6668545603752136 0.009111642837524414 0.00789177417755127
1 0.5108200311660767 0.6674182415008545 0.010250568389892578 0.009019136428833008
1 0.5227790474891663 0.6674182415008545 0.009111642837524414 0.009019136428833008
0 0.5381549000740051 0.668545663356781 0.010250568389892578 0.011273980140686035
1 0.5660592317581177 0.6668545603752136 0.009111642837524414 0.00789177417755127
0 0.6230068206787109 0.6674182415008545 0.009111642837524414 0.009019136428833008
1 0.6361047923564911 0.6674182415008545 0.007972657680511475 0.009019136428833008
1 0.5501138865947723 0.6662908792495728 0.009111642837524414 0.009019136428833008
0 0.6634396314620972 0.6662908792495728 0.007972657680511475 0.009019136428833008
0 0.7346241474151611 0.6662908792495728 0.011389493942260742 0.009019136428833008
1 0.8177676498889923 0.6662908792495728 0.009111613035202026 0.009019136428833008
1 0.8320045620203018 0.6662908792495728 0.007972657680511475 0.009019136428833008
0 0.9168564900755882 0.6657271981239319 0.009111613035202026 0.00789177417755127
0 0.6793849766254425 0.6657271981239319 0.012528479099273682 0.010146617889404297
1 0.707289308309555 0.6645997762680054 0.009111642837524414 0.00789177417755127
0 0.8462414592504501 0.6657271981239319 0.01138952374458313 0.010146617889404297
0 0.8735763132572174 0.6651634573936462 0.009111613035202026 0.009019136428833008
1 0.053530752658843994 0.6623449921607971 0.009111642837524414 0.00789177417755127
0 0.22494304180145264 0.6589627861976624 0.010250568389892578 0.010146617889404297
1 0.13724374771118164 0.6555805802345276 0.00797271728515625 0.00789177417755127
0 0.11902052164077759 0.6578354239463806 0.010250568389892578 0.0146561861038208
0 0.32574033737182617 0.6544532179832458 0.009111642837524414 0.00789177417755127
0 0.36845099925994873 0.653889536857605 0.00797271728515625 0.009019136428833008
0 0.38211846351623535 0.653889536857605 0.00797271728515625 0.009019136428833008
1 0.410592257976532 0.653889536857605 0.00797271728515625 0.009019136428833008
1 0.5096811056137085 0.6533257961273193 0.010250568389892578 0.00789177417755127
1 0.3399772047996521 0.6527621150016785 0.00797271728515625 0.009019136428833008
0 0.48234623670578003 0.6527621150016785 0.010250568389892578 0.009019136428833008
1 0.4960136413574219 0.6527621150016785 0.00797271728515625 0.009019136428833008
1 0.5381549000740051 0.6527621150016785 0.010250568389892578 0.009019136428833008
1 0.6355352997779846 0.6521984338760376 0.009111642837524414 0.00789177417755127
0 0.6623006761074066 0.6516347527503967 0.010250568389892578 0.009019136428833008
1 0.7477220892906189 0.6516347527503967 0.007972657680511475 0.009019136428833008
1 0.8183371275663376 0.6505073308944702 0.007972657680511475 0.009019136428833008
1 0.8456719815731049 0.6505073308944702 0.010250568389892578 0.009019136428833008
1 0.9014806374907494 0.6505073308944702 0.007972672581672668 0.009019136428833008
0 0.8593394011259079 0.6505073308944702 0.010250568389892578 0.011273980140686035
0 0.916287012398243 0.6499436497688293 0.010250568389892578 0.010146617889404297
0 0.2984054684638977 0.6510710120201111 0.009111642837524414 0.0146561861038208
0 0.678246021270752 0.6493799090385437 0.012528479099273682 0.013528704643249512
1 0.03701597452163696 0.6459977626800537 0.00797271728515625 0.009019136428833008
1 0.3690205216407776 0.6409244537353516 0.009111642837524414 0.00789177417755127
1 0.4533029794692993 0.6409244537353516 0.009111642837524414 0.010146617889404297
0 0.46753984689712524 0.6414881348609924 0.010250568389892578 0.011273980140686035
0 0.509111613035202 0.6403607726097107 0.009111642837524414 0.009019136428833008
1 0.5649202764034271 0.6403607726097107 0.009111642837524414 0.009019136428833008
0 0.5791571736335754 0.6403607726097107 0.010250568389892578 0.009019136428833008
0 0.5375854074954987 0.6397970914840698 0.009111642837524414 0.010146617889404297
1 0.6634396314620972 0.6392333507537842 0.010250568389892578 0.009019136428833008
1 0.7477220892906189 0.6386696696281433 0.007972657680511475 0.00789177417755127
0 0.6497721970081329 0.6386696696281433 0.010250568389892578 0.010146617889404297
0 0.790432795882225 0.6386696696281433 0.01138952374458313 0.010146617889404297
1 0.8189066052436829 0.6375422477722168 0.009111613035202026 0.00789177417755127
1 0.9168564900755882 0.6375422477722168 0.009111613035202026 0.00789177417755127
1 0.8462414592504501 0.6369785666465759 0.009111613035202026 0.009019136428833008
0 0.888382688164711 0.6369785666465759 0.009111613035202026 0.009019136428833008
1 0.020501136779785156 0.6347237825393677 0.009111642837524414 0.006764411926269531
1 0.053530752658843994 0.6313415765762329 0.009111642837524414 0.006764411926269531
1 0.07004553079605103 0.6324689984321594 0.010250568389892578 0.009019136428833008
0 0.34624147415161133 0.6273956894874573 0.013667464256286621 0.00789177417755127
1 0.31435078382492065 0.6262683272361755 0.009111642837524414 0.00789177417755127
1 0.5484054684638977 0.625140905380249 0.010250568389892578 0.00789177417755127
1 0.5774487555027008 0.625140905380249 0.0068337321281433105 0.010146617889404297
1 0.6560364365577698 0.6240135431289673 0.01594531536102295 0.00789177417755127
0 0.9066059216856956 0.625140905380249 0.009111613035202026 0.010146617889404297
1 0.8843963518738747 0.6234498023986816 0.010250568389892578 0.009019136428833008
1 0.8530751764774323 0.6228861212730408 0.013667434453964233 0.010146617889404297
1 0.0654897689819336 0.6155580878257751 0.005694746971130371 0.011273980140686035
1 0.34339410066604614 0.6155580878257751 0.010250568389892578 0.011273980140686035
1 0.6566059291362762 0.6144306659698486 0.014806389808654785 0.009019136428833008
0 0.7391799688339233 0.6138669848442078 0.01594531536102295 0.00789177417755127
0 0.46013665199279785 0.6121758818626404 0.013667464256286621 0.006764411926269531
1 0.5466970503330231 0.6138669848442078 0.011389493942260742 0.010146617889404297
1 0.5677676498889923 0.6138669848442078 0.005694746971130371 0.010146617889404297
0 0.9128701612353325 0.6138669848442078 0.010250568389892578 0.010146617889404297
1 0.06890660524368286 0.5969560146331787 0.010250568389892578 0.005636930465698242
1 0.08656036853790283 0.5963923335075378 0.009111642837524414 0.009019136428833008
0 0.36845099925994873 0.5698985457420349 0.010250568389892578 0.00789177417755127
0 0.5210706293582916 0.5698985457420349 0.010250568389892578 0.010146617889404297
0 0.5768792629241943 0.5698985457420349 0.012528479099273682 0.010146617889404297
1 0.6617312133312225 0.569334864616394 0.011389493942260742 0.009019136428833008
1 0.8587699383497238 0.5687711238861084 0.009111613035202026 0.00789177417755127
1 0.8855353072285652 0.5687711238861084 0.010250568389892578 0.00789177417755127
1 0.6349658370018005 0.5682074427604675 0.007972657680511475 0.009019136428833008
1 0.8308656066656113 0.5682074427604675 0.007972657680511475 0.009019136428833008
0 0.7181093394756317 0.5682074427604675 0.010250568389892578 0.011273980140686035
1 0.7334851920604706 0.5676437616348267 0.009111642837524414 0.010146617889404297
0 0.8023917973041534 0.5676437616348267 0.012528479099273682 0.010146617889404297
1 0.8166286945343018 0.567080020904541 0.009111613035202026 0.009019136428833008
1 0.8724373579025269 0.567080020904541 0.009111613035202026 0.009019136428833008
1 0.7477220892906189 0.5665163397789001 0.010250568389892578 0.012401342391967773
1 0.23861050605773926 0.563697874546051 0.005694746971130371 0.011273980140686035
1 0.3468109369277954 0.563697874546051 0.02164006233215332 0.020293116569519043
1 0.5085421502590179 0.5569334626197815 0.007972657680511475 0.009019136428833008
0 0.36845099925994873 0.5563697814941406 0.010250568389892578 0.010146617889404297
0 0.3974943161010742 0.5563697814941406 0.009111642837524414 0.010146617889404297
0 0.4829156994819641 0.5563697814941406 0.011389493942260742 0.010146617889404297
1 0.5222095549106598 0.5558061003684998 0.007972657680511475 0.009019136428833008
1 0.6839407682418823 0.5620067715644836 0.02164006233215332 0.02142047882080078
1 0.705580860376358 0.5552424192428589 0.007972657680511475 0.00789177417755127
1 0.7334851920604706 0.5558061003684998 0.009111642837524414 0.009019136428833008
1 0.7465831339359283 0.5552424192428589 0.007972657680511475 0.00789177417755127
1 0.7892938554286957 0.5552424192428589 0.009111613035202026 0.00789177417755127
1 0.817198172211647 0.5558061003684998 0.007972657680511475 0.009019136428833008
1 0.8308656066656113 0.5552424192428589 0.007972657680511475 0.00789177417755127
0 0.9014806374907494 0.5558061003684998 0.010250568389892578 0.009019136428833008
0 0.5478360056877136 0.5546786785125732 0.011389493942260742 0.009019136428833008
0 0.624715268611908 0.5552424192428589 0.014806389808654785 0.010146617889404297
1 0.8029612749814987 0.5552424192428589 0.009111613035202026 0.010146617889404297
0 0.8587699383497238 0.5546786785125732 0.009111613035202026 0.009019136428833008
0 0.916287012398243 0.5574972033500671 0.010250568389892578 0.0146561861038208
1 0.32403188943862915 0.5422773361206055 0.010250568389892578 0.009019136428833008
0 0.339407742023468 0.5422773361206055 0.009111642837524414 0.009019136428833008
0 0.3536446690559387 0.541149914264679 0.010250568389892578 0.009019136428833008
0 0.46526193618774414 0.5417136549949646 0.010250568389892578 0.010146617889404297
1 0.5495444238185883 0.541149914264679 0.007972657680511475 0.009019136428833008
1 0.5654897391796112 0.5417136549949646 0.010250568389892578 0.010146617889404297
0 0.6771070659160614 0.541149914264679 0.007972657680511475 0.009019136428833008
0 0.7175398766994476 0.5417136549949646 0.011389493942260742 0.010146617889404297
1 0.8576309829950333 0.5405862331390381 0.009111613035202026 0.00789177417755127
0 0.2818906903266907 0.5405862331390381 0.00797271728515625 0.010146617889404297
0 0.535876989364624 0.5405862331390381 0.007972657680511475 0.010146617889404297
1 0.6907745003700256 0.5400225520133972 0.010250568389892578 0.009019136428833008
0 0.8308656066656113 0.5405862331390381 0.010250568389892578 0.010146617889404297
0 0.8724373579025269 0.5405862331390381 0.009111613035202026 0.010146617889404297
1 0.994305239059031 0.5298759937286377 0.01138952188193798 0.006764411926269531
1 0.2966970205307007 0.5298759937286377 0.00797271728515625 0.009019136428833008
0 0.31150341033935547 0.5287485718727112 0.00797271728515625 0.009019136428833008
1 0.3399772047996521 0.5281848907470703 0.010250568389892578 0.00789177417755127
1 0.35307514667510986 0.5287485718727112 0.009111642837524414 0.009019136428833008
1 0.4874715209007263 0.5349492430686951 0.020501136779785156 0.02142047882080078
1 0.5364464819431305 0.5287485718727112 0.009111642837524414 0.009019136428833008
1 0.6275626420974731 0.5343855619430542 0.020501136779785156 0.020293116569519043
1 0.4031890630722046 0.5343855619430542 0.020501136779785156 0.02254796028137207
0 0.4533029794692993 0.5281848907470703 0.009111642837524414 0.010146617889404297
0 0.46697038412094116 0.5281848907470703 0.009111642837524414 0.010146617889404297
0 0.5102505683898926 0.5281848907470703 0.011389493942260742 0.010146617889404297
1 0.5654897391796112 0.5270574688911438 0.010250568389892578 0.00789177417755127
0 0.5797266662120819 0.5304396748542786 0.009111642837524414 0.0146561861038208
1 0.6497721970081329 0.5281848907470703 0.010250568389892578 0.010146617889404297
1 0.6623006761074066 0.5276212096214294 0.010250568389892578 0.009019136428833008
1 0.739749439060688 0.5338218808174133 0.021640077233314514 0.02142047882080078
1 0.7961275577545166 0.5338218808174133 0.020501136779785156 0.02142047882080078
1 0.8451025038957596 0.5276212096214294 0.009111613035202026 0.009019136428833008
1 0.9083143472671509 0.5338218808174133 0.021640092134475708 0.02142047882080078
0 0.5484054684638977 0.5270574688911438 0.012528479099273682 0.010146617889404297
0 0.6896355450153351 0.5276212096214294 0.012528479099273682 0.011273980140686035
0 0.817198172211647 0.5276212096214294 0.010250568389892578 0.011273980140686035
1 0.830296128988266 0.5270574688911438 0.009111613035202026 0.010146617889404297
0 0.8587699383497238 0.5264937877655029 0.009111613035202026 0.009019136428833008
0 0.8724373579025269 0.5264937877655029 0.009111613035202026 0.009019136428833008
0 0.8872437328100204 0.5264937877655029 0.009111613035202026 0.009019136428833008
1 0.21753984689712524 0.5214205384254456 0.009111642837524414 0.00789177417755127
1 0.5649202764034271 0.5129650235176086 0.009111642837524414 0.009019136428833008
0 0.6486332714557648 0.5129650235176086 0.007972657680511475 0.009019136428833008
0 0.6623006761074066 0.5129650235176086 0.007972657680511475 0.009019136428833008
0 0.7329157292842865 0.5129650235176086 0.007972657680511475 0.009019136428833008
1 0.803530752658844 0.5124013423919678 0.007972657680511475 0.00789177417755127
0 0.8445330262184143 0.5118376612663269 0.007972657680511475 0.009019136428833008
1 0.8587699383497238 0.5124013423919678 0.009111613035202026 0.010146617889404297
0 0.22779041528701782 0.5101465582847595 0.011389493942260742 0.00789177417755127
0 0.8992027342319489 0.5107102394104004 0.007972657680511475 0.011273980140686035
0 0.6190204918384552 0.5095828771591187 0.007972657680511475 0.011273980140686035
1 0.3177676796913147 0.5073280930519104 0.020501136779785156 0.020293116569519043
0 0.36731207370758057 0.5022547990083694 0.010250568389892578 0.01014658808708191
1 0.7875854223966599 0.5016911029815674 0.007972657680511475 0.009019136428833008
0 0.38154900074005127 0.5011274367570877 0.009111642837524414 0.01014658808708191
0 0.3957858681678772 0.5005636811256409 0.00797271728515625 0.009019136428833008
1 0.4589977264404297 0.5067643374204636 0.020501136779785156 0.02142050862312317
1 0.5153758525848389 0.5067643374204636 0.02164006233215332 0.02142050862312317
1 0.5432801842689514 0.5067643374204636 0.020501136779785156 0.02142050862312317
0 0.5649202764034271 0.5 0.011389493942260742 0.00789177417755127
1 0.6486332714557648 0.5 0.007972657680511475 0.00789177417755127
0 0.6771070659160614 0.49943628907203674 0.010250568389892578 0.006764352321624756
1 0.7334851920604706 0.5 0.009111642837524414 0.00789177417755127
1 0.8023917973041534 0.5 0.010250568389892578 0.00789177417755127
1 0.8576309829950333 0.5 0.009111613035202026 0.00789177417755127
1 0.9145785868167877 0.5 0.009111613035202026 0.00789177417755127
0 0.7192482948303223 0.5045095682144165 0.010250568389892578 0.019165754318237305
1 0.8240318894386292 0.5062006860971451 0.021640092134475708 0.022547930479049683
1 0.8445330262184143 0.49943630397319794 0.007972657680511475 0.009019166231155396
1 0.879840549081564 0.5056369751691818 0.02164008468389511 0.02142050862312317
1 0.11104786396026611 0.49154454469680786 0.005694746971130371 0.011273980140686035
0 0.31150341033935547 0.48590755462646484 0.010250568389892578 0.009019136428833008
1 0.8735763132572174 0.4853438436985016 0.009111613035202026 0.00789177417755127
0 0.3525056838989258 0.4853438436985016 0.010250568389892578 0.010146558284759521
1 0.5222095549106598 0.4847801625728607 0.007972657680511475 0.009019136428833008
1 0.945899773389101 0.4853438436985016 0.007972665131092072 0.010146558284759521
0 0.6343963444232941 0.48421645164489746 0.011389493942260742 0.010146558284759521
1 0.6907745003700256 0.48421645164489746 0.007972657680511475 0.010146558284759521
0 0.6190204918384552 0.48308905959129333 0.007972657680511475 0.012401342391967773
1 0.8308656066656113 0.48139795660972595 0.007972657680511475 0.013528764247894287
1 0.2892938256263733 0.4791431725025177 0.020501136779785156 0.020293116569519043
0 0.5364464819431305 0.47350621223449707 0.009111642837524414 0.009019136428833008
0 0.32460135221481323 0.4729425013065338 0.009111642837524414 0.010146558284759521
1 0.3957858681678772 0.47237879037857056 0.00797271728515625 0.009019136428833008
0 0.4094533324241638 0.4729425013065338 0.00797271728515625 0.010146558284759521
0 0.4515945315361023 0.4746336042881012 0.010250568389892578 0.013528764247894287
1 0.571184515953064 0.47857949137687683 0.02164006233215332 0.021420538425445557
1 0.6560364365577698 0.47857949137687683 0.02277904748916626 0.021420538425445557
1 0.6913439631462097 0.4729425013065338 0.0068337321281433105 0.010146558284759521
0 0.7887243777513504 0.47237879037857056 0.007972657680511475 0.009019136428833008
1 0.8507972657680511 0.4780157804489136 0.02277904748916626 0.020293116569519043
0 0.870728924870491 0.47406989336013794 0.007972657680511475 0.012401342391967773
0 0.8855353072285652 0.47237879037857056 0.010250568389892578 0.009019136428833008
0 0.9014806374907494 0.47125139832496643 0.010250568389892578 0.006764352321624756
0 0.4071754217147827 0.45772266387939453 0.010250568389892578 0.009019136428833008
1 0.5130979418754578 0.45772266387939453 0.007972657680511475 0.009019136428833008
1 0.5677676498889923 0.45772266387939453 0.005694746971130371 0.009019136428833008
1 0.8593394011259079 0.4582863450050354 0.007972657680511475 0.010146558284759521
1 0.8809795007109642 0.4565952718257904 0.010250568389892578 0.009019136428833008
1 0.1287015676498413 0.4520856738090515 0.006833672523498535 0.006764352321624756
0 0.6315489709377289 0.447576105594635 0.010250568389892578 0.009019136428833008
1 0.7129840552806854 0.447576105594635 0.01594531536102295 0.009019136428833008
0 0.7995444238185883 0.44701239466667175 0.01594531536102295 0.00789177417755127
1 0.8308656066656113 0.44701239466667175 0.010250568389892578 0.00789177417755127
0 0.8582004606723785 0.4464487135410309 0.010250568389892578 0.009019136428833008
1 0.21924829483032227 0.4114994406700134 0.014806389808654785 0.009019136428833008
1 0.46469247341156006 0.4019165635108948 0.009111642837524414 0.00789177417755127
1 0.5205011367797852 0.4019165635108948 0.009111642837524414 0.00789177417755127
1 0.7887243777513504 0.4019165635108948 0.010250568389892578 0.00789177417755127
1 0.8849658295512199 0.40248027443885803 0.009111613035202026 0.009019136428833008
1 0.034168541431427 0.40078917145729065 0.011389493942260742 0.00789177417755127
0 0.32346242666244507 0.4013528823852539 0.011389493942260742 0.009019136428833008
0 0.33883827924728394 0.4013528823852539 0.00797271728515625 0.009019136428833008
0 0.36731207370758057 0.4013528823852539 0.00797271728515625 0.009019136428833008
0 0.535876989364624 0.4013528823852539 0.007972657680511475 0.009019136428833008
0 0.5501138865947723 0.4013528823852539 0.009111642837524414 0.009019136428833008
0 0.5649202764034271 0.4013528823852539 0.011389493942260742 0.009019136428833008
0 0.6623006761074066 0.4013528823852539 0.007972657680511475 0.009019136428833008
1 0.7044419050216675 0.4019165635108948 0.007972657680511475 0.010146558284759521
1 0.8018223196268082 0.4013528823852539 0.009111613035202026 0.009019136428833008
1 0.830296128988266 0.4013528823852539 0.009111613035202026 0.009019136428833008
0 0.4521639943122864 0.40078917145729065 0.011389493942260742 0.010146558284759521
0 0.5085421502590179 0.40078917145729065 0.010250568389892578 0.010146558284759521
1 0.7477220892906189 0.40078917145729065 0.007972657680511475 0.010146558284759521
1 0.8166286945343018 0.40078917145729065 0.009111613035202026 0.010146558284759521
1 0.6349658370018005 0.3996617794036865 0.007972657680511475 0.010146558284759521
0 0.35307514667510986 0.396843284368515 0.009111642837524414 0.01803833246231079
1 0.46697038412094116 0.39064261317253113 0.006833672523498535 0.010146558284759521
0 0.3109339475631714 0.38895151019096375 0.009111642837524414 0.009019136428833008
1 0.7887243777513504 0.38895151019096375 0.010250568389892578 0.009019136428833008
1 0.8029612749814987 0.389515221118927 0.006833702325820923 0.010146558284759521
1 0.8297266513109207 0.3883878290653229 0.007972657680511475 0.00789177417755127
1 0.9071753993630409 0.39515221118927 0.021640092134475708 0.021420538425445557
0 0.3405466675758362 0.3878241181373596 0.011389493942260742 0.009019136428833008
0 0.6492027342319489 0.3878241181373596 0.009111642837524414 0.009019136428833008
0 0.6628701686859131 0.3883878290653229 0.009111642837524414 0.010146558284759521
0 0.7038724422454834 0.3883878290653229 0.009111642837524414 0.010146558284759521
1 0.8160592317581177 0.38895151019096375 0.007972657680511475 0.011273980140686035
1 0.03530752658843994 0.3878241181373596 0.006833672523498535 0.013528764247894287
1 0.21924829483032227 0.3850056231021881 0.014806389808654785 0.00789177417755127
1 0.28246015310287476 0.37373167276382446 0.009111642837524414 0.00789177417755127
0 0.29498863220214844 0.37373167276382446 0.009111642837524414 0.00789177417755127
1 0.37927109003067017 0.3742953836917877 0.009111642837524414 0.009019136428833008
1 0.3963553309440613 0.37373167276382446 0.009111642837524414 0.00789177417755127
1 0.509111613035202 0.37373167276382446 0.009111642837524414 0.00789177417755127
1 0.6207289397716522 0.37373167276382446 0.009111642837524414 0.00789177417755127
1 0.63382688164711 0.37373167276382446 0.007972657680511475 0.00789177417755127
1 0.6902050077915192 0.37373167276382446 0.009111642837524414 0.00789177417755127
1 0.8297266513109207 0.3742953836917877 0.007972657680511475 0.009019136428833008
0 0.46526193618774414 0.3731679916381836 0.00797271728515625 0.009019136428833008
0 0.4925968050956726 0.3731679916381836 0.010250568389892578 0.009019136428833008
0 0.6623006761074066 0.37373167276382446 0.010250568389892578 0.010146558284759521
1 0.7044419050216675 0.37373167276382446 0.007972657680511475 0.010146558284759521
1 0.7186788022518158 0.3731679916381836 0.009111642837524414 0.009019136428833008
0 0.8018223196268082 0.37373167276382446 0.009111613035202026 0.010146558284759521
1 0.8160592317581177 0.3731679916381836 0.007972657680511475 0.009019136428833008
1 0.9003416821360588 0.3731679916381836 0.007972672581672668 0.009019136428833008
0 0.4515945315361023 0.37260428071022034 0.00797271728515625 0.010146558284759521
0 0.7465831339359283 0.3731679916381836 0.010250568389892578 0.011273980140686035
1 0.5239180028438568 0.36358511447906494 0.0068337321281433105 0.010146558284759521
1 0.6742596924304962 0.36471250653266907 0.0068337321281433105 0.012401342391967773
1 0.8018223196268082 0.36189401149749756 0.009111613035202026 0.009019136428833008
1 0.8513667434453964 0.3675310015678406 0.021640092134475708 0.020293116569519043
1 0.9134396389126778 0.36189401149749756 0.009111613035202026 0.009019136428833008
1 0.34567201137542725 0.3669672906398773 0.02164006233215332 0.021420538425445557
0 0.3809794783592224 0.3613303303718567 0.010250568389892578 0.010146558284759521
0 0.4077448844909668 0.36076661944389343 0.009111642837524414 0.009019136428833008
1 0.4925968050956726 0.36076661944389343 0.010250568389892578 0.009019136428833008
0 0.5079726576805115 0.3613303303718567 0.011389493942260742 0.010146558284759521
1 0.5432801842689514 0.3669672906398773 0.020501136779785156 0.021420538425445557
0 0.6207289397716522 0.36020293831825256 0.009111642837524414 0.00789177417755127
0 0.63382688164711 0.36076661944389343 0.010250568389892578 0.009019136428833008
1 0.6884965896606445 0.36020293831825256 0.010250568389892578 0.00789177417755127
0 0.7044419050216675 0.36076661944389343 0.007972657680511475 0.009019136428833008
0 0.7181093394756317 0.36076661944389343 0.007972657680511475 0.009019136428833008
1 0.8149202764034271 0.3613303303718567 0.007972657680511475 0.010146558284759521
0 0.8297266513109207 0.36076661944389343 0.007972657680511475 0.009019136428833008
1 0.8792710639536381 0.3669672906398773 0.020501144230365753 0.021420538425445557
1 0.39464694261550903 0.36020293831825256 0.00797271728515625 0.010146558284759521
1 0.5706150233745575 0.36640360951423645 0.020501136779785156 0.022547900676727295
1 0.034168541431427 0.3568207323551178 0.009111642837524414 0.010146558284759521
1 0.857061505317688 0.34723788499832153 0.007972657680511475 0.009019136428833008
0 0.8855353072285652 0.34723788499832153 0.010250568389892578 0.009019136428833008
1 0.9009111598134041 0.3466741740703583 0.009111613035202026 0.00789177417755127
0 0.29498863220214844 0.34554678201675415 0.009111642837524414 0.00789177417755127
0 0.3109339475631714 0.34554678201675415 0.009111642837524414 0.00789177417755127
0 0.32346242666244507 0.34554678201675415 0.009111642837524414 0.00789177417755127
1 0.33883827924728394 0.34554678201675415 0.00797271728515625 0.00789177417755127
0 0.535876989364624 0.3461104929447174 0.010250568389892578 0.009019136428833008
0 0.5643507838249207 0.34554678201675415 0.010250568389892578 0.00789177417755127
1 0.705011397600174 0.34554678201675415 0.009111642837524414 0.00789177417755127
1 0.7181093394756317 0.34554678201675415 0.007972657680511475 0.00789177417755127
1 0.8012528419494629 0.3461104929447174 0.010250568389892578 0.009019136428833008
1 0.8724373579025269 0.3461104929447174 0.009111613035202026 0.009019136428833008
1 0.03473806381225586 0.34385567903518677 0.010250568389892578 0.006764352321624756
1 0.5495444238185883 0.3449831008911133 0.007972657680511475 0.009019136428833008
1 0.22266513109207153 0.34385567903518677 0.00797271728515625 0.011273980140686035
0 0.2813211679458618 0.3432919979095459 0.011389493942260742 0.012401342391967773
1 0.4584282636642456 0.33934611082077026 0.02164006233215332 0.020293116569519043
1 0.5148063898086548 0.33934611082077026 0.020501136779785156 0.020293116569519043
1 0.6275626420974731 0.33934611082077026 0.020501136779785156 0.020293116569519043
0 0.7044419050216675 0.33370912075042725 0.010250568389892578 0.009019136428833008
1 0.8029612749814987 0.3342728316783905 0.006833702325820923 0.010146558284759521
1 0.8223234564065933 0.3399098217487335 0.02277904748916626 0.021420538425445557
0 0.8582004606723785 0.33483651280403137 0.007972657680511475 0.011273980140686035
1 0.03359907865524292 0.33201804757118225 0.00797271728515625 0.00789177417755127
0 0.3519362211227417 0.3331454396247864 0.009111642837524414 0.010146558284759521
1 0.4020501375198364 0.338782399892807 0.020501136779785156 0.021420538425445557
1 0.48633259534835815 0.338782399892807 0.020501136779785156 0.021420538425445557
1 0.5347380340099335 0.3325817286968231 0.007972657680511475 0.009019136428833008
1 0.5484054684638977 0.331454336643219 0.010250568389892578 0.006764352321624756
0 0.6480637788772583 0.3325817286968231 0.009111642837524414 0.009019136428833008
1 0.6833713054656982 0.338782399892807 0.020501136779785156 0.021420538425445557
0 0.8855353072285652 0.3331454396247864 0.010250568389892578 0.010146558284759521
0 0.9009111598134041 0.3331454396247864 0.009111613035202026 0.010146558284759521
0 0.9134396389126778 0.33483651280403137 0.01138952374458313 0.013528764247894287
0 0.339407742023468 0.331454336643219 0.009111642837524414 0.009019136428833008
1 0.373576283454895 0.33821871876716614 0.020501136779785156 0.022547900676727295
1 0.8297266513109207 0.3190529942512512 0.007972657680511475 0.006764352321624756
0 0.6207289397716522 0.31848928332328796 0.009111642837524414 0.00789177417755127
0 0.6332573890686035 0.31848928332328796 0.009111642837524414 0.00789177417755127
0 0.843963548541069 0.31848928332328796 0.009111613035202026 0.00789177417755127
1 0.857061505317688 0.3190529942512512 0.007972657680511475 0.009019136428833008
1 0.8855353072285652 0.31848928332328796 0.007972672581672668 0.00789177417755127
0 0.9134396389126778 0.3190529942512512 0.009111613035202026 0.009019136428833008
1 0.33883827924728394 0.31736189126968384 0.00797271728515625 0.00789177417755127
0 0.5478360056877136 0.3179256021976471 0.011389493942260742 0.009019136428833008
0 0.3940774202346802 0.31736189126968384 0.009111642837524414 0.010146558284759521
0 0.4077448844909668 0.31736189126968384 0.009111642837524414 0.010146558284759521
1 0.46526193618774414 0.31679821014404297 0.00797271728515625 0.009019136428833008
0 0.5074031949043274 0.31736189126968384 0.010250568389892578 0.010146558284759521
0 0.6765375733375549 0.3179256021976471 0.009111642837524414 0.011273980140686035
0 0.3519362211227417 0.3162344992160797 0.009111642837524414 0.010146558284759521
0 0.3661731481552124 0.31679821014404297 0.00797271728515625 0.011273980140686035
1 0.7391799688339233 0.3122886121273041 0.020501136779785156 0.020293116569519043
1 0.7949886173009872 0.3117249011993408 0.020501136779785156 0.019165754318237305
1 0.8849658295512199 0.3060879409313202 0.009111613035202026 0.00789177417755127
1 0.9003416821360588 0.3060879409313202 0.007972672581672668 0.00789177417755127
1 0.6548974812030792 0.3117249011993408 0.020501136779785156 0.021420538425445557
0 0.6902050077915192 0.3072153329849243 0.011389493942260742 0.012401342391967773
1 0.7107061445713043 0.31116122007369995 0.020501136779785156 0.020293116569519043
0 0.830296128988266 0.3060879409313202 0.006833702325820923 0.010146558284759521
0 0.8576309829950333 0.3072153329849243 0.01138952374458313 0.012401342391967773
0 0.8712984025478363 0.30552423000335693 0.009111613035202026 0.009019136428833008
0 0.9128701612353325 0.30552423000335693 0.007972672581672668 0.009019136428833008
1 0.2881549000740051 0.3105975091457367 0.020501136779785156 0.021420538425445557
1 0.31662869453430176 0.3105975091457367 0.020501136779785156 0.021420538425445557
1 0.33883827924728394 0.3043968379497528 0.00797271728515625 0.009019136428833008
0 0.3952164053916931 0.30383315682411194 0.009111642837524414 0.00789177417755127
1 0.4931662678718567 0.30383315682411194 0.006833672523498535 0.00789177417755127
1 0.6759681105613708 0.30496054887771606 0.007972657680511475 0.010146558284759521
0 0.817198172211647 0.30496054887771606 0.012528479099273682 0.010146558284759521
1 0.3519362211227417 0.30383315682411194 0.009111642837524414 0.010146558284759521
0 0.37927109003067017 0.30383315682411194 0.009111642837524414 0.010146558284759521
0 0.5387243628501892 0.30383315682411194 0.01594531536102295 0.010146558284759521
0 0.3997722268104553 0.28579482436180115 0.01594531536102295 0.00789177417755127
0 0.518223226070404 0.286358505487442 0.011389493942260742 0.009019136428833008
1 0.5478360056877136 0.286358505487442 0.009111642837524414 0.009019136428833008
1 0.8006833642721176 0.286358505487442 0.009111613035202026 0.009019136428833008
1 0.5410022735595703 0.2852311134338379 0.009111642837524414 0.009019136428833008
1 0.65148064494133 0.2852311134338379 0.009111642837524414 0.009019136428833008
1 0.28986334800720215 0.2773393392562866 0.010250568389892578 0.009019136428833008
1 0.31947606801986694 0.2762119472026825 0.00797271728515625 0.006764352321624756
1 0.46241456270217896 0.27677565813064575 0.009111642837524414 0.00789177417755127
1 0.3473803997039795 0.2756482660770416 0.009111642837524414 0.00789177417755127
1 0.5728929340839386 0.2756482660770416 0.009111642837524414 0.00789177417755127
1 0.8855353072285652 0.2756482660770416 0.010250568389892578 0.00789177417755127
1 0.376423716545105 0.2745208442211151 0.00797271728515625 0.00789177417755127
1 0.4031890630722046 0.2745208442211151 0.009111642837524414 0.00789177417755127
1 0.5461275577545166 0.27508455514907837 0.010250568389892578 0.009019136428833008
1 0.8228929340839386 0.2756482660770416 0.010250568389892578 0.010146558284759521
1 0.910592257976532 0.2756482660770416 0.005694761872291565 0.010146558284759521
0 0.023348510265350342 0.2626832127571106 0.010250568389892578 0.006764352321624756
1 0.03473806381225586 0.2643742859363556 0.005694746971130371 0.010146558284759521
0 0.05239182710647583 0.2643742859363556 0.011389493942260742 0.012401342391967773
1 0.031890690326690674 0.2401352822780609 0.009111642837524414 0.0067643821239471436
0 0.7448747158050537 0.23506200313568115 0.009111642837524414 0.00789177417755127
1 0.857061505317688 0.23562569916248322 0.007972657680511475 0.009019166231155396
1 0.5484054684638977 0.23393461108207703 0.007972657680511475 0.00789177417755127
0 0.5637813210487366 0.2344983071088791 0.009111642837524414 0.009019166231155396
0 0.8992027342319489 0.23506200313568115 0.010250568389892578 0.010146558284759521
0 0.4925968050956726 0.23337091505527496 0.00797271728515625 0.009019166231155396
0 0.6207289397716522 0.23337091505527496 0.009111642837524414 0.009019166231155396
1 0.63382688164711 0.23393461108207703 0.007972657680511475 0.010146558284759521
1 0.73234623670578 0.23393461108207703 0.009111642837524414 0.010146558284759521
0 0.5199316740036011 0.2328072190284729 0.010250568389892578 0.010146558284759521
0 0.7044419050216675 0.23337091505527496 0.010250568389892578 0.011273950338363647
0 0.7175398766994476 0.23337091505527496 0.011389493942260742 0.011273950338363647
0 0.37984055280685425 0.23167982697486877 0.010250568389892578 0.010146558284759521
1 0.031890690326690674 0.22942502796649933 0.009111642837524414 0.012401342391967773
1 0.8781321197748184 0.22886133193969727 0.020501136779785156 0.020293116569519043
0 0.7448747158050537 0.22209694981575012 0.009111642837524414 0.009019166231155396
1 0.8160592317581177 0.22209694981575012 0.010250568389892578 0.009019166231155396
1 0.12699317932128906 0.22040586173534393 0.00797271728515625 0.00789177417755127
0 0.45045560598373413 0.220969557762146 0.010250568389892578 0.009019166231155396
0 0.4664009213447571 0.22266066074371338 0.00797271728515625 0.012401342391967773
1 0.4925968050956726 0.220969557762146 0.010250568389892578 0.009019166231155396
1 0.5068337023258209 0.22153325378894806 0.009111642837524414 0.010146558284759521
1 0.5501138865947723 0.22153325378894806 0.0068337321281433105 0.010146558284759521
1 0.6212984025478363 0.22040586173534393 0.010250568389892578 0.00789177417755127
1 0.6349658370018005 0.22153325378894806 0.007972657680511475 0.010146558284759521
1 0.6828018128871918 0.22717024385929108 0.02164006233215332 0.02142050862312317
0 0.7312072813510895 0.22153325378894806 0.009111642837524414 0.010146558284759521
0 0.830296128988266 0.22153325378894806 0.009111613035202026 0.010146558284759521
0 0.9009111598134041 0.22153325378894806 0.01138952374458313 0.010146558284759521
1 0.3445330262184143 0.22604283690452576 0.02164006233215332 0.02142050862312317
0 0.3787015676498413 0.21871477365493774 0.010250568389892578 0.0067643821239471436
1 0.5205011367797852 0.22040586173534393 0.009111642837524414 0.010146558284759521
0 0.7164009213447571 0.22040586173534393 0.011389493942260742 0.010146558284759521
0 0.29498863220214844 0.220969557762146 0.011389493942260742 0.0135287344455719
0 0.2813211679458618 0.21815107762813568 0.009111642837524414 0.010146558284759521
1 0.032460153102874756 0.21251408755779266 0.010250568389892578 0.00789177417755127
1 0.8718678802251816 0.2074408084154129 0.010250568389892578 0.009019166231155396
0 0.6759681105613708 0.20631341636180878 0.007972657680511475 0.009019166231155396
0 0.6896355450153351 0.20631341636180878 0.007972657680511475 0.009019166231155396
0 0.7329157292842865 0.20631341636180878 0.010250568389892578 0.009019166231155396
1 0.7471526190638542 0.20631341636180878 0.006833717226982117 0.009019166231155396
1 0.8143507987260818 0.20631341636180878 0.006833702325820923 0.009019166231155396
0 0.8297266513109207 0.20687711238861084 0.010250568389892578 0.010146558284759521
0 0.8451025038957596 0.2074408084154129 0.013667434453964233 0.011273950338363647
0 0.3787015676498413 0.2046223282814026 0.010250568389892578 0.00789177417755127
0 0.5347380340099335 0.20518602430820465 0.007972657680511475 0.009019166231155396
0 0.322892963886261 0.20405861735343933 0.00797271728515625 0.009019166231155396
0 0.337699294090271 0.20405861735343933 0.00797271728515625 0.009019166231155396
0 0.5763098001480103 0.20518602430820465 0.009111642837524414 0.011273950338363647
1 0.9128701612353325 0.2057497203350067 0.010250568389892578 0.012401342391967773
0 0.30922549962997437 0.2029312252998352 0.010250568389892578 0.009019166231155396
0 0.27961277961730957 0.20124013721942902 0.010250568389892578 0.012401342391967773
1 0.17255127429962158 0.19898533821105957 0.005694746971130371 0.010146558284759521
0 0.25569474697113037 0.1984216421842575 0.00797271728515625 0.0135287344455719
1 0.6343963444232941 0.1939120590686798 0.009111642837524414 0.009019166231155396
1 0.7460136637091637 0.19334836304187775 0.00911162793636322 0.00789177417755127
0 0.8029612749814987 0.1956031620502472 0.009111613035202026 0.012401342391967773
0 0.8553530722856522 0.19447575509548187 0.013667434453964233 0.010146558284759521
1 0.4851936101913452 0.1984216421842575 0.020501136779785156 0.020293116569519043
1 0.5136674344539642 0.19898533821105957 0.020501136779785156 0.02142050862312317
1 0.5353075265884399 0.19278466701507568 0.009111642837524414 0.009019166231155396
0 0.5757403075695038 0.19165727496147156 0.010250568389892578 0.0067643821239471436
0 0.7175398766994476 0.1939120590686798 0.011389493942260742 0.011273950338363647
1 0.73234623670578 0.19334836304187775 0.009111642837524414 0.010146558284759521
0 0.8735763132572174 0.19334836304187775 0.01138952374458313 0.010146558284759521
1 0.4009111523628235 0.19785794615745544 0.020501136779785156 0.02142050862312317
0 0.5489749312400818 0.19222097098827362 0.009111642837524414 0.010146558284759521
1 0.2938496470451355 0.19052988290786743 0.009111642837524414 0.009019166231155396
1 0.3103644847869873 0.19052988290786743 0.010250568389892578 0.009019166231155396
1 0.32175397872924805 0.19052988290786743 0.010250568389892578 0.009019166231155396
1 0.36731207370758057 0.19052988290786743 0.010250568389892578 0.009019166231155396
1 0.2813211679458618 0.1894024759531021 0.009111642837524414 0.009019166231155396
0 0.07687926292419434 0.1820744127035141 0.012528419494628906 0.010146558284759521
1 0.6326879262924194 0.17869222164154053 0.007972657680511475 0.00789177417755127
0 0.6753986477851868 0.17812852561473846 0.009111642837524414 0.009019166231155396
0 0.6896355450153351 0.17812852561473846 0.007972657680511475 0.009019166231155396
0 0.464123010635376 0.17700113356113434 0.00797271728515625 0.009019166231155396
0 0.5341685712337494 0.17700113356113434 0.009111642837524414 0.009019166231155396
0 0.6195899844169617 0.17812852561473846 0.009111642837524414 0.011273950338363647
0 0.2813211679458618 0.1747463345527649 0.009111642837524414 0.009019166231155396
0 0.29498863220214844 0.17531003057956696 0.009111642837524414 0.010146558284759521
0 0.3502277731895447 0.17531003057956696 0.010250568389892578 0.010146558284759521
0 0.392938494682312 0.17531003057956696 0.009111642837524414 0.010146558284759521
0 0.5074031949043274 0.17587372660636902 0.010250568389892578 0.011273950338363647
1 0.5222095549106598 0.17587372660636902 0.007972657680511475 0.011273950338363647
0 0.4077448844909668 0.1747463345527649 0.011389493942260742 0.011273950338363647
1 0.9054669737815857 0.17361894249916077 0.020501136779785156 0.020293116569519043
0 0.21526193618774414 0.16741825640201569 0.011389493942260742 0.010146558284759521
1 0.7870159447193146 0.17136414349079132 0.009111613035202026 0.01803833246231079
1 0.8228929340839386 0.17249155044555664 0.021640092134475708 0.020293116569519043
1 0.8507972657680511 0.1730552464723587 0.020501136779785156 0.02142050862312317
1 0.8724373579025269 0.16629086434841156 0.009111613035202026 0.00789177417755127
1 0.6537585556507111 0.17136414349079132 0.02277904748916626 0.020293116569519043
1 0.6765375733375549 0.16516347229480743 0.009111642837524414 0.00789177417755127
1 0.7386104762554169 0.17192783951759338 0.02164006233215332 0.02142050862312317
1 0.5694760680198669 0.17080044746398926 0.02277904748916626 0.02142050862312317
0 0.6195899844169617 0.16516347229480743 0.009111642837524414 0.010146558284759521
0 0.6332573890686035 0.1657271683216095 0.009111642837524414 0.011273950338363647
1 0.37300682067871094 0.16967305541038513 0.02164006233215332 0.02142050862312317
0 0.45045560598373413 0.16347238421440125 0.00797271728515625 0.009019166231155396
0 0.464123010635376 0.16347238421440125 0.00797271728515625 0.009019166231155396
0 0.4920273423194885 0.1640360802412033 0.009111642837524414 0.010146558284759521
0 0.5074031949043274 0.1640360802412033 0.010250568389892578 0.010146558284759521
1 0.28018224239349365 0.16178128123283386 0.009111642837524414 0.00789177417755127
1 0.2938496470451355 0.16234497725963593 0.009111642837524414 0.009019166231155396
1 0.3160592317581177 0.168545663356781 0.02164006233215332 0.02142050862312317
1 0.21469247341156006 0.1538895219564438 0.010250568389892578 0.010146558284759521
0 0.4908883571624756 0.15050733089447021 0.011389493942260742 0.00789177417755127
0 0.8718678802251816 0.15163472294807434 0.010250568389892578 0.010146558284759521
0 0.9003416821360588 0.15163472294807434 0.010250568389892578 0.010146558284759521
0 0.9128701612353325 0.1521984189748764 0.010250568389892578 0.011273950338363647
0 0.6884965896606445 0.14994363486766815 0.010250568389892578 0.009019166231155396
1 0.3490888476371765 0.14825253188610077 0.010250568389892578 0.00789177417755127
1 0.4777904152870178 0.14881622791290283 0.00797271728515625 0.009019166231155396
1 0.5768792629241943 0.14881622791290283 0.007972657680511475 0.009019166231155396
1 0.6486332714557648 0.1493799388408661 0.010250568389892578 0.010146558284759521
0 0.3667426109313965 0.1476888358592987 0.011389493942260742 0.009019166231155396
1 0.4071754217147827 0.1476888358592987 0.00797271728515625 0.009019166231155396
1 0.5205011367797852 0.14825253188610077 0.009111642837524414 0.010146558284759521
0 0.26366740465164185 0.14148816466331482 0.00797271728515625 0.012401342391967773
1 0.9123006835579872 0.13923336565494537 0.009111613035202026 0.00789177417755127
1 0.7955580800771713 0.14430664479732513 0.021640092134475708 0.020293116569519043
0 0.8861047849059105 0.1386696696281433 0.009111613035202026 0.009019166231155396
1 0.15603643655776978 0.13641488552093506 0.013667464256286621 0.0067643821239471436
1 0.6264236867427826 0.143179252743721 0.020501136779785156 0.020293116569519043
1 0.6759681105613708 0.13754227757453918 0.007972657680511475 0.009019166231155396
1 0.7107061445713043 0.14374294877052307 0.020501136779785156 0.02142050862312317
1 0.45728927850723267 0.14205186069011688 0.02164006233215332 0.020293116569519043
1 0.5421412289142609 0.14261555671691895 0.020501136779785156 0.02142050862312317
1 0.5632118582725525 0.13697858154773712 0.007972657680511475 0.010146558284759521
1 0.731776773929596 0.13754227757453918 0.007972657680511475 0.011273950338363647
0 0.3935079574584961 0.135851189494133 0.00797271728515625 0.010146558284759521
0 0.4071754217147827 0.13472378253936768 0.010250568389892578 0.00789177417755127
0 0.47892940044403076 0.13528747856616974 0.00797271728515625 0.009019166231155396
1 0.4925968050956726 0.135851189494133 0.00797271728515625 0.010146558284759521
0 0.5751708447933197 0.135851189494133 0.011389493942260742 0.010146558284759521
1 0.337699294090271 0.1341600865125656 0.00797271728515625 0.009019166231155396
0 0.5085421502590179 0.13472378253936768 0.012528479099273682 0.010146558284759521
0 0.322892963886261 0.1341600865125656 0.00797271728515625 0.011273950338363647
1 0.36731207370758057 0.1330326944589615 0.010250568389892578 0.009019166231155396
1 0.9903189062606543 0.13697858154773712 0.01025056978687644 0.016910940408706665
1 0.036446452140808105 0.12795941531658173 0.011389493942260742 0.010146558284759521
1 0.15205013751983643 0.12401352822780609 0.00797271728515625 0.011273950338363647
1 0.7984054684638977 0.12175873667001724 0.009111613035202026 0.00676436722278595
1 0.5757403075695038 0.1223224364221096 0.005694746971130371 0.010146565735340118
0 0.8223234564065933 0.12063134089112282 0.015945345163345337 0.009019158780574799
1 0.5466970503330231 0.1195039451122284 0.009111642837524414 0.009019166231155396
1 0.88382688164711 0.12006764113903046 0.009111613035202026 0.010146558284759521
1 0.03587698936462402 0.11781284958124161 0.014806389808654785 0.00789177417755127
0 0.4851936101913452 0.11894024908542633 0.01594531536102295 0.010146558284759521
1 0.7095671892166138 0.11724915355443954 0.011389493942260742 0.009019166231155396
1 0.7921412289142609 0.11781284958124161 0.010250568389892578 0.010146558284759521
1 0.376423716545105 0.11443066596984863 0.00797271728515625 0.010146558284759521
1 0.9481776766479015 0.09470123797655106 0.005694761872291565 0.011273950338363647
1 0.03701597452163696 0.07384441792964935 0.00797271728515625 0.010146558284759521
1 0.412300705909729 0.06820744276046753 0.011389493942260742 0.005636975169181824
1 0.07972663640975952 0.06989853084087372 0.009111642837524414 0.011273950338363647
1 0.9259681105613708 0.06820744276046753 0.009111613035202026 0.010146558284759521
1 0.8405466973781586 0.016347238793969154 0.01138952374458313 0.005636978894472122
1 0.6190204918384552 0.015219842083752155 0.007972657680511475 0.01014656014740467
1 0.7164009213447571 0.013528748415410519 0.0068337321281433105 0.009019164368510246
1 0.9783599097281694 0.012401352170854807 0.013667427003383636 0.006764373742043972
1 0.6030751764774323 0.01240135240368545 0.010250568389892578 0.011273956391960382
1 0.6913439631462097 0.007328072329983115 0.0068337321281433105 0.007891770917922258
0 0.8935079723596573 0.0073280720971524715 0.012528479099273682 0.010146561078727245
