1 0.3383658969804618 0.9968520461699895 0.0053285968028419185 0.0062959076600209865
1 0.6363232682060391 0.9952780692549843 0.004440497335701598 0.00944386149003148
1 0.5905861456483126 0.9947534102833159 0.007104795737122558 0.01049317943336831
1 0.533303730017762 0.9921301154249738 0.007992895204262877 0.005246589716684155
1 0.2255772646536412 0.9947534102833159 0.0053285968028419185 0.01049317943336831
1 0.0941385435168739 0.9947534102833159 0.0053285968028419185 0.01049317943336831
1 0.6878330373001776 0.9931794333683106 0.004440497335701598 0.00944386149003148
1 0.27264653641207814 0.993704092339979 0.0053285968028419185 0.012591815320041973
1 0.47646536412078155 0.9910807974816369 0.006216696269982238 0.011542497376705142
1 0.83348134991119 0.9874081846799581 0.004440497335701598 0.01049317943336831
1 0.4849023090586146 0.9874081846799581 0.0053285968028419185 0.01049317943336831
1 0.7801953818827708 0.9879328436516265 0.007992895204262877 0.013641133263378805
1 0.5870337477797514 0.9826862539349422 0.0053285968028419185 0.011542497376705142
1 0.015097690941385435 0.9805876180482687 0.0053285968028419185 0.007345225603357817
1 0.5315275310834814 0.9800629590766002 0.004440497335701598 0.01049317943336831
1 0.40941385435168737 0.9811122770199371 0.0053285968028419185 0.012591815320041973
1 0.2246891651865009 0.9763903462749213 0.008880994671403197 0.007345225603357817
1 0.9689165186500888 0.9758656873032528 0.0053285968028419185 0.01049317943336831
1 0.7810834813499112 0.974816369359916 0.006216696269982238 0.008394543546694649
1 0.18206039076376554 0.9727177334732424 0.0053285968028419185 0.008394543546694649
1 0.004440497335701598 0.9742917103882477 0.0053285968028419185 0.011542497376705142
1 0.7269094138543517 0.9716684155299056 0.009769094138543518 0.008394543546694649
1 0.4200710479573712 0.9716684155299056 0.0053285968028419185 0.008394543546694649
1 0.30728241563055064 0.9732423924449108 0.007104795737122558 0.013641133263378805
1 0.48534635879218474 0.9700944386149003 0.004440497335701598 0.00944386149003148
1 0.015097690941385435 0.9700944386149003 0.0053285968028419185 0.00944386149003148
1 0.6967140319715808 0.968520461699895 0.007992895204262877 0.01049317943336831
1 0.7162522202486679 0.965897166841553 0.006216696269982238 0.007345225603357817
1 0.7717584369449378 0.9643231899265478 0.0053285968028419185 0.008394543546694649
1 0.9729129662522202 0.9554039874081847 0.004440497335701598 0.00944386149003148
1 0.11012433392539965 0.9333683105981112 0.008880994671403197 0.005246589716684155
1 0.13854351687388988 0.9323189926547744 0.008880994671403197 0.005246589716684155
1 0.4391651865008881 0.9270724029380902 0.007992895204262877 0.005246589716684155
1 0.9960035523978685 0.9244491080797481 0.004440497335701598 0.008394543546694649
1 0.07238010657193605 0.9244491080797481 0.004440497335701598 0.008394543546694649
1 0.7708703374777975 0.9207764952780693 0.008880994671403197 0.005246589716684155
1 0.5266429840142096 0.9134312696747114 0.008880994671403197 0.005246589716684155
1 0.06793960923623446 0.9045120671563484 0.009769094138543518 0.012591815320041973
1 0.018650088809946713 0.897691500524659 0.007104795737122558 0.011542497376705142
1 0.1913854351687389 0.8898216159496327 0.007992895204262877 0.008394543546694649
1 0.1736234458259325 0.8898216159496327 0.011545293072824156 0.008394543546694649
1 0.27886323268206037 0.8866736621196223 0.008880994671403197 0.0062959076600209865
0 0.21980461811722912 0.8887722980062959 0.013321492007104795 0.01049317943336831
0 0.20204262877442272 0.8887722980062959 0.007992895204262877 0.01049317943336831
0 0.37921847246891655 0.8861490031479539 0.007104795737122558 0.007345225603357817
1 0.33747779751332146 0.8861490031479539 0.007104795737122558 0.007345225603357817
1 0.023978685612788632 0.8887722980062959 0.0053285968028419185 0.012591815320041973
1 0.36456483126110123 0.885099685204617 0.006216696269982238 0.007345225603357817
0 0.35168738898756663 0.8856243441762854 0.007104795737122558 0.01049317943336831
0 0.16296625222024866 0.8866736621196223 0.007992895204262877 0.012591815320041973
0 0.32460035523978686 0.885099685204617 0.009769094138543518 0.011542497376705142
0 0.4733570159857904 0.8840503672612802 0.010657193605683837 0.011542497376705142
1 0.4613676731793961 0.8830010493179433 0.007992895204262877 0.00944386149003148
1 0.6691829484902309 0.8803777544596013 0.007992895204262877 0.008394543546694649
0 0.488898756660746 0.8819517313746065 0.009769094138543518 0.011542497376705142
1 0.6589698046181173 0.8798530954879329 0.008880994671403197 0.00944386149003148
0 0.5563943161634103 0.881427072402938 0.009769094138543518 0.012591815320041973
0 0.5017761989342806 0.881427072402938 0.010657193605683837 0.012591815320041973
1 0.10968028419182949 0.8803777544596013 0.007992895204262877 0.012591815320041973
0 0.5430728241563055 0.8793284365162645 0.007992895204262877 0.012591815320041973
1 0.27886323268206037 0.8761804826862539 0.008880994671403197 0.0062959076600209865
1 0.2682060390763766 0.8798530954879329 0.008880994671403197 0.013641133263378805
1 0.7144760213143873 0.8767051416579223 0.007992895204262877 0.00944386149003148
1 0.7282415630550622 0.8761804826862539 0.007104795737122558 0.01049317943336831
1 0.025310834813499113 0.8751311647429171 0.007992895204262877 0.008394543546694649
0 0.8134991119005328 0.8746065057712487 0.008880994671403197 0.011542497376705142
1 0.7650976909413855 0.8735571878279118 0.004440497335701598 0.00944386149003148
0 0.6860568383658969 0.8756558237145855 0.011545293072824156 0.013641133263378805
1 0.43561278863232683 0.8740818467995802 0.007992895204262877 0.01049317943336831
1 0.163854351687389 0.8735571878279118 0.006216696269982238 0.00944386149003148
1 0.14342806394316163 0.881427072402938 0.020426287744227355 0.02728226652675761
0 0.8006216696269982 0.8735571878279118 0.011545293072824156 0.013641133263378805
0 0.7002664298401421 0.8746065057712487 0.007992895204262877 0.015739769150052464
1 0.2033747779751332 0.8704092339979014 0.007104795737122558 0.007345225603357817
1 0.1922735346358792 0.8709338929695698 0.007992895204262877 0.008394543546694649
0 0.8596802841918295 0.8719832109129066 0.012433392539964476 0.012591815320041973
0 0.17406749555950266 0.8704092339979014 0.012433392539964476 0.00944386149003148
0 0.3774422735346359 0.8693599160545645 0.007104795737122558 0.00944386149003148
0 0.33747779751332146 0.869884575026233 0.007104795737122558 0.01049317943336831
0 0.32460035523978686 0.8704092339979014 0.009769094138543518 0.011542497376705142
1 0.30417406749555953 0.8782791185729276 0.020426287744227355 0.02728226652675761
1 0.6150088809946714 0.8667366211962224 0.009769094138543518 0.0062959076600209865
0 0.88898756660746 0.8704092339979014 0.012433392539964476 0.015739769150052464
1 0.48756660746003555 0.8667366211962224 0.0053285968028419185 0.008394543546694649
0 0.4733570159857904 0.8656873032528857 0.008880994671403197 0.008394543546694649
0 0.46181172291296624 0.866211962224554 0.008880994671403197 0.00944386149003148
1 0.5230905861456483 0.8735571878279118 0.021314387211367674 0.026232948583420776
0 0.5008880994671403 0.8656873032528857 0.008880994671403197 0.01049317943336831
0 0.5577264653641207 0.8651626442812173 0.008880994671403197 0.011542497376705142
1 0.5439609236234458 0.8651626442812173 0.007992895204262877 0.011542497376705142
0 0.6567495559502664 0.8614900314795383 0.007992895204262877 0.008394543546694649
1 0.6354351687388987 0.8704092339979014 0.020426287744227355 0.026232948583420776
1 0.7282415630550622 0.8604407135362014 0.007104795737122558 0.008394543546694649
1 0.6705150976909414 0.8609653725078699 0.007104795737122558 0.00944386149003148
0 0.6847246891651865 0.859916054564533 0.007104795737122558 0.00944386149003148
1 0.023534635879218474 0.8593913955928646 0.013321492007104795 0.008394543546694649
0 0.6971580817051509 0.859916054564533 0.010657193605683837 0.011542497376705142
0 0.716696269982238 0.859916054564533 0.014209591474245116 0.013641133263378805
1 0.8357015985790408 0.8651626442812173 0.021314387211367674 0.026232948583420776
1 0.26953818827708703 0.8551941238195173 0.007992895204262877 0.0062959076600209865
1 0.012877442273534635 0.8546694648478489 0.007992895204262877 0.005246589716684155
1 0.003552397868561279 0.8557187827911857 0.007104795737122558 0.007345225603357817
1 0.8126110124333925 0.8567681007345226 0.010657193605683837 0.011542497376705142
0 0.8001776198934281 0.8567681007345226 0.010657193605683837 0.011542497376705142
1 0.436056838365897 0.8530954879328436 0.008880994671403197 0.0062959076600209865
0 0.20293072824156305 0.8546694648478489 0.009769094138543518 0.00944386149003148
1 0.19271758436944939 0.8546694648478489 0.007104795737122558 0.00944386149003148
1 0.599911190053286 0.8541448058761805 0.004440497335701598 0.01049317943336831
0 0.3099467140319716 0.8520461699895068 0.008880994671403197 0.008394543546694649
1 0.2797513321492007 0.8525708289611752 0.007104795737122558 0.011542497376705142
0 0.3641207815275311 0.8504721930745016 0.008880994671403197 0.00944386149003148
1 0.4467140319715808 0.8504721930745016 0.008880994671403197 0.011542497376705142
0 0.38099467140319715 0.8504721930745016 0.010657193605683837 0.011542497376705142
0 0.39120781527531084 0.8488982161594963 0.007992895204262877 0.01049317943336831
0 0.35168738898756663 0.8494228751311648 0.008880994671403197 0.011542497376705142
0 0.4733570159857904 0.8467995802728226 0.008880994671403197 0.01049317943336831
0 0.4604795737122558 0.8462749213011542 0.009769094138543518 0.011542497376705142
0 0.6385435168738899 0.8441762854144806 0.010657193605683837 0.00944386149003148
1 0.5577264653641207 0.8441762854144806 0.007104795737122558 0.00944386149003148
0 0.48845470692717585 0.8462749213011542 0.010657193605683837 0.013641133263378805
1 0.2801953818827709 0.8426023084994754 0.007992895204262877 0.0062959076600209865
0 0.5430728241563055 0.8436516264428122 0.007992895204262877 0.012591815320041973
0 0.5017761989342806 0.844700944386149 0.008880994671403197 0.014690451206715634
1 0.44582593250444047 0.8431269674711438 0.008880994671403197 0.011542497376705142
0 0.7122557726465364 0.8415529905561385 0.010657193605683837 0.01049317943336831
0 0.7255772646536413 0.8405036726128017 0.008880994671403197 0.01049317943336831
0 0.6265541740674956 0.8410283315844701 0.009769094138543518 0.013641133263378805
1 0.6119005328596803 0.8399790136411333 0.008880994671403197 0.011542497376705142
0 0.7979573712255773 0.838405036726128 0.011545293072824156 0.01049317943336831
0 0.16740674955595028 0.8378803777544596 0.007992895204262877 0.00944386149003148
1 0.141651865008881 0.8368310598111228 0.007992895204262877 0.007345225603357817
1 0.6007992895204263 0.838405036726128 0.006216696269982238 0.012591815320041973
1 0.22513321492007105 0.8452256033578174 0.020426287744227355 0.026232948583420776
0 0.20426287744227353 0.8363064008394544 0.008880994671403197 0.008394543546694649
0 0.17850799289520428 0.8373557187827911 0.007104795737122558 0.01049317943336831
1 0.15186500888099466 0.8368310598111228 0.008880994671403197 0.00944386149003148
0 0.8987566607460036 0.8363064008394544 0.008880994671403197 0.01049317943336831
1 0.8703374777975134 0.8352570828961176 0.007104795737122558 0.01049317943336831
0 0.8103907637655418 0.8368310598111228 0.011545293072824156 0.013641133263378805
1 0.3317051509769094 0.8426023084994754 0.020426287744227355 0.025183630640083946
0 0.31039076376554176 0.8342077649527807 0.007992895204262877 0.008394543546694649
0 0.29795737122557725 0.8373557187827911 0.009769094138543518 0.014690451206715634
0 0.36456483126110123 0.8347324239244491 0.009769094138543518 0.011542497376705142
0 0.3530195381882771 0.8336831059811123 0.007992895204262877 0.00944386149003148
0 0.8539076376554174 0.8347324239244491 0.009769094138543518 0.013641133263378805
0 0.3796625222024867 0.832109129066107 0.007992895204262877 0.008394543546694649
0 0.3907637655417407 0.8326337880377754 0.008880994671403197 0.011542497376705142
0 0.4738010657193606 0.8315844700944386 0.009769094138543518 0.011542497376705142
1 0.9942273534635879 0.8279118572927597 0.007992895204262877 0.0062959076600209865
1 0.5217584369449378 0.8378803777544596 0.020426287744227355 0.026232948583420776
1 0.5 0.829485834207765 0.008880994671403197 0.00944386149003148
0 0.48845470692717585 0.8310598111227702 0.010657193605683837 0.012591815320041973
0 0.4613676731793961 0.8310598111227702 0.009769094138543518 0.012591815320041973
0 0.5559502664298401 0.8300104931794333 0.010657193605683837 0.012591815320041973
1 0.5426287744227354 0.8279118572927597 0.007104795737122558 0.008394543546694649
1 0.02975133214920071 0.8310598111227702 0.007992895204262877 0.014690451206715634
1 0.7704262877442274 0.832109129066107 0.009769094138543518 0.01888772298006296
0 0.6398756660746003 0.8273871983210913 0.007992895204262877 0.011542497376705142
0 0.6261101243339254 0.8268625393494229 0.008880994671403197 0.01049317943336831
1 0.6616341030195382 0.8336831059811123 0.021314387211367674 0.026232948583420776
1 0.27042628774422733 0.8200419727177335 0.007992895204262877 0.005246589716684155
0 0.7957371225577264 0.8221406086044072 0.008880994671403197 0.011542497376705142
1 0.014653641207815276 0.8216159496327388 0.006216696269982238 0.01049317943336831
1 0.9373889875666075 0.8205666316894019 0.004440497335701598 0.01049317943336831
1 0.8325932504440497 0.8289611752360966 0.022202486678507993 0.02728226652675761
0 0.8095026642984015 0.8210912906610703 0.009769094138543518 0.011542497376705142
1 0.30905861456483125 0.8189926547743966 0.007104795737122558 0.007345225603357817
1 0.19404973357015987 0.8195173137460651 0.006216696269982238 0.008394543546694649
0 0.8672291296625222 0.8205666316894019 0.011545293072824156 0.014690451206715634
0 0.8543516873889876 0.8195173137460651 0.010657193605683837 0.012591815320041973
1 0.4351687388987567 0.8158447009443861 0.008880994671403197 0.005246589716684155
0 0.20515097690941386 0.8184679958027282 0.008880994671403197 0.01049317943336831
0 0.17850799289520428 0.8189926547743966 0.010657193605683837 0.011542497376705142
0 0.8965364120781527 0.8195173137460651 0.011545293072824156 0.014690451206715634
1 0.38010657193605685 0.8158447009443861 0.007104795737122558 0.007345225603357817
0 0.29928952042628776 0.816894018887723 0.008880994671403197 0.00944386149003148
0 0.3521314387211368 0.8158447009443861 0.007992895204262877 0.00944386149003148
1 0.03019538188277087 0.8158447009443861 0.007104795737122558 0.00944386149003148
0 0.39031971580817054 0.8153200419727177 0.009769094138543518 0.01049317943336831
0 0.46936056838365897 0.8126967471143757 0.013321492007104795 0.011542497376705142
0 0.5275310834813499 0.8111227701993704 0.008880994671403197 0.01049317943336831
0 0.4991119005328597 0.8116474291710388 0.008880994671403197 0.011542497376705142
0 0.48845470692717585 0.8116474291710388 0.008880994671403197 0.011542497376705142
1 0.4591474245115453 0.810598111227702 0.0053285968028419185 0.00944386149003148
1 0.43561278863232683 0.8079748163693599 0.007992895204262877 0.0062959076600209865
0 0.5150976909413855 0.8100734522560336 0.008880994671403197 0.012591815320041973
0 0.7224689165186501 0.8053515215110179 0.009769094138543518 0.011542497376705142
1 0.44582593250444047 0.8084994753410283 0.008880994671403197 0.017838405036726127
0 0.8050621669626998 0.8037775445960126 0.009769094138543518 0.01049317943336831
0 0.16785079928952043 0.804302203567681 0.007104795737122558 0.011542497376705142
0 0.15408525754884547 0.804302203567681 0.007992895204262877 0.011542497376705142
1 0.22646536412078153 0.8100734522560336 0.019538188277087035 0.025183630640083946
0 0.19538188277087035 0.8027282266526757 0.008880994671403197 0.01049317943336831
0 0.17895204262877443 0.8032528856243442 0.009769094138543518 0.011542497376705142
0 0.7091474245115453 0.8037775445960126 0.011545293072824156 0.014690451206715634
0 0.8219360568383659 0.8011542497376705 0.009769094138543518 0.011542497376705142
1 0.33259325044404975 0.8079748163693599 0.020426287744227355 0.025183630640083946
0 0.2997335701598579 0.8006295907660022 0.007992895204262877 0.01049317943336831
1 0.7690941385435168 0.7995802728226653 0.0053285968028419185 0.01049317943336831
0 0.3521314387211368 0.7990556138509969 0.007992895204262877 0.00944386149003148
0 0.3796625222024867 0.79800629590766 0.007992895204262877 0.011542497376705142
0 0.3632326820603908 0.79800629590766 0.012433392539964476 0.011542497376705142
0 0.8365896980461812 0.7990556138509969 0.008880994671403197 0.015739769150052464
1 0.5004440497335702 0.7953830010493179 0.006216696269982238 0.008394543546694649
1 0.6092362344582594 0.7995802728226653 0.008880994671403197 0.01888772298006296
0 0.4880106571936057 0.7948583420776495 0.007992895204262877 0.00944386149003148
1 0.5142095914742452 0.7932843651626443 0.007104795737122558 0.008394543546694649
1 0.5484014209591475 0.8011542497376705 0.020426287744227355 0.026232948583420776
0 0.5266429840142096 0.7938090241343126 0.008880994671403197 0.011542497376705142
1 0.7784191829484902 0.7953830010493179 0.009769094138543518 0.01888772298006296
1 0.6318827708703375 0.7990556138509969 0.020426287744227355 0.026232948583420776
1 0.015097690941385435 0.7927597061909759 0.012433392539964476 0.013641133263378805
1 0.7073712255772646 0.7896117523609654 0.006216696269982238 0.00944386149003148
0 0.6936056838365897 0.7901364113326338 0.010657193605683837 0.012591815320041973
1 0.6807282415630551 0.789087093389297 0.007992895204262877 0.01049317943336831
0 0.8059502664298401 0.7864637985309548 0.007992895204262877 0.00944386149003148
1 0.026198934280639432 0.7869884575026233 0.007992895204262877 0.01049317943336831
0 0.8219360568383659 0.7848898216159497 0.007992895204262877 0.01049317943336831
0 0.23357015985790408 0.7848898216159497 0.008880994671403197 0.01049317943336831
0 0.2211367673179396 0.7848898216159497 0.007104795737122558 0.01049317943336831
0 0.8636767317939609 0.7843651626442812 0.009769094138543518 0.011542497376705142
0 0.8339253996447602 0.7838405036726128 0.008880994671403197 0.01049317943336831
0 0.4351687388987567 0.7817418677859391 0.008880994671403197 0.0062959076600209865
0 0.20648312611012434 0.7848898216159497 0.009769094138543518 0.012591815320041973
1 0.8872113676731794 0.7906610703043022 0.023090586145648313 0.026232948583420776
0 0.8503552397868561 0.7833158447009444 0.009769094138543518 0.011542497376705142
0 0.38099467140319715 0.7817418677859391 0.008880994671403197 0.008394543546694649
0 0.32637655417406747 0.7817418677859391 0.007992895204262877 0.008394543546694649
1 0.016873889875666074 0.7801678908709339 0.007104795737122558 0.005246589716684155
0 0.33792184724689167 0.7817418677859391 0.007992895204262877 0.01049317943336831
0 0.3641207815275311 0.7812172088142707 0.008880994671403197 0.011542497376705142
0 0.4715808170515098 0.7770199370409234 0.008880994671403197 0.011542497376705142
0 0.5142095914742452 0.7759706190975866 0.008880994671403197 0.011542497376705142
0 0.4604795737122558 0.776495278069255 0.009769094138543518 0.012591815320041973
0 0.12655417406749556 0.7780692549842603 0.009769094138543518 0.017838405036726127
0 0.6514209591474245 0.7717733473242392 0.009769094138543518 0.00944386149003148
0 0.5270870337477798 0.7738719832109129 0.009769094138543518 0.013641133263378805
1 0.14964476021314388 0.779118572927597 0.020426287744227355 0.024134312696747113
0 0.6634103019538188 0.7712486883525709 0.008880994671403197 0.01049317943336831
0 0.6367673179396093 0.7717733473242392 0.007104795737122558 0.011542497376705142
0 0.6243339253996447 0.7722980062959076 0.010657193605683837 0.012591815320041973
0 0.4462699822380107 0.7754459601259182 0.007992895204262877 0.01888772298006296
0 0.1705150976909414 0.7707240293809025 0.008880994671403197 0.00944386149003148
0 0.19626998223801065 0.7707240293809025 0.008880994671403197 0.011542497376705142
0 0.22158081705150978 0.7696747114375656 0.007992895204262877 0.011542497376705142
0 0.20737122557726465 0.7696747114375656 0.007992895204262877 0.011542497376705142
1 0.8317051509769094 0.7670514165792235 0.007992895204262877 0.008394543546694649
0 0.8032859680284192 0.7675760755508919 0.007992895204262877 0.00944386149003148
0 0.8197158081705151 0.7670514165792235 0.008880994671403197 0.01049317943336831
1 0.30550621669627 0.7743966421825813 0.021314387211367674 0.025183630640083946
1 0.007992895204262877 0.7686253934942288 0.008880994671403197 0.013641133263378805
0 0.7908525754884547 0.7670514165792235 0.011545293072824156 0.012591815320041973
1 0.3530195381882771 0.7649527806925498 0.006216696269982238 0.008394543546694649
0 0.3383658969804618 0.7654774396642182 0.007104795737122558 0.00944386149003148
0 0.8898756660746003 0.7649527806925498 0.008880994671403197 0.01049317943336831
0 0.327708703374778 0.7654774396642182 0.008880994671403197 0.011542497376705142
1 0.02708703374777975 0.7644281217208815 0.007992895204262877 0.00944386149003148
0 0.8761101243339254 0.7633788037775446 0.009769094138543518 0.011542497376705142
1 0.4928952042628774 0.7681007345225603 0.019538188277087035 0.025183630640083946
0 0.47202486678507993 0.7612801678908709 0.007992895204262877 0.011542497376705142
0 0.46003552397868563 0.7618048268625394 0.008880994671403197 0.012591815320041973
1 0.6079040852575488 0.7633788037775446 0.007992895204262877 0.017838405036726127
1 0.5248667850799289 0.757607555089192 0.007104795737122558 0.0062959076600209865
0 0.5142095914742452 0.7586568730325288 0.008880994671403197 0.008394543546694649
1 0.622113676731794 0.7570828961175237 0.006216696269982238 0.00944386149003148
0 0.5532859680284192 0.7591815320041972 0.010657193605683837 0.013641133263378805
0 0.6363232682060391 0.757607555089192 0.007992895204262877 0.012591815320041973
1 0.12788632326820604 0.7528856243441763 0.008880994671403197 0.005246589716684155
1 0.0066607460035523975 0.7539349422875131 0.009769094138543518 0.007345225603357817
1 0.7126998223801065 0.7618048268625394 0.020426287744227355 0.025183630640083946
0 0.6780639431616341 0.75498426023085 0.009769094138543518 0.011542497376705142
0 0.6634103019538188 0.7560335781741868 0.010657193605683837 0.013641133263378805
0 0.6505328596802842 0.75498426023085 0.009769094138543518 0.011542497376705142
0 0.22380106571936056 0.7534102833158447 0.008880994671403197 0.008394543546694649
1 0.19671403197158083 0.7528856243441763 0.007992895204262877 0.007345225603357817
1 0.018206039076376555 0.7544596012591815 0.006216696269982238 0.01049317943336831
0 0.6904973357015985 0.75498426023085 0.011545293072824156 0.013641133263378805
0 0.18294849023090587 0.7528856243441763 0.008880994671403197 0.00944386149003148
1 0.9862344582593251 0.7528856243441763 0.006216696269982238 0.011542497376705142
0 0.8028419182948491 0.7518363064008394 0.010657193605683837 0.011542497376705142
0 0.7895204262877442 0.7507869884575026 0.008880994671403197 0.00944386149003148
1 0.8539076376554174 0.7586568730325288 0.022202486678507993 0.02728226652675761
1 0.4351687388987567 0.7476390346274921 0.008880994671403197 0.005246589716684155
1 0.3370337477797513 0.7492130115424974 0.009769094138543518 0.008394543546694649
0 0.2353463587921847 0.7502623294858342 0.007104795737122558 0.01049317943336831
0 0.8308170515097691 0.7502623294858342 0.009769094138543518 0.012591815320041973
0 0.8188277087033747 0.7492130115424974 0.008880994671403197 0.01049317943336831
1 0.283303730017762 0.748688352570829 0.008880994671403197 0.011542497376705142
0 0.88898756660746 0.748688352570829 0.010657193605683837 0.013641133263378805
0 0.8761101243339254 0.7476390346274921 0.011545293072824156 0.011542497376705142
0 0.3268206039076377 0.7471143756558237 0.007104795737122558 0.01049317943336831
1 0.9844582593250444 0.7418677859391396 0.006216696269982238 0.0062959076600209865
0 0.4715808170515098 0.7434417628541448 0.008880994671403197 0.00944386149003148
1 0.1261101243339254 0.7434417628541448 0.007104795737122558 0.00944386149003148
0 0.46003552397868563 0.7434417628541448 0.008880994671403197 0.011542497376705142
0 0.5244227353463587 0.7413431269674712 0.011545293072824156 0.011542497376705142
1 0.5 0.7402938090241343 0.0053285968028419185 0.00944386149003148
0 0.4857904085257549 0.7413431269674712 0.008880994671403197 0.011542497376705142
1 0.283303730017762 0.7408184679958028 0.008880994671403197 0.01049317943336831
0 0.03063943161634103 0.7418677859391396 0.007992895204262877 0.012591815320041973
0 0.5119893428063943 0.7397691500524659 0.009769094138543518 0.012591815320041973
1 0.15097690941385436 0.7471143756558237 0.019538188277087035 0.02728226652675761
1 0.6625222024866785 0.7366211962224554 0.007104795737122558 0.008394543546694649
0 0.6492007104795737 0.7376705141657922 0.008880994671403197 0.01049317943336831
0 0.43561278863232683 0.7381951731374606 0.007992895204262877 0.011542497376705142
0 0.19671403197158083 0.7371458551941238 0.007992895204262877 0.00944386149003148
1 0.6896092362344582 0.7360965372507869 0.007992895204262877 0.00944386149003148
0 0.6216696269982238 0.7371458551941238 0.008880994671403197 0.011542497376705142
0 0.2233570159857904 0.7355718782791185 0.007992895204262877 0.008394543546694649
0 0.20870337477797513 0.7355718782791185 0.007104795737122558 0.008394543546694649
0 0.18206039076376554 0.7350472193074502 0.008880994671403197 0.007345225603357817
0 0.6762877442273535 0.7355718782791185 0.007992895204262877 0.01049317943336831
1 0.7997335701598579 0.7334732423924449 0.007992895204262877 0.008394543546694649
0 0.6341030195381883 0.7366211962224554 0.010657193605683837 0.014690451206715634
1 0.30728241563055064 0.7408184679958028 0.019538188277087035 0.025183630640083946
1 0.8281527531083481 0.7324239244491081 0.007992895204262877 0.01049317943336831
0 0.327708703374778 0.7318992654774397 0.008880994671403197 0.00944386149003148
1 0.8849911190053286 0.7303252885624344 0.007992895204262877 0.008394543546694649
0 0.3539076376554174 0.7313746065057712 0.009769094138543518 0.01049317943336831
0 0.338809946714032 0.7313746065057712 0.007992895204262877 0.01049317943336831
0 0.7868561278863233 0.7313746065057712 0.010657193605683837 0.012591815320041973
1 0.7619893428063943 0.7308499475341028 0.007104795737122558 0.011542497376705142
0 0.3650088809946714 0.7308499475341028 0.008880994671403197 0.011542497376705142
0 0.8730017761989343 0.729800629590766 0.010657193605683837 0.011542497376705142
0 0.8157193605683837 0.7303252885624344 0.009769094138543518 0.012591815320041973
1 0.4587033747779751 0.7287513116474291 0.006216696269982238 0.00944386149003148
0 0.3827708703374778 0.7292759706190975 0.014209591474245116 0.01049317943336831
0 0.4689165186500888 0.7261280167890871 0.012433392539964476 0.008394543546694649
1 0.5963587921847247 0.729800629590766 0.007992895204262877 0.017838405036726127
0 0.5253108348134992 0.7261280167890871 0.009769094138543518 0.01049317943336831
0 0.5128774422735346 0.7256033578174187 0.009769094138543518 0.00944386149003148
0 0.48623445825932504 0.7266526757607555 0.007992895204262877 0.011542497376705142
1 0.5461811722912966 0.7324239244491081 0.023090586145648313 0.025183630640083946
1 0.7708703374777975 0.7219307450157397 0.007104795737122558 0.01049317943336831
0 0.6327708703374778 0.7224554039874082 0.009769094138543518 0.011542497376705142
1 0.034191829484902306 0.7224554039874082 0.006216696269982238 0.011542497376705142
0 0.6891651865008881 0.7214060860440713 0.008880994671403197 0.011542497376705142
0 0.6603019538188277 0.7214060860440713 0.011545293072824156 0.011542497376705142
0 0.6487566607460036 0.7203567681007346 0.009769094138543518 0.00944386149003148
0 0.6212255772646537 0.7214060860440713 0.009769094138543518 0.011542497376705142
1 0.7100355239786856 0.727177334732424 0.020426287744227355 0.025183630640083946
1 0.22380106571936056 0.717208814270724 0.007104795737122558 0.005246589716684155
0 0.677619893428064 0.7187827911857293 0.012433392539964476 0.01049317943336831
1 0.8494671403197158 0.7229800629590766 0.022202486678507993 0.025183630640083946
0 0.7864120781527532 0.7161594963273872 0.009769094138543518 0.011542497376705142
0 0.8152753108348135 0.7151101783840503 0.008880994671403197 0.011542497376705142
0 0.8841030195381883 0.7140608604407135 0.011545293072824156 0.013641133263378805
0 0.8712255772646537 0.7140608604407135 0.010657193605683837 0.013641133263378805
1 0.9715808170515098 0.7077649527806925 0.0053285968028419185 0.00944386149003148
1 0.9809058614564832 0.7061909758656874 0.004440497335701598 0.01049317943336831
1 0.9800177619893428 0.695697796432319 0.007992895204262877 0.008394543546694649
0 0.025310834813499113 0.6951731374606506 0.006216696269982238 0.011542497376705142
1 0.9977797513321492 0.6925498426023085 0.004440497335701598 0.01049317943336831
0 0.03285968028419183 0.6920251836306401 0.0053285968028419185 0.00944386149003148
1 0.15985790408525755 0.6899265477439664 0.007104795737122558 0.007345225603357817
1 0.17495559502664298 0.6888772298006296 0.007104795737122558 0.007345225603357817
0 0.1492007104795737 0.6888772298006296 0.007104795737122558 0.00944386149003148
0 0.18650088809946713 0.6873032528856243 0.007104795737122558 0.01049317943336831
1 0.13099467140319715 0.6852046169989506 0.009769094138543518 0.01049317943336831
0 0.2744227353463588 0.6820566631689402 0.008880994671403197 0.0062959076600209865
1 0.3654529307282416 0.6810073452256034 0.007992895204262877 0.008394543546694649
0 0.391651865008881 0.6794333683105981 0.008880994671403197 0.00944386149003148
0 0.380550621669627 0.6794333683105981 0.007992895204262877 0.00944386149003148
1 0.9600355239786856 0.6778593913955928 0.007104795737122558 0.008394543546694649
0 0.3410301953818828 0.6799580272822665 0.008880994671403197 0.012591815320041973
1 0.49733570159857904 0.6757607555089192 0.007104795737122558 0.008394543546694649
0 0.458259325044405 0.6762854144805877 0.008880994671403197 0.00944386149003148
1 0.9791296625222025 0.6752360965372508 0.009769094138543518 0.00944386149003148
0 0.4844582593250444 0.6747114375655824 0.009769094138543518 0.01049317943336831
1 0.5501776198934281 0.6731374606505771 0.006216696269982238 0.00944386149003148
0 0.17539964476021314 0.6736621196222455 0.007992895204262877 0.01049317943336831
0 0.16074600355239788 0.6726128016789087 0.007104795737122558 0.008394543546694649
0 0.47113676731793963 0.674186778593914 0.009769094138543518 0.013641133263378805
1 0.20603907637655416 0.6794333683105981 0.019538188277087035 0.024134312696747113
0 0.5364120781527532 0.6715634837355718 0.007104795737122558 0.01049317943336831
1 0.6829484902309059 0.6694648478488983 0.008880994671403197 0.008394543546694649
1 0.23712255772646537 0.6694648478488983 0.007104795737122558 0.008394543546694649
1 0.7104795737122558 0.6689401888772298 0.008880994671403197 0.00944386149003148
0 0.6545293072824157 0.6699895068205667 0.014209591474245116 0.011542497376705142
1 0.6429840142095915 0.6684155299055614 0.007104795737122558 0.008394543546694649
0 0.6993783303730018 0.667890870933893 0.009769094138543518 0.00944386149003148
1 0.30905861456483125 0.6752360965372508 0.019538188277087035 0.024134312696747113
0 0.672291296625222 0.667890870933893 0.010657193605683837 0.011542497376705142
1 0.8214920071047958 0.6647429171038824 0.007104795737122558 0.007345225603357817
1 0.3938721136767318 0.6652675760755509 0.006216696269982238 0.008394543546694649
0 0.35479573712255774 0.6663168940188877 0.007992895204262877 0.01049317943336831
1 0.380550621669627 0.664218258132214 0.006216696269982238 0.008394543546694649
0 0.8361456483126111 0.6631689401888772 0.009769094138543518 0.01049317943336831
1 0.45692717584369447 0.6621196222455404 0.006216696269982238 0.008394543546694649
0 0.8752220248667851 0.6621196222455404 0.011545293072824156 0.012591815320041973
1 0.8627886323268206 0.6605456453305352 0.007992895204262877 0.00944386149003148
0 0.8072824156305506 0.6621196222455404 0.008880994671403197 0.012591815320041973
0 0.849911190053286 0.661594963273872 0.008880994671403197 0.013641133263378805
1 0.5168738898756661 0.667890870933893 0.019538188277087035 0.026232948583420776
0 0.4968916518650089 0.6594963273871983 0.007992895204262877 0.00944386149003148
0 0.48401420959147423 0.6605456453305352 0.008880994671403197 0.011542497376705142
1 0.7650976909413855 0.6594963273871983 0.007992895204262877 0.011542497376705142
1 0.17673179396092362 0.6573976915005246 0.007104795737122558 0.007345225603357817
0 0.5484014209591475 0.6573976915005246 0.011545293072824156 0.011542497376705142
1 0.1878330373001776 0.6558237145855194 0.006216696269982238 0.008394543546694649
1 0.6230017761989343 0.6631689401888772 0.020426287744227355 0.025183630640083946
1 0.20115452930728242 0.655299055613851 0.006216696269982238 0.00944386149003148
1 0.6567495559502664 0.6547743966421826 0.007992895204262877 0.01049317943336831
0 0.6429840142095915 0.6558237145855194 0.008880994671403197 0.012591815320041973
0 0.6838365896980462 0.6563483735571878 0.010657193605683837 0.015739769150052464
1 0.6705150976909414 0.6532004197271774 0.007104795737122558 0.00944386149003148
1 0.27575488454706926 0.6516264428121721 0.007992895204262877 0.0062959076600209865
0 0.23801065719360567 0.6532004197271774 0.008880994671403197 0.011542497376705142
0 0.6980461811722913 0.6521511017838405 0.008880994671403197 0.011542497376705142
1 0.3032859680284192 0.6511017838405037 0.006216696269982238 0.00944386149003148
1 0.28507992895204265 0.6479538300104932 0.008880994671403197 0.005246589716684155
1 0.7864120781527532 0.6568730325288562 0.020426287744227355 0.025183630640083946
1 0.8197158081705151 0.6479538300104932 0.008880994671403197 0.00944386149003148
0 0.8072824156305506 0.6484784889821616 0.008880994671403197 0.01049317943336831
1 0.13321492007104796 0.6495278069254984 0.008880994671403197 0.012591815320041973
1 0.8623445825932504 0.646379853095488 0.007104795737122558 0.008394543546694649
0 0.8468028419182948 0.646379853095488 0.009769094138543518 0.01049317943336831
0 0.8352575488454707 0.6474291710388248 0.009769094138543518 0.012591815320041973
0 0.8752220248667851 0.6458551941238195 0.011545293072824156 0.011542497376705142
1 0.44404973357015987 0.6416579223504721 0.008880994671403197 0.005246589716684155
0 0.4844582593250444 0.6432318992654774 0.007992895204262877 0.01049317943336831
0 0.03774422735346359 0.6432318992654774 0.004440497335701598 0.01049317943336831
1 0.5359680284191829 0.6406086044071354 0.007992895204262877 0.007345225603357817
0 0.5097690941385435 0.6416579223504721 0.008880994671403197 0.00944386149003148
1 0.436056838365897 0.6421825813221406 0.0053285968028419185 0.01049317943336831
0 0.27575488454706926 0.6421825813221406 0.007992895204262877 0.01049317943336831
0 0.18872113676731794 0.6416579223504721 0.006216696269982238 0.00944386149003148
0 0.17628774422735347 0.6421825813221406 0.007992895204262877 0.01049317943336831
1 0.9706927175843695 0.6406086044071354 0.0053285968028419185 0.00944386149003148
0 0.5217584369449378 0.6416579223504721 0.007992895204262877 0.011542497376705142
1 0.2024866785079929 0.640083945435467 0.007104795737122558 0.008394543546694649
1 0.15719360568383658 0.6484784889821616 0.019538188277087035 0.025183630640083946
1 0.627886323268206 0.6379853095487933 0.007104795737122558 0.008394543546694649
0 0.238898756660746 0.6390346274921301 0.007104795737122558 0.01049317943336831
0 0.6705150976909414 0.6369359916054564 0.010657193605683837 0.01049317943336831
1 0.3352575488454707 0.6421825813221406 0.018650088809946713 0.023084994753410283
1 0.6820603907637656 0.6348373557187827 0.007104795737122558 0.01049317943336831
0 0.6416518650088809 0.6353620146904512 0.009769094138543518 0.011542497376705142
1 0.36101243339253997 0.6411332633788038 0.018650088809946713 0.023084994753410283
0 0.31349911190053287 0.6343126967471143 0.010657193605683837 0.00944386149003148
1 0.38632326820603907 0.6395592864637986 0.019538188277087035 0.024134312696747113
1 0.4644760213143872 0.636411332633788 0.019538188277087035 0.024134312696747113
0 0.8317051509769094 0.6285414480587618 0.007992895204262877 0.01049317943336831
0 0.4955595026642984 0.6274921301154249 0.008880994671403197 0.008394543546694649
0 0.4844582593250444 0.6280167890870934 0.007992895204262877 0.00944386149003148
0 0.1882770870337478 0.6264428121720882 0.008880994671403197 0.0062959076600209865
0 0.5226465364120781 0.6274921301154249 0.007992895204262877 0.01049317943336831
0 0.5093250444049734 0.6269674711437565 0.007992895204262877 0.00944386149003148
0 0.5484014209591475 0.6269674711437565 0.009769094138543518 0.011542497376705142
0 0.5364120781527532 0.6253934942287513 0.008880994671403197 0.008394543546694649
0 0.16474245115452932 0.6259181532004198 0.007992895204262877 0.00944386149003148
1 0.152753108348135 0.6259181532004198 0.007104795737122558 0.00944386149003148
0 0.23978685612788633 0.6222455403987408 0.008880994671403197 0.008394543546694649
0 0.6412078152753108 0.6217208814270724 0.008880994671403197 0.00944386149003148
0 0.6274422735346359 0.6217208814270724 0.007992895204262877 0.00944386149003148
0 0.6145648312611013 0.6238195173137461 0.008880994671403197 0.013641133263378805
1 0.9613676731793961 0.6206715634837355 0.004440497335701598 0.00944386149003148
1 0.6682948490230906 0.6201469045120671 0.007992895204262877 0.008394543546694649
1 0.9489342806394316 0.6217208814270724 0.006216696269982238 0.013641133263378805
1 0.7020426287744227 0.6269674711437565 0.020426287744227355 0.024134312696747113
0 0.6793960923623446 0.6196222455403987 0.012433392539964476 0.011542497376705142
1 0.9875666074600356 0.6175236096537251 0.0053285968028419185 0.00944386149003148
0 0.36589698046181174 0.6175236096537251 0.008880994671403197 0.00944386149003148
1 0.3410301953818828 0.6175236096537251 0.007104795737122558 0.00944386149003148
1 0.7828596802841918 0.6238195173137461 0.020426287744227355 0.024134312696747113
0 0.391651865008881 0.6164742917103883 0.008880994671403197 0.00944386149003148
0 0.380550621669627 0.6159496327387198 0.007992895204262877 0.008394543546694649
0 0.8312611012433393 0.6143756558237146 0.008880994671403197 0.00944386149003148
0 0.8441385435168739 0.614900314795383 0.009769094138543518 0.012591815320041973
1 0.46936056838365897 0.612277019937041 0.006216696269982238 0.007345225603357817
1 0.9564831261101243 0.6138509968520461 0.007104795737122558 0.012591815320041973
1 0.003552397868561279 0.6112277019937041 0.007104795737122558 0.007345225603357817
0 0.5208703374777975 0.6101783840503673 0.007992895204262877 0.007345225603357817
0 0.4942273534635879 0.6112277019937041 0.009769094138543518 0.00944386149003148
0 0.458259325044405 0.612277019937041 0.010657193605683837 0.011542497376705142
0 0.16296625222024866 0.6117523609653726 0.011545293072824156 0.01049317943336831
0 0.48312611012433393 0.6101783840503673 0.007104795737122558 0.00944386149003148
1 0.2091474245115453 0.6164742917103883 0.018650088809946713 0.022035676810073453
1 0.19049733570159857 0.6096537250786989 0.006216696269982238 0.008394543546694649
0 0.5093250444049734 0.6091290661070304 0.007992895204262877 0.00944386149003148
1 0.02886323268206039 0.608604407135362 0.007992895204262877 0.008394543546694649
1 0.9835701598579041 0.6059811122770199 0.006216696269982238 0.00944386149003148
0 0.6505328596802842 0.6059811122770199 0.011545293072824156 0.00944386149003148
1 0.9733570159857904 0.6065057712486883 0.007104795737122558 0.012591815320041973
1 0.6767317939609236 0.6049317943336832 0.010657193605683837 0.00944386149003148
1 0.31039076376554176 0.6117523609653726 0.018650088809946713 0.023084994753410283
1 0.6927175843694494 0.6017838405036726 0.007104795737122558 0.00944386149003148
0 0.66651865008881 0.602308499475341 0.007992895204262877 0.01049317943336831
0 0.6394316163410302 0.6028331584470095 0.008880994671403197 0.011542497376705142
0 0.37921847246891655 0.602308499475341 0.0053285968028419185 0.01049317943336831
0 0.36589698046181174 0.6017838405036726 0.008880994671403197 0.00944386149003148
0 0.34058614564831263 0.6012591815320042 0.007992895204262877 0.008394543546694649
0 0.8392539964476021 0.5975865687303253 0.012433392539964476 0.00944386149003148
0 0.48312611012433393 0.5970619097586569 0.007104795737122558 0.01049317943336831
0 0.4578152753108348 0.5975865687303253 0.007992895204262877 0.011542497376705142
0 0.8281527531083481 0.5960125918153201 0.007992895204262877 0.01049317943336831
0 0.5088809946714032 0.5954879328436516 0.007104795737122558 0.00944386149003148
0 0.4942273534635879 0.5965372507869885 0.009769094138543518 0.011542497376705142
0 0.1669626998223801 0.5954879328436516 0.007104795737122558 0.00944386149003148
1 0.5896980461811723 0.5981112277019937 0.007104795737122558 0.016789087093389297
1 0.003108348134991119 0.5944386149003148 0.006216696269982238 0.00944386149003148
0 0.5195381882770871 0.593389296956978 0.010657193605683837 0.00944386149003148
0 0.21580817051509768 0.5928646379853095 0.008880994671403197 0.008394543546694649
1 0.5408525754884547 0.6002098635886673 0.019538188277087035 0.025183630640083946
0 0.2411190053285968 0.5918153200419727 0.007992895204262877 0.008394543546694649
1 0.6203374777975134 0.5981112277019937 0.020426287744227355 0.023084994753410283
0 0.13898756660746003 0.5918153200419727 0.007992895204262877 0.01049317943336831
1 0.9760213143872114 0.5907660020986358 0.008880994671403197 0.012591815320041973
0 0.6789520426287744 0.5886673662119623 0.007992895204262877 0.008394543546694649
0 0.6514209591474245 0.5902413431269675 0.009769094138543518 0.011542497376705142
1 0.33126110124333924 0.5881427072402938 0.007104795737122558 0.007345225603357817
0 0.6403197158081705 0.5886673662119623 0.008880994671403197 0.01049317943336831
0 0.3410301953818828 0.5876180482686254 0.007104795737122558 0.008394543546694649
1 0.0497335701598579 0.5886673662119623 0.010657193605683837 0.01049317943336831
0 0.6927175843694494 0.587093389296957 0.008880994671403197 0.00944386149003148
1 0.9569271758436945 0.5865687303252886 0.004440497335701598 0.01049317943336831
0 0.38099467140319715 0.5849947534102833 0.008880994671403197 0.007345225603357817
0 0.7859680284191829 0.5849947534102833 0.008880994671403197 0.00944386149003148
0 0.35568383658969804 0.5849947534102833 0.007992895204262877 0.00944386149003148
1 0.2793072824156306 0.5855194123819517 0.004440497335701598 0.01049317943336831
0 0.8139431616341031 0.5849947534102833 0.007992895204262877 0.011542497376705142
0 0.7730905861456483 0.5849947534102833 0.009769094138543518 0.011542497376705142
0 0.3925399644760213 0.583420776495278 0.007104795737122558 0.01049317943336831
0 0.8281527531083481 0.5818467995802729 0.007992895204262877 0.00944386149003148
1 0.9462699822380106 0.580797481636936 0.009769094138543518 0.00944386149003148
1 0.8619005328596803 0.5881427072402938 0.020426287744227355 0.024134312696747113
0 0.8405861456483126 0.5828961175236097 0.011545293072824156 0.013641133263378805
1 0.18605683836589698 0.5876180482686254 0.018650088809946713 0.023084994753410283
0 0.16651865008880995 0.5797481636935992 0.007992895204262877 0.007345225603357817
0 0.1558614564831261 0.5813221406086044 0.007992895204262877 0.01049317943336831
1 0.4942273534635879 0.5792235047219307 0.006216696269982238 0.008394543546694649
0 0.48312611012433393 0.5797481636935992 0.008880994671403197 0.00944386149003148
0 0.21714031971580816 0.5792235047219307 0.007992895204262877 0.01049317943336831
1 0.20648312611012434 0.5766002098635886 0.007992895204262877 0.007345225603357817
0 0.5448490230905861 0.577124868835257 0.009769094138543518 0.01049317943336831
1 0.5337477797513321 0.5766002098635886 0.007104795737122558 0.00944386149003148
1 0.44316163410301956 0.577124868835257 0.007104795737122558 0.01049317943336831
1 0.02575488454706927 0.577124868835257 0.0053285968028419185 0.01049317943336831
0 0.650088809946714 0.5734522560335782 0.008880994671403197 0.00944386149003148
0 0.6225577264653641 0.574501573976915 0.012433392539964476 0.011542497376705142
0 0.316607460035524 0.5729275970619098 0.007992895204262877 0.008394543546694649
0 0.30595026642984013 0.5729275970619098 0.007992895204262877 0.008394543546694649
0 0.3419182948490231 0.5724029380902413 0.007104795737122558 0.00944386149003148
0 0.3308170515097691 0.5729275970619098 0.007992895204262877 0.01049317943336831
0 0.6385435168738899 0.5724029380902413 0.008880994671403197 0.011542497376705142
0 0.3663410301953819 0.5703043022035676 0.009769094138543518 0.00944386149003148
0 0.3561278863232682 0.5713536201469045 0.008880994671403197 0.011542497376705142
1 0.9529307282415631 0.5666316894018888 0.0053285968028419185 0.008394543546694649
0 0.7979573712255773 0.5666316894018888 0.009769094138543518 0.008394543546694649
0 0.7828596802841918 0.5676810073452256 0.007992895204262877 0.01049317943336831
1 0.46314387211367675 0.5734522560335782 0.018650088809946713 0.022035676810073453
0 0.7713143872113677 0.5671563483735572 0.009769094138543518 0.011542497376705142
1 0.15719360568383658 0.565582371458552 0.007104795737122558 0.008394543546694649
1 0.5976909413854352 0.5682056663168941 0.008880994671403197 0.015739769150052464
0 0.4942273534635879 0.5645330535152151 0.007992895204262877 0.008394543546694649
0 0.5199822380106572 0.5645330535152151 0.007992895204262877 0.01049317943336831
1 0.5084369449378331 0.5629590766002098 0.007992895204262877 0.007345225603357817
0 0.8525754884547069 0.5640083945435467 0.010657193605683837 0.011542497376705142
1 0.5337477797513321 0.5629590766002098 0.007104795737122558 0.00944386149003148
0 0.8654529307282416 0.5634837355718783 0.009769094138543518 0.012591815320041973
0 0.21625222024866786 0.5629590766002098 0.009769094138543518 0.011542497376705142
1 0.03907637655417407 0.5608604407135362 0.0053285968028419185 0.007345225603357817
1 0.7428952042628775 0.5587618048268626 0.004440497335701598 0.00944386149003148
0 0.6496447602131439 0.5577124868835257 0.007992895204262877 0.007345225603357817
0 0.6243339253996447 0.5598111227701994 0.008880994671403197 0.011542497376705142
1 0.6705150976909414 0.5645330535152151 0.019538188277087035 0.023084994753410283
0 0.3663410301953819 0.555613850996852 0.007992895204262877 0.007345225603357817
0 0.7020426287744227 0.5566631689401889 0.009769094138543518 0.011542497376705142
0 0.38099467140319715 0.5545645330535152 0.007104795737122558 0.007345225603357817
0 0.3561278863232682 0.5550891920251836 0.007104795737122558 0.008394543546694649
0 0.6909413854351687 0.555613850996852 0.008880994671403197 0.011542497376705142
1 0.9964476021314387 0.55299055613851 0.007104795737122558 0.01049317943336831
1 0.7704262877442274 0.5524658971668416 0.007992895204262877 0.00944386149003148
0 0.8095026642984015 0.5524658971668416 0.009769094138543518 0.011542497376705142
0 0.7824156305506217 0.5524658971668416 0.010657193605683837 0.011542497376705142
0 0.46802841918294846 0.5508919202518363 0.007104795737122558 0.008394543546694649
0 0.16873889875666073 0.5514165792235047 0.008880994671403197 0.00944386149003148
1 0.8308170515097691 0.5577124868835257 0.020426287744227355 0.024134312696747113
0 0.7970692717584369 0.5514165792235047 0.009769094138543518 0.011542497376705142
1 0.5177619893428064 0.5487932843651626 0.007104795737122558 0.0062959076600209865
1 0.1878330373001776 0.5566631689401889 0.018650088809946713 0.022035676810073453
0 0.8641207815275311 0.549317943336831 0.010657193605683837 0.00944386149003148
0 0.8507992895204263 0.5503672612801679 0.008880994671403197 0.011542497376705142
0 0.45692717584369447 0.549317943336831 0.007992895204262877 0.00944386149003148
0 0.39431616341030196 0.5503672612801679 0.007104795737122558 0.011542497376705142
0 0.2313499111900533 0.5482686253934942 0.006216696269982238 0.00944386149003148
0 0.5071047957371225 0.5477439664218258 0.008880994671403197 0.01049317943336831
1 0.43561278863232683 0.5477439664218258 0.004440497335701598 0.01049317943336831
0 0.5448490230905861 0.5461699895068206 0.006216696269982238 0.00944386149003148
0 0.533303730017762 0.5461699895068206 0.007992895204262877 0.00944386149003148
0 0.31705150976909413 0.5435466946484785 0.007104795737122558 0.008394543546694649
0 0.6216696269982238 0.5424973767051416 0.007104795737122558 0.008394543546694649
1 0.33570159857904086 0.549317943336831 0.019538188277087035 0.022035676810073453
0 0.30595026642984013 0.5430220356768101 0.007992895204262877 0.00944386149003148
1 0.9769094138543517 0.5419727177334732 0.008880994671403197 0.00944386149003148
1 0.9502664298401421 0.5414480587618048 0.0053285968028419185 0.01049317943336831
0 0.672291296625222 0.5414480587618048 0.010657193605683837 0.01049317943336831
1 0.011545293072824156 0.540398740818468 0.0053285968028419185 0.008394543546694649
0 0.6092362344582594 0.5409233997901364 0.008880994671403197 0.013641133263378805
1 0.8063943161634103 0.5362014690451207 0.008880994671403197 0.008394543546694649
1 0.4880106571936057 0.5419727177334732 0.018650088809946713 0.022035676810073453
0 0.4573712255772647 0.5351521511017838 0.008880994671403197 0.008394543546694649
1 0.044849023090586145 0.5346274921301154 0.006216696269982238 0.00944386149003148
1 0.86101243339254 0.5335781741867786 0.007992895204262877 0.00944386149003148
0 0.7948490230905861 0.5346274921301154 0.008880994671403197 0.011542497376705142
1 0.5865896980461812 0.5372507869884575 0.007992895204262877 0.016789087093389297
1 0.9413854351687388 0.5320041972717734 0.010657193605683837 0.008394543546694649
1 0.8206039076376554 0.5325288562434418 0.007104795737122558 0.00944386149003148
0 0.5439609236234458 0.531479538300105 0.007992895204262877 0.007345225603357817
0 0.533303730017762 0.5325288562434418 0.007992895204262877 0.00944386149003148
1 0.9547069271758437 0.5325288562434418 0.0053285968028419185 0.011542497376705142
1 0.021314387211367674 0.5330535152151101 0.0053285968028419185 0.012591815320041973
1 0.622113676731794 0.5288562434417629 0.006216696269982238 0.008394543546694649
1 0.6420959147424512 0.5346274921301154 0.019538188277087035 0.022035676810073453
0 0.6119005328596803 0.5267576075550892 0.008880994671403197 0.008394543546694649
1 0.7522202486678508 0.5262329485834207 0.0053285968028419185 0.00944386149003148
0 0.7002664298401421 0.5257082896117523 0.007992895204262877 0.008394543546694649
1 0.6860568383658969 0.5262329485834207 0.006216696269982238 0.00944386149003148
0 0.6740674955595026 0.5267576075550892 0.007104795737122558 0.01049317943336831
1 0.9937833037300178 0.5262329485834207 0.007104795737122558 0.013641133263378805
1 0.7735346358792184 0.5288562434417629 0.019538188277087035 0.023084994753410283
0 0.80550621669627 0.5204616998950682 0.008880994671403197 0.008394543546694649
0 0.7930728241563055 0.5204616998950682 0.007104795737122558 0.008394543546694649
1 0.9609236234458259 0.5167890870933893 0.0053285968028419185 0.007345225603357817
0 0.8605683836589698 0.5199370409233998 0.012433392539964476 0.013641133263378805
0 0.8232682060390764 0.5183630640083945 0.012433392539964476 0.01049317943336831
1 0.0053285968028419185 0.5104931794333684 0.0053285968028419185 0.011542497376705142
1 0.9365008880994672 0.506295907660021 0.007992895204262877 0.005246589716684155
1 0.14742451154529307 0.5057712486883525 0.008880994671403197 0.0062959076600209865
1 0.9897868561278863 0.5057712486883525 0.007992895204262877 0.008394543546694649
0 0.17229129662522202 0.5052465897166841 0.007104795737122558 0.00944386149003148
1 0.20959147424511546 0.5036726128016789 0.007104795737122558 0.008394543546694649
1 0.23401420959147423 0.5020986358866737 0.006216696269982238 0.007345225603357817
1 0.9560390763765542 0.5 0.007992895204262877 0.00944386149003148
0 0.30817051509769094 0.4994753410283316 0.008880994671403197 0.008394543546694649
1 0.28063943161634103 0.49842602308499473 0.008880994671403197 0.0062959076600209865
1 0.29040852575488457 0.4968520461699895 0.008880994671403197 0.005246589716684155
1 0.1483126110124334 0.49737670514165794 0.008880994671403197 0.0062959076600209865
0 0.035523978685612786 0.49895068205666315 0.0053285968028419185 0.011542497376705142
1 0.9396092362344582 0.49737670514165794 0.0053285968028419185 0.01049317943336831
1 0.7615452930728241 0.49160545645330533 0.007992895204262877 0.007345225603357817
0 0.17273534635879217 0.49213011542497376 0.006216696269982238 0.008394543546694649
0 0.16074600355239788 0.4931794333683106 0.007104795737122558 0.01049317943336831
1 0.19094138543516873 0.49790136411332636 0.017761989342806393 0.022035676810073453
0 0.5057726465364121 0.4879328436516264 0.009769094138543518 0.008394543546694649
1 0.49245115452930727 0.48845750262329485 0.006216696269982238 0.00944386149003148
1 0.7859680284191829 0.4863588667366212 0.0053285968028419185 0.00944386149003148
1 0.7775310834813499 0.4858342077649528 0.004440497335701598 0.008394543546694649
1 0.7531083481349912 0.4858342077649528 0.007104795737122558 0.008394543546694649
0 0.5417406749555951 0.4858342077649528 0.007104795737122558 0.008394543546694649
1 0.9587033747779752 0.48688352570828963 0.006216696269982238 0.012591815320041973
1 0.9933392539964476 0.4858342077649528 0.006216696269982238 0.012591815320041973
1 0.5932504440497336 0.4821615949632739 0.008880994671403197 0.005246589716684155
0 0.6190053285968028 0.4826862539349423 0.007104795737122558 0.008394543546694649
1 0.3614564831261101 0.48845750262329485 0.019538188277087035 0.022035676810073453
0 0.6074600355239786 0.48163693599160545 0.008880994671403197 0.01049317943336831
1 0.9400532859680284 0.4790136411332634 0.009769094138543518 0.007345225603357817
1 0.7233570159857904 0.4821615949632739 0.006216696269982238 0.013641133263378805
1 0.9649200710479574 0.47796432318992654 0.006216696269982238 0.007345225603357817
0 0.6576376554174067 0.4795383001049318 0.007992895204262877 0.01049317943336831
0 0.6953818827708703 0.47796432318992654 0.008880994671403197 0.00944386149003148
0 0.6838365896980462 0.47796432318992654 0.008880994671403197 0.00944386149003148
0 0.6709591474245116 0.47848898216159497 0.007992895204262877 0.01049317943336831
1 0.4613676731793961 0.4842602308499475 0.018650088809946713 0.024134312696747113
1 0.18650088809946713 0.4758656873032529 0.007104795737122558 0.007345225603357817
0 0.17317939609236235 0.4774396642182581 0.008880994671403197 0.01049317943336831
0 0.7730905861456483 0.4758656873032529 0.009769094138543518 0.00944386149003148
1 0.7988454706927176 0.47429171038824763 0.007992895204262877 0.008394543546694649
1 0.2344582593250444 0.4737670514165792 0.007104795737122558 0.007345225603357817
1 0.8272646536412078 0.4727177334732424 0.006216696269982238 0.007345225603357817
0 0.7877442273534636 0.4737670514165792 0.008880994671403197 0.00944386149003148
0 0.5177619893428064 0.4732423924449108 0.007104795737122558 0.008394543546694649
0 0.2455595026642984 0.4732423924449108 0.007992895204262877 0.01049317943336831
0 0.5306394316163411 0.47166841552990557 0.007992895204262877 0.00944386149003148
1 0.9826820603907638 0.47114375655823715 0.004440497335701598 0.01049317943336831
1 0.6181172291296625 0.4685204616998951 0.007104795737122558 0.007345225603357817
1 0.6367673179396093 0.47429171038824763 0.021314387211367674 0.023084994753410283
1 0.7357904085257548 0.4669464847848898 0.006216696269982238 0.01049317943336831
0 0.6691829484902309 0.4664218258132214 0.009769094138543518 0.00944386149003148
0 0.6571936056838366 0.4664218258132214 0.007104795737122558 0.00944386149003148
0 0.36767317939609234 0.46589716684155297 0.008880994671403197 0.008394543546694649
1 0.6829484902309059 0.46432318992654775 0.007104795737122558 0.00944386149003148
1 0.17451154529307283 0.46432318992654775 0.006216696269982238 0.00944386149003148
0 0.19849023090586146 0.46222455403987406 0.007992895204262877 0.007345225603357817
1 0.18738898756660746 0.4627492130115425 0.007104795737122558 0.008394543546694649
1 0.21714031971580816 0.46799580272822666 0.018650088809946713 0.02098635886673662
1 0.761101243339254 0.4601259181532004 0.007104795737122558 0.007345225603357817
0 0.455595026642984 0.46065057712486884 0.007104795737122558 0.008394543546694649
0 0.7726465364120781 0.46117523609653727 0.008880994671403197 0.011542497376705142
0 0.2464476021314387 0.4590766002098636 0.007992895204262877 0.007345225603357817
0 0.8268206039076377 0.4590766002098636 0.008880994671403197 0.00944386149003148
0 0.7992895204262878 0.459601259181532 0.008880994671403197 0.01049317943336831
0 0.7868561278863233 0.459601259181532 0.008880994671403197 0.01049317943336831
1 0.8468028419182948 0.46432318992654775 0.020426287744227355 0.022035676810073453
0 0.8143872113676732 0.45855194123819515 0.008880994671403197 0.01049317943336831
0 0.5293072824156305 0.45750262329485836 0.007104795737122558 0.008394543546694649
1 0.3383658969804618 0.46117523609653727 0.017761989342806393 0.022035676810073453
0 0.6061278863232682 0.45383001049317945 0.009769094138543518 0.00944386149003148
1 0.9413854351687388 0.4522560335781742 0.008880994671403197 0.008394543546694649
0 0.39298401420959145 0.45068205666316896 0.007992895204262877 0.00944386149003148
0 0.6927175843694494 0.4496327387198321 0.007104795737122558 0.00944386149003148
1 0.4857904085257549 0.453305351521511 0.017761989342806393 0.02098635886673662
0 0.22291296625222023 0.44648478488982163 0.007104795737122558 0.00944386149003148
0 0.1989342806394316 0.44700944386149005 0.010657193605683837 0.01049317943336831
0 0.23623445825932504 0.4454354669464848 0.007104795737122558 0.00944386149003148
0 0.21092362344582594 0.4454354669464848 0.006216696269982238 0.00944386149003148
1 0.9382770870337478 0.4438614900314795 0.004440497335701598 0.008394543546694649
0 0.7868561278863233 0.44491080797481636 0.012433392539964476 0.01049317943336831
0 0.5288632326820604 0.44438614900314793 0.006216696269982238 0.00944386149003148
0 0.8485790408525755 0.4422875131164743 0.009769094138543518 0.00944386149003148
1 0.14964476021314388 0.4438614900314795 0.007992895204262877 0.014690451206715634
1 0.04662522202486678 0.44018887722980066 0.004440497335701598 0.00944386149003148
1 0.8370337477797514 0.43966421825813223 0.007992895204262877 0.01049317943336831
1 0.6363232682060391 0.44491080797481636 0.018650088809946713 0.02098635886673662
1 0.056838365896980464 0.4391395592864638 0.007104795737122558 0.00944386149003148
1 0.6789520426287744 0.4386149003147954 0.006216696269982238 0.01049317943336831
0 0.6549733570159858 0.4370409233997901 0.007992895204262877 0.00944386149003148
1 0.16962699822380106 0.4422875131164743 0.017761989342806393 0.01993704092339979
0 0.6669626998223801 0.4370409233997901 0.008880994671403197 0.011542497376705142
0 0.6927175843694494 0.4349422875131165 0.008880994671403197 0.00944386149003148
0 0.18960923623445827 0.4349422875131165 0.009769094138543518 0.00944386149003148
0 0.21314387211367672 0.4333683105981112 0.007104795737122558 0.008394543546694649
1 0.03330373001776199 0.43284365162644284 0.006216696269982238 0.007345225603357817
0 0.46536412078152756 0.4323189926547744 0.007104795737122558 0.008394543546694649
0 0.22380106571936056 0.4333683105981112 0.008880994671403197 0.01049317943336831
1 0.7646536412078153 0.43809024134312696 0.019538188277087035 0.022035676810073453
0 0.45515097690941386 0.431794333683106 0.007992895204262877 0.00944386149003148
0 0.5150976909413855 0.4296956977964323 0.007104795737122558 0.00944386149003148
1 0.4436056838365897 0.4302203567681007 0.004440497335701598 0.01049317943336831
0 0.8095026642984015 0.4296956977964323 0.007992895204262877 0.011542497376705142
0 0.5031083481349912 0.4286463798530955 0.006216696269982238 0.00944386149003148
0 0.8490230905861457 0.42707240293809023 0.008880994671403197 0.008394543546694649
1 0.8370337477797514 0.4281217208814271 0.007992895204262877 0.01049317943336831
1 0.33747779751332146 0.4323189926547744 0.019538188277087035 0.02098635886673662
0 0.3188277087033748 0.4265477439664218 0.008880994671403197 0.00944386149003148
1 0.04573712255772647 0.4265477439664218 0.006216696269982238 0.00944386149003148
1 0.9240674955595026 0.425498426023085 0.004440497335701598 0.00944386149003148
0 0.6531971580817052 0.42077649527806926 0.007992895204262877 0.01049317943336831
0 0.45515097690941386 0.419202518363064 0.007992895204262877 0.007345225603357817
0 0.20115452930728242 0.4197271773347324 0.006216696269982238 0.008394543546694649
0 0.6656305506216696 0.4197271773347324 0.007992895204262877 0.01049317943336831
0 0.5785968028419183 0.41867785939139557 0.006216696269982238 0.012591815320041973
1 0.034191829484902306 0.4197271773347324 0.006216696269982238 0.014690451206715634
1 0.5341918294849023 0.4218258132214061 0.018650088809946713 0.02098635886673662
1 0.8197158081705151 0.4144805876180483 0.007104795737122558 0.008394543546694649
1 0.6092362344582594 0.4176285414480588 0.019538188277087035 0.02098635886673662
0 0.15230905861456484 0.4155299055613851 0.007992895204262877 0.016789087093389297
1 0.9746891651865008 0.41343126967471144 0.006216696269982238 0.014690451206715634
0 0.8343694493783304 0.41133263378803775 0.011545293072824156 0.01049317943336831
0 0.36811722912966255 0.40975865687303253 0.007992895204262877 0.007345225603357817
1 0.009769094138543518 0.41028331584470096 0.0053285968028419185 0.01049317943336831
0 0.6918294849023091 0.4087093389296957 0.007104795737122558 0.00944386149003148
0 0.6540852575488455 0.40766002098635884 0.007992895204262877 0.007345225603357817
0 0.39298401420959145 0.40766002098635884 0.006216696269982238 0.00944386149003148
0 0.20204262877442272 0.40713536201469047 0.006216696269982238 0.008394543546694649
0 0.6793960923623446 0.40661070304302205 0.008880994671403197 0.00944386149003148
1 0.21936056838365897 0.4118572927597062 0.017761989342806393 0.01993704092339979
1 0.02886323268206039 0.4055613850996852 0.011545293072824156 0.007345225603357817
0 0.29484902309058614 0.40818467995802726 0.008880994671403197 0.014690451206715634
0 0.2855239786856128 0.4055613850996852 0.007992895204262877 0.00944386149003148
0 0.23756660746003552 0.4055613850996852 0.006216696269982238 0.00944386149003148
0 0.7673179396092362 0.4024134312696747 0.007104795737122558 0.007345225603357817
1 0.7873001776198935 0.4087093389296957 0.018650088809946713 0.022035676810073453
0 0.7566607460035524 0.4018887722980063 0.008880994671403197 0.01049317943336831
0 0.5142095914742452 0.40083945435466944 0.007104795737122558 0.008394543546694649
0 0.8472468916518651 0.39979013641133265 0.007104795737122558 0.008394543546694649
0 0.5395204262877442 0.39926547743966423 0.006216696269982238 0.00944386149003148
1 0.7473357015985791 0.39716684155299053 0.007992895204262877 0.007345225603357817
1 0.3392539964476021 0.4050367261280168 0.017761989342806393 0.023084994753410283
1 0.9849023090586145 0.39769150052465896 0.0053285968028419185 0.012591815320041973
1 0.44316163410301956 0.39664218258132217 0.0053285968028419185 0.01049317943336831
1 0.024422735346358793 0.3950682056663169 0.007992895204262877 0.00944386149003148
1 0.7229129662522202 0.3945435466946485 0.0053285968028419185 0.01049317943336831
0 0.16785079928952043 0.3934942287513116 0.007104795737122558 0.008394543546694649
1 0.9427175843694494 0.39087093389296956 0.007992895204262877 0.005246589716684155
1 0.9911190053285968 0.3898216159496327 0.0053285968028419185 0.007345225603357817
1 0.4844582593250444 0.39664218258132217 0.018650088809946713 0.02098635886673662
0 0.17939609236234458 0.3919202518363064 0.008880994671403197 0.011542497376705142
1 0.5781527531083481 0.3882476390346275 0.007104795737122558 0.008394543546694649
1 0.7908525754884547 0.3861490031479538 0.007992895204262877 0.008394543546694649
1 0.2864120781527531 0.385099685204617 0.006216696269982238 0.008394543546694649
1 0.152753108348135 0.385099685204617 0.007104795737122558 0.008394543546694649
0 0.8423623445825933 0.38352570828961174 0.007992895204262877 0.007345225603357817
0 0.816607460035524 0.38405036726128017 0.007992895204262877 0.008394543546694649
1 0.7793072824156305 0.38562434417628544 0.009769094138543518 0.011542497376705142
1 0.9236234458259325 0.3845750262329486 0.007104795737122558 0.011542497376705142
0 0.6136767317939609 0.38405036726128017 0.008880994671403197 0.01049317943336831
0 0.6016873889875666 0.3824763903462749 0.007992895204262877 0.007345225603357817
1 0.6576376554174067 0.3861490031479538 0.018650088809946713 0.02098635886673662
1 0.7406749555950266 0.38037775445960126 0.0053285968028419185 0.011542497376705142
1 0.6887211367673179 0.3782791185729276 0.007992895204262877 0.007345225603357817
0 0.6762877442273535 0.378803777544596 0.007992895204262877 0.008394543546694649
1 0.21536412078152753 0.3793284365162644 0.006216696269982238 0.00944386149003148
1 0.9311722912966253 0.3782791185729276 0.004440497335701598 0.00944386149003148
1 0.24422735346358793 0.38352570828961174 0.017761989342806393 0.01993704092339979
1 0.03774422735346359 0.3756558237145855 0.007992895204262877 0.0062959076600209865
1 0.43161634103019536 0.3740818467995803 0.008880994671403197 0.005246589716684155
1 0.7588809946714032 0.3809024134312697 0.020426287744227355 0.02098635886673662
1 0.5022202486678508 0.3740818467995803 0.006216696269982238 0.007345225603357817
1 0.047957371225577264 0.3740818467995803 0.007104795737122558 0.007345225603357817
1 0.7779751332149201 0.37355718782791186 0.007104795737122558 0.008394543546694649
1 0.3157193605683837 0.378803777544596 0.016873889875666074 0.02098635886673662
0 0.816607460035524 0.372507869884575 0.009769094138543518 0.01049317943336831
1 0.3450266429840142 0.3709338929695698 0.006216696269982238 0.007345225603357817
1 0.8037300177619894 0.3709338929695698 0.007104795737122558 0.00944386149003148
0 0.8419182948490231 0.36935991605456453 0.008880994671403197 0.008394543546694649
1 0.9675843694493783 0.3688352570828961 0.006216696269982238 0.00944386149003148
0 0.39298401420959145 0.36778593913955926 0.007992895204262877 0.007345225603357817
1 0.03952042628774423 0.36778593913955926 0.006216696269982238 0.007345225603357817
0 0.599911190053286 0.3672612801678909 0.006216696269982238 0.008394543546694649
0 0.6114564831261101 0.3672612801678909 0.007992895204262877 0.01049317943336831
0 0.6753996447602132 0.3646379853095488 0.007992895204262877 0.007345225603357817
0 0.6860568383658969 0.363588667366212 0.007992895204262877 0.007345225603357817
1 0.48401420959147423 0.3688352570828961 0.017761989342806393 0.01993704092339979
0 0.5754884547069272 0.36306400839454356 0.0053285968028419185 0.012591815320041973
0 0.5022202486678508 0.3614900314795383 0.006216696269982238 0.00944386149003148
1 0.5870337477797514 0.35939139559286465 0.007104795737122558 0.00944386149003148
1 0.7877442273534636 0.35729275970619095 0.007104795737122558 0.007345225603357817
0 0.9280639431616341 0.3578174186778594 0.007104795737122558 0.01049317943336831
0 0.7766429840142096 0.3567681007345226 0.009769094138543518 0.01049317943336831
0 0.6007992895204263 0.3546694648478489 0.007992895204262877 0.008394543546694649
0 0.8263765541740675 0.35362014690451204 0.006216696269982238 0.008394543546694649
1 0.6309946714031972 0.35991605456453307 0.018650088809946713 0.02098635886673662
1 0.05106571936056838 0.34942287513116477 0.004440497335701598 0.01049317943336831
0 0.7491119005328597 0.34679958027282265 0.006216696269982238 0.00944386149003148
1 0.011101243339253997 0.344700944386149 0.007992895204262877 0.007345225603357817
0 0.7868561278863233 0.344700944386149 0.010657193605683837 0.00944386149003148
1 0.8072824156305506 0.34942287513116477 0.019538188277087035 0.02098635886673662
0 0.8259325044404974 0.34207764952780695 0.007104795737122558 0.008394543546694649
0 0.8383658969804618 0.3426023084994753 0.012433392539964476 0.013641133263378805
0 0.17184724689165187 0.33997901364113325 0.007992895204262877 0.008394543546694649
1 0.9618117229129662 0.3373557187827912 0.007104795737122558 0.005246589716684155
0 0.1825044404973357 0.33840503672612804 0.006216696269982238 0.00944386149003148
1 0.9746891651865008 0.33263378803777544 0.007992895204262877 0.008394543546694649
0 0.1558614564831261 0.3336831059811123 0.006216696269982238 0.014690451206715634
0 0.369449378330373 0.3279118572927597 0.008880994671403197 0.00944386149003148
0 0.19538188277087035 0.3273871983210913 0.007104795737122558 0.008394543546694649
1 0.22380106571936056 0.3310598111227702 0.017761989342806393 0.01993704092339979
0 0.24156305506216696 0.3247639034627492 0.008880994671403197 0.00944386149003148
1 0.43161634103019536 0.3205666316894019 0.008880994671403197 0.005246589716684155
0 0.2966252220248668 0.32266526757607555 0.007104795737122558 0.00944386149003148
1 0.03907637655417407 0.323189926547744 0.0053285968028419185 0.012591815320041973
1 0.9116341030195382 0.3252885624344176 0.007992895204262877 0.01888772298006296
0 0.47735346358792186 0.3205666316894019 0.007992895204262877 0.00944386149003148
1 0.44182948490230906 0.3210912906610703 0.004440497335701598 0.01049317943336831
0 0.32238010657193605 0.3184679958027282 0.008880994671403197 0.007345225603357817
1 0.34058614564831263 0.3242392444910808 0.016873889875666074 0.02098635886673662
1 0.9293960923623446 0.316894018887723 0.004440497335701598 0.01049317943336831
0 0.35879218472468916 0.316894018887723 0.007104795737122558 0.01049317943336831
0 0.18428063943161635 0.3126967471143757 0.006216696269982238 0.008394543546694649
0 0.9227353463587922 0.3132214060860441 0.0053285968028419185 0.011542497376705142
0 0.5843694493783304 0.310598111227702 0.007104795737122558 0.01049317943336831
1 0.5057726465364121 0.3132214060860441 0.018650088809946713 0.01993704092339979
1 0.15630550621669628 0.3079748163693599 0.008880994671403197 0.00944386149003148
1 0.29706927175843695 0.30272822665267574 0.007992895204262877 0.005246589716684155
1 0.7331261101243339 0.30272822665267574 0.004440497335701598 0.00944386149003148
1 0.18383658969804617 0.30167890870933894 0.007104795737122558 0.007345225603357817
0 0.1736234458259325 0.3011542497376705 0.007992895204262877 0.0062959076600209865
1 0.6216696269982238 0.29958027282266525 0.007104795737122558 0.007345225603357817
1 0.22513321492007105 0.30535152151101785 0.016873889875666074 0.01888772298006296
0 0.7952930728241563 0.3001049317943337 0.009769094138543518 0.01049317943336831
1 0.9942273534635879 0.29800629590766003 0.006216696269982238 0.008394543546694649
0 0.2424511545293073 0.29853095487932846 0.007104795737122558 0.00944386149003148
1 0.9360568383658969 0.2953830010493179 0.0053285968028419185 0.007345225603357817
1 0.6762877442273535 0.30220356768100737 0.018650088809946713 0.02098635886673662
1 0.31705150976909413 0.2990556138509968 0.017761989342806393 0.01888772298006296
0 0.5239786856127886 0.2906610703043022 0.007104795737122558 0.008394543546694649
0 0.7815275310834814 0.28961175236096537 0.007104795737122558 0.008394543546694649
1 0.8263765541740675 0.2932843651626443 0.018650088809946713 0.01993704092339979
1 0.8059502664298401 0.2864637985309549 0.007992895204262877 0.0062959076600209865
0 0.7952930728241563 0.28751311647429173 0.009769094138543518 0.008394543546694649
0 0.5954706927175843 0.28593913955928646 0.006216696269982238 0.00944386149003148
1 0.458259325044405 0.2906610703043022 0.017761989342806393 0.02098635886673662
0 0.47646536412078155 0.282791185729276 0.007992895204262877 0.007345225603357817
0 0.19671403197158083 0.28541448058761804 0.007992895204262877 0.012591815320041973
0 0.2313499111900533 0.2833158447009444 0.009769094138543518 0.012591815320041973
0 0.006216696269982238 0.2801678908709339 0.008880994671403197 0.008394543546694649
0 0.5355239786856127 0.27911857292759706 0.007104795737122558 0.008394543546694649
1 0.015541740674955595 0.2801678908709339 0.006216696269982238 0.012591815320041973
1 0.9773534635879219 0.2801678908709339 0.006216696269982238 0.014690451206715634
0 0.6079040852575488 0.27492130115424973 0.006216696269982238 0.008394543546694649
1 0.2997335701598579 0.2759706190975866 0.004440497335701598 0.01049317943336831
0 0.2091474245115453 0.27492130115424973 0.006216696269982238 0.008394543546694649
1 0.7917406749555951 0.2733473242392445 0.006216696269982238 0.007345225603357817
0 0.8046181172291297 0.2733473242392445 0.007104795737122558 0.00944386149003148
1 0.24911190053285967 0.2780692549842602 0.016873889875666074 0.01888772298006296
1 0.9906749555950266 0.26810073452256034 0.006216696269982238 0.007345225603357817
1 0.31838365896980464 0.2738719832109129 0.016873889875666074 0.01888772298006296
1 0.010213143872113677 0.270199370409234 0.006216696269982238 0.011542497376705142
1 0.05017761989342807 0.2696747114375656 0.006216696269982238 0.012591815320041973
1 0.7482238010657194 0.2707240293809024 0.018650088809946713 0.01888772298006296
1 0.18650088809946713 0.2623294858342078 0.007104795737122558 0.008394543546694649
0 0.7926287744227354 0.2607555089192025 0.007992895204262877 0.007345225603357817
0 0.5950266429840142 0.2607555089192025 0.007104795737122558 0.00944386149003148
0 0.23268206039076378 0.25970619097586567 0.007104795737122558 0.00944386149003148
1 0.9587033747779752 0.2586568730325289 0.007992895204262877 0.00944386149003148
0 0.8281527531083481 0.2586568730325289 0.009769094138543518 0.00944386149003148
1 0.016873889875666074 0.2586568730325289 0.0053285968028419185 0.00944386149003148
1 0.6425399644760214 0.2565582371458552 0.006216696269982238 0.007345225603357817
1 0.16163410301953818 0.25760755508919203 0.008880994671403197 0.013641133263378805
1 0.5288632326820604 0.25918153200419725 0.018650088809946713 0.01888772298006296
1 0.008880994671403197 0.25445960125918154 0.0053285968028419185 0.00944386149003148
0 0.5817051509769094 0.25498426023084997 0.008880994671403197 0.012591815320041973
1 0.9311722912966253 0.25236096537250785 0.007992895204262877 0.00944386149003148
1 0.20515097690941386 0.25550891920251834 0.017761989342806393 0.017838405036726127
0 0.39298401420959145 0.24921301154249736 0.007992895204262877 0.007345225603357817
1 0.2233570159857904 0.24816369359916055 0.007992895204262877 0.007345225603357817
0 0.7895204262877442 0.24711437565582373 0.008880994671403197 0.007345225603357817
1 0.6243339253996447 0.2528856243441763 0.017761989342806393 0.01888772298006296
0 0.2455595026642984 0.2465897166841553 0.007992895204262877 0.0062959076600209865
0 0.291740674955595 0.24921301154249736 0.006216696269982238 0.013641133263378805
0 0.2557726465364121 0.2465897166841553 0.007104795737122558 0.008394543546694649
1 0.8143872113676732 0.24501573976915006 0.007104795737122558 0.00944386149003148
0 0.8272646536412078 0.2439664218258132 0.007992895204262877 0.00944386149003148
1 0.3188277087033748 0.24868835257082897 0.017761989342806393 0.01888772298006296
1 0.7264653641207816 0.24554039874081846 0.007104795737122558 0.014690451206715634
0 0.7526642984014209 0.24134312696747115 0.007992895204262877 0.012591815320041973
1 0.7704262877442274 0.2429171038824764 0.018650088809946713 0.01993704092339979
0 0.4400532859680284 0.2397691500524659 0.006216696269982238 0.013641133263378805
1 0.6039076376554174 0.23452256033578175 0.007104795737122558 0.007345225603357817
0 0.20959147424511546 0.23557187827911857 0.008880994671403197 0.00944386149003148
1 0.8268206039076377 0.2324239244491081 0.007104795737122558 0.007345225603357817
0 0.577708703374778 0.23294858342077648 0.009769094138543518 0.008394543546694649
0 0.4626998223801066 0.23294858342077648 0.008880994671403197 0.008394543546694649
1 0.4809058614564831 0.23714585519412382 0.016873889875666074 0.01888772298006296
1 0.16296625222024866 0.23189926547743966 0.004440497335701598 0.008394543546694649
0 0.1980461811722913 0.22927597061909757 0.0053285968028419185 0.00944386149003148
1 0.9245115452930728 0.22770199370409233 0.0053285968028419185 0.01049317943336831
1 0.5697158081705151 0.22927597061909757 0.006216696269982238 0.013641133263378805
1 0.18294849023090587 0.23189926547743966 0.017761989342806393 0.01888772298006296
0 0.9853463587921847 0.22717733473242394 0.006216696269982238 0.011542497376705142
1 0.012433392539964476 0.22507869884575027 0.007104795737122558 0.007345225603357817
0 0.7366785079928952 0.22402938090241342 0.007992895204262877 0.00944386149003148
1 0.7233570159857904 0.22245540398740818 0.006216696269982238 0.008394543546694649
1 0.2935168738898757 0.22402938090241342 0.006216696269982238 0.013641133263378805
1 0.6465364120781527 0.22560335781741866 0.017761989342806393 0.01888772298006296
1 0.6762877442273535 0.21773347324239245 0.006216696269982238 0.007345225603357817
1 0.9200710479573713 0.21983210912906612 0.007104795737122558 0.013641133263378805
1 0.05150976909413854 0.21878279118572927 0.0053285968028419185 0.011542497376705142
1 0.34236234458259324 0.22140608604407136 0.016873889875666074 0.01888772298006296
1 0.7677619893428064 0.21720881427072403 0.020426287744227355 0.01888772298006296
0 0.7371225577264654 0.2124868835257083 0.007104795737122558 0.00944386149003148
1 0.4302841918294849 0.2124868835257083 0.006216696269982238 0.00944386149003148
1 0.9502664298401421 0.21038824763903463 0.007104795737122558 0.007345225603357817
1 0.7988454706927176 0.20933892969569778 0.006216696269982238 0.007345225603357817
1 0.7002664298401421 0.2098635886673662 0.006216696269982238 0.01049317943336831
0 0.46314387211367675 0.20776495278069254 0.006216696269982238 0.008394543546694649
1 0.8232682060390764 0.20671563483735572 0.007104795737122558 0.008394543546694649
0 0.6398756660746003 0.2061909758656873 0.007992895204262877 0.007345225603357817
1 0.48046181172291297 0.21196222455403987 0.017761989342806393 0.01888772298006296
0 0.4524866785079929 0.20724029380902415 0.007992895204262877 0.00944386149003148
0 0.1825044404973357 0.2088142707240294 0.006216696269982238 0.014690451206715634
1 0.9307282415630551 0.20199370409233997 0.0053285968028419185 0.00944386149003148
1 0.5692717584369449 0.20146904512067157 0.007104795737122558 0.008394543546694649
0 0.7340142095914742 0.19727177334732424 0.007992895204262877 0.01049317943336831
1 0.6207815275310835 0.20146904512067157 0.017761989342806393 0.01888772298006296
1 0.051953818827708706 0.19779643231899266 0.006216696269982238 0.013641133263378805
0 0.7841918294849023 0.19412381951731375 0.007104795737122558 0.008394543546694649
1 0.07060390763765542 0.19412381951731375 0.004440497335701598 0.01049317943336831
1 0.015541740674955595 0.1930745015739769 0.004440497335701598 0.01049317943336831
0 0.7135879218472468 0.1930745015739769 0.007992895204262877 0.012591815320041973
1 0.9702486678507993 0.19150052465897166 0.007992895204262877 0.011542497376705142
1 0.9289520426287744 0.18992654774396642 0.0053285968028419185 0.012591815320041973
1 0.7655417406749556 0.19097586568730326 0.017761989342806393 0.01888772298006296
0 0.5022202486678508 0.18677859391395593 0.006216696269982238 0.012591815320041973
0 0.7952930728241563 0.18363064008394545 0.007992895204262877 0.008394543546694649
0 0.7890763765541741 0.1694648478488982 0.011545293072824156 0.007345225603357817
1 0.19760213143872113 0.16789087093389296 0.007992895204262877 0.008394543546694649
1 0.7420071047957372 0.16841552990556138 0.011545293072824156 0.013641133263378805
0 0.24422735346358793 0.16789087093389296 0.008880994671403197 0.012591815320041973
1 0.36101243339253997 0.16421825813221405 0.007992895204262877 0.007345225603357817
1 0.3463587921847247 0.161594963273872 0.007104795737122558 0.012591815320041973
0 0.3814387211367673 0.1589716684155299 0.006216696269982238 0.013641133263378805
1 0.9245115452930728 0.155299055613851 0.0053285968028419185 0.012591815320041973
1 0.66651865008881 0.15110178384050368 0.004440497335701598 0.01049317943336831
1 0.9640319715808171 0.1416579223504722 0.006216696269982238 0.01049317943336831
1 0.9804618117229129 0.14060860440713535 0.007104795737122558 0.012591815320041973
0 0.7300177619893428 0.14008394543546696 0.007104795737122558 0.011542497376705142
1 0.9902309058614565 0.13431269674711438 0.0053285968028419185 0.008394543546694649
1 0.9045293072824157 0.13326337880377753 0.004440497335701598 0.01049317943336831
1 0.7482238010657194 0.13326337880377753 0.006216696269982238 0.01049317943336831
1 0.9964476021314387 0.13273871983210914 0.0053285968028419185 0.011542497376705142
1 0.8072824156305506 0.1285414480587618 0.0053285968028419185 0.007345225603357817
1 0.07548845470692718 0.1285414480587618 0.007104795737122558 0.011542497376705142
1 0.005772646536412078 0.12801678908709338 0.004440497335701598 0.01049317943336831
1 0.9493783303730018 0.1180482686253935 0.007104795737122558 0.005246589716684155
1 0.9076376554174067 0.11909758656873033 0.0053285968028419185 0.007345225603357817
1 0.9080817051509769 0.1044071353620147 0.004440497335701598 0.00944386149003148
1 0.0563943161634103 0.1012591815320042 0.007992895204262877 0.00944386149003148
1 0.9604795737122558 0.09811122770199371 0.007992895204262877 0.00944386149003148
1 0.8996447602131439 0.09548793284365163 0.0053285968028419185 0.008394543546694649
1 0.9702486678507993 0.0944386149003148 0.007992895204262877 0.012591815320041973
1 0.20870337477797513 0.09233997901364113 0.007104795737122558 0.008394543546694649
0 0.2544404973357016 0.09233997901364113 0.006216696269982238 0.01049317943336831
1 0.0452930728241563 0.0912906610703043 0.007104795737122558 0.008394543546694649
1 0.6207815275310835 0.08919202518363065 0.0053285968028419185 0.0062959076600209865
1 0.23268206039076378 0.08919202518363065 0.008880994671403197 0.0062959076600209865
1 0.6967140319715808 0.08709338929695698 0.006216696269982238 0.008394543546694649
1 0.7078152753108348 0.08551941238195174 0.007104795737122558 0.007345225603357817
1 0.6336589698046181 0.08656873032528856 0.006216696269982238 0.011542497376705142
1 0.6412078152753108 0.08289611752360965 0.007104795737122558 0.0062959076600209865
1 0.07060390763765542 0.08184679958027283 0.004440497335701598 0.01049317943336831
1 0.433392539964476 0.07869884575026233 0.007104795737122558 0.0062959076600209865
1 0.7446714031971581 0.07869884575026233 0.011545293072824156 0.012591815320041973
0 0.5959147424511545 0.07240293809024134 0.007104795737122558 0.008394543546694649
1 0.9489342806394316 0.0708289611752361 0.004440497335701598 0.00944386149003148
1 0.6296625222024866 0.06977964323189927 0.010657193605683837 0.007345225603357817
1 0.9849023090586145 0.06663168940188877 0.0053285968028419185 0.011542497376705142
1 0.20825932504440497 0.06610703043022036 0.004440497335701598 0.01049317943336831
1 0.21714031971580816 0.06558237145855195 0.006216696269982238 0.011542497376705142
1 0.9724689165186501 0.06295907660020986 0.0053285968028419185 0.01049317943336831
1 0.7273534635879219 0.060860440713536204 0.010657193605683837 0.0062959076600209865
1 0.21536412078152753 0.057187827911857295 0.007992895204262877 0.00944386149003148
1 0.06705150976909414 0.05613850996852046 0.006216696269982238 0.007345225603357817
1 0.4018650088809947 0.0540398740818468 0.006216696269982238 0.005246589716684155
1 0.8809946714031972 0.05508919202518363 0.0053285968028419185 0.011542497376705142
0 0.6394316163410302 0.05141657922350472 0.008880994671403197 0.0062959076600209865
1 0.9587033747779752 0.047743966421825816 0.007992895204262877 0.00944386149003148
1 0.7344582593250444 0.04564533053515215 0.008880994671403197 0.007345225603357817
1 0.7535523978685613 0.04354669464847849 0.006216696269982238 0.007345225603357817
1 0.6047957371225577 0.04354669464847849 0.0053285968028419185 0.007345225603357817
1 0.7819715808170515 0.04197271773347324 0.009769094138543518 0.0062959076600209865
0 0.7713143872113677 0.04249737670514166 0.006216696269982238 0.00944386149003148
1 0.9023090586145648 0.03882476390346275 0.008880994671403197 0.01049317943336831
1 0.8929840142095915 0.037250786988457504 0.004440497335701598 0.00944386149003148
1 0.9471580817051509 0.03672612801678909 0.006216696269982238 0.014690451206715634
0 0.7015985790408525 0.03462749213011543 0.0053285968028419185 0.01049317943336831
1 0.5461811722912966 0.03462749213011543 0.007104795737122558 0.01049317943336831
1 0.7331261101243339 0.032004197271773345 0.009769094138543518 0.007345225603357817
1 0.7215808170515098 0.03305351521511018 0.007992895204262877 0.00944386149003148
1 0.5963587921847247 0.030430220356768102 0.006216696269982238 0.008394543546694649
0 0.14298401420959148 0.02833158447009444 0.008880994671403197 0.012591815320041973
1 0.9693605683836589 0.027806925498426022 0.007992895204262877 0.015739769150052464
1 0.6856127886323268 0.0236096537250787 0.0053285968028419185 0.00944386149003148
1 0.9440497335701599 0.021511017838405037 0.007104795737122558 0.007345225603357817
1 0.3317051509769094 0.020461699895068207 0.006216696269982238 0.005246589716684155
1 0.5448490230905861 0.020461699895068207 0.006216696269982238 0.007345225603357817
1 0.2557726465364121 0.01888772298006296 0.007104795737122558 0.0062959076600209865
1 0.7415630550621669 0.01888772298006296 0.0053285968028419185 0.008394543546694649
1 0.7571047957371225 0.016789087093389297 0.006216696269982238 0.0062959076600209865
1 0.23623445825932504 0.019412381951731374 0.0053285968028419185 0.011542497376705142
1 0.6083481349911191 0.017313746065057714 0.012433392539964476 0.00944386149003148
1 0.9826820603907638 0.018363064008394544 0.006216696269982238 0.013641133263378805
1 0.7726465364120781 0.014690451206715634 0.007104795737122558 0.0062959076600209865
1 0.6292184724689165 0.015739769150052464 0.009769094138543518 0.008394543546694649
0 0.6527531083481349 0.011542497376705142 0.010657193605683837 0.0062959076600209865
1 0.6629662522202486 0.011542497376705142 0.006216696269982238 0.008394543546694649
1 0.0830373001776199 0.01049317943336831 0.004440497335701598 0.01049317943336831
1 0.5719360568383659 0.006820566631689402 0.0053285968028419185 0.007345225603357817
1 0.0741563055062167 0.008394543546694649 0.004440497335701598 0.01049317943336831
1 0.05017761989342807 0.0062959076600209865 0.004440497335701598 0.008394543546694649
0 0.7269094138543517 0.005246589716684155 0.009769094138543518 0.008394543546694649
1 0.9724689165186501 0.0062959076600209865 0.0053285968028419185 0.012591815320041973
1 0.9547069271758437 0.008394543546694649 0.007104795737122558 0.016789087093389297
0 0.7415630550621669 0.00472193074501574 0.0053285968028419185 0.00944386149003148
0 0.6465364120781527 0.0026232948583420775 0.008880994671403197 0.005246589716684155
0 0.03507992895204263 0.006820566631689402 0.007992895204262877 0.013641133263378805
1 0.010657193605683837 0.0062959076600209865 0.0053285968028419185 0.012591815320041973