1 0.3383658826351166 0.9968520402908325 0.0053285956382751465 0.006295919418334961
1 0.6363232731819153 0.9952780604362488 0.0044405460357666016 0.009443879127502441
1 0.5905861258506775 0.9947534203529358 0.007104754447937012 0.010493159294128418
1 0.5333037376403809 0.9921301007270813 0.007992863655090332 0.005246639251708984
1 0.22557726502418518 0.9947534203529358 0.0053285956382751465 0.010493159294128418
1 0.09413854032754898 0.9947534203529358 0.0053285956382751465 0.010493159294128418
1 0.6878330111503601 0.993179440498352 0.0044405460357666016 0.009443879127502441
1 0.27264654636383057 0.993704080581665 0.0053285956382751465 0.012591838836669922
1 0.4764653742313385 0.9910808205604553 0.006216704845428467 0.011542439460754395
1 0.8334813714027405 0.9874081611633301 0.0044405460357666016 0.010493159294128418
1 0.4849023222923279 0.9874081611633301 0.0053285956382751465 0.010493159294128418
1 0.7801953554153442 0.9879328608512878 0.007992863655090332 0.013641119003295898
1 0.587033748626709 0.9826862812042236 0.005328655242919922 0.011542439460754395
1 0.015097690280526876 0.9805876016616821 0.005328596569597721 0.0073451995849609375
1 0.5315275192260742 0.9800629615783691 0.0044405460357666016 0.010493159294128418
1 0.4094138443470001 0.9811123013496399 0.0053285956382751465 0.012591838836669922
1 0.22468917071819305 0.9763903617858887 0.00888100266456604 0.0073451995849609375
1 0.9689165353775024 0.9758656620979309 0.005328655242919922 0.010493159294128418
1 0.7810834646224976 0.9748163819313049 0.006216645240783691 0.008394598960876465
1 0.1820603907108307 0.9727177619934082 0.0053285956382751465 0.008394598960876465
1 0.004440497024916112 0.9742916822433472 0.005328596802428365 0.011542439460754395
1 0.7269093990325928 0.9716684222221375 0.009769082069396973 0.008394598960876465
1 0.4200710356235504 0.9716684222221375 0.0053285956382751465 0.008394598960876465
1 0.307282418012619 0.9732424020767212 0.007104814052581787 0.013641119003295898
1 0.48534634709358215 0.9700944423675537 0.004440486431121826 0.009443879127502441
1 0.015097690280526876 0.9700944423675537 0.005328596569597721 0.009443879127502441
1 0.6967140436172485 0.96852046251297 0.007992863655090332 0.010493159294128418
1 0.7162522077560425 0.9658971428871155 0.006216645240783691 0.0073451995849609375
1 0.7717584371566772 0.9643231630325317 0.005328655242919922 0.008394598960876465
1 0.9729129672050476 0.9554039835929871 0.0044405460357666016 0.009443879127502441
1 0.11012433469295502 0.9333683252334595 0.008880987763404846 0.005246639251708984
1 0.1385435163974762 0.9323189854621887 0.00888100266456604 0.005246639251708984
1 0.4391651749610901 0.9270724058151245 0.007992923259735107 0.005246639251708984
1 0.9960035681724548 0.92444908618927 0.0044405460357666016 0.008394598960876465
1 0.07238010317087173 0.92444908618927 0.00444050133228302 0.008394598960876465
1 0.7708703279495239 0.9207764863967896 0.008880972862243652 0.005246639251708984
1 0.5266429781913757 0.9134312868118286 0.008880972862243652 0.005246639251708984
1 0.06793960928916931 0.9045120477676392 0.009769096970558167 0.012591838836669922
1 0.01865008845925331 0.8976914882659912 0.007104795426130295 0.011542439460754395
1 0.1913854330778122 0.8898215889930725 0.00799289345741272 0.008394598960876465
1 0.1736234426498413 0.8898215889930725 0.011545300483703613 0.008394598960876465
1 0.27886322140693665 0.8866736888885498 0.008880972862243652 0.006295919418334961
0 0.21980461478233337 0.8887723088264465 0.013321489095687866 0.010493159294128418
0 0.2020426243543625 0.8887723088264465 0.00799289345741272 0.010493159294128418
0 0.3792184591293335 0.886148989200592 0.007104814052581787 0.0073451995849609375
1 0.33747780323028564 0.886148989200592 0.007104814052581787 0.0073451995849609375
1 0.023978685960173607 0.8887723088264465 0.0053285956382751465 0.012591838836669922
1 0.36456483602523804 0.8850997090339661 0.006216704845428467 0.0073451995849609375
0 0.35168740153312683 0.885624349117279 0.007104814052581787 0.010493159294128418
0 0.16296625137329102 0.8866736888885498 0.00799289345741272 0.012591838836669922
0 0.32460036873817444 0.8850997090339661 0.009769082069396973 0.011542439460754395
0 0.47335702180862427 0.8840503692626953 0.010657191276550293 0.011542439460754395
1 0.461367666721344 0.8830010294914246 0.007992923259735107 0.009443879127502441
1 0.6691829562187195 0.8803777694702148 0.007992863655090332 0.008394598960876465
0 0.48889875411987305 0.8819517493247986 0.009769082069396973 0.011542439460754395
1 0.6589698195457458 0.8798530697822571 0.008880972862243652 0.009443879127502441
0 0.5563943386077881 0.8814270496368408 0.009769082069396973 0.012591838836669922
0 0.5017762184143066 0.8814270496368408 0.010657191276550293 0.012591838836669922
1 0.10968028753995895 0.8803777694702148 0.00799289345741272 0.012591838836669922
0 0.5430728197097778 0.8793284296989441 0.007992863655090332 0.012591838836669922
1 0.27886322140693665 0.8761804699897766 0.008880972862243652 0.006295919418334961
1 0.26820603013038635 0.8798530697822571 0.008880972862243652 0.013641119003295898
1 0.7144760489463806 0.8767051696777344 0.007992863655090332 0.009443879127502441
1 0.7282415628433228 0.8761804699897766 0.007104754447937012 0.010493159294128418
1 0.025310834869742393 0.8751311898231506 0.007992897182703018 0.008394598960876465
0 0.8134990930557251 0.8746064901351929 0.008880972862243652 0.011542439460754395
1 0.7650976777076721 0.8735572099685669 0.0044405460357666016 0.009443879127502441
0 0.6860568523406982 0.8756558299064636 0.011545300483703613 0.013641119003295898
1 0.4356127977371216 0.8740818500518799 0.007992923259735107 0.010493159294128418
1 0.16385434567928314 0.8735572099685669 0.006216704845428467 0.009443879127502441
1 0.14342805743217468 0.8814270496368408 0.020426273345947266 0.027282238006591797
0 0.8006216883659363 0.8735572099685669 0.011545300483703613 0.013641119003295898
0 0.700266420841217 0.8746064901351929 0.007992863655090332 0.015739798545837402
1 0.20337477326393127 0.8704092502593994 0.007104784250259399 0.0073451995849609375
1 0.19227352738380432 0.8709338903427124 0.00799289345741272 0.008394598960876465
0 0.8596802949905396 0.8719832301139832 0.012433409690856934 0.012591838836669922
0 0.17406749725341797 0.8704092502593994 0.012433379888534546 0.009443879127502441
0 0.37744227051734924 0.8693599104881287 0.007104814052581787 0.009443879127502441
0 0.33747780323028564 0.8698845505714417 0.007104814052581787 0.010493159294128418
0 0.32460036873817444 0.8704092502593994 0.009769082069396973 0.011542439460754395
1 0.3041740655899048 0.8782790899276733 0.020426273345947266 0.027282238006591797
1 0.6150088906288147 0.866736650466919 0.009769082069396973 0.006295919418334961
0 0.8889875411987305 0.8704092502593994 0.012433409690856934 0.015739798545837402
1 0.48756662011146545 0.866736650466919 0.0053285956382751465 0.008394598960876465
0 0.47335702180862427 0.8656873106956482 0.008880972862243652 0.008394598960876465
0 0.46181172132492065 0.8662119507789612 0.008880972862243652 0.009443879127502441
1 0.5230906009674072 0.8735572099685669 0.021314382553100586 0.02623295783996582
0 0.5008881092071533 0.8656873106956482 0.008880972862243652 0.010493159294128418
0 0.5577264428138733 0.8651626706123352 0.008880972862243652 0.011542439460754395
1 0.5439609289169312 0.8651626706123352 0.007992863655090332 0.011542439460754395
0 0.6567495465278625 0.86149001121521 0.007992863655090332 0.008394598960876465
1 0.635435163974762 0.8704092502593994 0.020426273345947266 0.02623295783996582
1 0.7282415628433228 0.860440731048584 0.007104754447937012 0.008394598960876465
1 0.6705151200294495 0.860965371131897 0.007104754447937012 0.009443879127502441
0 0.6847246885299683 0.8599160313606262 0.007104754447937012 0.009443879127502441
1 0.023534635081887245 0.8593913912773132 0.013321492820978165 0.008394598960876465
0 0.6971580982208252 0.8599160313606262 0.010657191276550293 0.011542439460754395
0 0.7166962623596191 0.8599160313606262 0.014209628105163574 0.013641119003295898
1 0.835701584815979 0.8651626706123352 0.021314382553100586 0.02623295783996582
1 0.26953819394111633 0.8551941514015198 0.007992923259735107 0.006295919418334961
1 0.012877441477030516 0.854669451713562 0.007992894388735294 0.005246639251708984
1 0.003552397945895791 0.8557187914848328 0.007104795891791582 0.0073451995849609375
1 0.8126109838485718 0.8567680716514587 0.010657191276550293 0.011542439460754395
0 0.8001776337623596 0.8567680716514587 0.010657191276550293 0.011542439460754395
1 0.43605685234069824 0.8530954718589783 0.008880972862243652 0.006295919418334961
0 0.2029307335615158 0.854669451713562 0.009769082069396973 0.009443879127502441
1 0.19271758198738098 0.854669451713562 0.007104784250259399 0.009443879127502441
1 0.5999112129211426 0.854144811630249 0.0044405460357666016 0.010493159294128418
0 0.3099467158317566 0.8520461916923523 0.008880972862243652 0.008394598960876465
1 0.27975133061408997 0.8525708317756653 0.007104814052581787 0.011542439460754395
0 0.3641207814216614 0.8504722118377686 0.008880972862243652 0.009443879127502441
1 0.44671404361724854 0.8504722118377686 0.008880972862243652 0.011542439460754395
0 0.38099467754364014 0.8504722118377686 0.010657191276550293 0.011542439460754395
0 0.39120781421661377 0.8488982319831848 0.007992923259735107 0.010493159294128418
0 0.35168740153312683 0.8494228720664978 0.008880972862243652 0.011542439460754395
0 0.47335702180862427 0.8467995524406433 0.008880972862243652 0.010493159294128418
0 0.46047958731651306 0.8462749123573303 0.009769082069396973 0.011542439460754395
0 0.6385435461997986 0.8441762924194336 0.010657191276550293 0.009443879127502441
1 0.5577264428138733 0.8441762924194336 0.007104754447937012 0.009443879127502441
0 0.4884546995162964 0.8462749123573303 0.010657191276550293 0.013641119003295898
1 0.2801953852176666 0.8426023125648499 0.007992923259735107 0.006295919418334961
0 0.5430728197097778 0.8436516523361206 0.007992863655090332 0.012591838836669922
0 0.5017762184143066 0.8447009325027466 0.008880972862243652 0.014690399169921875
1 0.4458259344100952 0.8431269526481628 0.008880972862243652 0.011542439460754395
0 0.7122557759284973 0.8415529727935791 0.010657191276550293 0.010493159294128418
0 0.7255772352218628 0.8405036926269531 0.008880972862243652 0.010493159294128418
0 0.6265541911125183 0.8410283327102661 0.009769082069396973 0.013641119003295898
1 0.6119005084037781 0.8399789929389954 0.008880972862243652 0.011542439460754395
0 0.7979573607444763 0.8384050130844116 0.011545300483703613 0.010493159294128418
0 0.16740675270557404 0.8378803730010986 0.00799289345741272 0.009443879127502441
1 0.14165186882019043 0.8368310332298279 0.00799289345741272 0.0073451995849609375
1 0.6007992625236511 0.8384050130844116 0.006216645240783691 0.012591838836669922
1 0.22513321042060852 0.8452256321907043 0.020426273345947266 0.02623295783996582
0 0.2042628824710846 0.8363063931465149 0.00888100266456604 0.008394598960876465
0 0.178507998585701 0.8373557329177856 0.007104784250259399 0.010493159294128418
1 0.15186500549316406 0.8368310332298279 0.00888100266456604 0.009443879127502441
0 0.8987566828727722 0.8363063931465149 0.008880972862243652 0.010493159294128418
1 0.8703374862670898 0.8352570533752441 0.007104754447937012 0.010493159294128418
0 0.8103907704353333 0.8368310332298279 0.011545300483703613 0.013641119003295898
1 0.33170515298843384 0.8426023125648499 0.020426273345947266 0.025183677673339844
0 0.31039077043533325 0.8342077732086182 0.007992923259735107 0.008394598960876465
0 0.2979573607444763 0.8373557329177856 0.009769082069396973 0.014690399169921875
0 0.36456483602523804 0.8347324132919312 0.009769082069396973 0.011542439460754395
0 0.3530195355415344 0.8336831331253052 0.007992923259735107 0.009443879127502441
0 0.8539076447486877 0.8347324132919312 0.009769082069396973 0.013641119003295898
0 0.37966251373291016 0.8321091532707214 0.007992923259735107 0.008394598960876465
0 0.3907637596130371 0.8326337933540344 0.008880972862243652 0.011542439460754395
0 0.4738010764122009 0.8315844535827637 0.009769082069396973 0.011542439460754395
1 0.9942273497581482 0.8279118537902832 0.007992863655090332 0.006295919418334961
1 0.5217584371566772 0.8378803730010986 0.020426273345947266 0.02623295783996582
1 0.5 0.8294858336448669 0.008880972862243652 0.009443879127502441
0 0.4884546995162964 0.8310598134994507 0.010657191276550293 0.012591838836669922
0 0.461367666721344 0.8310598134994507 0.009769082069396973 0.012591838836669922
0 0.5559502840042114 0.8300104737281799 0.010657191276550293 0.012591838836669922
1 0.5426287651062012 0.8279118537902832 0.007104754447937012 0.008394598960876465
1 0.029751332476735115 0.8310598134994507 0.007992897182703018 0.014690399169921875
1 0.7704262733459473 0.8321091532707214 0.009769082069396973 0.018887758255004883
0 0.6398756504058838 0.8273872137069702 0.007992863655090332 0.011542439460754395
0 0.6261101365089417 0.8268625140190125 0.008880972862243652 0.010493159294128418
1 0.661634087562561 0.8336831331253052 0.021314382553100586 0.02623295783996582
1 0.27042627334594727 0.8200419545173645 0.007992923259735107 0.005246639251708984
0 0.7957371473312378 0.822140634059906 0.008880972862243652 0.011542439460754395
1 0.014653640799224377 0.8216159343719482 0.006216695532202721 0.010493159294128418
1 0.9373890161514282 0.8205666542053223 0.0044405460357666016 0.010493159294128418
1 0.8325932621955872 0.828961193561554 0.022202491760253906 0.027282238006591797
0 0.8095026612281799 0.8210912942886353 0.009769082069396973 0.011542439460754395
1 0.30905860662460327 0.8189926743507385 0.007104814052581787 0.0073451995849609375
1 0.19404973089694977 0.8195173144340515 0.006216704845428467 0.008394598960876465
0 0.8672291040420532 0.8205666542053223 0.011545300483703613 0.014690399169921875
0 0.8543516993522644 0.8195173144340515 0.010657191276550293 0.012591838836669922
1 0.4351687431335449 0.815844714641571 0.008880972862243652 0.005246639251708984
0 0.20515097677707672 0.8184679746627808 0.00888100266456604 0.010493159294128418
0 0.178507998585701 0.8189926743507385 0.010657191276550293 0.011542439460754395
0 0.8965364098548889 0.8195173144340515 0.011545300483703613 0.014690399169921875
1 0.3801065683364868 0.815844714641571 0.007104814052581787 0.0073451995849609375
0 0.2992895245552063 0.816893994808197 0.008880972862243652 0.009443879127502441
0 0.3521314263343811 0.815844714641571 0.007992923259735107 0.009443879127502441
1 0.030195382423698902 0.815844714641571 0.007104797288775444 0.009443879127502441
0 0.39031970500946045 0.8153200149536133 0.009769082069396973 0.010493159294128418
0 0.4693605601787567 0.8126967549324036 0.013321518898010254 0.011542439460754395
0 0.527531087398529 0.8111227750778198 0.008880972862243652 0.010493159294128418
0 0.4991118907928467 0.8116474151611328 0.008880972862243652 0.011542439460754395
0 0.4884546995162964 0.8116474151611328 0.008880972862243652 0.011542439460754395
1 0.4591474235057831 0.8105981349945068 0.0053285956382751465 0.009443879127502441
1 0.4356127977371216 0.8079748153686523 0.007992923259735107 0.006295919418334961
0 0.5150976777076721 0.8100734353065491 0.008880972862243652 0.012591838836669922
0 0.722468912601471 0.8053514957427979 0.009769082069396973 0.011542439460754395
1 0.4458259344100952 0.8084994554519653 0.008880972862243652 0.017838358879089355
0 0.8050621747970581 0.8037775158882141 0.009769082069396973 0.010493159294128418
0 0.1678507924079895 0.8043022155761719 0.007104784250259399 0.011542439460754395
0 0.15408526360988617 0.8043022155761719 0.00799289345741272 0.011542439460754395
1 0.2264653593301773 0.8100734353065491 0.019538193941116333 0.025183677673339844
0 0.19538187980651855 0.8027282357215881 0.00888100266456604 0.010493159294128418
0 0.17895203828811646 0.8032528758049011 0.009769082069396973 0.011542439460754395
0 0.7091474533081055 0.8037775158882141 0.011545300483703613 0.014690399169921875
0 0.8219360709190369 0.8011542558670044 0.009769082069396973 0.011542439460754395
1 0.33259326219558716 0.8079748153686523 0.020426273345947266 0.025183677673339844
0 0.29973357915878296 0.8006296157836914 0.007992923259735107 0.010493159294128418
1 0.7690941095352173 0.7995802760124207 0.005328655242919922 0.010493159294128418
0 0.3521314263343811 0.7990556359291077 0.007992923259735107 0.009443879127502441
0 0.37966251373291016 0.7980062961578369 0.007992923259735107 0.011542439460754395
0 0.36323267221450806 0.7980062961578369 0.012433409690856934 0.011542439460754395
0 0.8365896940231323 0.7990556359291077 0.008880972862243652 0.015739798545837402
1 0.5004440397024155 0.7953829765319824 0.006216675043106079 0.008394598960876465
1 0.6092362403869629 0.7995802760124207 0.008880972862243652 0.018887758255004883
0 0.4880106449127197 0.7948583364486694 0.007992923259735107 0.009443879127502441
1 0.5142095685005188 0.7932843565940857 0.007104754447937012 0.008394598960876465
1 0.548401415348053 0.8011542558670044 0.020426273345947266 0.02623295783996582
0 0.5266429781913757 0.7938089966773987 0.008880972862243652 0.011542439460754395
1 0.7784191966056824 0.7953829765319824 0.009769082069396973 0.018887758255004883
1 0.6318827867507935 0.7990556359291077 0.020426273345947266 0.02623295783996582
1 0.015097690280526876 0.7927597165107727 0.012433391995728016 0.013641119003295898
1 0.7073712348937988 0.7896117568016052 0.006216645240783691 0.009443879127502441
0 0.6936056613922119 0.7901363968849182 0.010657191276550293 0.012591838836669922
1 0.6807282567024231 0.7890871167182922 0.007992863655090332 0.010493159294128418
0 0.8059502840042114 0.7864637970924377 0.007992863655090332 0.009443879127502441
1 0.026198934763669968 0.7869884371757507 0.00799289345741272 0.010493159294128418
0 0.8219360709190369 0.784889817237854 0.007992863655090332 0.010493159294128418
0 0.2335701584815979 0.784889817237854 0.00888100266456604 0.010493159294128418
0 0.22113676369190216 0.784889817237854 0.007104784250259399 0.010493159294128418
0 0.8636767268180847 0.784365177154541 0.009769082069396973 0.011542439460754395
0 0.8339254260063171 0.7838404774665833 0.008880972862243652 0.010493159294128418
0 0.4351687431335449 0.7817418575286865 0.008880972862243652 0.006295919418334961
0 0.2064831256866455 0.784889817237854 0.009769082069396973 0.012591838836669922
1 0.8872113823890686 0.790661096572876 0.023090600967407227 0.02623295783996582
0 0.8503552675247192 0.7833158373832703 0.009769082069396973 0.011542439460754395
0 0.38099467754364014 0.7817418575286865 0.008880972862243652 0.008394598960876465
0 0.3263765573501587 0.7817418575286865 0.007992923259735107 0.008394598960876465
1 0.016873890534043312 0.7801678776741028 0.007104795426130295 0.005246639251708984
0 0.3379218578338623 0.7817418575286865 0.007992923259735107 0.010493159294128418
0 0.3641207814216614 0.7812172174453735 0.008880972862243652 0.011542439460754395
0 0.4715808033943176 0.7770199179649353 0.008880972862243652 0.011542439460754395
0 0.5142095685005188 0.7759706377983093 0.008880972862243652 0.011542439460754395
0 0.46047958731651306 0.7764952778816223 0.009769082069396973 0.012591838836669922
0 0.12655417248606682 0.778069257736206 0.00976908951997757 0.017838358879089355
0 0.6514209508895874 0.7717733383178711 0.009769082069396973 0.009443879127502441
0 0.5270870327949524 0.7738719582557678 0.009769082069396973 0.013641119003295898
1 0.14964476227760315 0.7791185975074768 0.020426273345947266 0.024134278297424316
0 0.6634103059768677 0.7712486982345581 0.008880972862243652 0.010493159294128418
0 0.6367673277854919 0.7717733383178711 0.007104754447937012 0.011542439460754395
0 0.624333918094635 0.7722979784011841 0.010657191276550293 0.012591838836669922
0 0.4462699890136719 0.7754459381103516 0.007992923259735107 0.018887758255004883
0 0.17051510512828827 0.7707240581512451 0.00888100266456604 0.009443879127502441
0 0.19626998901367188 0.7707240581512451 0.00888100266456604 0.011542439460754395
0 0.22158081829547882 0.7696747183799744 0.00799289345741272 0.011542439460754395
0 0.20737121999263763 0.7696747183799744 0.00799289345741272 0.011542439460754395
1 0.8317051529884338 0.7670513987541199 0.007992863655090332 0.008394598960876465
0 0.8032859563827515 0.7675760984420776 0.007992863655090332 0.009443879127502441
0 0.8197157979011536 0.7670513987541199 0.008880972862243652 0.010493159294128418
1 0.30550622940063477 0.7743966579437256 0.021314382553100586 0.025183677673339844
1 0.007992895552888513 0.7686253786087036 0.008880994748324156 0.013641119003295898
0 0.7908525466918945 0.7670513987541199 0.011545300483703613 0.012591838836669922
1 0.3530195355415344 0.7649527788162231 0.006216704845428467 0.008394598960876465
0 0.3383658826351166 0.7654774188995361 0.007104814052581787 0.009443879127502441
0 0.8898756504058838 0.7649527788162231 0.008880972862243652 0.010493159294128418
0 0.3277086913585663 0.7654774188995361 0.008880972862243652 0.011542439460754395
1 0.027087034657597542 0.7644281387329102 0.007992897182703018 0.009443879127502441
0 0.8761101365089417 0.7633787989616394 0.009769082069396973 0.011542439460754395
1 0.4928952306509018 0.7681007385253906 0.019538193941116333 0.025183677673339844
0 0.4720248579978943 0.7612801790237427 0.007992923259735107 0.011542439460754395
0 0.4600355327129364 0.7618048191070557 0.008880972862243652 0.012591838836669922
1 0.6079040765762329 0.7633787989616394 0.007992863655090332 0.017838358879089355
1 0.5248667597770691 0.7576075792312622 0.007104754447937012 0.006295919418334961
0 0.5142095685005188 0.7586568593978882 0.008880972862243652 0.008394598960876465
1 0.6221137046813965 0.7570828795433044 0.006216645240783691 0.009443879127502441
0 0.5532859563827515 0.759181559085846 0.010657191276550293 0.013641119003295898
0 0.6363232731819153 0.7576075792312622 0.007992863655090332 0.012591838836669922
1 0.1278863288462162 0.752885639667511 0.008880995213985443 0.005246639251708984
1 0.006660745944827795 0.753934919834137 0.009769094176590443 0.0073451995849609375
1 0.712699830532074 0.7618048191070557 0.020426273345947266 0.025183677673339844
0 0.6780639290809631 0.7549842596054077 0.009769082069396973 0.011542439460754395
0 0.6634103059768677 0.7560335993766785 0.010657191276550293 0.013641119003295898
0 0.6505328416824341 0.7549842596054077 0.009769082069396973 0.011542439460754395
0 0.22380106151103973 0.753410279750824 0.00888100266456604 0.008394598960876465
1 0.19671402871608734 0.752885639667511 0.00799289345741272 0.0073451995849609375
1 0.0182060394436121 0.7544596195220947 0.00621669739484787 0.010493159294128418
0 0.6904973387718201 0.7549842596054077 0.011545300483703613 0.013641119003295898
0 0.18294848501682281 0.752885639667511 0.00888100266456604 0.009443879127502441
1 0.9862344861030579 0.752885639667511 0.006216645240783691 0.011542439460754395
0 0.8028419017791748 0.7518362998962402 0.010657191276550293 0.011542439460754395
0 0.7895204424858093 0.7507869601249695 0.008880972862243652 0.009443879127502441
1 0.8539076447486877 0.7586568593978882 0.022202491760253906 0.027282238006591797
1 0.4351687431335449 0.7476390600204468 0.008880972862243652 0.005246639251708984
1 0.337033748626709 0.7492130398750305 0.009769082069396973 0.008394598960876465
0 0.23534636199474335 0.7502623200416565 0.007104784250259399 0.010493159294128418
0 0.8308170437812805 0.7502623200416565 0.009769082069396973 0.012591838836669922
0 0.8188276886940002 0.7492130398750305 0.008880972862243652 0.010493159294128418
1 0.28330373764038086 0.7486883401870728 0.008880972862243652 0.011542439460754395
0 0.8889875411987305 0.7486883401870728 0.010657191276550293 0.013641119003295898
0 0.8761101365089417 0.7476390600204468 0.011545300483703613 0.011542439460754395
0 0.32682061195373535 0.747114360332489 0.007104814052581787 0.010493159294128418
1 0.9844582676887512 0.7418677806854248 0.006216645240783691 0.006295919418334961
0 0.4715808033943176 0.7434417605400085 0.008880972862243652 0.009443879127502441
1 0.12611011788249016 0.7434417605400085 0.007104791700839996 0.009443879127502441
0 0.4600355327129364 0.7434417605400085 0.008880972862243652 0.011542439460754395
0 0.5244227647781372 0.7413431406021118 0.011545300483703613 0.011542439460754395
1 0.5000000149011612 0.7402938008308411 0.005328625440597534 0.009443879127502441
0 0.4857904016971588 0.7413431406021118 0.008880972862243652 0.011542439460754395
1 0.28330373764038086 0.740818440914154 0.008880972862243652 0.010493159294128418
0 0.03063943237066269 0.7418677806854248 0.00799289345741272 0.012591838836669922
0 0.5119893550872803 0.7397691607475281 0.009769082069396973 0.012591838836669922
1 0.15097691118717194 0.747114360332489 0.019538193941116333 0.027282238006591797
1 0.6625221967697144 0.7366212010383606 0.007104754447937012 0.008394598960876465
0 0.6492007374763489 0.7376705408096313 0.008880972862243652 0.010493159294128418
0 0.4356127977371216 0.7381951808929443 0.007992923259735107 0.011542439460754395
0 0.19671402871608734 0.7371458411216736 0.00799289345741272 0.009443879127502441
1 0.6896092295646667 0.7360965609550476 0.007992863655090332 0.009443879127502441
0 0.6216696500778198 0.7371458411216736 0.008880972862243652 0.011542439460754395
0 0.22335702180862427 0.7355718612670898 0.00799289345741272 0.008394598960876465
0 0.20870336890220642 0.7355718612670898 0.007104784250259399 0.008394598960876465
0 0.1820603907108307 0.7350472211837769 0.00888100266456604 0.0073451995849609375
0 0.6762877702713013 0.7355718612670898 0.007992863655090332 0.010493159294128418
1 0.799733579158783 0.7334732413291931 0.007992863655090332 0.008394598960876465
0 0.634103000164032 0.7366212010383606 0.010657191276550293 0.014690399169921875
1 0.307282418012619 0.740818440914154 0.019538164138793945 0.025183677673339844
1 0.8281527757644653 0.7324239015579224 0.007992863655090332 0.010493159294128418
0 0.3277086913585663 0.7318992614746094 0.008880972862243652 0.009443879127502441
1 0.8849911093711853 0.7303252816200256 0.007992863655090332 0.008394598960876465
0 0.35390764474868774 0.7313746213912964 0.009769082069396973 0.010493159294128418
0 0.33880993723869324 0.7313746213912964 0.007992923259735107 0.010493159294128418
0 0.7868561148643494 0.7313746213912964 0.010657191276550293 0.012591838836669922
1 0.7619893550872803 0.7308499217033386 0.007104754447937012 0.011542439460754395
0 0.3650088906288147 0.7308499217033386 0.008880972862243652 0.011542439460754395
0 0.873001754283905 0.7298006415367126 0.010657191276550293 0.011542439460754395
0 0.8157193660736084 0.7303252816200256 0.009769082069396973 0.012591838836669922
1 0.4587033689022064 0.7287513017654419 0.006216704845428467 0.009443879127502441
0 0.3827708661556244 0.7292759418487549 0.014209568500518799 0.010493159294128418
0 0.46891650557518005 0.7261280417442322 0.012433409690856934 0.008394598960876465
1 0.5963587760925293 0.7298006415367126 0.007992863655090332 0.017838358879089355
0 0.5253108143806458 0.7261280417442322 0.009769082069396973 0.010493159294128418
0 0.5128774642944336 0.7256033420562744 0.009769082069396973 0.009443879127502441
0 0.4862344563007355 0.7266526818275452 0.007992923259735107 0.011542439460754395
1 0.5461812019348145 0.7324239015579224 0.023090600967407227 0.025183677673339844
1 0.7708703279495239 0.721930742263794 0.007104754447937012 0.010493159294128418
0 0.6327708959579468 0.7224553823471069 0.009769082069396973 0.011542439460754395
1 0.03419182822108269 0.7224553823471069 0.00621669739484787 0.011542439460754395
0 0.6891651749610901 0.721406102180481 0.008880972862243652 0.011542439460754395
0 0.6603019833564758 0.721406102180481 0.011545300483703613 0.011542439460754395
0 0.6487566828727722 0.7203567624092102 0.009769082069396973 0.009443879127502441
0 0.6212255954742432 0.721406102180481 0.009769082069396973 0.011542439460754395
1 0.710035502910614 0.7271773219108582 0.020426273345947266 0.025183677673339844
1 0.22380106151103973 0.7172088027000427 0.007104784250259399 0.005246639251708984
0 0.6776198744773865 0.7187827825546265 0.012433409690856934 0.010493159294128418
1 0.8494671583175659 0.7229800820350647 0.022202491760253906 0.025183677673339844
0 0.7864120602607727 0.7161595225334167 0.009769082069396973 0.011542439460754395
0 0.8152753114700317 0.715110182762146 0.008880972862243652 0.011542439460754395
0 0.884103000164032 0.7140608429908752 0.011545300483703613 0.013641119003295898
0 0.8712255954742432 0.7140608429908752 0.010657191276550293 0.013641119003295898
1 0.9715808033943176 0.7077649235725403 0.005328655242919922 0.009443879127502441
1 0.9809058904647827 0.7061910033226013 0.0044405460357666016 0.010493159294128418
1 0.9800177812576294 0.6956977844238281 0.007992863655090332 0.008394598960876465
0 0.025310834869742393 0.6951731443405151 0.00621669739484787 0.011542439460754395
1 0.9977797269821167 0.6925498247146606 0.0044405460357666016 0.010493159294128418
0 0.0328596793115139 0.6920251846313477 0.0053285956382751465 0.009443879127502441
1 0.15985789895057678 0.6899265646934509 0.007104784250259399 0.0073451995849609375
1 0.1749555915594101 0.6888772249221802 0.007104784250259399 0.0073451995849609375
0 0.1492007076740265 0.6888772249221802 0.007104784250259399 0.009443879127502441
0 0.1865008920431137 0.6873032450675964 0.007104784250259399 0.010493159294128418
1 0.13099467754364014 0.6852046251296997 0.009769082069396973 0.010493159294128418
0 0.2744227349758148 0.6820566654205322 0.008880972862243652 0.006295919418334961
1 0.36545294523239136 0.6810073256492615 0.007992923259735107 0.008394598960876465
0 0.39165186882019043 0.6794333457946777 0.008880972862243652 0.009443879127502441
0 0.3805506229400635 0.6794333457946777 0.007992923259735107 0.009443879127502441
1 0.960035502910614 0.677859365940094 0.007104754447937012 0.008394598960876465
0 0.34103021025657654 0.6799580454826355 0.008880972862243652 0.012591838836669922
1 0.4973357021808624 0.6757607460021973 0.007104814052581787 0.008394598960876465
0 0.45825931429862976 0.6762853860855103 0.008880972862243652 0.009443879127502441
1 0.9791296720504761 0.6752361059188843 0.009769082069396973 0.009443879127502441
0 0.4844582676887512 0.6747114658355713 0.009769082069396973 0.010493159294128418
1 0.5501776337623596 0.6731374859809875 0.006216645240783691 0.009443879127502441
0 0.17539964616298676 0.6736621260643005 0.00799289345741272 0.010493159294128418
0 0.1607460081577301 0.6726127862930298 0.007104784250259399 0.008394598960876465
0 0.47113677859306335 0.6741867661476135 0.009769082069396973 0.013641119003295898
1 0.20603907108306885 0.6794333457946777 0.019538193941116333 0.024134278297424316
0 0.5364120602607727 0.6715635061264038 0.007104754447937012 0.010493159294128418
1 0.6829484701156616 0.6694648265838623 0.008880972862243652 0.008394598960876465
1 0.2371225506067276 0.6694648265838623 0.007104784250259399 0.008394598960876465
1 0.7104795575141907 0.6689401865005493 0.008880972862243652 0.009443879127502441
0 0.654529333114624 0.6699895262718201 0.014209628105163574 0.011542439460754395
1 0.6429840326309204 0.6684155464172363 0.007104754447937012 0.008394598960876465
0 0.6993783116340637 0.6678908467292786 0.009769082069396973 0.009443879127502441
1 0.30905860662460327 0.6752361059188843 0.019538164138793945 0.024134278297424316
0 0.6722912788391113 0.6678908467292786 0.010657191276550293 0.011542439460754395
1 0.8214920163154602 0.6647429466247559 0.007104754447937012 0.0073451995849609375
1 0.39387211203575134 0.6652675867080688 0.006216704845428467 0.008394598960876465
0 0.3547957241535187 0.6663168668746948 0.007992923259735107 0.010493159294128418
1 0.3805506229400635 0.6642182469367981 0.006216704845428467 0.008394598960876465
0 0.8361456394195557 0.6631689667701721 0.009769082069396973 0.010493159294128418
1 0.45692718029022217 0.6621196269989014 0.006216704845428467 0.008394598960876465
0 0.8752220273017883 0.6621196269989014 0.011545300483703613 0.012591838836669922
1 0.8627886176109314 0.6605456471443176 0.007992863655090332 0.009443879127502441
0 0.8072823882102966 0.6621196269989014 0.008880972862243652 0.012591838836669922
0 0.8499112129211426 0.6615949869155884 0.008880972862243652 0.013641119003295898
1 0.5168738961219788 0.6678908467292786 0.019538164138793945 0.02623295783996582
0 0.49689164757728577 0.6594963073730469 0.007992923259735107 0.009443879127502441
0 0.48401421308517456 0.6605456471443176 0.008880972862243652 0.011542439460754395
1 0.7650976777076721 0.6594963073730469 0.007992863655090332 0.011542439460754395
1 0.17673179507255554 0.6573976874351501 0.007104784250259399 0.0073451995849609375
0 0.548401415348053 0.6573976874351501 0.011545300483703613 0.011542439460754395
1 0.1878330409526825 0.6558237075805664 0.006216704845428467 0.008394598960876465
1 0.623001754283905 0.6631689667701721 0.020426273345947266 0.025183677673339844
1 0.20115453004837036 0.6552990674972534 0.006216704845428467 0.009443879127502441
1 0.6567495465278625 0.6547743678092957 0.007992863655090332 0.010493159294128418
0 0.6429840326309204 0.6558237075805664 0.008880972862243652 0.012591838836669922
0 0.6838365793228149 0.6563483476638794 0.010657191276550293 0.015739798545837402
1 0.6705151200294495 0.6532004475593567 0.007104754447937012 0.009443879127502441
1 0.2757548987865448 0.651626467704773 0.007992923259735107 0.006295919418334961
0 0.23801065981388092 0.6532004475593567 0.00888100266456604 0.011542439460754395
0 0.6980462074279785 0.6521511077880859 0.008880972862243652 0.011542439460754395
1 0.30328595638275146 0.6511017680168152 0.006216704845428467 0.009443879127502441
1 0.2850799262523651 0.6479538083076477 0.008880972862243652 0.005246639251708984
1 0.7864120602607727 0.6568730473518372 0.020426273345947266 0.025183677673339844
1 0.8197157979011536 0.6479538083076477 0.008880972862243652 0.009443879127502441
0 0.8072823882102966 0.6484785079956055 0.008880972862243652 0.010493159294128418
1 0.13321492075920105 0.6495277881622314 0.00888100266456604 0.012591838836669922
1 0.8623445630073547 0.646379828453064 0.007104754447937012 0.008394598960876465
0 0.846802830696106 0.646379828453064 0.009769082069396973 0.010493159294128418
0 0.8352575302124023 0.6474291682243347 0.009769082069396973 0.012591838836669922
0 0.8752220273017883 0.645855188369751 0.011545300483703613 0.011542439460754395
1 0.44404974579811096 0.6416579484939575 0.008880972862243652 0.005246639251708984
0 0.4844582676887512 0.6432319283485413 0.007992923259735107 0.010493159294128418
0 0.037744227796792984 0.6432319283485413 0.004440493881702423 0.010493159294128418
1 0.535968005657196 0.6406086087226868 0.007992863655090332 0.0073451995849609375
0 0.509769082069397 0.6416579484939575 0.008880972862243652 0.009443879127502441
1 0.43605685234069824 0.6421825885772705 0.0053285956382751465 0.010493159294128418
0 0.2757548987865448 0.6421825885772705 0.007992923259735107 0.010493159294128418
0 0.18872113525867462 0.6416579484939575 0.006216704845428467 0.009443879127502441
0 0.17628774046897888 0.6421825885772705 0.00799289345741272 0.010493159294128418
1 0.9706926941871643 0.6406086087226868 0.005328655242919922 0.009443879127502441
0 0.5217584371566772 0.6416579484939575 0.007992863655090332 0.011542439460754395
1 0.20248667895793915 0.6400839686393738 0.007104784250259399 0.008394598960876465
1 0.1571936011314392 0.6484785079956055 0.019538193941116333 0.025183677673339844
1 0.6278862953186035 0.6379852890968323 0.007104754447937012 0.008394598960876465
0 0.23889875411987305 0.639034628868103 0.007104784250259399 0.010493159294128418
0 0.6705151200294495 0.6369360089302063 0.010657191276550293 0.010493159294128418
1 0.33525756001472473 0.6421825885772705 0.0186501145362854 0.02308499813079834
1 0.6820604205131531 0.6348373293876648 0.007104754447937012 0.010493159294128418
0 0.6416518688201904 0.6353620290756226 0.009769082069396973 0.011542439460754395
1 0.36101242899894714 0.6411332488059998 0.0186501145362854 0.02308499813079834
0 0.3134991228580475 0.6343126893043518 0.010657191276550293 0.009443879127502441
1 0.3863232731819153 0.639559268951416 0.019538164138793945 0.024134278297424316
1 0.4644760191440582 0.6364113092422485 0.019538164138793945 0.024134278297424316
0 0.8317051529884338 0.6285414695739746 0.007992863655090332 0.010493159294128418
0 0.4955595135688782 0.6274921298027039 0.008880972862243652 0.008394598960876465
0 0.4844582676887512 0.6280167698860168 0.007992923259735107 0.009443879127502441
0 0.18827708065509796 0.6264427900314331 0.00888100266456604 0.006295919418334961
0 0.5226465463638306 0.6274921298027039 0.007992863655090332 0.010493159294128418
0 0.5093250274658203 0.6269674897193909 0.007992863655090332 0.009443879127502441
0 0.548401415348053 0.6269674897193909 0.009769082069396973 0.011542439460754395
0 0.5364120602607727 0.6253935098648071 0.008880972862243652 0.008394598960876465
0 0.16474245488643646 0.6259181499481201 0.00799289345741272 0.009443879127502441
1 0.15275311470031738 0.6259181499481201 0.007104784250259399 0.009443879127502441
0 0.23978686332702637 0.6222455501556396 0.00888100266456604 0.008394598960876465
0 0.6412078142166138 0.6217209100723267 0.008880972862243652 0.009443879127502441
0 0.6274423003196716 0.6217209100723267 0.007992863655090332 0.009443879127502441
0 0.614564836025238 0.6238195300102234 0.008880972862243652 0.013641119003295898
1 0.961367666721344 0.6206715703010559 0.0044405460357666016 0.009443879127502441
1 0.6682948470115662 0.6201469302177429 0.007992863655090332 0.008394598960876465
1 0.9489342570304871 0.6217209100723267 0.006216645240783691 0.013641119003295898
1 0.7020426392555237 0.6269674897193909 0.020426273345947266 0.024134278297424316
0 0.6793960928916931 0.6196222305297852 0.012433409690856934 0.011542439460754395
1 0.9875665903091431 0.6175236105918884 0.005328655242919922 0.009443879127502441
0 0.36589697003364563 0.6175236105918884 0.008880972862243652 0.009443879127502441
1 0.34103021025657654 0.6175236105918884 0.007104814052581787 0.009443879127502441
1 0.7828596830368042 0.6238195300102234 0.020426273345947266 0.024134278297424316
0 0.39165186882019043 0.6164742708206177 0.008880972862243652 0.009443879127502441
0 0.3805506229400635 0.6159496307373047 0.007992923259735107 0.008394598960876465
0 0.8312610983848572 0.614375650882721 0.008880972862243652 0.009443879127502441
0 0.8441385626792908 0.6149002909660339 0.009769082069396973 0.012591838836669922
1 0.4693605601787567 0.6122770309448242 0.006216704845428467 0.0073451995849609375
1 0.9564831256866455 0.613851010799408 0.007104754447937012 0.012591838836669922
1 0.003552397945895791 0.6112276911735535 0.007104795891791582 0.0073451995849609375
0 0.5208703279495239 0.6101784110069275 0.007992863655090332 0.0073451995849609375
0 0.4942273497581482 0.6112276911735535 0.009769082069396973 0.009443879127502441
0 0.45825931429862976 0.6122770309448242 0.010657191276550293 0.011542439460754395
0 0.16296625137329102 0.6117523312568665 0.011545300483703613 0.010493159294128418
0 0.48312610387802124 0.6101784110069275 0.007104814052581787 0.009443879127502441
1 0.20914742350578308 0.6164742708206177 0.018650084733963013 0.022035717964172363
1 0.19049733877182007 0.6096537113189697 0.006216704845428467 0.008394598960876465
0 0.5093250274658203 0.6091290712356567 0.007992863655090332 0.009443879127502441
1 0.02886323258280754 0.6086044311523438 0.00799289345741272 0.008394598960876465
1 0.9835701584815979 0.6059811115264893 0.006216645240783691 0.009443879127502441
0 0.6505328416824341 0.6059811115264893 0.011545300483703613 0.009443879127502441
1 0.9733570218086243 0.6065057516098022 0.007104754447937012 0.012591838836669922
1 0.6767317652702332 0.6049317717552185 0.010657191276550293 0.009443879127502441
1 0.31039077043533325 0.6117523312568665 0.0186501145362854 0.02308499813079834
1 0.6927176117897034 0.601783812046051 0.007104754447937012 0.009443879127502441
0 0.6665186285972595 0.6023085117340088 0.007992863655090332 0.010493159294128418
0 0.6394315958023071 0.6028331518173218 0.008880972862243652 0.011542439460754395
0 0.3792184591293335 0.6023085117340088 0.0053285956382751465 0.010493159294128418
0 0.36589697003364563 0.601783812046051 0.008880972862243652 0.009443879127502441
0 0.3405861556529999 0.601259171962738 0.007992923259735107 0.008394598960876465
0 0.8392540216445923 0.5975865721702576 0.012433409690856934 0.009443879127502441
0 0.48312610387802124 0.5970619320869446 0.007104814052581787 0.010493159294128418
0 0.4578152894973755 0.5975865721702576 0.007992923259735107 0.011542439460754395
0 0.8281527757644653 0.5960125923156738 0.007992863655090332 0.010493159294128418
0 0.5088809728622437 0.5954879522323608 0.007104754447937012 0.009443879127502441
0 0.4942273497581482 0.5965372323989868 0.009769082069396973 0.011542439460754395
0 0.16696269810199738 0.5954879522323608 0.007104784250259399 0.009443879127502441
1 0.5896980166435242 0.5981112122535706 0.007104754447937012 0.01678907871246338
1 0.0031083482317626476 0.5944386124610901 0.006216696463525295 0.009443879127502441
0 0.519538164138794 0.5933892726898193 0.010657191276550293 0.009443879127502441
0 0.21580816805362701 0.5928646326065063 0.00888100266456604 0.008394598960876465
1 0.5408525466918945 0.6002098917961121 0.019538164138793945 0.025183677673339844
0 0.24111901223659515 0.5918152928352356 0.00799289345741272 0.008394598960876465
1 0.6203374862670898 0.5981112122535706 0.020426273345947266 0.02308499813079834
0 0.13898757100105286 0.5918152928352356 0.00799289345741272 0.010493159294128418
1 0.9760212898254395 0.5907660126686096 0.008880972862243652 0.012591838836669922
0 0.6789520382881165 0.5886673927307129 0.007992863655090332 0.008394598960876465
0 0.6514209508895874 0.5902413725852966 0.009769082069396973 0.011542439460754395
1 0.3312610983848572 0.5881426930427551 0.007104814052581787 0.0073451995849609375
0 0.6403197050094604 0.5886673927307129 0.008880972862243652 0.010493159294128418
0 0.34103021025657654 0.5876180529594421 0.007104814052581787 0.008394598960876465
1 0.04973357170820236 0.5886673927307129 0.010657191276550293 0.010493159294128418
0 0.6927176117897034 0.5870934128761292 0.008880972862243652 0.009443879127502441
1 0.9569271802902222 0.5865687131881714 0.0044405460357666016 0.010493159294128418
0 0.38099467754364014 0.5849947333335876 0.008880972862243652 0.0073451995849609375
0 0.785968005657196 0.5849947333335876 0.008880972862243652 0.009443879127502441
0 0.355683833360672 0.5849947333335876 0.007992923259735107 0.009443879127502441
1 0.2793072760105133 0.5855194330215454 0.004440486431121826 0.010493159294128418
0 0.8139431476593018 0.5849947333335876 0.007992863655090332 0.011542439460754395
0 0.7730906009674072 0.5849947333335876 0.009769082069396973 0.011542439460754395
0 0.39253997802734375 0.5834207534790039 0.007104814052581787 0.010493159294128418
0 0.8281527757644653 0.5818467736244202 0.007992863655090332 0.009443879127502441
1 0.9462699890136719 0.5807974934577942 0.009769082069396973 0.009443879127502441
1 0.8619005084037781 0.5881426930427551 0.020426273345947266 0.024134278297424316
0 0.8405861258506775 0.5828961133956909 0.011545300483703613 0.013641119003295898
1 0.18605683743953705 0.5876180529594421 0.018650084733963013 0.02308499813079834
0 0.16651864349842072 0.5797481536865234 0.00799289345741272 0.0073451995849609375
0 0.15586145222187042 0.5813221335411072 0.00799289345741272 0.010493159294128418
1 0.4942273497581482 0.5792235136032104 0.006216704845428467 0.008394598960876465
0 0.48312610387802124 0.5797481536865234 0.008880972862243652 0.009443879127502441
0 0.2171403169631958 0.5792235136032104 0.00799289345741272 0.010493159294128418
1 0.2064831256866455 0.576600193977356 0.00799289345741272 0.0073451995849609375
0 0.5448490381240845 0.5771248936653137 0.009769082069396973 0.010493159294128418
1 0.5337477922439575 0.576600193977356 0.007104754447937012 0.009443879127502441
1 0.44316163659095764 0.5771248936653137 0.007104814052581787 0.010493159294128418
1 0.025754883885383606 0.5771248936653137 0.0053285956382751465 0.010493159294128418
0 0.6500887870788574 0.5734522342681885 0.008880972862243652 0.009443879127502441
0 0.6225576996803284 0.5745015740394592 0.012433409690856934 0.011542439460754395
0 0.31660744547843933 0.5729275941848755 0.007992923259735107 0.008394598960876465
0 0.30595025420188904 0.5729275941848755 0.007992923259735107 0.008394598960876465
0 0.34191828966140747 0.5724029541015625 0.007104814052581787 0.009443879127502441
0 0.3308170437812805 0.5729275941848755 0.007992923259735107 0.010493159294128418
0 0.6385435461997986 0.5724029541015625 0.008880972862243652 0.011542439460754395
0 0.3663410246372223 0.570304274559021 0.009769082069396973 0.009443879127502441
0 0.35612788796424866 0.5713536143302917 0.008880972862243652 0.011542439460754395
1 0.952930748462677 0.5666316747665405 0.005328655242919922 0.008394598960876465
0 0.7979573607444763 0.5666316747665405 0.009769082069396973 0.008394598960876465
0 0.7828596830368042 0.5676810145378113 0.007992863655090332 0.010493159294128418
1 0.46314388513565063 0.5734522342681885 0.0186501145362854 0.022035717964172363
0 0.7713143825531006 0.5671563744544983 0.009769082069396973 0.011542439460754395
1 0.1571936011314392 0.5655823945999146 0.007104784250259399 0.008394598960876465
1 0.5976909399032593 0.5682056546211243 0.008880972862243652 0.015739798545837402
0 0.4942273497581482 0.5645330548286438 0.007992923259735107 0.008394598960876465
0 0.5199822187423706 0.5645330548286438 0.007992863655090332 0.010493159294128418
1 0.508436918258667 0.5629590749740601 0.007992863655090332 0.0073451995849609375
0 0.8525754809379578 0.5640084147453308 0.010657191276550293 0.011542439460754395
1 0.5337477922439575 0.5629590749740601 0.007104754447937012 0.009443879127502441
0 0.8654529452323914 0.563483715057373 0.009769082069396973 0.012591838836669922
0 0.21625222265720367 0.5629590749740601 0.009769082069396973 0.011542439460754395
1 0.03907637670636177 0.5608604550361633 0.0053285956382751465 0.0073451995849609375
1 0.7428951859474182 0.5587617754936218 0.0044405460357666016 0.009443879127502441
0 0.6496447324752808 0.5577124953269958 0.007992863655090332 0.0073451995849609375
0 0.624333918094635 0.5598111152648926 0.008880972862243652 0.011542439460754395
1 0.6705151200294495 0.5645330548286438 0.019538164138793945 0.02308499813079834
0 0.3663410246372223 0.5556138753890991 0.007992923259735107 0.0073451995849609375
0 0.7020426392555237 0.5566631555557251 0.009769082069396973 0.011542439460754395
0 0.38099467754364014 0.5545645356178284 0.007104814052581787 0.0073451995849609375
0 0.35612788796424866 0.5550891757011414 0.007104814052581787 0.008394598960876465
0 0.6909413933753967 0.5556138753890991 0.008880972862243652 0.011542439460754395
1 0.9964476227760315 0.5529905557632446 0.007104754447937012 0.010493159294128418
1 0.7704262733459473 0.5524659156799316 0.007992863655090332 0.009443879127502441
0 0.8095026612281799 0.5524659156799316 0.009769082069396973 0.011542439460754395
0 0.7824156284332275 0.5524659156799316 0.010657191276550293 0.011542439460754395
0 0.4680284261703491 0.5508919358253479 0.007104814052581787 0.008394598960876465
0 0.16873890161514282 0.5514165759086609 0.00888100266456604 0.009443879127502441
1 0.8308170437812805 0.5577124953269958 0.020426273345947266 0.024134278297424316
0 0.797069251537323 0.5514165759086609 0.009769082069396973 0.011542439460754395
1 0.5177620053291321 0.5487932562828064 0.007104754447937012 0.006295919418334961
1 0.1878330409526825 0.5566631555557251 0.018650084733963013 0.022035717964172363
0 0.8641207814216614 0.5493179559707642 0.010657191276550293 0.009443879127502441
0 0.8507992625236511 0.5503672361373901 0.008880972862243652 0.011542439460754395
0 0.45692718029022217 0.5493179559707642 0.007992923259735107 0.009443879127502441
0 0.394316166639328 0.5503672361373901 0.007104814052581787 0.011542439460754395
0 0.231349915266037 0.5482686161994934 0.006216704845428467 0.009443879127502441
0 0.5071048140525818 0.5477439761161804 0.008880972862243652 0.010493159294128418
1 0.4356127977371216 0.5477439761161804 0.004440486431121826 0.010493159294128418
0 0.5448490381240845 0.5461699962615967 0.006216645240783691 0.009443879127502441
0 0.5333037376403809 0.5461699962615967 0.007992863655090332 0.009443879127502441
0 0.317051500082016 0.5435466766357422 0.007104814052581787 0.008394598960876465
0 0.6216696500778198 0.5424973964691162 0.007104754447937012 0.008394598960876465
1 0.335701584815979 0.5493179559707642 0.019538164138793945 0.022035717964172363
0 0.30595025420188904 0.5430220365524292 0.007992923259735107 0.009443879127502441
1 0.9769093990325928 0.5419726967811584 0.008880972862243652 0.009443879127502441
1 0.950266420841217 0.5414480566978455 0.005328655242919922 0.010493159294128418
0 0.6722912788391113 0.5414480566978455 0.010657191276550293 0.010493159294128418
1 0.011545293033123016 0.5403987169265747 0.005328597500920296 0.008394598960876465
0 0.6092362403869629 0.5409234166145325 0.008880972862243652 0.013641119003295898
1 0.8063943386077881 0.5362014770507812 0.008880972862243652 0.008394598960876465
1 0.4880106449127197 0.5419726967811584 0.0186501145362854 0.022035717964172363
0 0.45737123489379883 0.5351521372795105 0.008880972862243652 0.008394598960876465
1 0.04484902322292328 0.5346274971961975 0.00621669739484787 0.009443879127502441
1 0.8610124588012695 0.5335781574249268 0.007992863655090332 0.009443879127502441
0 0.7948490381240845 0.5346274971961975 0.008880972862243652 0.011542439460754395
1 0.5865896940231323 0.5372507572174072 0.007992863655090332 0.01678907871246338
1 0.9413854479789734 0.532004177570343 0.010657191276550293 0.008394598960876465
1 0.8206039071083069 0.5325288772583008 0.007104754447937012 0.009443879127502441
0 0.5439609289169312 0.53147953748703 0.007992863655090332 0.0073451995849609375
0 0.5333037376403809 0.5325288772583008 0.007992863655090332 0.009443879127502441
1 0.9547069072723389 0.5325288772583008 0.005328655242919922 0.011542439460754395
1 0.021314388141036034 0.5330535173416138 0.0053285956382751465 0.012591838836669922
1 0.6221137046813965 0.5288562178611755 0.006216645240783691 0.008394598960876465
1 0.6420959234237671 0.5346274971961975 0.019538164138793945 0.022035717964172363
0 0.6119005084037781 0.5267575979232788 0.008880972862243652 0.008394598960876465
1 0.7522202730178833 0.5262329578399658 0.005328655242919922 0.009443879127502441
0 0.700266420841217 0.5257083177566528 0.007992863655090332 0.008394598960876465
1 0.6860568523406982 0.5262329578399658 0.006216645240783691 0.009443879127502441
0 0.674067497253418 0.5267575979232788 0.007104754447937012 0.010493159294128418
1 0.9937832951545715 0.5262329578399658 0.007104754447937012 0.013641119003295898
1 0.7735346555709839 0.5288562178611755 0.019538164138793945 0.02308499813079834
0 0.8055062294006348 0.5204616785049438 0.008880972862243652 0.008394598960876465
0 0.7930728197097778 0.5204616785049438 0.007104754447937012 0.008394598960876465
1 0.9609236121177673 0.5167890787124634 0.005328655242919922 0.0073451995849609375
0 0.8605684041976929 0.5199370384216309 0.012433409690856934 0.013641119003295898
0 0.8232682347297668 0.5183630585670471 0.012433409690856934 0.010493159294128418
1 0.005328596918843687 0.5104931592941284 0.005328596802428365 0.011542439460754395
1 0.9365009069442749 0.506295919418335 0.007992863655090332 0.005246639251708984
1 0.14742450416088104 0.5057712197303772 0.00888100266456604 0.006295919418334961
1 0.9897868633270264 0.5057712197303772 0.007992863655090332 0.008394598960876465
0 0.17229129374027252 0.5052465796470642 0.007104784250259399 0.009443879127502441
1 0.20959147810935974 0.5036726146936417 0.007104784250259399 0.008394569158554077
1 0.23401421308517456 0.5020986199378967 0.006216704845428467 0.0073451995849609375
1 0.9560390710830688 0.5 0.007992863655090332 0.009443879127502441
0 0.30817052721977234 0.4994753301143646 0.008880972862243652 0.00839453935623169
1 0.2806394398212433 0.49842602014541626 0.008880972862243652 0.006295919418334961
1 0.29040852189064026 0.4968520402908325 0.008880972862243652 0.005246579647064209
1 0.14831261336803436 0.4973766952753067 0.00888100266456604 0.006295889616012573
0 0.035523977130651474 0.49895069003105164 0.0053285956382751465 0.01154249906539917
1 0.9396092295646667 0.4973767250776291 0.005328655242919922 0.010493189096450806
1 0.7615453004837036 0.4916054606437683 0.007992863655090332 0.0073451995849609375
0 0.17273534834384918 0.4921301007270813 0.006216704845428467 0.00839453935623169
0 0.1607460081577301 0.49317944049835205 0.007104784250259399 0.010493159294128418
1 0.19094137847423553 0.4979013502597809 0.017761975526809692 0.022035658359527588
0 0.5057726502418518 0.48793283104896545 0.009769082069396973 0.00839453935623169
1 0.49245116114616394 0.48845750093460083 0.006216704845428467 0.009443879127502441
1 0.785968005657196 0.4863588809967041 0.005328655242919922 0.009443879127502441
1 0.777531087398529 0.4858342111110687 0.0044405460357666016 0.00839453935623169
1 0.7531083226203918 0.4858342111110687 0.007104754447937012 0.00839453935623169
0 0.5417406558990479 0.4858342111110687 0.007104754447937012 0.00839453935623169
1 0.9587033987045288 0.4868835210800171 0.006216645240783691 0.012591838836669922
1 0.9933392405509949 0.4858342111110687 0.006216645240783691 0.012591838836669922
1 0.5932504534721375 0.48216158151626587 0.008880972862243652 0.005246579647064209
0 0.6190053224563599 0.48268625140190125 0.007104754447937012 0.00839453935623169
1 0.3614564836025238 0.48845750093460083 0.019538164138793945 0.022035658359527588
0 0.6074600219726562 0.4816369414329529 0.008880972862243652 0.010493159294128418
1 0.9400532841682434 0.4790136516094208 0.009769082069396973 0.0073451995849609375
1 0.7233570218086243 0.48216158151626587 0.006216645240783691 0.013641119003295898
1 0.9649200439453125 0.47796431183815 0.006216645240783691 0.0073451995849609375
0 0.6576376557350159 0.47953829169273376 0.007992863655090332 0.010493159294128418
0 0.6953818798065186 0.47796431183815 0.008880972862243652 0.009443879127502441
0 0.6838365793228149 0.47796431183815 0.008880972862243652 0.009443879127502441
0 0.6709591746330261 0.4784889817237854 0.007992863655090332 0.010493159294128418
1 0.461367666721344 0.484260231256485 0.0186501145362854 0.024134337902069092
1 0.1865008920431137 0.4758656919002533 0.007104784250259399 0.0073451995849609375
0 0.17317940294742584 0.47743967175483704 0.00888100266456604 0.010493159294128418
0 0.7730906009674072 0.4758656919002533 0.009769082069396973 0.009443879127502441
1 0.7988454699516296 0.47429171204566956 0.007992863655090332 0.00839453935623169
1 0.23445825278759003 0.4737670421600342 0.007104784250259399 0.0073451995849609375
1 0.827264666557312 0.4727177321910858 0.006216645240783691 0.0073451995849609375
0 0.7877442240715027 0.4737670421600342 0.008880972862243652 0.009443879127502441
0 0.5177620053291321 0.4732424020767212 0.007104754447937012 0.00839453935623169
0 0.24555949866771698 0.4732424020767212 0.00799289345741272 0.010493159294128418
0 0.5306394100189209 0.47166842222213745 0.007992863655090332 0.009443879127502441
1 0.9826820492744446 0.4711437523365021 0.0044405460357666016 0.010493159294128418
1 0.6181172132492065 0.46852046251296997 0.007104754447937012 0.0073451995849609375
1 0.6367673277854919 0.47429171204566956 0.021314382553100586 0.02308499813079834
1 0.7357904314994812 0.46694648265838623 0.006216645240783691 0.010493159294128418
0 0.6691829562187195 0.46642181277275085 0.009769082069396973 0.009443879127502441
0 0.6571936011314392 0.46642181277275085 0.007104754447937012 0.009443879127502441
0 0.36767318844795227 0.46589717268943787 0.008880972862243652 0.00839453935623169
1 0.6829484701156616 0.4643231928348541 0.007104754447937012 0.009443879127502441
1 0.17451155185699463 0.4643231928348541 0.006216704845428467 0.009443879127502441
0 0.1984902322292328 0.462224543094635 0.00799289345741272 0.0073451995849609375
1 0.18738898634910583 0.4627492129802704 0.007104784250259399 0.00839453935623169
1 0.2171403169631958 0.4679957926273346 0.018650084733963013 0.02098637819290161
1 0.761101245880127 0.4601259231567383 0.007104754447937012 0.0073451995849609375
0 0.4555950164794922 0.46065056324005127 0.007104814052581787 0.00839453935623169
0 0.7726465463638306 0.46117523312568665 0.008880972862243652 0.01154249906539917
0 0.2464476078748703 0.4590766131877899 0.00799289345741272 0.0073451995849609375
0 0.8268206119537354 0.4590766131877899 0.008880972862243652 0.009443879127502441
0 0.7992895245552063 0.4596012532711029 0.008880972862243652 0.010493159294128418
0 0.7868561148643494 0.4596012532711029 0.008880972862243652 0.010493159294128418
1 0.846802830696106 0.4643231928348541 0.020426273345947266 0.022035658359527588
0 0.8143872022628784 0.45855194330215454 0.008880972862243652 0.010493159294128418
0 0.5293073058128357 0.4575026333332062 0.007104754447937012 0.00839453935623169
1 0.3383658826351166 0.46117523312568665 0.01776200532913208 0.022035658359527588
0 0.6061278581619263 0.4538300037384033 0.009769082069396973 0.009443879127502441
1 0.9413854479789734 0.4522560238838196 0.008880972862243652 0.00839453935623169
0 0.392984002828598 0.45068204402923584 0.007992923259735107 0.009443879127502441
0 0.6927176117897034 0.4496327340602875 0.007104754447937012 0.009443879127502441
1 0.4857904016971588 0.45330536365509033 0.01776200532913208 0.02098637819290161
0 0.2229129672050476 0.44648477435112 0.007104784250259399 0.009443879127502441
0 0.19893428683280945 0.44700944423675537 0.010657191276550293 0.010493159294128418
0 0.23623445630073547 0.44543546438217163 0.007104784250259399 0.009443879127502441
0 0.21092362701892853 0.44543546438217163 0.006216704845428467 0.009443879127502441
1 0.9382770657539368 0.4438614845275879 0.0044405460357666016 0.00839453935623169
0 0.7868561148643494 0.44491079449653625 0.012433409690856934 0.010493159294128418
0 0.528863251209259 0.44438615441322327 0.006216645240783691 0.009443879127502441
0 0.8485790491104126 0.44228750467300415 0.009769082069396973 0.009443879127502441
1 0.14964476227760315 0.4438614845275879 0.00799289345741272 0.01469045877456665
1 0.04662522301077843 0.4401888847351074 0.004440493881702423 0.009443879127502441
1 0.837033748626709 0.43966421484947205 0.007992863655090332 0.010493159294128418
1 0.6363232731819153 0.44491079449653625 0.018650054931640625 0.02098637819290161
1 0.05683836713433266 0.43913954496383667 0.007104799151420593 0.009443879127502441
1 0.6789520382881165 0.4386149048805237 0.006216645240783691 0.010493159294128418
0 0.6549733281135559 0.43704092502593994 0.007992863655090332 0.009443879127502441
1 0.16962699592113495 0.44228750467300415 0.017761975526809692 0.01993703842163086
0 0.6669626832008362 0.43704092502593994 0.008880972862243652 0.01154249906539917
0 0.6927176117897034 0.4349422752857208 0.008880972862243652 0.009443879127502441
0 0.18960922956466675 0.4349422752857208 0.009769082069396973 0.009443879127502441
0 0.21314387023448944 0.4333683252334595 0.007104784250259399 0.00839453935623169
1 0.03330373018980026 0.4328436553478241 0.00621669739484787 0.0073451995849609375
0 0.46536412835121155 0.4323189854621887 0.007104814052581787 0.00839453935623169
0 0.22380106151103973 0.4333683252334595 0.00888100266456604 0.010493159294128418
1 0.7646536231040955 0.4380902349948883 0.019538164138793945 0.022035658359527588
0 0.4551509916782379 0.43179434537887573 0.007992923259735107 0.009443879127502441
0 0.5150976777076721 0.4296956956386566 0.007104754447937012 0.009443879127502441
1 0.4436056911945343 0.430220365524292 0.004440486431121826 0.010493159294128418
0 0.8095026612281799 0.4296956956386566 0.007992863655090332 0.01154249906539917
0 0.5031083077192307 0.42864638566970825 0.006216675043106079 0.009443879127502441
0 0.8490231037139893 0.4270724058151245 0.008880972862243652 0.00839453935623169
1 0.837033748626709 0.4281217157840729 0.007992863655090332 0.010493159294128418
1 0.33747780323028564 0.4323189854621887 0.019538164138793945 0.02098637819290161
0 0.31882771849632263 0.42654773592948914 0.008880972862243652 0.009443879127502441
1 0.045737121254205704 0.42654773592948914 0.00621669739484787 0.009443879127502441
1 0.924067497253418 0.42549842596054077 0.0044405460357666016 0.009443879127502441
0 0.653197169303894 0.42077648639678955 0.007992863655090332 0.010493159294128418
0 0.4551509916782379 0.4192025065422058 0.007992923259735107 0.0073451995849609375
0 0.20115453004837036 0.4197271764278412 0.006216704845428467 0.00839453935623169
0 0.665630578994751 0.4197271764278412 0.007992863655090332 0.010493159294128418
0 0.578596830368042 0.4186778664588928 0.006216645240783691 0.012591838836669922
1 0.03419182822108269 0.4197271764278412 0.00621669739484787 0.01469045877456665
1 0.5341918468475342 0.4218258261680603 0.018650054931640625 0.02098637819290161
1 0.8197157979011536 0.414480596780777 0.007104754447937012 0.00839453935623169
1 0.6092362403869629 0.41762852668762207 0.019538164138793945 0.02098637819290161
0 0.15230906009674072 0.41552990674972534 0.00799289345741272 0.01678907871246338
1 0.9746891856193542 0.4134312570095062 0.006216645240783691 0.01469045877456665
0 0.834369421005249 0.4113326370716095 0.011545300483703613 0.010493159294128418
0 0.36811724305152893 0.40975865721702576 0.007992923259735107 0.0073451995849609375
1 0.009769094176590443 0.41028332710266113 0.005328597500920296 0.010493159294128418
0 0.69182950258255 0.4087093472480774 0.007104754447937012 0.009443879127502441
0 0.6540852785110474 0.40766000747680664 0.007992863655090332 0.0073451995849609375
0 0.392984002828598 0.40766000747680664 0.006216704845428467 0.009443879127502441
0 0.2020426243543625 0.40713536739349365 0.006216704845428467 0.00839453935623169
0 0.6793960928916931 0.4066106975078583 0.008880972862243652 0.009443879127502441
1 0.2193605750799179 0.4118573069572449 0.017761975526809692 0.01993703842163086
1 0.02886323258280754 0.4055613875389099 0.011545293033123016 0.0073451995849609375
0 0.2948490083217621 0.408184677362442 0.008880972862243652 0.01469045877456665
0 0.2855239808559418 0.4055613875389099 0.007992923259735107 0.009443879127502441
0 0.23756660521030426 0.4055613875389099 0.006216704845428467 0.009443879127502441
0 0.7673179507255554 0.40241342782974243 0.007104754447937012 0.0073451995849609375
1 0.787300169467926 0.4087093472480774 0.018650054931640625 0.022035658359527588
0 0.7566607594490051 0.40188875794410706 0.008880972862243652 0.010493159294128418
0 0.5142095685005188 0.4008394479751587 0.007104754447937012 0.00839453935623169
0 0.8472468852996826 0.3997901380062103 0.007104754447937012 0.00839453935623169
0 0.5395204424858093 0.39926546812057495 0.006216645240783691 0.009443879127502441
1 0.74733567237854 0.3971668481826782 0.007992863655090332 0.0073451995849609375
1 0.3392539918422699 0.40503671765327454 0.01776200532913208 0.02308499813079834
1 0.9849023222923279 0.3976914882659912 0.005328655242919922 0.012591838836669922
1 0.44316163659095764 0.39664217829704285 0.0053285956382751465 0.010493159294128418
1 0.02442273497581482 0.3950681984424591 0.00799289345741272 0.009443879127502441
1 0.7229129672050476 0.3945435583591461 0.005328655242919922 0.010493159294128418
0 0.1678507924079895 0.39349421858787537 0.007104784250259399 0.00839453935623169
1 0.9427176117897034 0.39087092876434326 0.007992863655090332 0.005246579647064209
1 0.9911190271377563 0.3898216187953949 0.005328655242919922 0.0073451995849609375
1 0.4844582676887512 0.39664217829704285 0.0186501145362854 0.02098637819290161
0 0.17939609289169312 0.3919202387332916 0.00888100266456604 0.01154249906539917
1 0.5781527757644653 0.38824763894081116 0.007104754447937012 0.00839453935623169
1 0.7908525466918945 0.38614898920059204 0.007992863655090332 0.00839453935623169
1 0.2864120900630951 0.3850996792316437 0.006216704845428467 0.00839453935623169
1 0.15275311470031738 0.3850996792316437 0.007104784250259399 0.00839453935623169
0 0.8423623442649841 0.38352569937705994 0.007992863655090332 0.0073451995849609375
0 0.8166074752807617 0.3840503692626953 0.007992863655090332 0.00839453935623169
1 0.7793073058128357 0.38562434911727905 0.009769082069396973 0.01154249906539917
1 0.9236234426498413 0.3845750391483307 0.007104754447937012 0.01154249906539917
0 0.6136767268180847 0.3840503692626953 0.008880972862243652 0.010493159294128418
0 0.6016873717308044 0.3824763894081116 0.007992863655090332 0.0073451995849609375
1 0.6576376557350159 0.38614898920059204 0.018650054931640625 0.02098637819290161
1 0.7406749725341797 0.38037773966789246 0.005328655242919922 0.01154249906539917
1 0.6887211203575134 0.3782791197299957 0.007992863655090332 0.0073451995849609375
0 0.6762877702713013 0.3788037896156311 0.007992863655090332 0.00839453935623169
1 0.21536411345005035 0.3793284296989441 0.006216704845428467 0.009443879127502441
1 0.9311723113059998 0.3782791197299957 0.0044405460357666016 0.009443879127502441
1 0.2442273572087288 0.38352569937705994 0.017761990427970886 0.01993703842163086
1 0.037744227796792984 0.3756558299064636 0.00799289345741272 0.006295919418334961
1 0.43161633610725403 0.3740818500518799 0.008880972862243652 0.005246579647064209
1 0.7588809728622437 0.38090240955352783 0.020426273345947266 0.02098637819290161
1 0.5022202581167221 0.3740818500518799 0.006216675043106079 0.0073451995849609375
1 0.047957371920347214 0.3740818500518799 0.007104799151420593 0.0073451995849609375
1 0.7779751420021057 0.3735571801662445 0.007104754447937012 0.00839453935623169
1 0.3157193660736084 0.3788037896156311 0.01687389612197876 0.02098637819290161
0 0.8166074752807617 0.37250787019729614 0.009769082069396973 0.010493159294128418
1 0.3450266420841217 0.3709338903427124 0.006216704845428467 0.0073451995849609375
1 0.8037300109863281 0.3709338903427124 0.007104754447937012 0.009443879127502441
0 0.8419182896614075 0.36935991048812866 0.008880972862243652 0.00839453935623169
1 0.9675843715667725 0.3688352704048157 0.006216645240783691 0.009443879127502441
0 0.392984002828598 0.3677859306335449 0.007992923259735107 0.0073451995849609375
1 0.03952042758464813 0.3677859306335449 0.00621669739484787 0.0073451995849609375
0 0.5999112129211426 0.36726129055023193 0.006216645240783691 0.00839453935623169
0 0.6114564538002014 0.36726129055023193 0.007992863655090332 0.010493159294128418
0 0.675399661064148 0.36463797092437744 0.007992863655090332 0.0073451995849609375
0 0.6860568523406982 0.3635886609554291 0.007992863655090332 0.0073451995849609375
1 0.48401421308517456 0.3688352704048157 0.01776200532913208 0.01993703842163086
0 0.5754884481430054 0.3630640208721161 0.005328655242919922 0.012591838836669922
0 0.5022202581167221 0.36149004101753235 0.006216675043106079 0.009443879127502441
1 0.587033748626709 0.35939139127731323 0.007104754447937012 0.009443879127502441
1 0.7877442240715027 0.3572927713394165 0.007104754447937012 0.0073451995849609375
0 0.9280639290809631 0.3578174114227295 0.007104754447937012 0.010493159294128418
0 0.7766429781913757 0.35676810145378113 0.009769082069396973 0.010493159294128418
0 0.6007992625236511 0.354669451713562 0.007992863655090332 0.00839453935623169
0 0.8263765573501587 0.35362014174461365 0.006216645240783691 0.00839453935623169
1 0.6309946775436401 0.3599160611629486 0.018650054931640625 0.02098637819290161
1 0.05106572061777115 0.3494228720664978 0.004440493881702423 0.010493159294128418
0 0.7491118907928467 0.3467995822429657 0.006216645240783691 0.009443879127502441
1 0.01110124308615923 0.3447009325027466 0.007992895320057869 0.0073451995849609375
0 0.7868561148643494 0.3447009325027466 0.010657191276550293 0.009443879127502441
1 0.8072823882102966 0.3494228720664978 0.019538164138793945 0.02098637819290161
0 0.825932502746582 0.3420776426792145 0.007104754447937012 0.00839453935623169
0 0.838365912437439 0.34260231256484985 0.012433409690856934 0.013641119003295898
0 0.17184725403785706 0.33997902274131775 0.00799289345741272 0.00839453935623169
1 0.9618117213249207 0.33735573291778564 0.007104754447937012 0.005246579647064209
0 0.18250444531440735 0.338405042886734 0.006216704845428467 0.009443879127502441
1 0.9746891856193542 0.3326337933540344 0.007992863655090332 0.00839453935623169
0 0.15586145222187042 0.3336831033229828 0.006216704845428467 0.01469045877456665
0 0.3694493770599365 0.3279118537902832 0.008880972862243652 0.009443879127502441
0 0.19538187980651855 0.3273871839046478 0.007104784250259399 0.00839453935623169
1 0.22380106151103973 0.3310598134994507 0.017761975526809692 0.01993703842163086
0 0.24156305193901062 0.3247638940811157 0.00888100266456604 0.009443879127502441
1 0.43161633610725403 0.3205666244029999 0.008880972862243652 0.005246579647064209
0 0.2966252267360687 0.322665274143219 0.007104814052581787 0.009443879127502441
1 0.03907637670636177 0.323189914226532 0.0053285956382751465 0.012591838836669922
1 0.911634087562561 0.3252885639667511 0.007992863655090332 0.018887698650360107
0 0.47735345363616943 0.3205666244029999 0.007992923259735107 0.009443879127502441
1 0.44182947278022766 0.32109129428863525 0.004440486431121826 0.010493159294128418
0 0.32238009572029114 0.31846800446510315 0.008880972862243652 0.0073451995849609375
1 0.3405861556529999 0.32423925399780273 0.01687389612197876 0.02098637819290161
1 0.9293960928916931 0.3168940246105194 0.0044405460357666016 0.010493159294128418
0 0.35879218578338623 0.3168940246105194 0.007104814052581787 0.010493159294128418
0 0.1842806339263916 0.31269675493240356 0.006216704845428467 0.00839453935623169
0 0.922735333442688 0.31322139501571655 0.005328655242919922 0.01154249906539917
0 0.584369421005249 0.31059810519218445 0.007104754447937012 0.010493159294128418
1 0.5057726353406906 0.31322139501571655 0.018650084733963013 0.01993703842163086
1 0.15630550682544708 0.30797481536865234 0.00888100266456604 0.009443879127502441
1 0.2970692813396454 0.30272823572158813 0.007992923259735107 0.005246579647064209
1 0.7331261038780212 0.30272823572158813 0.0044405460357666016 0.009443879127502441
1 0.18383659422397614 0.3016788959503174 0.007104784250259399 0.0073451995849609375
0 0.1736234426498413 0.3011542558670044 0.00799289345741272 0.006295919418334961
1 0.6216696500778198 0.29958027601242065 0.007104754447937012 0.0073451995849609375
1 0.22513321042060852 0.30535152554512024 0.01687389612197876 0.018887698650360107
0 0.7952930927276611 0.30010494589805603 0.009769082069396973 0.010493159294128418
1 0.9942273497581482 0.2980062961578369 0.006216645240783691 0.00839453935623169
0 0.24245116114616394 0.2985309660434723 0.007104784250259399 0.009443879127502441
1 0.9360568523406982 0.2953830063343048 0.005328655242919922 0.0073451995849609375
1 0.6762877702713013 0.30220356583595276 0.018650054931640625 0.02098637819290161
1 0.317051500082016 0.2990556061267853 0.01776200532913208 0.018887698650360107
0 0.5239787101745605 0.2906610667705536 0.007104754447937012 0.00839453935623169
0 0.7815275192260742 0.2896117568016052 0.007104754447937012 0.00839453935623169
1 0.8263765573501587 0.2932843565940857 0.018650054931640625 0.01993703842163086
1 0.8059502840042114 0.28646379709243774 0.007992863655090332 0.006295919418334961
0 0.7952930927276611 0.2875131070613861 0.009769082069396973 0.00839453935623169
0 0.595470666885376 0.28593912720680237 0.006216645240783691 0.009443879127502441
1 0.45825931429862976 0.2906610667705536 0.01776200532913208 0.02098637819290161
0 0.4764653742313385 0.2827911972999573 0.007992923259735107 0.0073451995849609375
0 0.19671402871608734 0.2854144871234894 0.00799289345741272 0.012591838836669922
0 0.231349915266037 0.28331583738327026 0.009769082069396973 0.012591838836669922
0 0.006216696230694652 0.2801678776741028 0.008880993817001581 0.00839453935623169
0 0.5355239510536194 0.2791185677051544 0.007104754447937012 0.00839453935623169
1 0.01554174069315195 0.2801678776741028 0.006216695532202721 0.012591838836669922
1 0.9773534536361694 0.2801678776741028 0.006216645240783691 0.01469045877456665
0 0.6079040765762329 0.2749212980270386 0.006216645240783691 0.00839453935623169
1 0.29973357915878296 0.27597060799598694 0.004440486431121826 0.010493159294128418
0 0.20914742350578308 0.2749212980270386 0.006216704845428467 0.00839453935623169
1 0.7917406558990479 0.27334731817245483 0.006216645240783691 0.0073451995849609375
0 0.8046181201934814 0.27334731817245483 0.007104754447937012 0.009443879127502441
1 0.24911189824342728 0.27806925773620605 0.016873881220817566 0.018887698650360107
1 0.9906749725341797 0.2681007385253906 0.006216645240783691 0.0073451995849609375
1 0.31838366389274597 0.2738719880580902 0.01687389612197876 0.018887698650360107
1 0.010213144356384873 0.27019935846328735 0.0062166969291865826 0.01154249906539917
1 0.050177618861198425 0.26967471837997437 0.00621669739484787 0.012591838836669922
1 0.7482237815856934 0.27072402834892273 0.018650054931640625 0.018887698650360107
1 0.1865008920431137 0.26232948899269104 0.007104784250259399 0.00839453935623169
0 0.7926287651062012 0.2607555091381073 0.007992863655090332 0.0073451995849609375
0 0.5950266718864441 0.2607555091381073 0.007104754447937012 0.009443879127502441
0 0.23268206417560577 0.25970619916915894 0.007104784250259399 0.009443879127502441
1 0.9587033987045288 0.2586568593978882 0.007992863655090332 0.009443879127502441
0 0.8281527757644653 0.2586568593978882 0.009769082069396973 0.009443879127502441
1 0.016873890068382025 0.2586568593978882 0.005328596569597721 0.009443879127502441
1 0.6425399780273438 0.25655823945999146 0.006216645240783691 0.0073451995849609375
1 0.16163410246372223 0.2576075494289398 0.00888100266456604 0.013641119003295898
1 0.528863251209259 0.25918152183294296 0.018650054931640625 0.0188877135515213
1 0.008880994282662868 0.25445959717035294 0.005328597500920296 0.009443864226341248
0 0.5817051529884338 0.2549842670559883 0.008880972862243652 0.012591823935508728
1 0.9311723113059998 0.2523609772324562 0.007992863655090332 0.009443864226341248
1 0.20515097677707672 0.2555089294910431 0.017761975526809692 0.01783841848373413
0 0.392984002828598 0.24921300262212753 0.007992923259735107 0.007345214486122131
1 0.22335702180862427 0.24816369265317917 0.00799289345741272 0.007345214486122131
0 0.7895204424858093 0.2471143752336502 0.008880972862243652 0.007345229387283325
1 0.624333918094635 0.252885602414608 0.017761945724487305 0.0188877135515213
0 0.24555949866771698 0.24658972024917603 0.00799289345741272 0.006295919418334961
0 0.29174068570137024 0.24921301007270813 0.006216704845428467 0.013641119003295898
0 0.2557726502418518 0.24658972024917603 0.007104814052581787 0.00839453935623169
1 0.8143872022628784 0.24501574039459229 0.007104754447937012 0.009443849325180054
0 0.827264666557312 0.24396641552448273 0.007992863655090332 0.009443849325180054
1 0.31882771849632263 0.24868835508823395 0.01776200532913208 0.018887728452682495
1 0.7264653444290161 0.24554038792848587 0.007104754447937012 0.014690443873405457
0 0.75266432762146 0.24134312570095062 0.007992863655090332 0.012591809034347534
1 0.7704262733459473 0.24291711300611496 0.018650054931640625 0.019937053322792053
0 0.4400532841682434 0.23976914584636688 0.006216704845428467 0.013641119003295898
1 0.6039076447486877 0.23452256619930267 0.007104754447937012 0.007345229387283325
0 0.20959147810935974 0.23557187616825104 0.00888100266456604 0.009443849325180054
1 0.8268206119537354 0.23242393136024475 0.007104754447937012 0.007345229387283325
0 0.5777087211608887 0.23294858634471893 0.009769082069396973 0.00839453935623169
0 0.462699830532074 0.23294858634471893 0.008880972862243652 0.00839453935623169
1 0.4809058606624603 0.23714585602283478 0.01687389612197876 0.018887728452682495
1 0.16296625137329102 0.23189926147460938 0.004440486431121826 0.00839453935623169
0 0.19804617762565613 0.22927597165107727 0.0053285956382751465 0.009443849325180054
1 0.9245115518569946 0.22770199179649353 0.005328655242919922 0.010493189096450806
1 0.5697157979011536 0.22927597165107727 0.006216645240783691 0.013641119003295898
1 0.18294848501682281 0.23189926147460938 0.017761975526809692 0.018887728452682495
0 0.9853463768959045 0.22717733681201935 0.006216645240783691 0.01154249906539917
1 0.01243339292705059 0.22507870197296143 0.007104795426130295 0.007345229387283325
0 0.7366784811019897 0.22402937710285187 0.007992863655090332 0.009443849325180054
1 0.7233570218086243 0.22245539724826813 0.006216645240783691 0.00839453935623169
1 0.2935168743133545 0.22402937710285187 0.006216704845428467 0.013641119003295898
1 0.6465364098548889 0.2256033569574356 0.017761945724487305 0.018887728452682495
1 0.6762877702713013 0.2177334725856781 0.006216645240783691 0.007345229387283325
1 0.9200710654258728 0.21983210742473602 0.007104754447937012 0.013641119003295898
1 0.05150976777076721 0.21878279745578766 0.0053285956382751465 0.01154249906539917
1 0.34236234426498413 0.22140608727931976 0.01687389612197876 0.018887728452682495
1 0.7677620053291321 0.21720881760120392 0.020426273345947266 0.018887728452682495
0 0.7371225357055664 0.2124868780374527 0.007104754447937012 0.009443849325180054
1 0.43028420209884644 0.2124868780374527 0.006216704845428467 0.009443849325180054
1 0.950266420841217 0.21038824319839478 0.007104754447937012 0.007345229387283325
1 0.7988454699516296 0.2093389332294464 0.006216645240783691 0.007345229387283325
1 0.700266420841217 0.2098635882139206 0.006216645240783691 0.010493189096450806
0 0.46314388513565063 0.20776495337486267 0.006216704845428467 0.00839453935623169
1 0.8232682347297668 0.2067156285047531 0.007104754447937012 0.00839453935623169
0 0.6398756504058838 0.20619097352027893 0.007992863655090332 0.007345229387283325
1 0.48046180605888367 0.21196222305297852 0.01776200532913208 0.018887728452682495
0 0.45248666405677795 0.2072402983903885 0.007992923259735107 0.009443849325180054
0 0.18250444531440735 0.20881426334381104 0.006216704845428467 0.01469045877456665
1 0.9307282567024231 0.20199370384216309 0.005328655242919922 0.009443849325180054
1 0.5692717432975769 0.2014690488576889 0.007104754447937012 0.00839453935623169
0 0.7340142130851746 0.19727177917957306 0.007992863655090332 0.010493189096450806
1 0.6207815408706665 0.2014690488576889 0.017761945724487305 0.018887728452682495
1 0.051953818649053574 0.19779643416404724 0.00621669739484787 0.013641119003295898
0 0.7841918468475342 0.19412381947040558 0.007104754447937012 0.00839453935623169
1 0.07060390710830688 0.19412381947040558 0.00444050133228302 0.010493189096450806
1 0.015541740227490664 0.19307449460029602 0.004440496675670147 0.010493189096450806
0 0.7135879397392273 0.19307449460029602 0.007992863655090332 0.012591809034347534
1 0.9702486395835876 0.19150052964687347 0.007992863655090332 0.01154249906539917
1 0.9289520382881165 0.18992654979228973 0.005328655242919922 0.012591809034347534
1 0.7655417323112488 0.1909758597612381 0.017761945724487305 0.018887728452682495
0 0.5022202581167221 0.18677859008312225 0.006216675043106079 0.012591809034347534
0 0.7952930927276611 0.18363064527511597 0.007992863655090332 0.00839453935623169
0 0.7890763878822327 0.1694648414850235 0.011545300483703613 0.007345229387283325
1 0.19760213792324066 0.16789087653160095 0.00799289345741272 0.00839453935623169
1 0.7420070767402649 0.16841553151607513 0.011545300483703613 0.013641119003295898
0 0.2442273497581482 0.16789087653160095 0.00888100266456604 0.012591809034347534
1 0.36101242899894714 0.1642182618379593 0.007992923259735107 0.007345229387283325
1 0.3463588058948517 0.161594957113266 0.007104814052581787 0.012591809034347534
0 0.3814387321472168 0.1589716672897339 0.006216704845428467 0.013641119003295898
1 0.9245115518569946 0.15529905259609222 0.005328655242919922 0.012591809034347534
1 0.6665186285972595 0.15110178291797638 0.0044405460357666016 0.010493189096450806
1 0.964031994342804 0.14165791869163513 0.006216645240783691 0.010493189096450806
1 0.980461835861206 0.14060860872268677 0.007104754447937012 0.012591809034347534
0 0.7300177812576294 0.1400839388370514 0.007104754447937012 0.01154249906539917
1 0.990230917930603 0.1343126893043518 0.005328655242919922 0.00839453935623169
1 0.904529333114624 0.13326337933540344 0.0044405460357666016 0.010493189096450806
1 0.7482237815856934 0.13326337933540344 0.006216645240783691 0.010493189096450806
1 0.9964476227760315 0.13273872435092926 0.005328655242919922 0.01154249906539917
1 0.8072823882102966 0.12854145467281342 0.005328655242919922 0.007345229387283325
1 0.07548845559358597 0.12854145467281342 0.007104799151420593 0.01154249906539917
1 0.00577264663297683 0.12801678851246834 0.004440497374162078 0.010493181645870209
1 0.9493783116340637 0.11804826557636261 0.007104754447937012 0.005246594548225403
1 0.9076376557350159 0.11909758299589157 0.005328655242919922 0.007345229387283325
1 0.9080817103385925 0.10440713167190552 0.0044405460357666016 0.009443864226341248
1 0.056394316256046295 0.10125917941331863 0.00799289345741272 0.009443864226341248
1 0.9604795575141907 0.09811122715473175 0.007992863655090332 0.009443864226341248
1 0.8996447324752808 0.09548792988061905 0.005328655242919922 0.00839453935623169
1 0.9702486395835876 0.09443861246109009 0.007992863655090332 0.012591809034347534
1 0.20870336890220642 0.09233997762203217 0.007104784250259399 0.00839453935623169
0 0.2544404864311218 0.09233997762203217 0.006216704845428467 0.010493174195289612
1 0.04529307410120964 0.0912906602025032 0.007104799151420593 0.00839453935623169
1 0.6207815408706665 0.08919202536344528 0.005328655242919922 0.006295904517173767
1 0.23268206417560577 0.08919202536344528 0.00888100266456604 0.006295904517173767
1 0.6967140436172485 0.08709339052438736 0.006216645240783691 0.00839453935623169
1 0.7078152894973755 0.08551941066980362 0.007104754447937012 0.007345229387283325
1 0.6336589455604553 0.08656872808933258 0.006216645240783691 0.01154249906539917
1 0.6412078142166138 0.08289612084627151 0.007104754447937012 0.006295904517173767
1 0.07060390710830688 0.08184679597616196 0.00444050133228302 0.010493174195289612
1 0.43339255452156067 0.07869884371757507 0.007104814052581787 0.006295904517173767
1 0.7446714043617249 0.07869884371757507 0.011545300483703613 0.012591809034347534
0 0.5959147214889526 0.0724029392004013 0.007104754447937012 0.00839453935623169
1 0.9489342570304871 0.07082895934581757 0.0044405460357666016 0.009443864226341248
1 0.6296625137329102 0.0697796419262886 0.010657191276550293 0.007345229387283325
1 0.9849023222923279 0.06663168966770172 0.005328655242919922 0.01154249906539917
1 0.20825932919979095 0.06610702537000179 0.004440486431121826 0.01049317792057991
1 0.2171403169631958 0.06558237224817276 0.006216704845428467 0.01154249906539917
1 0.972468912601471 0.06295907311141491 0.005328655242919922 0.01049317792057991
1 0.7273534536361694 0.060860440135002136 0.010657191276550293 0.006295904517173767
1 0.21536411345005035 0.05718782916665077 0.00799289345741272 0.009443864226341248
1 0.06705150753259659 0.05613851174712181 0.006216689944267273 0.007345221936702728
1 0.40186500549316406 0.05403987318277359 0.006216704845428467 0.005246587097644806
1 0.8809946775436401 0.05508919060230255 0.005328655242919922 0.01154249906539917
0 0.6394315958023071 0.05141657963395119 0.008880972862243652 0.006295904517173767
1 0.9587033987045288 0.047743964940309525 0.007992863655090332 0.009443864226341248
1 0.7344582676887512 0.0456453301012516 0.008880972862243652 0.007345221936702728
1 0.7535523772239685 0.04354669526219368 0.006216645240783691 0.007345221936702728
1 0.6047957539558411 0.04354669526219368 0.005328655242919922 0.007345221936702728
1 0.7819715738296509 0.04197271913290024 0.009769082069396973 0.006295904517173767
0 0.7713143825531006 0.04249737784266472 0.006216645240783691 0.009443864226341248
1 0.9023090600967407 0.038824763149023056 0.008880972862243652 0.010493181645870209
1 0.8929840326309204 0.037250787019729614 0.0044405460357666016 0.009443864226341248
1 0.9471580982208252 0.036726128309965134 0.006216645240783691 0.014690451323986053
0 0.701598584651947 0.03462749347090721 0.005328655242919922 0.010493181645870209
1 0.5461812019348145 0.03462749347090721 0.007104754447937012 0.010493181645870209
1 0.7331261038780212 0.032004195265471935 0.009769082069396973 0.0073452237993478775
1 0.7215808033943176 0.033053514547646046 0.007992863655090332 0.009443862363696098
1 0.5963587760925293 0.030430219136178493 0.006216645240783691 0.008394541218876839
0 0.14298401772975922 0.028331585228443146 0.00888100266456604 0.012591816484928131
1 0.9693605899810791 0.02780692372471094 0.007992863655090332 0.015739766880869865
1 0.6856127977371216 0.023609653115272522 0.005328655242919922 0.009443860501050949
1 0.9440497159957886 0.0215110182762146 0.007104754447937012 0.007345225661993027
1 0.33170515298843384 0.02046169899404049 0.006216704845428467 0.005246590822935104
1 0.5448490381240845 0.02046169899404049 0.006216645240783691 0.007345225661993027
1 0.2557726502418518 0.018887722864747047 0.007104814052581787 0.0062959082424640656
1 0.741563081741333 0.018887722864747047 0.005328655242919922 0.008394543081521988
1 0.7571048140525818 0.016789086163043976 0.006216645240783691 0.0062959082424640656
1 0.23623445630073547 0.01941238110885024 0.0053285956382751465 0.011542496271431446
1 0.6083481311798096 0.017313746735453606 0.012433409690856934 0.009443860501050949
1 0.9826820492744446 0.018363064154982567 0.006216645240783691 0.013641133904457092
1 0.7726465463638306 0.014690451323986053 0.007104754447937012 0.0062959082424640656
1 0.6292184591293335 0.015739768743515015 0.009769082069396973 0.008394543081521988
0 0.6527531147003174 0.01154249720275402 0.010657191276550293 0.0062959082424640656
1 0.662966251373291 0.01154249720275402 0.006216645240783691 0.008394543081521988
1 0.08303730189800262 0.010493179317563772 0.00444050133228302 0.010493178851902485
1 0.5719360709190369 0.0068205667193979025 0.005328655242919922 0.007345226127654314
1 0.07415630668401718 0.008394543081521988 0.00444050133228302 0.01049317978322506
1 0.050177618861198425 0.006295908009633422 0.004440493881702423 0.008394543547183275
0 0.7269093990325928 0.00524658989161253 0.009769082069396973 0.008394543081521988
1 0.972468912601471 0.006295907776802778 0.005328655242919922 0.012591815553605556
1 0.9547069072723389 0.008394543081521988 0.007104754447937012 0.016789086163043976
0 0.741563081741333 0.004721930716186762 0.005328655242919922 0.009443861432373524
0 0.6465364098548889 0.002623294945806265 0.008880972862243652 0.00524658989161253
0 0.03507992997765541 0.006820566486567259 0.00799289345741272 0.013641132973134518
1 0.010657194070518017 0.006295907776802778 0.005328597500920296 0.012591815553605556
