1 0.8280454764757532 0.9992612136278677 0.007846724281716067 0.0014775727442646325
1 0.9654651882213267 0.9999404342127338 0.007846724281715955 0.00011913157453236067
1 0.05034334667676643 0.9899311217188711 0.011755083549339851 0.005765001697242034
1 0.12781968700648333 0.9911678437564595 0.008881133827533971 0.010444023247274115
1 0.9207229782970241 0.9933559842122974 0.007846724281716067 0.0047848799135469244
1 0.037748226097776116 0.9827441078022788 0.009795902747365637 0.004804148213859882
1 0.17711715355995206 0.9841218176405627 0.011765056084902303 0.006706586585719432
1 0.14888343146936367 0.9810177267721806 0.009795902747365526 0.004804148213859882
1 0.10161993847208128 0.9800796691339702 0.008831271149722042 0.005736098804885681
1 0.3350484949333439 0.9814455073229931 0.011755083549339851 0.005765001697242034
1 0.5606801580961809 0.9827343301447427 0.006882062883310058 0.005716830209981705
1 0.17084698731123793 0.9779390115458869 0.010780479416133915 0.005755367399789657
0 0.19910065384169812 0.9791599922388384 0.008851216220846836 0.007619268581841254
0 0.001383504113716516 0.9762385515645945 0.002767008227433032 0.007609634284389211
1 0.018330816984819198 0.9754896532143402 0.011755083549339851 0.005765001697242034
0 0.40865128983636506 0.9802897889619221 0.010820369558383613 0.009521706953700804
1 0.5836183478720236 0.979665249510492 0.009795962348890463 0.004804148803041919
1 0.8852395448891311 0.9845301862363874 0.004962787123966583 0.008522316427805876
1 0.040766775691477686 0.9738281330586711 0.009805875282927978 0.0057457331023376135
1 0.085126401360267 0.9728541180275694 0.0088212986141597 0.004794513916407839
1 0.5694965306753372 0.978583967014368 0.0068920354188724 0.006658415098459436
1 0.20259653359769336 0.97119035993091 0.007846694480953653 0.004784879618955906
1 0.5003592035929736 0.9722504795146107 0.008821358215684416 0.004794514505589542
1 0.5135114029242352 0.9728513352690437 0.011755143150864678 0.005765002286423737
1 0.24258539947039948 0.9687606132285574 0.0059373763567913684 0.008531950577962633
1 0.015039371051588035 0.9641570933160994 0.008831271149722042 0.005736098804885792
0 0.08959688524946818 0.9648941200170928 0.007876612087640789 0.007609634284388989
1 0.5807942595655238 0.970220616936408 0.013734269023963908 0.008609025546761129
1 0.6241842673688883 0.9687661751636155 0.008861248357934004 0.008560854059500356
0 0.43657222670768037 0.9669115655393172 0.007906529694328146 0.010434388949822293
1 0.5136111263861002 0.9634356651888405 0.011755143150864678 0.005765002286423515
1 0.5043473716833531 0.963814871911169 0.006911980489997416 0.008541584875414898
1 0.1311074912728516 0.9568294346331017 0.010780479416133915 0.005755367399789879
1 0.6803039926555612 0.9617875894244744 0.007846694480953653 0.004784879618955795
1 0.3391912347999284 0.9584155723542458 0.00981584781849043 0.006687317990815456
1 0.6929888343600916 0.9605005178547507 0.007856726618040821 0.005726465096615119
1 0.2972930501718069 0.957059770509308 0.005937376356791257 0.008531950577962633
1 0.5565587079016396 0.9577393338706972 0.007846694480953542 0.004784879618955906
1 0.03320423445375642 0.9516241112182697 0.007906529694328146 0.010434388949822293
1 0.1136343637600502 0.9500650416734877 0.008851216220846725 0.007619268581841143
0 0.5039747518819586 0.9529820073495233 0.011755143150864678 0.005765002286423515
1 0.7261654134039031 0.9570618054886897 0.011795033293114376 0.009531341840334662
0 0.6881906064482738 0.9533905789069568 0.011765115686426908 0.006706587174901357
1 0.6623634777152662 0.953135268846113 0.008861248357934004 0.008560854059500467
1 0.2793675244668709 0.9469950132912961 0.010780479416134026 0.005755367399789879
1 0.3090980560004837 0.9468180680977093 0.009795902747365526 0.004804148213859882
1 0.47087795186014036 0.9488881598108121 0.007856667016516106 0.005726464507433637
1 0.38509254505926677 0.9499235084660751 0.007916502229890487 0.011375973838299913
1 0.5937184687680491 0.9463358063454335 0.009805934884452805 0.005745733691519206
1 0.6136979131002962 0.946533310032383 0.008851275822371552 0.007619269171022736
0 0.8675932308607901 0.948101469204377 0.009805905083690392 0.005745733396928632
1 0.8909888125467391 0.9478619604579334 0.009795947448509201 0.004804148655746188
0 0.8554006619590095 0.9489226249328173 0.010820399359145916 0.009521707248291711
1 0.7277619469400453 0.9443650397449928 0.006872090347747717 0.0047752453215036406
0 0.2037932195588436 0.8582019017578009 0.007906529694328035 0.010434388949822293
1 0.037190165079716064 0.8513757737165739 0.009845765425177566 0.009512072656248649
0 0.09675587827506277 0.841135420215777 0.011785001156027097 0.008589756362675227
1 0.9617203720741844 0.8496858920790035 0.008861224144814495 0.008560853820145375
1 0.2054695321169791 0.8379725761093317 0.008831271149722153 0.005736098804885681
0 0.29659038991310427 0.8393441789004311 0.011804946227152113 0.010472926139630578
0 0.6177635929474866 0.8387524123313239 0.008841303286809099 0.0066776842825450045
1 0.7376553065153466 0.8385251176056018 0.008831330751246758 0.005736099394067162
0 0.8312226471800491 0.8389792212518536 0.008841273486046797 0.006677683987954097
1 0.20508195351224107 0.8285520888804028 0.00980587528292809 0.0057457331023378355
1 0.21629494691341555 0.8281920914460446 0.00882129861415959 0.00479451391640795
1 0.3815109481797239 0.8279419415682169 0.00981584781849032 0.006687317990815567
1 0.15192097366916385 0.8322640902983438 0.02264537879720374 0.021877684845600376
1 0.5700925471048319 0.8302769773450245 0.008871220893496456 0.009502438947978309
1 0.3307914053359181 0.8312072356963676 0.02169071973512282 0.023751220325103906
0 0.6754349759915239 0.8233141332451108 0.00884130328680921 0.0066776842825448934
0 0.1887080849334165 0.8100276979168437 0.007866639552078558 0.0066680493959113685
0 0.1765305195361231 0.8094364767544536 0.008851216220846947 0.007619268581841254
0 0.2666916724008612 0.8093860673262028 0.009825820354052883 0.007628902879293187
0 0.646336345765157 0.8098431531105956 0.00884130328680921 0.0066776842825450045
1 0.484561406372519 0.8073022686586634 0.0068920354188724 0.006658415098459214
0 0.20630088097920762 0.8054932510192991 0.009855737960740019 0.010453657544726491
0 0.6288133568370495 0.8077865653903209 0.008861248357934115 0.008560854059500467
0 0.7360152424325979 0.8093171346785615 0.008871220893496345 0.009502438947978198
0 0.8753991131664833 0.8092825266383582 0.008841273486046908 0.006677683987954319
1 0.3953997889798929 0.8050083501631721 0.005947348892353821 0.009473535466440364
1 0.38322714961760296 0.8039463955688864 0.00887116129197163 0.009502438358796716
1 0.20687793460336618 0.7970239233747751 0.008821298614159478 0.00479451391640795
0 0.5694171139884738 0.8020202732054387 0.008851275822371663 0.007619269171022736
1 0.9046772384265178 0.8058052767142505 0.006912010290759718 0.008541585170005472
0 0.16011670184477728 0.7946783651540992 0.008841243685284605 0.006677683693363523
0 0.279038827979228 0.7939705843797522 0.008841243685284605 0.006677683693363412
0 0.3248454010444827 0.7944233981275454 0.006911980489997305 0.008541584875414676
0 0.5129746309469654 0.7934581295420706 0.008841303286809321 0.0066776842825450045
1 0.5372600446574085 0.8012315477669175 0.02849300359643958 0.02193549063031308
0 0.6581912130091396 0.794893645459658 0.006911980489997305 0.008541584875414565
1 0.79652568748686 0.8019111109810113 0.022645348996441328 0.02187768455100969
0 0.8297421262409055 0.7947061183679733 0.008841273486046908 0.006677683987954208
1 0.6795727295903272 0.8007549907206024 0.02266526426680371 0.023760854033374357
0 0.8589803694401341 0.7949951484698994 0.00886121855717159 0.00856085376490967
1 0.7460604771320771 0.781166408031892 0.008831315850865606 0.005736099246771875
1 0.21879762206599834 0.7759542331517817 0.00887116129197174 0.009502438358796605
0 0.5287378872593343 0.7776055741924633 0.006911980489997305 0.008541584875414676
0 0.8562061276485589 0.7808427105091809 0.010810426823583574 0.00858012235981398
0 0.702228051122331 0.7783789007314562 0.008861248357934004 0.008560854059500578
1 0.36403910566631614 0.775035786553584 0.016717974975974936 0.014287319156115585
0 0.1014571308971241 0.7653775665028053 0.0078766120876409 0.007609634284388989
0 0.13166997822955867 0.7656762309021835 0.0078766120876409 0.007609634284388989
0 0.5682842964121999 0.7709339972516938 0.00789661676029041 0.009492804650526043
0 0.7461502286896327 0.7726922632386419 0.008871205993115194 0.0095024388006828
0 0.29591630139766445 0.7649457132950079 0.006911980489997305 0.008541584875414676
1 0.4493671869775457 0.771170926274868 0.023639928001534583 0.02377048892000788
0 0.501598467635704 0.7632122780589654 0.008841303286809099 0.0066776842825450045
0 0.5298620769009642 0.7634916735688486 0.008841303286809099 0.0066776842825451155
1 0.8796864640802493 0.7725997897017297 0.02069613327983888 0.021858415882457738
0 0.8560429279377098 0.750236861297127 0.007876641888403202 0.007609634578980007
0 0.5680363314115763 0.7483315003886509 0.00889116596462114 0.01138560872493355
1 0.3853173160890478 0.7446418930638392 0.00594734889235371 0.009473535466440475
1 0.2191316969573146 0.7444116161999761 0.00892102270727757 0.014210243598135719
1 0.206993961469493 0.7400541144960182 0.005947348892353599 0.009473535466440253
1 0.22307498926891617 0.7402130809931595 0.004972744759147774 0.009463901168988209
0 0.3946109585977198 0.741437931381487 0.008940967778402253 0.01609341337509107
0 0.3113418417831073 0.7349647462740831 0.005937376356791146 0.008531950577962522
0 0.35619375515502777 0.7335248155489936 0.009835792889615003 0.008570487767771029
0 0.4546391027535413 0.7335562982382672 0.009835792889615225 0.008570487767770807
0 0.7017121766812122 0.7350570171808011 0.00884130328680921 0.0066776842825450045
0 0.7981983583781326 0.7360108163109436 0.008841273486046797 0.006677683987954097
1 0.821026851525295 0.7432990502468984 0.023609980594084923 0.020945733959984114
0 0.8839638499086437 0.7368586377272268 0.008841273486046797 0.006677683987954208
1 0.6212322442986312 0.7413240117571535 0.021680687598035542 0.02280963484744447
1 0.18429015229261092 0.7209963081547817 0.006882062883309947 0.005716830209981594
0 0.10388501329549499 0.7202014756690758 0.009825820354052772 0.007628902879293187
0 0.13508243729669783 0.7195681894774284 0.0078766120876409 0.007609634284389211
0 0.1633460763627203 0.7198475852819024 0.009825820354052772 0.007628902879293409
1 0.5687978744186271 0.7224430907133881 0.009795962348890463 0.004804148803041586
0 0.2798166737592878 0.72052809550746 0.010810397022821161 0.008580122065222962
0 0.2983441844272883 0.7197695628597538 0.008841243685284494 0.006677683693363412
0 0.4718443201945943 0.7196013641117937 0.008841243685284494 0.006677683693363523
1 0.3851341713070738 0.7159192136287407 0.0088212986141597 0.00479451391640795
1 0.20725324360659725 0.7155732650047459 0.005947348892353599 0.009473535466440364
1 0.5571374982626085 0.7190319913412249 0.009845825026702393 0.009512073245430464
1 0.5674406779484642 0.7125421767427682 0.008851275822371663 0.007619269171022625
1 0.6288409767465392 0.7131491398389767 0.006902007954434852 0.007599999986936834
1 0.7418904871413232 0.7147375149119297 0.004962772223585321 0.008522316280510478
1 0.7345859126092974 0.7141944649422093 0.005947348892353821 0.009473535466440364
1 0.38570623866345105 0.7079206784284555 0.007896557158765805 0.009492804061344562
1 0.3944677039579954 0.7089489123924775 0.005967293963478615 0.011356705243395715
1 0.9115171377147115 0.7121768167529668 0.004972759659529036 0.009463901316283607
0 0.4544609442393485 0.7043628263589298 0.008841243685284605 0.006677683693363301
1 0.5065226949492112 0.7124108232395248 0.02167071506247298 0.02186804995896674
1 0.3330325012854521 0.7116374964059411 0.021710664806247393 0.025634390102059368
1 0.8198690883409868 0.7145666767655275 0.020696140730029455 0.021858415956105492
0 0.841380275160236 0.7081876571769514 0.006912010290759607 0.008541585170005361
0 0.8701411739280427 0.7075302850943783 0.00786666935284086 0.006668049690502054
0 0.5114469520634807 0.6616093687146747 0.008841303286809099 0.0066776842825451155
0 0.4831932855330206 0.660388388021723 0.008861188756409288 0.008560853470318874
0 0.6128211281301557 0.6611989621466563 0.008851275822371552 0.007619269171022736
0 0.2122822402512753 0.654885348250045 0.006931925561121988 0.010424754652370138
1 0.22308266473853405 0.6474587656172457 0.0088212986141597 0.00479451391640795
0 0.15388553287481144 0.6467747281414205 0.008841243685284494 0.006677683693363412
0 0.10613972407870725 0.6453610609102454 0.008841243685284383 0.006677683693363412
1 0.18889660811906384 0.6541833314885925 0.022675296403890988 0.02470243951103379
0 0.5661596194646847 0.6494376742442526 0.008871220893496456 0.009502438947978087
1 0.8165739858405117 0.6575631476983927 0.022635376460878986 0.02093609966253196
0 0.22230252189252975 0.6290885240021018 0.006921953025559757 0.009483169763892407
1 0.8982628955050685 0.6291789003703578 0.009845810126321242 0.009512073098134732
0 0.5669211618404826 0.6235493241705146 0.0059373763567913684 0.008531950577962522
0 0.7399090648335327 0.6257302108934979 0.008871220893496456 0.009502438947978087
0 0.1839202216930531 0.6178799206614614 0.007866639552078336 0.0066680493959113685
0 0.2711525758903921 0.6182714007850929 0.008851216220846725 0.007619268581841254
1 0.6750677345938028 0.6279142228201156 0.02168068759803543 0.022809634847444582
1 0.8719435007882486 0.6293895658259699 0.02167074486323539 0.021868050253557536
0 0.8388915914455893 0.6210586460379289 0.009825850154815186 0.007628903173884094
0 0.09731970983268817 0.6038404550190213 0.007866639552078447 0.0066680493959113685
0 0.8482849872168887 0.6084390145699645 0.008841273486046797 0.006677683987954208
0 0.5110806631307858 0.6041639502429528 0.00884130328680921 0.0066776842825450045
1 0.22465561153668867 0.5909742006289058 0.00882129861415959 0.00479451391640795
1 0.12086490000888594 0.5894773519709291 0.005967293963478504 0.011356705243395826
1 0.3069601569864354 0.5964961075380364 0.021670774663997916 0.021868050548148443
0 0.8201709491909243 0.5940360243901943 0.008841273486046797 0.006677683987954208
0 0.6398784710345952 0.5913121472990153 0.008841303286809099 0.0066776842825451155
1 0.7016912791450611 0.5989856950044832 0.023610010394847336 0.02094573425457491
0 0.3587041057772284 0.5885326418788172 0.009835792889615225 0.008570487767771029
0 0.6135840151068719 0.5891688506070809 0.010790511553221083 0.006696952877449203
1 0.4780337549562889 0.5953622381579684 0.022665323868328646 0.02376085462255595
0 0.44219261521794856 0.5742912574473347 0.006911980489997194 0.008541584875414676
0 0.7282649622810136 0.5747649724281899 0.007876671689165726 0.007609634873570581
1 0.8920240206334694 0.5740296380405268 0.007946448374833937 0.01420060959527436
1 0.33601525540368987 0.5680624582048639 0.020686197995229416 0.02091683136221867
1 0.7024677803242025 0.5716849675980286 0.022635346660116684 0.020936099367941274
0 0.4423222562865007 0.5620508327016986 0.006911980489997305 0.008541584875414787
1 0.8691307103614998 0.5728616463149763 0.02069613327983888 0.02185841588245785
0 0.8732385656103454 0.5531271990384954 0.008841273486046797 0.006677683987954208
0 0.6110889849918915 0.5486524528323641 0.010810456624346099 0.008580122654404665
0 0.49804446086488846 0.546593285315172 0.006911980489997194 0.008541584875414676
1 0.22662118280888732 0.5434393310144374 0.007896557158765694 0.00949280406134434
1 0.8323548901580607 0.5480146920843942 0.006892065219634924 0.00665841539305001
1 0.2636762041448883 0.5419222657190248 0.00594734889235371 0.009473535466440253
0 0.7353863926623186 0.546585283361287 0.005947348892353821 0.009473535466440142
0 0.11318403420784029 0.5324304681233738 0.008841243685284272 0.006677683693363523
1 0.13601255778701804 0.5397186427523946 0.021660802128435463 0.020926465659670712
0 0.1999341322078822 0.5323463392432222 0.008841243685284383 0.006677683693363301
1 0.33680172911839373 0.5398201459099317 0.021660802128435352 0.020926465659670712
1 0.44936892371435605 0.5409329113899197 0.020686197995229416 0.020916831362218558
1 0.21744350756481734 0.48967348322885135 0.009805875914181028 0.005745792703862662
1 0.7247418544357943 0.49327580666911464 0.008821358846937466 0.004794574107114369
0 0.3871000751136397 0.48428809000598005 0.009835792889615225 0.008570487767770973
1 0.7243443039267469 0.4847968447271386 0.00784675471373153 0.00478493980966227
0 0.7345627186384549 0.48631035267693057 0.006921953025559646 0.009483169763892296
0 0.662466675282005 0.4832435093944888 0.006911980489997305 0.008541584875414676
1 0.8095726164437149 0.49034771368826413 0.02067619629015771 0.0199753057806748
1 0.33787241536222823 0.4847431113048198 0.020696170530791758 0.02185841625069629
1 0.5318243393562938 0.4861895511237271 0.02068613902495775 0.020916890374561792
0 0.7035597562400802 0.46858300175012385 0.00884130328680921 0.0066776842825450045
0 0.3873294399596833 0.46263196537937856 0.009835792889615336 0.008570487767770918
1 0.7206453051481436 0.4659269074808087 0.005937376356791257 0.008531950577962633
1 0.8838871370083716 0.46801145093468033 0.008871191092734043 0.009502438653387402
0 0.5525304526218857 0.4637941925396767 0.008871220893496345 0.009502438947978253
1 0.23145201689797595 0.4554410519666482 0.005937376356791257 0.008531950577962577
1 0.19683350621061635 0.4569821732049286 0.022625434357331997 0.01999457467016974
1 0.8624856610869309 0.4640332157018711 0.020686168825720164 0.020916890669152477
1 0.3664251939392644 0.4577169619649315 0.020676226090920125 0.019975306075265598
1 0.5321135381532056 0.45888403636930875 0.02068613902495775 0.020916890374561736
1 0.6144629292653413 0.4601689003879861 0.023619923328884962 0.021887318553870938
0 0.563053024933849 0.43658980840233375 0.009805935515705744 0.005745793293044088
1 0.6630301150193647 0.43004476781608164 0.006921953025559646 0.009483169763892407
1 0.8067299127666273 0.4366444892780028 0.01970156235618936 0.019965671188631906
1 0.5041241248116233 0.43271144339431294 0.020676196290157822 0.019975305780674857
1 0.1698336703903382 0.4294068671427261 0.02069617053079209 0.02185841625069629
0 0.7821267275691299 0.41285954920640744 0.010850316334580112 0.012346402312200022
0 0.8820489622057412 0.411493136030848 0.00988569963731778 0.013278353050521052
0 0.5516668596018894 0.4072855117123533 0.007936446669762343 0.013259084013730604
1 0.4703369782025 0.4017732098890938 0.006921953025559757 0.009483169763892407
1 0.8060345355260239 0.41027086551308534 0.02360000868977563 0.020004208673031154
1 0.11359060510305041 0.40201332342283636 0.020686198626482577 0.020916890963743384
1 0.34018696009630883 0.4042533064181725 0.023610011026100497 0.02094579385609957
0 0.37403530047322664 0.3834003586762703 0.006911980489997305 0.008541584875414732
1 0.4506018572040136 0.3785072340435886 0.02165083022412606 0.019984940372717697
1 0.26457142107636666 0.36536823630290083 0.007906529063074874 0.010434329348297355
1 0.14474449792639377 0.35947534816197646 0.007866639552078336 0.006668049395911313
1 0.2333005489218702 0.3269215284892443 0.008851216220846836 0.007619268581841199
0 0.7288886281051339 0.3318205873028551 0.007876671689165726 0.007609634873570581
0 0.5515548662228911 0.3258300659943604 0.007886584623203241 0.008551219172866775
1 0.801989207470605 0.332072369966136 0.019701592156951775 0.019965671483222758
1 0.6660413819105936 0.3297867954277519 0.020676166489395298 0.019975305486084005
1 0.31227369901023794 0.3248771846641012 0.020666253555357672 0.019033721186787866
1 0.19635516461302477 0.31808127862526986 0.010820369558383613 0.009521706953700804
0 0.15167782705870597 0.30304377239880465 0.008841243685284383 0.0066776836933633565
0 0.1682561294602945 0.30226597115619414 0.008861188756409066 0.008560853470318819
1 0.9980703006851126 0.3090668933183043 0.0038593986297746907 0.011356645862814041
1 0.8280905470276716 0.3064344827091624 0.02066622375459526 0.019033720892197126
1 0.5308551136267611 0.30161287096292533 0.020666193953832845 0.019033720597606274
0 0.19386016461443334 0.27756485134438136 0.010780480047386964 0.00575542700131465
0 0.37907056838507935 0.2760998874223114 0.006911980489997305 0.008541584875414676
0 0.23483859279243602 0.2737324212082892 0.008881133196281032 0.010443963645749565
1 0.9972801818940771 0.2737483620798365 0.005439636211845733 0.012317499419843725
0 0.12592184972867387 0.25005569605506656 0.008841243685284383 0.006677683693363384
0 0.5513581079486515 0.25237793537442565 0.007906529220888414 0.010434344248678673
1 0.36136942094277913 0.24484982782269926 0.005917431601293099 0.006648810601769556
1 0.7993858408594969 0.25577146584155774 0.02067619629015771 0.019975305780674746
1 0.6600518169561628 0.2510982386943641 0.012829471377188595 0.015190366265603411
0 0.33557220934301907 0.2417698077975659 0.00884124400091102 0.00667771349412577
1 0.7221637962412899 0.2305247016573171 0.007886584623203352 0.008551219172866747
1 0.8522888983823959 0.2303985227955846 0.02066622375459537 0.019033720892197098
1 0.6637122706668747 0.22759270932762388 0.01969158982062691 0.019024086300154147
1 0.3689182891656167 0.22232439043889193 0.020676226090920014 0.019975306075265598
0 0.4748477437385898 0.20595067850712018 0.011755083864966376 0.0057650314980043915
1 0.16645415035046374 0.19631040676284311 0.006902007954434852 0.007599999986936945
0 0.7946088877193409 0.20063659550367557 0.011755113665728789 0.005765031792595188
0 0.17721973103821864 0.19217932712775393 0.0088611887564094 0.008560853470318847
0 0.835861526405776 0.1709109978505285 0.009845794910313455 0.00951204315007706
1 0.31496355258973646 0.1629367363078058 0.006902007954434963 0.007599999986936945
1 0.7793592090977728 0.16799827411573942 0.009875712201374065 0.012336768014747868
0 0.4899305811402591 0.16231216676102256 0.007926474134199779 0.012317499125252901
1 0.3704626635498021 0.12252276277371826 0.009795903299712028 0.004804200365194244
1 0.30614852472985843 0.12094532679705705 0.009795903299711917 0.0048042003651942305
1 0.2140680213276977 0.1181517384514561 0.00687209082118756 0.00477529002264733
1 0.16583491030717729 0.11673326897193603 0.009795903220805369 0.004804192915003613
0 0.31892813425775457 0.11071329965895872 0.009835792731802018 0.008570472867389767
1 0.9961885909400742 0.11553565637564733 0.00762281811985166 0.0048041932832421225
1 0.870571148073084 0.11475397795064657 0.005947378377489598 0.009473505960268691
1 0.336491013012485 0.10900357762608495 0.007906529220888303 0.010434344248678631
1 0.356028090579525 0.10495919980705565 0.007896556843139058 0.00949277426058212
0 0.846260803418268 0.10933448469604085 0.007886614266152447 0.008551204567076379
1 0.24542998940394817 0.10198256235659699 0.006921952709933232 0.009483139963129994
1 0.19083702057321605 0.10285539491387966 0.012819439397914634 0.014248795688325253
1 0.35961870792413714 0.08804465261220977 0.014698841020082676 0.00767707436655371
1 0.2090766766506898 0.0832606528057072 0.01176505624271551 0.006706601486100888
0 0.22564002032784142 0.0838952214456227 0.0078766120876409 0.007609634284389044
1 0.19398521155109633 0.08169896562387333 0.01078047973176044 0.005755397200552237
1 0.7928917184426147 0.08667769410358087 0.007876641888403313 0.007609634578979826
0 0.6135838172706807 0.0830218366206139 0.007896556843139169 0.00949277426058212
0 0.8221498914969604 0.08508358408201845 0.011814947932223818 0.011414451721174362
1 0.26199966391034596 0.05600458081153149 0.005927403821229027 0.007590365689484853
1 0.6421117244654154 0.05834961656524379 0.009795962822330084 0.004804193504185213
0 0.2702938310218705 0.05514490294095936 0.010800424487258709 0.007638537176745321
0 0.251781279078307 0.05449106570613968 0.006911980332184098 0.00854156997503347
0 0.3615493160359691 0.04380529971746961 0.0078766120876409 0.00760963428438903
0 0.4200357748121753 0.043441789933225186 0.0078766120876409 0.007609634284389037
1 0.00834369834306925 0.031838720653218036 0.0069418975246113845 0.011366285526966027
0 0.4186984637622958 0.0316577102528373 0.01277954994609809 0.010482521323582072
1 0.18725906486736965 0.026544843601311215 0.007866639749344984 0.0066680680213878005
0 0.20873033253267315 0.02393208877014931 0.01176505628216895 0.0067066052111961864
1 0.12392451636950658 0.024506256928053832 0.0059672933716788945 0.011356649366966277
0 0.1648629953560813 0.024440113605356764 0.005957320993929649 0.010415079378869745
1 0.4208023035543876 0.01708263810251003 0.006921952749386562 0.009483143688225315
1 0.07582603249791631 0.010376587952861449 0.004962772085498779 0.008522303242676933
1 0.3902218227203957 0.005480313670607491 0.009805875623212779 0.005745765231284722
1 0.08370763079785715 0.003120341099200111 0.00495279971514706 0.006240682198400222
