1 0.16666666666666666 0.9976459510357816 0.007797270955165692 0.004708097928436911
1 0.029239766081871343 0.9976459510357816 0.007797270955165692 0.004708097928436911
1 0.9444444444444444 0.9943502824858758 0.011695906432748537 0.005649717514124294
1 0.8669590643274854 0.9948210922787194 0.008771929824561403 0.010357815442561206
1 0.07407407407407407 0.9891713747645952 0.007797270955165692 0.004708097928436911
1 0.9571150097465887 0.9872881355932204 0.009746588693957114 0.004708097928436911
1 0.817738791423002 0.9872881355932204 0.011695906432748537 0.006591337099811676
1 0.8460038986354775 0.9844632768361582 0.009746588693957114 0.004708097928436911
1 0.8932748538011696 0.9839924670433146 0.008771929824561403 0.005649717514124294
1 0.6598440545808967 0.9830508474576272 0.011695906432748537 0.005649717514124294
1 0.4342105263157895 0.9821092278719398 0.00682261208576998 0.005649717514124294
1 0.8240740740740741 0.9811676082862524 0.010721247563352826 0.005649717514124294
0 0.7958089668615984 0.9821092278719398 0.008771929824561403 0.007532956685499058
0 0.9961013645224172 0.9811676082862524 0.007797270955165692 0.007532956685499058
1 0.9766081871345029 0.980225988700565 0.011695906432748537 0.005649717514124294
0 0.5862573099415205 0.9811676082862524 0.010721247563352826 0.009416195856873822
1 0.41130604288499023 0.9788135593220338 0.009746588693957114 0.004708097928436911
1 0.10964912280701754 0.9806967984934086 0.004873294346978557 0.00847457627118644
1 0.9541910331384016 0.9783427495291902 0.009746588693957114 0.005649717514124294
1 0.9098440545808967 0.9769303201506592 0.008771929824561403 0.004708097928436911
1 0.42543859649122806 0.9778719397363466 0.00682261208576998 0.006591337099811676
1 0.7923976608187134 0.974105461393597 0.007797270955165692 0.004708097928436911
1 0.4946393762183236 0.9722222222222222 0.008771929824561403 0.004708097928436911
1 0.48148148148148145 0.972693032015066 0.011695906432748537 0.005649717514124294
1 0.7524366471734892 0.9712806026365348 0.005847953216374269 0.00847457627118644
1 0.9800194931773879 0.9689265536723164 0.008771929824561403 0.005649717514124294
0 0.905458089668616 0.9689265536723164 0.007797270955165692 0.007532956685499058
1 0.4142300194931774 0.96939736346516 0.01364522417153996 0.00847457627118644
1 0.3708576998050682 0.9675141242937854 0.008771929824561403 0.00847457627118644
0 0.5584795321637427 0.9675141242937854 0.007797270955165692 0.010357815442561206
1 0.48148148148148145 0.963276836158192 0.011695906432748537 0.005649717514124294
1 0.49074074074074076 0.9637476459510358 0.00682261208576998 0.00847457627118644
1 0.8640350877192983 0.96045197740113 0.010721247563352826 0.005649717514124294
1 0.3148148148148148 0.9599811676082862 0.007797270955165692 0.004708097928436911
1 0.6559454191033138 0.9599811676082862 0.009746588693957114 0.006591337099811676
1 0.30214424951267055 0.9585687382297552 0.007797270955165692 0.005649717514124294
1 0.6978557504873294 0.9590395480225988 0.005847953216374269 0.00847457627118644
1 0.43859649122807015 0.9571563088512242 0.007797270955165692 0.004708097928436911
1 0.9619883040935673 0.9562146892655368 0.007797270955165692 0.010357815442561206
1 0.881578947368421 0.9538606403013182 0.008771929824561403 0.007532956685499058
0 0.49122807017543857 0.9529190207156308 0.011695906432748537 0.005649717514124294
1 0.26900584795321636 0.9548022598870056 0.011695906432748537 0.009416195856873822
0 0.30701754385964913 0.9515065913370998 0.011695906432748537 0.006591337099811676
1 0.3328460038986355 0.9515065913370998 0.008771929824561403 0.00847457627118644
1 0.7158869395711501 0.9491525423728814 0.010721247563352826 0.005649717514124294
1 0.6861598440545809 0.9486817325800376 0.009746588693957114 0.004708097928436911
1 0.5243664717348928 0.9491525423728814 0.007797270955165692 0.005649717514124294
1 0.6101364522417154 0.9510357815442562 0.007797270955165692 0.011299435028248588
1 0.4015594541910331 0.9453860640301318 0.009746588693957114 0.005649717514124294
1 0.3815789473684211 0.9453860640301318 0.008771929824561403 0.007532956685499058
0 0.1276803118908382 0.9444444444444444 0.009746588693957114 0.005649717514124294
1 0.10428849902534112 0.9439736346516008 0.009746588693957114 0.004708097928436911
0 0.1398635477582846 0.9453860640301318 0.010721247563352826 0.009416195856873822
1 0.2675438596491228 0.942090395480226 0.00682261208576998 0.004708097928436911
0 0.7923976608187134 0.8611111111111112 0.007797270955165692 0.010357815442561206
1 0.9590643274853801 0.8559322033898306 0.009746588693957114 0.009416195856873822
0 0.8996101364522417 0.8451035781544256 0.011695906432748537 0.00847457627118644
1 0.034600389863547756 0.8451035781544256 0.008771929824561403 0.00847457627118644
1 0.7909356725146199 0.8408662900188324 0.008771929824561403 0.005649717514124294
0 0.6998050682261209 0.841337099811676 0.011695906432748537 0.010357815442561206
0 0.3786549707602339 0.8375706214689266 0.008771929824561403 0.006591337099811676
1 0.25877192982456143 0.8361581920903954 0.008771929824561403 0.005649717514124294
0 0.1652046783625731 0.8356873822975518 0.008771929824561403 0.006591337099811676
1 0.7914230019493177 0.8314500941619586 0.009746588693957114 0.005649717514124294
1 0.780214424951267 0.8309792843691148 0.008771929824561403 0.004708097928436911
1 0.615009746588694 0.8290960451977402 0.009746588693957114 0.006591337099811676
1 0.844541910331384 0.8356873822975518 0.022417153996101363 0.021657250470809793
1 0.4264132553606238 0.8295668549905838 0.008771929824561403 0.009416195856873822
1 0.665692007797271 0.8328625235404896 0.021442495126705652 0.023540489642184557
0 0.32115009746588696 0.821563088512241 0.008771929824561403 0.006591337099811676
0 0.8079922027290448 0.8130885122410546 0.007797270955165692 0.006591337099811676
0 0.8201754385964912 0.812617702448211 0.008771929824561403 0.007532956685499058
0 0.7300194931773879 0.8116760828625236 0.009746588693957114 0.007532956685499058
0 0.3503898635477583 0.8083804143126178 0.008771929824561403 0.006591337099811676
1 0.5121832358674464 0.8074387947269304 0.00682261208576998 0.006591337099811676
0 0.7904483430799221 0.8083804143126178 0.009746588693957114 0.010357815442561206
0 0.3679337231968811 0.806497175141243 0.008771929824561403 0.00847457627118644
0 0.26072124756335285 0.8069679849340866 0.008771929824561403 0.009416195856873822
0 0.12134502923976608 0.8055555555555556 0.008771929824561403 0.006591337099811676
1 0.601364522417154 0.8060263653483992 0.005847953216374269 0.009416195856873822
1 0.6135477582846004 0.8050847457627118 0.008771929824561403 0.009416195856873822
1 0.7899610136452242 0.7999058380414312 0.008771929824561403 0.004708097928436911
0 0.4273879142300195 0.8013182674199624 0.008771929824561403 0.007532956685499058
1 0.09210526315789473 0.801789077212806 0.00682261208576998 0.00847457627118644
0 0.8367446393762183 0.7980225988700564 0.008771929824561403 0.006591337099811676
0 0.7178362573099415 0.7961393596986818 0.008771929824561403 0.006591337099811676
0 0.6720272904483431 0.7961393596986818 0.00682261208576998 0.00847457627118644
0 0.48391812865497075 0.7933145009416196 0.008771929824561403 0.006591337099811676
1 0.459551656920078 0.8008474576271186 0.028265107212475632 0.021657250470809793
0 0.33869395711500977 0.7933145009416196 0.00682261208576998 0.00847457627118644
1 0.20029239766081872 0.7989642184557438 0.022417153996101363 0.021657250470809793
0 0.16715399610136453 0.7914312617702448 0.008771929824561403 0.006591337099811676
1 0.3172514619883041 0.7989642184557438 0.022417153996101363 0.023540489642184557
0 0.13791423001949318 0.7914312617702448 0.008771929824561403 0.00847457627118644
1 0.25097465886939574 0.7787193973634652 0.008771929824561403 0.005649717514124294
1 0.7782651072124757 0.7787193973634652 0.008771929824561403 0.009416195856873822
0 0.46832358674463936 0.777306967984934 0.00682261208576998 0.00847457627118644
0 0.14083820662768032 0.777306967984934 0.010721247563352826 0.00847457627118644
0 0.2948343079922027 0.7763653483992468 0.008771929824561403 0.00847457627118644
1 0.6330409356725146 0.7763653483992468 0.016569200779727095 0.014124293785310734
0 0.8957115009746589 0.7693032015065914 0.007797270955165692 0.007532956685499058
0 0.8654970760233918 0.7693032015065914 0.007797270955165692 0.007532956685499058
0 0.42884990253411304 0.7702448210922788 0.007797270955165692 0.009416195856873822
0 0.25097465886939574 0.7702448210922788 0.008771929824561403 0.009416195856873822
0 0.7012670565302144 0.7669491525423728 0.00682261208576998 0.00847457627118644
1 0.5477582846003899 0.7716572504708098 0.023391812865497075 0.023540489642184557
0 0.4956140350877193 0.7631826741996234 0.008771929824561403 0.006591337099811676
0 0.4673489278752437 0.7631826741996234 0.008771929824561403 0.006591337099811676
1 0.11744639376218323 0.7688323917137476 0.02046783625730994 0.021657250470809793
0 0.14132553606237816 0.7467043314500942 0.007797270955165692 0.007532956685499058
0 0.4293372319688109 0.7476459510357816 0.008771929824561403 0.011299435028248588
1 0.6120857699805068 0.7457627118644068 0.005847953216374269 0.009416195856873822
1 0.7782651072124757 0.7471751412429378 0.008771929824561403 0.014124293785310734
1 0.7904483430799221 0.7429378531073446 0.005847953216374269 0.009416195856873822
1 0.7743664717348928 0.7429378531073446 0.004873294346978557 0.009416195856873822
0 0.6028265107212476 0.742467043314501 0.008771929824561403 0.0160075329566855
0 0.6861598440545809 0.7368173258003766 0.005847953216374269 0.00847457627118644
0 0.6413255360623782 0.7349340866290018 0.009746588693957114 0.00847457627118644
0 0.5428849902534113 0.7339924670433146 0.009746588693957114 0.00847457627118644
0 0.29580896686159847 0.7330508474576272 0.008771929824561403 0.006591337099811676
0 0.199317738791423 0.7330508474576272 0.008771929824561403 0.006591337099811676
1 0.17641325536062377 0.7401129943502824 0.023391812865497075 0.02071563088512241
0 0.11354775828460038 0.7330508474576272 0.008771929824561403 0.006591337099811676
1 0.3762183235867446 0.7401129943502824 0.021442495126705652 0.022598870056497175
1 0.8133528265107213 0.724105461393597 0.00682261208576998 0.005649717514124294
0 0.8937621832358674 0.724105461393597 0.009746588693957114 0.007532956685499058
0 0.8625730994152047 0.7231638418079096 0.007797270955165692 0.007532956685499058
0 0.834307992202729 0.7231638418079096 0.009746588693957114 0.007532956685499058
1 0.42884990253411304 0.7217514124293786 0.009746588693957114 0.004708097928436911
0 0.7178362573099415 0.722693032015066 0.010721247563352826 0.00847457627118644
0 0.699317738791423 0.7217514124293786 0.008771929824561403 0.006591337099811676
0 0.5258284600389863 0.7198681732580038 0.008771929824561403 0.006591337099811676
1 0.6125730994152047 0.7170433145009416 0.008771929824561403 0.004708097928436911
1 0.7904483430799221 0.7184557438794726 0.005847953216374269 0.009416195856873822
1 0.4405458089668616 0.7184557438794726 0.009746588693957114 0.009416195856873822
1 0.43031189083820665 0.711864406779661 0.008771929824561403 0.007532956685499058
1 0.3689083820662768 0.711864406779661 0.00682261208576998 0.007532956685499058
1 0.25584795321637427 0.7123352165725048 0.004873294346978557 0.00847457627118644
1 0.2631578947368421 0.711864406779661 0.005847953216374269 0.009416195856873822
1 0.6120857699805068 0.7090395480225988 0.007797270955165692 0.009416195856873822
1 0.6033138401559455 0.7099811676082862 0.005847953216374269 0.011299435028248588
1 0.08625730994152046 0.7080979284369114 0.004873294346978557 0.009416195856873822
0 0.5433723196881092 0.7048022598870056 0.008771929824561403 0.006591337099811676
1 0.49122807017543857 0.7123352165725048 0.021442495126705652 0.021657250470809793
1 0.6647173489278753 0.713276836158192 0.021442495126705652 0.025423728813559324
1 0.17787524366471735 0.7113935969868174 0.02046783625730994 0.021657250470809793
0 0.1564327485380117 0.7048022598870056 0.00682261208576998 0.00847457627118644
0 0.1276803118908382 0.7038606403013182 0.007797270955165692 0.006591337099811676
0 0.4868421052631579 0.661487758945386 0.008771929824561403 0.006591337099811676
0 0.5151072124756335 0.6605461393596986 0.008771929824561403 0.00847457627118644
0 0.3854775828460039 0.660075329566855 0.008771929824561403 0.007532956685499058
0 0.7860623781676414 0.6577212806026366 0.00682261208576998 0.010357815442561206
1 0.7753411306042886 0.6501883239171374 0.008771929824561403 0.004708097928436911
0 0.844541910331384 0.6501883239171374 0.008771929824561403 0.006591337099811676
0 0.8923001949317739 0.64924670433145 0.008771929824561403 0.006591337099811676
1 0.8094541910331384 0.6572504708097928 0.022417153996101363 0.02448210922787194
0 0.43226120857699807 0.6487758945386064 0.008771929824561403 0.009416195856873822
1 0.1817738791423002 0.6544256120527306 0.022417153996101363 0.02071563088512241
0 0.7763157894736842 0.6318267419962336 0.00682261208576998 0.009416195856873822
1 0.10038986354775828 0.6252354048964218 0.009746588693957114 0.009416195856873822
0 0.4317738791423002 0.6228813559322034 0.005847953216374269 0.00847457627118644
0 0.25877192982456143 0.623352165725047 0.008771929824561403 0.009416195856873822
0 0.8148148148148148 0.6209981167608286 0.007797270955165692 0.006591337099811676
0 0.7275828460038987 0.620527306967985 0.008771929824561403 0.007532956685499058
1 0.3235867446393762 0.6261770244821092 0.021442495126705652 0.022598870056497175
1 0.1267056530214425 0.6257062146892656 0.021442495126705652 0.021657250470809793
0 0.15984405458089668 0.6177024482109228 0.009746588693957114 0.007532956685499058
0 0.9015594541910331 0.6078154425612052 0.007797270955165692 0.006591337099811676
0 0.15058479532163743 0.6049905838041432 0.008771929824561403 0.006591337099811676
0 0.4878167641325536 0.6040489642184558 0.008771929824561403 0.006591337099811676
1 0.7743664717348928 0.5936911487758946 0.008771929824561403 0.004708097928436911
1 0.878167641325536 0.5932203389830508 0.005847953216374269 0.011299435028248588
1 0.6920077972709552 0.5983992467043314 0.021442495126705652 0.021657250470809793
0 0.17884990253411306 0.5908662900188324 0.008771929824561403 0.006591337099811676
0 0.3591617933723197 0.589924670433145 0.008771929824561403 0.006591337099811676
1 0.297270955165692 0.5969868173258004 0.023391812865497075 0.02071563088512241
0 0.6403508771929824 0.589924670433145 0.009746588693957114 0.00847457627118644
0 0.3854775828460039 0.5880414312617702 0.010721247563352826 0.006591337099811676
1 0.5209551656920078 0.5955743879472694 0.022417153996101363 0.023540489642184557
0 0.5570175438596491 0.5748587570621468 0.00682261208576998 0.00847457627118644
0 0.2709551656920078 0.5725047080979284 0.007797270955165692 0.007532956685499058
1 0.10721247563352826 0.57015065913371 0.007797270955165692 0.014124293785310734
1 0.6632553606237817 0.5696798493408662 0.02046783625730994 0.02071563088512241
1 0.29678362573099415 0.5696798493408662 0.022417153996101363 0.02071563088512241
0 0.5570175438596491 0.562617702448211 0.00682261208576998 0.00847457627118644
1 0.1301169590643275 0.5692090395480226 0.02046783625730994 0.021657250470809793
0 0.12621832358674465 0.5494350282485876 0.008771929824561403 0.006591337099811676
0 0.388401559454191 0.5475517890772128 0.010721247563352826 0.00847457627118644
0 0.5014619883040936 0.5466101694915254 0.00682261208576998 0.00847457627118644
1 0.7729044834307992 0.5461393596986818 0.007797270955165692 0.009416195856873822
1 0.16715399610136453 0.5447269303201506 0.00682261208576998 0.006591337099811676
1 0.7358674463937622 0.544256120527307 0.005847953216374269 0.009416195856873822
0 0.26413255360623783 0.544256120527307 0.005847953216374269 0.009416195856873822
0 0.8864522417153996 0.5362523540489642 0.008771929824561403 0.006591337099811676
1 0.8635477582846004 0.5433145009416196 0.021442495126705652 0.02071563088512241
0 0.7997076023391813 0.5353107344632768 0.008771929824561403 0.006591337099811676
1 0.6627680311890838 0.5414312617702448 0.021442495126705652 0.02071563088512241
1 0.5501949317738791 0.5414312617702448 0.02046783625730994 0.02071563088512241
1 0.7826510721247564 0.4924670433145009 0.009746588693957114 0.005649717514124294
1 0.2753411306042885 0.4910546139359699 0.008771929824561403 0.004708097928436911
0 0.6130604288499025 0.4854048964218456 0.009746588693957114 0.00847457627118644
1 0.27582846003898637 0.4825800376647834 0.007797270955165692 0.004708097928436911
0 0.2655945419103314 0.4839924670433145 0.00682261208576998 0.009416195856873822
0 0.33771929824561403 0.481638418079096 0.00682261208576998 0.00847457627118644
1 0.1905458089668616 0.4872881355932203 0.02046783625730994 0.01977401129943503
1 0.6622807017543859 0.486346516007533 0.02046783625730994 0.021657250470809793
1 0.46832358674463936 0.4858757062146893 0.02046783625730994 0.02071563088512241
0 0.29678362573099415 0.4665725047080979 0.008771929824561403 0.006591337099811676
0 0.6130604288499025 0.4637476459510358 0.009746588693957114 0.00847457627118644
1 0.2797270955165692 0.4637476459510358 0.005847953216374269 0.00847457627118644
1 0.11647173489278752 0.4642184557438795 0.008771929824561403 0.009416195856873822
0 0.44785575048732945 0.4632768361581921 0.008771929824561403 0.009416195856873822
1 0.7690058479532164 0.4580979284369115 0.005847953216374269 0.00847457627118644
1 0.8036062378167641 0.4599811676082863 0.022417153996101363 0.01977401129943503
1 0.13791423001949318 0.4604519774011299 0.02046783625730994 0.02071563088512241
1 0.6340155945419104 0.4590395480225989 0.02046783625730994 0.01977401129943503
1 0.46832358674463936 0.4585687382297552 0.02046783625730994 0.02071563088512241
1 0.38596491228070173 0.4590395480225989 0.023391812865497075 0.021657250470809793
0 0.43762183235867447 0.435969868173258 0.009746588693957114 0.005649717514124294
1 0.33771929824561403 0.4284369114877589 0.00682261208576998 0.009416195856873822
1 0.19395711500974658 0.4336158192090395 0.01949317738791423 0.01977401129943503
1 0.496588693957115 0.4326741996233522 0.02046783625730994 0.01977401129943503
1 0.830896686159844 0.4326741996233522 0.02046783625730994 0.021657250470809793
0 0.21881091617933723 0.410075329566855 0.010721247563352826 0.01224105461393597
0 0.1189083820662768 0.4077212806026365 0.009746588693957114 0.013182674199623353
0 0.449317738791423 0.4067796610169492 0.007797270955165692 0.013182674199623353
1 0.5307017543859649 0.4020715630885122 0.00682261208576998 0.009416195856873822
1 0.1949317738791423 0.4072504708097928 0.023391812865497075 0.01977401129943503
1 0.8874269005847953 0.4058380414312618 0.02046783625730994 0.02071563088512241
1 0.6608187134502924 0.4058380414312618 0.023391812865497075 0.02071563088512241
0 0.6271929824561403 0.3846516007532957 0.00682261208576998 0.00847457627118644
1 0.550682261208577 0.3790018832391714 0.021442495126705652 0.01977401129943503
1 0.7368421052631579 0.3677024482109228 0.007797270955165692 0.010357815442561206
1 0.8567251461988304 0.3629943502824859 0.007797270955165692 0.006591337099811676
1 0.7685185185185185 0.3295668549905838 0.008771929824561403 0.007532956685499058
0 0.2729044834307992 0.3295668549905838 0.007797270955165692 0.007532956685499058
0 0.4502923976608187 0.3253295668549906 0.007797270955165692 0.00847457627118644
1 0.19980506822612085 0.3290960451977401 0.01949317738791423 0.01977401129943503
1 0.3357699805068226 0.3281544256120527 0.02046783625730994 0.01977401129943503
1 0.6895711500974658 0.3267419962335217 0.02046783625730994 0.018832391713747645
1 0.8055555555555556 0.3210922787193974 0.010721247563352826 0.009416195856873822
0 0.8503898635477583 0.3064971751412429 0.008771929824561403 0.006591337099811676
0 0.8338206627680312 0.3055555555555556 0.008771929824561403 0.00847457627118644
1 0.0029239766081871343 0.3041431261770245 0.005847953216374269 0.011299435028248588
1 0.1739766081871345 0.3032015065913371 0.02046783625730994 0.018832391713747645
1 0.4712475633528265 0.3013182674199623 0.02046783625730994 0.018832391713747645
0 0.8084795321637427 0.2806026365348399 0.010721247563352826 0.005649717514124294
0 0.6232943469785575 0.2773069679849341 0.00682261208576998 0.00847457627118644
0 0.7675438596491229 0.2763653483992467 0.008771929824561403 0.010357815442561206
1 0.003898635477582846 0.2688323917137476 0.007797270955165692 0.01224105461393597
0 0.8767056530214425 0.2537664783427495 0.008771929824561403 0.006591337099811676
0 0.4512670565302144 0.2518832391713748 0.007797270955165692 0.010357815442561206
1 0.6413255360623782 0.24623352165725046 0.005847953216374269 0.006591337099811676
1 0.20321637426900585 0.2528248587570621 0.02046783625730994 0.01977401129943503
1 0.3425925925925926 0.2495291902071563 0.012670565302144249 0.015065913370998116
0 0.6671539961013645 0.2434086629001883 0.008771929824561403 0.006591337099811676
1 0.2807017543859649 0.2283427495291902 0.007797270955165692 0.00847457627118644
1 0.15058479532163743 0.22693032015065914 0.02046783625730994 0.018832391713747645
1 0.3391812865497076 0.22598870056497175 0.01949317738791423 0.018832391713747645
1 0.6340155945419104 0.2236346516007533 0.02046783625730994 0.01977401129943503
0 0.5282651072124757 0.2062146892655367 0.011695906432748537 0.005649717514124294
1 0.8367446393762183 0.19962335216572505 0.00682261208576998 0.007532956685499058
0 0.20857699805068225 0.1977401129943503 0.011695906432748537 0.005649717514124294
0 0.8260233918128655 0.19538606403013184 0.008771929824561403 0.00847457627118644
0 0.16764132553606237 0.16760828625235405 0.009746588693957114 0.009416195856873822
1 0.6885964912280702 0.1647834274952919 0.00682261208576998 0.007532956685499058
1 0.22417153996101363 0.1652542372881356 0.009746588693957114 0.01224105461393597
0 0.51364522417154 0.16242937853107345 0.007797270955165692 0.01224105461393597
1 0.6335282651072125 0.12382297551789077 0.009746588693957114 0.004708097928436911
1 0.6978557504873294 0.1228813559322034 0.009746588693957114 0.004708097928436911
1 0.7899610136452242 0.12099811676082863 0.00682261208576998 0.004708097928436911
1 0.8382066276803118 0.12005649717514125 0.009746588693957114 0.004708097928436911
0 0.6851851851851852 0.11252354048964218 0.009746588693957114 0.00847457627118644
1 0.00682261208576998 0.11064030131826742 0.009746588693957114 0.004708097928436911
1 0.13352826510721247 0.1111111111111111 0.005847953216374269 0.009416195856873822
1 0.6676413255360624 0.11064030131826742 0.007797270955165692 0.010357815442561206
1 0.6481481481481481 0.1064030131826742 0.007797270955165692 0.009416195856873822
0 0.15789473684210525 0.1059322033898305 0.007797270955165692 0.00847457627118644
1 0.7587719298245614 0.10451977401129943 0.00682261208576998 0.009416195856873822
1 0.8133528265107213 0.1059322033898305 0.012670565302144249 0.014124293785310734
1 0.6447368421052632 0.08945386064030132 0.014619883040935672 0.007532956685499058
1 0.7953216374269005 0.08615819209039548 0.011695906432748537 0.006591337099811676
0 0.7787524366471735 0.08662900188323917 0.007797270955165692 0.007532956685499058
1 0.8104288499025342 0.0847457627118644 0.010721247563352826 0.005649717514124294
1 0.21150097465886938 0.08380414312617702 0.007797270955165692 0.007532956685499058
0 0.3908382066276803 0.08192090395480225 0.007797270955165692 0.009416195856873822
0 0.18226120857699804 0.08192090395480225 0.011695906432748537 0.011299435028248588
1 0.7426900584795322 0.0583804143126177 0.005847953216374269 0.007532956685499058
1 0.36257309941520466 0.05696798493408663 0.009746588693957114 0.004708097928436911
0 0.7344054580896686 0.05743879472693032 0.010721247563352826 0.007532956685499058
0 0.7529239766081871 0.05696798493408663 0.00682261208576998 0.00847457627118644
0 0.6432748538011696 0.04519774011299435 0.007797270955165692 0.007532956685499058
0 0.5847953216374269 0.044256120527306965 0.007797270955165692 0.007532956685499058
1 0.996588693957115 0.03672316384180791 0.00682261208576998 0.011299435028248588
0 0.5862573099415205 0.03248587570621469 0.012670565302144249 0.010357815442561206
1 0.817738791423002 0.029661016949152543 0.007797270955165692 0.006591337099811676
0 0.7962962962962963 0.026836158192090395 0.011695906432748537 0.006591337099811676
1 0.8810916179337231 0.02824858757062147 0.005847953216374269 0.011299435028248588
0 0.8401559454191033 0.027777777777777776 0.005847953216374269 0.010357815442561206
1 0.584307992202729 0.017890772128060263 0.00682261208576998 0.009416195856873822
1 0.9293372319688109 0.014595103578154425 0.004873294346978557 0.00847457627118644
1 0.615009746588694 0.006591337099811676 0.009746588693957114 0.005649717514124294
1 0.9215399610136452 0.006591337099811676 0.004873294346978557 0.007532956685499058