1 0.09828401289137481 0.9480367189758622 0.008399109622608966 0.005709702012220985
1 0.007810435375825628 0.9272068009783987 0.00839910962260895 0.005709702012220985
1 0.5887715607841828 0.9981236079168131 0.01239535107197065 0.0037527841663738126
1 0.36546519249036236 0.9685891520222714 0.007569410428273804 0.006511263830686009
0 0.516170649277886 0.9880805876140362 0.011972236732233688 0.010764903703256223
1 0.34325748891362173 0.9622488226853991 0.010329515392934141 0.005971550161897543
1 0.044259583751471994 0.923593201662462 0.0060456042689699535 0.009046885370651236
1 0.3573882647404399 0.9632147088553604 0.0077049288755243195 0.007443751725611736
1 0.42672998960185504 0.9669153437390832 0.009364327264194727 0.00584062808868091
1 0.4136321611274016 0.9656141356948758 0.01239541009766354 0.007165882203256979
1 0.682158742024606 0.9980114867979566 0.007010777641286325 0.003977026404086925
1 0.3475082206159403 0.9533168280071782 0.01473234169689408 0.010225190034467757
1 0.30482820870446015 0.9456257959397181 0.009906401053197067 0.009570579668383705
0 0.49062766130795304 0.9708283951150394 0.009212190793266184 0.011304625378531385
1 0.4149873198652992 0.9562894338226973 0.01239541009766354 0.007165882203257312
1 0.4240888859557473 0.9579993824432704 0.007975965770025573 0.009308727515463189
1 0.25041381513361954 0.9306379635990281 0.008399080109762563 0.005709698008977249
1 0.5882309587576482 0.9764608653676213 0.010600493261742505 0.00783651794526219
1 0.23806960903983418 0.9275372998272702 0.008534657582705996 0.006642193910389893
1 0.6298697352395682 0.9811581096661717 0.007010777641286214 0.009177805442246778
1 0.3733997264526137 0.944467726290373 0.008399080109762536 0.005709698008977249
1 0.8125536896712398 0.9981946711295057 0.009770823580253829 0.0036106577409886764
0 0.42612991642889053 0.9473414097653119 0.01239541009766354 0.007165882203257312
1 0.20579513030926244 0.9193560367676716 0.012937483886665907 0.010895833782959663
0 0.2439119208815051 0.9211983690327972 0.012530928544914138 0.008098370098182817
1 0.2694895243444845 0.9246678199860163 0.009906401053197122 0.009570579668383705
1 0.6491487011866655 0.9737891711818354 0.011430162943231292 0.0070349521235534285
1 0.6197781044323538 0.9693297879882863 0.010329456367241252 0.005971542155411069
1 0.45948852558106146 0.9480628877168904 0.008534598557013051 0.006642185903902975
1 0.5441543391440908 0.9614490459822551 0.009347709240516644 0.012237113273457112
1 0.33841638485230885 0.9278367458824245 0.010465033840184657 0.006904038056823492
1 0.31862996918745856 0.925152835374993 0.009770882605946496 0.00863809177345809
0 0.06733302093058967 0.8901150173016776 0.01046500432733833 0.006904034053579977
1 0.044236160569516 0.8865066896121631 0.01032950063651094 0.005971548160276008
0 0.07926239836185109 0.8926840371166785 0.011972266245080104 0.010764907706499516
1 0.20617682141942806 0.906571244153428 0.007433891981023177 0.005578775935760616
0 0.7375870419404384 0.8968803333771714 0.009212190793266073 0.011304625378531608
1 0.903380145093478 0.9141394635657156 0.01100704860349433 0.010633981630039258
0 0.8460619285720701 0.8954297593654628 0.012801906413722475 0.009963337881547352
1 0.7390528634722033 0.8766357556549078 0.009499786685752465 0.006773107977119941
0 0.6487396600572881 0.864860737717678 0.013072943308223728 0.011828313671398694
0 0.3312509973089094 0.8179918539025062 0.00963536415869587 0.007705603878532474
1 0.21273568387394132 0.8004897060314916 0.009499845711445326 0.006773115983606637
0 0.12014502858442824 0.7874548950162941 0.00963533464584955 0.007705599875288738
1 0.7408906162744706 0.8673765148193378 0.010464974814491934 0.006904030050336463
1 0.7298586529919002 0.8654046590233948 0.009364268238502116 0.0058406200821941034
1 0.5665296527824537 0.8413483037519391 0.010600493261742616 0.0078365179452623
1 0.7928837219334208 0.8787079283305872 0.025316317829938595 0.024458091126094317
1 0.37969731185228883 0.8164810344573509 0.010041919500447694 0.01050306756330932
1 0.6161776063688736 0.8518861761391705 0.02462216659570049 0.026192144842728915
0 0.2766084704138094 0.7944153654490449 0.00963536415869598 0.007705603878532474
0 0.7599414403191058 0.8514189792479234 0.008670117004263567 0.007574673798828591
0 0.7720740511519735 0.8525892612156707 0.009770823580253829 0.008638083766971172
0 0.6829293725623664 0.8395464415157561 0.010736011708993298 0.008769005840188027
0 0.3074614562760741 0.7852884492323344 0.009635364158695925 0.007705603878532363
1 0.4678188238638381 0.8060891095595107 0.007704928875524375 0.007443751725611847
0 0.7432455786341542 0.8443999934745984 0.01114256705074479 0.011566469524965095
0 0.3251059385135771 0.7857800787668725 0.009906401053197178 0.009570579668383705
0 0.21886707194876914 0.7718448386150785 0.010041919500447694 0.010503067563309432
0 0.08104792215689727 0.7517242392716192 0.00963533464584955 0.007705599875288849
1 0.5563371104428323 0.8166697874488944 0.0071462960885367854 0.01011029333717206
1 0.5685375309468154 0.8173738925013584 0.010041860474754749 0.010503059556822514
1 0.7439826334386344 0.8359422594350443 0.009364268238501894 0.0058406200821942145
0 0.3847279847729239 0.7886377918883394 0.009770882605946496 0.00863809177345809
1 0.052634232832341116 0.7440666695089422 0.007975995282871955 0.009308731518706703
0 0.790582869011502 0.8403616262047531 0.009635305133003036 0.007705595872045556
0 0.6731004819942549 0.8225240934305563 0.009635305133003147 0.007705595872045556
0 0.627736462866425 0.8163707319699058 0.007975965770025684 0.0093087275154633
0 0.4418609924749579 0.7883052711021354 0.009635364158695925 0.007705603878532474
1 0.41664707029633474 0.7924919923700049 0.03110744660237491 0.025243623565395223
0 0.298047400548707 0.768797806131206 0.007975965770025573 0.0093087275154633
1 0.16017707626580335 0.7558016109958279 0.025316288317092234 0.024458087122850913
0 0.12844469225887764 0.7438904593854627 0.009635334645849522 0.00770559987528896
1 0.27600010916364953 0.7715123218321178 0.02558729569874696 0.026323058909458852
0 0.0994889303453103 0.7399627811759849 0.009906371540350706 0.009570575665140302
1 0.21328065331863605 0.7425614502382494 0.00949983095502216 0.006773113981984991
1 0.7354494304619905 0.8133905630682846 0.010041860474754971 0.010503059556822514
0 0.42872170267988385 0.7703584518132142 0.007975965770025462 0.0093087275154633
0 0.1044172518838995 0.7263684670761429 0.01183674779782952 0.00983241981157379
0 0.257053084928902 0.7461217468143413 0.009906401053197122 0.009570579668383705
1 0.5919746641667124 0.7915518823632843 0.01844105863590295 0.016212773578773598
0 0.8531101804710371 0.8198419680384466 0.008805635451514249 0.008507161693754317
0 0.8231892304287305 0.8157833677557518 0.00880563545151436 0.008507161693754539
0 0.39064780709968044 0.7580625466711592 0.00907673137170828 0.010372145490092688
0 0.21450030218748586 0.7341691772353038 0.010041904744024499 0.010503065561687563
0 0.6608932280191387 0.7913917576422298 0.007975965770025573 0.009308727515463189
1 0.5081979324059092 0.7754337724689568 0.026552542853179262 0.026453988989162625
0 0.45777980121907386 0.7600371995519009 0.009635364158695925 0.007705603878532252
0 0.42978925694709225 0.7562404474188832 0.00963536415869598 0.007705603878532363
1 0.08247230081357049 0.714834052806669 0.02338590468140185 0.024196241975606436
0 0.10930412685829133 0.6961285437332088 0.008805664964360763 0.008507165696997943
0 0.3943827924288478 0.7357486523837079 0.010312956394948836 0.012368043353160774
1 0.5756272822574521 0.7584316573966068 0.007146296088536674 0.010110293337172283
1 0.7399892298192632 0.7821526907938163 0.010719435554602419 0.01516538098006548
1 0.7526639648886234 0.7795930882140405 0.007146296088536674 0.010110293337172171
1 0.7367383017387306 0.7774328659994763 0.006181107959797316 0.009979371263955428
0 0.5669323010216021 0.7539242490945001 0.010990472449103672 0.01703035676991682
0 0.6502692832625849 0.7595232580431099 0.007010777641286214 0.009177805442246334
0 0.6061414805797929 0.7516359018915176 0.010871530156243647 0.009701493735113642
0 0.5087926438702082 0.7374802365627733 0.010871530156243758 0.009701493735113642
0 0.2642520272709382 0.7033588750035972 0.009635364158695925 0.007705603878532363
0 0.1686980336151584 0.6903975397145904 0.009635334645849536 0.007705599875288849
1 0.14499964427506684 0.6943144591705149 0.02614595799858102 0.023656521301142153
0 0.08376115364478155 0.6788763532358335 0.009635334645849536 0.00770559987528896
1 0.3428639632442253 0.7211535862626679 0.02448658912275703 0.02525964894131638
1 0.7780562709936898 0.7640203021710725 0.007569410428273637 0.00651126383068612
0 0.8576845867431536 0.7748214132438935 0.010736011708993187 0.008769005840188027
0 0.8269339670193581 0.7696994029930562 0.00880563545151436 0.008507161693754317
0 0.7989433932345302 0.7659026468567951 0.010736011708993076 0.008769005840188138
1 0.39762690419465274 0.7100401283907998 0.010329515392934141 0.005971550161897987
0 0.6836707578939485 0.7497911591145157 0.011836718284983005 0.009832415808330608
0 0.6654676428694579 0.7463711438219839 0.009635305133003036 0.007705595872045556
0 0.4939345349875238 0.7212020099538781 0.009635305133003091 0.007705595872045445
1 0.5802431203373426 0.730056709843524 0.009364268238501894 0.0058406200821941034
1 0.7561873930479222 0.7553487571001294 0.007146296088536674 0.010110293337172283
1 0.4096834972395461 0.7083475486660977 0.011007107629187052 0.010633989636526175
1 0.4004976043492847 0.7004455656809836 0.009770882605946551 0.008638091773457979
1 0.3396905161359319 0.6921974430423774 0.00784044732277489 0.008376239620537462
1 0.22766052079868757 0.6774766704512826 0.006045589512546801 0.00904688336902959
1 0.23496722050070468 0.6779923460561892 0.007146296088536702 0.010110293337172171
1 0.5809124159181975 0.7220652197514328 0.00907667234601539 0.01037213748360577
1 0.572090212890495 0.7218193499617145 0.0074173329830379275 0.011975269127023513
1 0.06032696154983753 0.6505000051387297 0.006181122716220552 0.009979373265576963
0 0.5134762411737241 0.7086390450622276 0.009635305133003036 0.007705595872045556
1 0.4607543392746426 0.7090944712304443 0.024351070675506514 0.024327161046390655
1 0.632422986538471 0.7333311802325606 0.02489320349020152 0.028057120632580368
1 0.15058069381832284 0.6660703766665779 0.023385912059613462 0.024196242976417204
0 0.1302950784218656 0.6566627818329837 0.007975995282871962 0.009308731518706814
0 0.10195744377634175 0.6518680787668101 0.008670146517110164 0.007574677802072105
0 0.463728847817365 0.6581517389057445 0.00963536415869598 0.007705603878532252
0 0.4918549400494436 0.6610160071470799 0.0099063420275044 0.009570571661896898
0 0.36355217643234095 0.6431370594066435 0.009770882605946607 0.008638091773457979
0 0.760584790039321 0.6946150749525446 0.008247002664526604 0.011173703305314864
1 0.7510518510447869 0.6857151470391398 0.009364268238502005 0.005840620082193992
0 0.819580444288055 0.6950106462634806 0.009635305133003258 0.007705595872045445
0 0.8670103581206141 0.700493363975639 0.009635305133003036 0.007705595872045556
1 0.7838171824040774 0.6972909767752589 0.02572287317169042 0.027255554810871385
0 0.411507579321309 0.6382316652784807 0.010041919500447805 0.010503067563309432
1 0.16264019847532296 0.6101794347034546 0.025180769869841663 0.023525599227925187
0 0.754659606003899 0.6676628502897697 0.008111484217276144 0.010241215410388804
1 0.08624768427983395 0.5703406869921375 0.011007092872763927 0.01063398763490453
0 0.4147516825089112 0.6125232003112655 0.007010777641286214 0.009177805442246556
0 0.24336238115142309 0.5897506881913896 0.010041919500447694 0.010503067563309543
0 0.7943430915492641 0.6621108544802403 0.008670117004263789 0.007574673798828702
0 0.7080262181222499 0.6499270449474389 0.009770823580253718 0.00863808376697106
1 0.3071410810518148 0.6012544427453391 0.024486589122756974 0.02525964894131638
1 0.11224010044892302 0.5743418399269954 0.024351100188352834 0.024327165049633948
0 0.14620851927909564 0.5708671793754795 0.01073604122183952 0.00876900984343143
0 0.8821424216881268 0.6607083135835761 0.008670117004263678 0.007574673798828813
0 0.13886866726829694 0.5570350651979508 0.009635334645849536 0.007705599875288849
0 0.472960532555349 0.6014017847738862 0.00963536415869598 0.007705603878532252
1 0.7582176410780416 0.6296358366557736 0.009364268238502005 0.0058406200821941034
1 0.8610782901665689 0.643112841544822 0.0074173329830378165 0.011975269127023624
1 0.6759813149655587 0.6232351948532752 0.024351129701199126 0.024327169052877462
0 0.1688919772708523 0.5468446779857833 0.009635334645849536 0.007705599875288849
0 0.3475879697521548 0.5701329247362585 0.00963536415869587 0.007705603878532363
1 0.28528191627645827 0.568812882221601 0.026145987511427382 0.023656525304385556
0 0.6260458073559396 0.607904086976071 0.010871530156243758 0.009701493735113753
0 0.37391917466115876 0.5718028569329912 0.011565740416174697 0.007967448024965962
1 0.5069966958527237 0.5974608782732858 0.025587354724439737 0.02632306691594588
0 0.545690188063456 0.5817906394675598 0.007975965770025573 0.009308727515463189
0 0.2627451764212543 0.5410336431211057 0.008805694477207082 0.008507169700241235
1 0.10093173118497425 0.5167074890401377 0.009754276938709339 0.015034462910092028
1 0.6516413911318821 0.5909325690907145 0.02325042312520942 0.023263759084735103
1 0.2887292971349364 0.541705685411997 0.025180740356995246 0.023525595224681894
0 0.5474519021431055 0.5696684739106042 0.007975965770025573 0.009308727515463078
1 0.12374925550703396 0.5188516813751318 0.023385904681401865 0.024196241975606436
0 0.12273432904779598 0.4987460399152621 0.009635334645849508 0.007705599875288849
0 0.38264196743176837 0.5320992969567013 0.01183677731067595 0.009832423814817415
0 0.49473972199263794 0.5463538256003333 0.007975965770025517 0.009308727515463189
1 0.7636133785069614 0.5823495151540279 0.009076672346015613 0.01037213748360577
1 0.16394997643355583 0.4995824085592712 0.007704958388370764 0.00744375572885525
1 0.7272071484579801 0.5755094845689641 0.0071462960885367854 0.01011029333717206
0 0.2600543233773306 0.5121429609374235 0.00714629608853673 0.01011029333717206
0 0.8774811856721658 0.5878110549160394 0.009635305133003147 0.007705595872045334
1 0.8537827753974306 0.5917279113430278 0.024215611253948666 0.023394681157951847
0 0.7917146065074538 0.5752264544658967 0.009635305133003147 0.007705595872045445
1 0.6552242904376108 0.5628928843861849 0.024215611253948888 0.023394681157951958
1 0.5437446483883615 0.5477713288842356 0.023250423125209307 0.023263759084734992
1 0.7809897502184932 0.5305077602416176 0.010464983392694638 0.006904089076029463
1 0.2788106842563983 0.46096385859190436 0.009364335842397542 0.005840687114373855
0 0.6140627377331922 0.5007336902699806 0.010871530156243758 0.009701493735113642
1 0.28051292718961784 0.4526370466255672 0.00839914771365824 0.0057097650411569445
0 0.27017514894323336 0.45266106318308935 0.0081114842172762 0.010241215410388915
0 0.34193812362548964 0.46001817191870253 0.007975965770025573 0.009308727515463244
1 0.1953810723819837 0.4458437036339762 0.02311488374331508 0.022331326212258695
1 0.6626694011534606 0.5082777373689692 0.02338594157245988 0.02419624697966083
1 0.4706640144496334 0.48175790477351943 0.023250372677719233 0.02326381010394102
0 0.303568339786503 0.43959982509849327 0.009635364158695925 0.007705603878532308
0 0.6171796148398405 0.4792867933280001 0.010871530156243536 0.009701493735113753
1 0.2870840352714198 0.434511276151628 0.007010777641286048 0.0091778054422465
1 0.12534664471417206 0.41304798876716364 0.010041889987601305 0.010503063560065973
0 0.4536473664723646 0.4566291739021765 0.010041919500447638 0.010503067563309376
1 0.7724234035112706 0.494639566276543 0.007010777641286214 0.009177805442246445
1 0.8064166675275048 0.5011522621657183 0.025045289513640268 0.02259317436193581
1 0.14712292253935427 0.412198391832032 0.023250402190565622 0.023263814107184477
1 0.6386088613171732 0.47743925346619953 0.02311491325616133 0.02233133021550221
1 0.4745939850833798 0.4547161985133704 0.023250372677719233 0.02326381010394102
1 0.39296750862906693 0.4441194537254889 0.02628144693298523 0.02458900519282431
0 0.44744283653060235 0.42821275235716105 0.010465042418387471 0.006904097082516214
1 0.34959480008941074 0.40733340270225393 0.008111484217276144 0.01024121541038897
1 0.2064836769874398 0.3931509492407915 0.02214966610172922 0.022200400135798437
1 0.5063112751657043 0.43286992320780004 0.02311488374331505 0.02233132621225875
1 0.8373720281064412 0.4777763604557672 0.023385941572459767 0.024196246979660718
0 0.2344839725208817 0.373177630898565 0.012378813008629114 0.013562312365583917
0 0.13589060486532759 0.3574268771280207 0.011549158083563493 0.01436388018891449
0 0.46322616062941546 0.40087714319224926 0.009618737556815138 0.014102030037615787
1 0.5444972438765676 0.4071468254021977 0.008111484217276144 0.010241215410388915
1 0.2112433258808778 0.3671725939230922 0.026010448129533237 0.022724092431909093
1 0.8972153913753196 0.4587943809027569 0.02325043170341201 0.02326381811042788
1 0.6728082660580191 0.42835487878254636 0.026145996089630197 0.023656584330078334
0 0.6425582754481476 0.4028573982490751 0.007975965770025462 0.0093087275154633
1 0.5676038100298408 0.3869851366381065 0.02408010138490091 0.02246225228871901
1 0.753581646559777 0.4008016710383291 0.00921218221506348 0.011304566352838663
1 0.8729778422583148 0.41224276964695566 0.008670117004263678 0.007574673798828702
1 0.7904387901268141 0.3672914849432867 0.009770823580253607 0.008638083766971227
0 0.2996387673535103 0.3007173585082041 0.008805694477207138 0.008507169700241235
0 0.47591351001397164 0.32034913140678906 0.008941153898764986 0.009439649588680044
1 0.22731713654964045 0.2904319210386681 0.022149695614575637 0.022200404139041896
1 0.3620969154308482 0.307763132414247 0.023114854230468607 0.022331322209015236
1 0.7126648076231098 0.3538893228083603 0.022979394808910758 0.021398842320576428
1 0.8283357649648391 0.36387427474204026 0.011972236732233577 0.010764903703256168
0 0.8748350385578099 0.3554433798544101 0.009635305133003147 0.007705595872045501
0 0.858562299790798 0.35228520870831187 0.0099063420275044 0.009570571661896898
1 0.035939576127840246 0.23927501611885427 0.00741734653946996 0.011975213103763288
1 0.20546626414058067 0.26131944064523915 0.022979365296064452 0.021398838317333024
1 0.5001207827432348 0.299385876820989 0.022979335783217925 0.02139883431408962
0 0.8370585325117038 0.3241706812496604 0.011430171521433996 0.007035011149246206
0 0.6541463857300801 0.2960317426540776 0.007975965770025573 0.009308727515463244
0 0.7971302784619958 0.31447579365362116 0.010177370343802727 0.011435488426055462
1 0.04198663251375776 0.20443817386399832 0.009483248622410942 0.013169546145933492
0 0.908484153325455 0.30675976657525184 0.009635305133003147 0.007705595872045445
0 0.48744897511468005 0.24774711178575365 0.009212184359614017 0.01130458110926183
1 0.676474465271099 0.26768218068807004 0.006739745035886258 0.0073128591652414365
1 0.24167213241989416 0.21535981132142376 0.023114883743315023 0.02233132621225875
1 0.38016887633713803 0.23081806173041536 0.014715765542503256 0.016621565174345238
0 0.7024586176421783 0.2683542122257817 0.009635309422104554 0.00770562538489189
1 0.3219283097978879 0.20152383981710628 0.00894115389876493 0.009439649588680044
1 0.19327848317553875 0.18264695990318058 0.022979365296064425 0.021398838317332997
1 0.3801785959412013 0.2070480020083509 0.022014147654478622 0.02126791224087282
1 0.672487947714902 0.244320895058461 0.02311491325616133 0.022331330215502182
0 0.5702716730945012 0.21286504838494494 0.012395355361072169 0.007165903709616672
1 0.8767035126178246 0.247774717961861 0.00784044732277489 0.008376239620537573
0 0.25490839095370493 0.1615301692322842 0.012395384873918475 0.007165907712860048
0 0.8666962064658728 0.24213844540493965 0.009906342027504289 0.009570571661896898
0 0.21870686366881534 0.12619228170888147 0.011007073827239311 0.010633956120436425
1 0.7350084299924055 0.1933729766434456 0.007840447322775113 0.008376239620537573
1 0.2750267735546499 0.13145459975369247 0.011413624879889783 0.013431390292367063
0 0.562095303430089 0.16754118620520536 0.009483219109564622 0.01316954214269006
1 0.6863700854896855 0.14541325551684806 0.010329463873168687 0.005971593802892139
1 0.7502082543919564 0.1531216712366023 0.010329463873168798 0.005971593802892111
1 0.8416899198535231 0.16362890522840096 0.007433898414675122 0.005578820205030088
1 0.8896024256059014 0.169177098733591 0.010329462800893308 0.005971586424680514
0 0.739151429558488 0.14116246806566374 0.010871528011693221 0.009701478978690475
1 0.06764895325452876 0.04817541004717709 0.010329499691951405 0.00597159142873481
1 0.19305612773394792 0.06566158068691358 0.007146321312281795 0.010110267827569172
1 0.722049016820886 0.13694091646426937 0.009212184359614128 0.01130458110926183
1 0.7033549595568622 0.1301263298636983 0.009076668056914206 0.010372107970759381
0 0.21793125915582134 0.06380604226530034 0.008941181267060644 0.009439638835500294
1 0.8131753169797253 0.14312110294869582 0.008111479928174736 0.010241185897542526
1 0.8670227548121598 0.15185147277605132 0.014580190214110611 0.015689084029355843
1 0.7024160956271477 0.11288357873618304 0.01556195235269009 0.009423616206272023
1 0.8520125588337615 0.12984746312828965 0.012530871663772092 0.008098376848119093
0 0.8355365434681491 0.1280880164463683 0.00880563545151447 0.008507161693754345
1 0.8671763083089647 0.13047805356188327 0.0114301672323327 0.0070349816363998174
1 0.2742014470121357 0.04909365818190864 0.008805664964360638 0.008507165696997797
0 0.4520677741010507 0.07131846545139509 0.00907666805691415 0.010372107970759326
0 0.24551673246039135 0.043301035697047435 0.013208482690117873 0.012760746543874997
1 0.803889955342816 0.09526967850198062 0.006875259194035421 0.00824531754732076
1 0.42766838394618323 0.04281116007750057 0.010329521826586252 0.00597159443116739
0 0.7958213135255383 0.0932243597346484 0.011701199837732545 0.008899927913404812
0 0.8142277051486295 0.09524565056300335 0.007975963625474813 0.009308712759040064
0 0.7073375818054848 0.06886094336031759 0.008805635451514249 0.008507161693754386
0 0.64956157428105 0.060073113802859235 0.008805635451514249 0.008507161693754373
0 0.6527033696857039 0.04861358792106084 0.01403812580751751 0.011959197009004587
1 0.8823429259312116 0.07691027021853176 0.008670119684952127 0.007574692244357667
0 0.8615152769813519 0.07123255718576768 0.012530872199909782 0.008098380537224892
1 0.945283664856093 0.08402152729581794 0.007417324940972803 0.011975213790436534
0 0.904813403549003 0.0780565476384871 0.007281808638272991 0.011042740651934044
1 0.6528734380326218 0.03389839566541661 0.008111480464312315 0.010241189586648353
1 0.995025641365092 0.07698132881984211 0.006045587636064886 0.009046870457159323
1 0.6849031782073087 0.026832776325291408 0.010464979438679411 0.006904061868874146
1 0.9884560252264578 0.06800792836642992 0.005910071433890662 0.008114398010364204
