1 0.1666666716337204 0.9976459741592407 0.007797271013259888 0.004708051681518555
1 0.02923976629972458 0.9976459741592407 0.007797271013259888 0.004708051681518555
1 0.9444444179534912 0.994350254535675 0.01169586181640625 0.005649685859680176
1 0.8669590353965759 0.9948210716247559 0.008771896362304688 0.010357856750488281
1 0.07407407462596893 0.9891713857650757 0.007797271013259888 0.004708051681518555
1 0.9571149945259094 0.9872881174087524 0.009746551513671875 0.004708051681518555
1 0.8177387714385986 0.9872881174087524 0.01169586181640625 0.006591320037841797
1 0.8460038900375366 0.9844632744789124 0.009746551513671875 0.004708051681518555
1 0.8932748436927795 0.9839924573898315 0.008771896362304688 0.005649685859680176
1 0.6598440408706665 0.9830508232116699 0.01169586181640625 0.005649685859680176
1 0.43421053886413574 0.9821092486381531 0.0068225860595703125 0.005649685859680176
1 0.8240740895271301 0.9811676144599915 0.010721206665039062 0.005649685859680176
0 0.7958089709281921 0.9821092486381531 0.008771896362304688 0.007532954216003418
0 0.9961013793945312 0.9811676144599915 0.0077972412109375 0.007532954216003418
1 0.9766082167625427 0.9802259802818298 0.01169586181640625 0.005649685859680176
0 0.5862573385238647 0.9811676144599915 0.010721206665039062 0.00941622257232666
1 0.4113060534000397 0.9788135886192322 0.00974661111831665 0.004708051681518555
1 0.10964912176132202 0.9806967973709106 0.004873290657997131 0.008474588394165039
1 0.9541910290718079 0.9783427715301514 0.009746551513671875 0.005649685859680176
1 0.9098440408706665 0.9769303202629089 0.008771896362304688 0.004708051681518555
1 0.4254385828971863 0.9778719544410706 0.0068225860595703125 0.006591320037841797
1 0.792397677898407 0.9741054773330688 0.0077972412109375 0.004708051681518555
1 0.4946393668651581 0.9722222089767456 0.008771955966949463 0.004708051681518555
1 0.48148149251937866 0.9726930260658264 0.011695921421051025 0.005649685859680176
1 0.752436637878418 0.971280574798584 0.005847930908203125 0.008474588394165039
1 0.9800195097923279 0.9689265489578247 0.008771896362304688 0.005649685859680176
0 0.9054580926895142 0.9689265489578247 0.0077972412109375 0.007532954216003418
1 0.41423001885414124 0.9693973660469055 0.0136452317237854 0.008474588394165039
1 0.37085768580436707 0.9675140976905823 0.008771955966949463 0.008474588394165039
0 0.5584795475006104 0.9675140976905823 0.0077972412109375 0.010357856750488281
1 0.48148149251937866 0.9632768630981445 0.011695921421051025 0.005649685859680176
1 0.49074074625968933 0.9637476205825806 0.0068225860595703125 0.008474588394165039
1 0.8640350699424744 0.9604519605636597 0.010721206665039062 0.005649685859680176
1 0.31481480598449707 0.9599811434745789 0.0077972412109375 0.004708051681518555
1 0.6559454202651978 0.9599811434745789 0.009746551513671875 0.006591320037841797
1 0.30214425921440125 0.9585687518119812 0.007797300815582275 0.005649685859680176
1 0.6978557705879211 0.959039568901062 0.005847930908203125 0.008474588394165039
1 0.4385964870452881 0.9571563005447388 0.0077972412109375 0.004708051681518555
1 0.9619883298873901 0.9562146663665771 0.0077972412109375 0.010357856750488281
1 0.8815789222717285 0.9538606405258179 0.008771896362304688 0.007532954216003418
0 0.4912280738353729 0.9529190063476562 0.011695921421051025 0.005649685859680176
1 0.26900583505630493 0.9548022747039795 0.011695921421051025 0.00941622257232666
0 0.3070175349712372 0.9515066146850586 0.011695921421051025 0.006591320037841797
1 0.3328460156917572 0.9515066146850586 0.008771955966949463 0.008474588394165039
1 0.7158869504928589 0.9491525292396545 0.010721206665039062 0.005649685859680176
1 0.6861598491668701 0.9486817121505737 0.009746551513671875 0.004708051681518555
1 0.5243664979934692 0.9491525292396545 0.0077972412109375 0.005649685859680176
1 0.6101364493370056 0.9510357975959778 0.0077972412109375 0.011299490928649902
1 0.401559442281723 0.9453860521316528 0.00974661111831665 0.005649685859680176
1 0.3815789520740509 0.9453860521316528 0.008771955966949463 0.007532954216003418
0 0.12768031656742096 0.9444444179534912 0.009746581315994263 0.005649685859680176
1 0.1042884960770607 0.9439736604690552 0.009746596217155457 0.004708051681518555
0 0.13986355066299438 0.9453860521316528 0.01072123646736145 0.00941622257232666
1 0.26754385232925415 0.9420903921127319 0.0068225860595703125 0.004708051681518555
0 0.792397677898407 0.8611111044883728 0.0077972412109375 0.010357856750488281
1 0.9590643048286438 0.8559321761131287 0.009746551513671875 0.00941622257232666
0 0.899610161781311 0.8451035618782043 0.01169586181640625 0.008474588394165039
1 0.03460038919001818 0.8451035618782043 0.008771931752562523 0.008474588394165039
1 0.7909356951713562 0.8408662676811218 0.008771896362304688 0.005649685859680176
0 0.6998050808906555 0.8413370847702026 0.01169586181640625 0.010357856750488281
0 0.37865495681762695 0.8375706076622009 0.008771955966949463 0.006591320037841797
1 0.2587719261646271 0.8361582159996033 0.008771955966949463 0.005649685859680176
0 0.16520467400550842 0.8356873989105225 0.008771926164627075 0.006591320037841797
1 0.7914230227470398 0.8314501047134399 0.009746551513671875 0.005649685859680176
1 0.7802144289016724 0.8309792876243591 0.008771896362304688 0.004708051681518555
1 0.6150097250938416 0.8290960192680359 0.009746551513671875 0.006591320037841797
1 0.8445419073104858 0.8356873989105225 0.022417187690734863 0.021657228469848633
1 0.42641326785087585 0.8295668363571167 0.008771955966949463 0.00941622257232666
1 0.6656920313835144 0.8328624963760376 0.021442532539367676 0.023540496826171875
0 0.3211500942707062 0.8215630650520325 0.008771955966949463 0.006591320037841797
0 0.8079922199249268 0.8130885362625122 0.0077972412109375 0.006591320037841797
0 0.8201754093170166 0.8126177191734314 0.008771896362304688 0.007532954216003418
0 0.7300195097923279 0.8116760849952698 0.009746551513671875 0.007532954216003418
0 0.35038986802101135 0.8083804249763489 0.008771955966949463 0.006591320037841797
1 0.5121832489967346 0.8074387907981873 0.0068225860595703125 0.006591320037841797
0 0.7904483675956726 0.8083804249763489 0.009746551513671875 0.010357856750488281
0 0.3679337203502655 0.8064971566200256 0.008771955966949463 0.008474588394165039
0 0.26072123646736145 0.8069679737091064 0.008771955966949463 0.00941622257232666
0 0.12134502828121185 0.8055555820465088 0.008771926164627075 0.006591320037841797
1 0.6013644933700562 0.8060263395309448 0.005847930908203125 0.00941622257232666
1 0.6135477423667908 0.805084764957428 0.008771896362304688 0.00941622257232666
1 0.789961040019989 0.7999058365821838 0.008771896362304688 0.004708051681518555
0 0.42738792300224304 0.8013182878494263 0.008771955966949463 0.007532954216003418
1 0.09210526198148727 0.8017891049385071 0.0068226158618927 0.008474588394165039
0 0.8367446660995483 0.7980226278305054 0.008771896362304688 0.006591320037841797
0 0.7178362607955933 0.7961393594741821 0.008771896362304688 0.006591320037841797
0 0.6720272898674011 0.7961393594741821 0.0068225860595703125 0.008474588394165039
0 0.48391813039779663 0.793314516544342 0.008771955966949463 0.006591320037841797
1 0.4595516622066498 0.8008474707603455 0.02826511859893799 0.021657228469848633
0 0.3386939465999603 0.793314516544342 0.0068225860595703125 0.008474588394165039
1 0.20029239356517792 0.7989642024040222 0.022417157888412476 0.021657228469848633
0 0.167153999209404 0.7914312481880188 0.008771926164627075 0.006591320037841797
1 0.3172514736652374 0.7989642024040222 0.022417128086090088 0.023540496826171875
0 0.13791422545909882 0.7914312481880188 0.008771926164627075 0.008474588394165039
1 0.2509746626019478 0.778719425201416 0.008771941065788269 0.005649685859680176
1 0.778265118598938 0.778719425201416 0.008771896362304688 0.00941622257232666
0 0.46832358837127686 0.7773069739341736 0.0068225860595703125 0.008474588394165039
0 0.14083820581436157 0.7773069739341736 0.01072123646736145 0.008474588394165039
0 0.29483431577682495 0.776365339756012 0.008771955966949463 0.008474588394165039
1 0.6330409646034241 0.776365339756012 0.01656925678253174 0.014124274253845215
0 0.8957114815711975 0.7693032026290894 0.0077972412109375 0.007532954216003418
0 0.8654970526695251 0.7693032026290894 0.0077972412109375 0.007532954216003418
0 0.4288499057292938 0.770244836807251 0.007797300815582275 0.00941622257232666
0 0.2509746626019478 0.770244836807251 0.008771941065788269 0.00941622257232666
0 0.7012670636177063 0.7669491767883301 0.0068225860595703125 0.008474588394165039
1 0.5477582812309265 0.7716572284698486 0.02339184284210205 0.023540496826171875
0 0.49561402201652527 0.7631826996803284 0.008771955966949463 0.006591320037841797
0 0.46734893321990967 0.7631826996803284 0.008771955966949463 0.006591320037841797
1 0.11744639649987221 0.7688323855400085 0.020467840135097504 0.021657228469848633
0 0.14132553339004517 0.7467043399810791 0.007797271013259888 0.007532954216003418
0 0.4293372333049774 0.7476459741592407 0.008771955966949463 0.011299490928649902
1 0.61208575963974 0.7457627058029175 0.005847930908203125 0.00941622257232666
1 0.778265118598938 0.7471751570701599 0.008771896362304688 0.014124274253845215
1 0.7904483675956726 0.7429378628730774 0.005847930908203125 0.00941622257232666
1 0.7743664979934692 0.7429378628730774 0.0048732757568359375 0.00941622257232666
0 0.6028265357017517 0.7424670457839966 0.008771896362304688 0.016007542610168457
0 0.6861598491668701 0.7368173003196716 0.005847930908203125 0.008474588394165039
0 0.6413255333900452 0.7349340915679932 0.009746551513671875 0.008474588394165039
0 0.5428850054740906 0.7339924573898315 0.009746551513671875 0.008474588394165039
0 0.29580897092819214 0.7330508232116699 0.008771955966949463 0.006591320037841797
0 0.19931773841381073 0.7330508232116699 0.008771926164627075 0.006591320037841797
1 0.17641325294971466 0.7401130199432373 0.023391813039779663 0.02071559429168701
0 0.11354775726795197 0.7330508232116699 0.008771926164627075 0.006591320037841797
1 0.376218318939209 0.7401130199432373 0.0214424729347229 0.022598862648010254
1 0.8133528232574463 0.7241054773330688 0.0068225860595703125 0.005649685859680176
0 0.8937621712684631 0.7241054773330688 0.009746551513671875 0.007532954216003418
0 0.8625730872154236 0.7231638431549072 0.0077972412109375 0.007532954216003418
0 0.8343079686164856 0.7231638431549072 0.009746551513671875 0.007532954216003418
1 0.4288499057292938 0.7217513918876648 0.00974661111831665 0.004708051681518555
0 0.7178362607955933 0.7226930260658264 0.010721206665039062 0.008474588394165039
0 0.6993177533149719 0.7217513918876648 0.008771896362304688 0.006591320037841797
0 0.52582848072052 0.7198681831359863 0.008771896362304688 0.006591320037841797
1 0.6125730872154236 0.7170433402061462 0.008771896362304688 0.004708051681518555
1 0.7904483675956726 0.7184557318687439 0.005847930908203125 0.00941622257232666
1 0.44054579734802246 0.7184557318687439 0.00974661111831665 0.00941622257232666
1 0.4303118884563446 0.7118644118309021 0.008771955966949463 0.007532954216003418
1 0.3689083755016327 0.7118644118309021 0.0068225860595703125 0.007532954216003418
1 0.2558479607105255 0.7123352289199829 0.0048732757568359375 0.008474588394165039
1 0.2631579041481018 0.7118644118309021 0.005847930908203125 0.00941622257232666
1 0.61208575963974 0.709039568901062 0.0077972412109375 0.00941622257232666
1 0.6033138632774353 0.7099811434745789 0.005847930908203125 0.011299490928649902
1 0.08625730872154236 0.7080979347229004 0.004873290657997131 0.00941622257232666
0 0.5433723330497742 0.7048022747039795 0.008771896362304688 0.006591320037841797
1 0.4912280738353729 0.7123352289199829 0.0214424729347229 0.021657228469848633
1 0.6647173762321472 0.7132768630981445 0.021442532539367676 0.025423765182495117
1 0.17787525057792664 0.7113935947418213 0.0204678475856781 0.021657228469848633
0 0.15643274784088135 0.7048022747039795 0.0068226158618927 0.008474588394165039
0 0.12768031656742096 0.7038606405258179 0.007797271013259888 0.006591320037841797
0 0.4868420958518982 0.6614877581596375 0.008771955966949463 0.006591320037841797
0 0.5151072144508362 0.6605461239814758 0.008771896362304688 0.008474588394165039
0 0.38547757267951965 0.660075306892395 0.008771955966949463 0.007532954216003418
0 0.7860623598098755 0.6577212810516357 0.0068225860595703125 0.010357856750488281
1 0.7753411531448364 0.6501883268356323 0.008771896362304688 0.004708051681518555
0 0.8445419073104858 0.6501883268356323 0.008771896362304688 0.006591320037841797
0 0.8923001885414124 0.6492466926574707 0.008771896362304688 0.006591320037841797
1 0.8094542026519775 0.6572504639625549 0.022417187690734863 0.024482131004333496
0 0.432261198759079 0.6487758755683899 0.008771955966949463 0.00941622257232666
1 0.18177388608455658 0.6544256210327148 0.022417157888412476 0.02071559429168701
0 0.7763158082962036 0.6318267583847046 0.0068225860595703125 0.00941622257232666
1 0.10038986057043076 0.625235378742218 0.009746596217155457 0.00941622257232666
0 0.4317738711833954 0.6228813529014587 0.005847930908203125 0.008474588394165039
0 0.2587719261646271 0.6233521699905396 0.008771955966949463 0.00941622257232666
0 0.8148148059844971 0.6209981441497803 0.0077972412109375 0.006591320037841797
0 0.7275828719139099 0.6205273270606995 0.008771896362304688 0.007532954216003418
1 0.32358673214912415 0.6261770129203796 0.0214424729347229 0.022598862648010254
1 0.12670564651489258 0.6257061958312988 0.021442502737045288 0.021657228469848633
0 0.1598440557718277 0.6177024245262146 0.009746581315994263 0.007532954216003418
0 0.9015594720840454 0.6078154444694519 0.0077972412109375 0.006591320037841797
0 0.15058480203151703 0.6049906015396118 0.008771926164627075 0.006591320037841797
0 0.4878167510032654 0.6040489673614502 0.008771955966949463 0.006591320037841797
1 0.7743664979934692 0.5936911702156067 0.008771896362304688 0.004708051681518555
1 0.8781676292419434 0.5932203531265259 0.005847930908203125 0.011299490928649902
1 0.6920077800750732 0.5983992218971252 0.021442532539367676 0.021657228469848633
0 0.17884990572929382 0.5908662676811218 0.008771926164627075 0.006591320037841797
0 0.3591617941856384 0.589924693107605 0.008771955966949463 0.006591320037841797
1 0.2972709536552429 0.5969868302345276 0.02339184284210205 0.02071559429168701
0 0.640350878238678 0.589924693107605 0.009746551513671875 0.008474588394165039
0 0.38547757267951965 0.5880414247512817 0.010721266269683838 0.006591320037841797
1 0.5209551453590393 0.5955743789672852 0.022417187690734863 0.023540496826171875
0 0.5570175647735596 0.5748587846755981 0.0068225860595703125 0.008474588394165039
0 0.2709551751613617 0.5725046992301941 0.007797300815582275 0.007532954216003418
1 0.10721247643232346 0.5701506733894348 0.007797271013259888 0.014124274253845215
1 0.6632553339004517 0.569679856300354 0.02046787738800049 0.02071559429168701
1 0.2967836260795593 0.569679856300354 0.022417128086090088 0.02071559429168701
0 0.5570175647735596 0.5626177191734314 0.0068225860595703125 0.008474588394165039
1 0.13011695817112923 0.5692090392112732 0.020467840135097504 0.021657228469848633
0 0.12621831893920898 0.549435019493103 0.008771926164627075 0.006591320037841797
0 0.3884015679359436 0.5475518107414246 0.010721266269683838 0.008474588394165039
0 0.5014619827270508 0.5466101765632629 0.0068225860595703125 0.008474588394165039
1 0.7729044556617737 0.5461393594741821 0.0077972412109375 0.00941622257232666
1 0.167153999209404 0.5447269082069397 0.0068226158618927 0.006591320037841797
1 0.735867440700531 0.5442560911178589 0.005847930908203125 0.00941622257232666
0 0.264132559299469 0.5442560911178589 0.005847930908203125 0.00941622257232666
0 0.8864522576332092 0.5362523794174194 0.008771896362304688 0.006591320037841797
1 0.8635477423667908 0.543314516544342 0.021442532539367676 0.02071559429168701
0 0.7997075915336609 0.5353107452392578 0.008771896362304688 0.006591320037841797
1 0.6627680063247681 0.5414312481880188 0.021442532539367676 0.02071559429168701
1 0.5501949191093445 0.5414312481880188 0.02046787738800049 0.02071559429168701
1 0.7826510667800903 0.4924670457839966 0.009746551513671875 0.005649745464324951
1 0.27534112334251404 0.49105462431907654 0.008771955966949463 0.00470811128616333
0 0.6130604147911072 0.485404908657074 0.009746551513671875 0.008474588394165039
1 0.27582845091819763 0.4825800359249115 0.007797300815582275 0.00470811128616333
0 0.2655945420265198 0.48399245738983154 0.0068225860595703125 0.00941622257232666
0 0.33771929144859314 0.48163843154907227 0.0068225860595703125 0.008474588394165039
1 0.19054581224918365 0.48728814721107483 0.0204678475856781 0.019774019718170166
1 0.6622806787490845 0.4863465130329132 0.02046787738800049 0.021657228469848633
1 0.46832358837127686 0.4858756959438324 0.020467817783355713 0.020715653896331787
0 0.2967836260795593 0.46657249331474304 0.008771955966949463 0.006591320037841797
0 0.6130604147911072 0.46374765038490295 0.009746551513671875 0.008474588394165039
1 0.27972710132598877 0.46374765038490295 0.005847930908203125 0.008474588394165039
1 0.11647173762321472 0.46421846747398376 0.008771926164627075 0.00941622257232666
0 0.44785574078559875 0.46327683329582214 0.008771955966949463 0.00941622257232666
1 0.7690058350563049 0.4580979347229004 0.005847930908203125 0.008474588394165039
1 0.8036062121391296 0.45998117327690125 0.022417187690734863 0.019774019718170166
1 0.13791422545909882 0.46045199036598206 0.0204678475856781 0.020715653896331787
1 0.6340156197547913 0.4590395390987396 0.02046787738800049 0.019774019718170166
1 0.46832358837127686 0.4585687518119812 0.020467817783355713 0.020715653896331787
1 0.38596490025520325 0.4590395390987396 0.023391783237457275 0.021657228469848633
0 0.4376218318939209 0.43596985936164856 0.00974661111831665 0.005649745464324951
1 0.33771929144859314 0.42843690514564514 0.0068225860595703125 0.00941622257232666
1 0.19395712018013 0.4336158335208893 0.019493162631988525 0.019774019718170166
1 0.49658872187137604 0.43267419934272766 0.0204678475856781 0.019774019718170166
1 0.8308966755867004 0.43267419934272766 0.02046787738800049 0.021657228469848633
0 0.21881091594696045 0.4100753366947174 0.01072123646736145 0.012241065502166748
0 0.11890838295221329 0.40772128105163574 0.009746596217155457 0.01318269968032837
0 0.4493177533149719 0.4067796468734741 0.0077972412109375 0.01318269968032837
1 0.530701756477356 0.4020715653896332 0.0068225860595703125 0.00941622257232666
1 0.1949317753314972 0.40725046396255493 0.023391813039779663 0.019774019718170166
1 0.8874269127845764 0.4058380424976349 0.02046787738800049 0.020715653896331787
1 0.6608186960220337 0.4058380424976349 0.02339184284210205 0.020715653896331787
0 0.6271929740905762 0.3846516013145447 0.0068225860595703125 0.008474588394165039
1 0.5506822466850281 0.3790018856525421 0.021442532539367676 0.019774019718170166
1 0.7368420958518982 0.367702454328537 0.0077972412109375 0.010357797145843506
1 0.8567251563072205 0.36299434304237366 0.0077972412109375 0.006591320037841797
1 0.7685185074806213 0.3295668661594391 0.008771896362304688 0.007532954216003418
0 0.27290448546409607 0.3295668661594391 0.007797300815582275 0.007532954216003418
0 0.4502924084663391 0.32532957196235657 0.0077972412109375 0.008474588394165039
1 0.19980506598949432 0.3290960490703583 0.019493192434310913 0.019774019718170166
1 0.33576998114585876 0.32815441489219666 0.020467817783355713 0.019774019718170166
1 0.6895711421966553 0.3267419934272766 0.02046787738800049 0.018832385540008545
1 0.8055555820465088 0.32109227776527405 0.010721206665039062 0.00941622257232666
0 0.850389838218689 0.306497186422348 0.008771896362304688 0.006591320037841797
0 0.833820641040802 0.3055555522441864 0.008771896362304688 0.008474588394165039
1 0.002923976629972458 0.30414313077926636 0.005847953259944916 0.011299431324005127
1 0.1739766150712967 0.30320149660110474 0.0204678475856781 0.018832385540008545
1 0.4712475538253784 0.3013182580471039 0.020467817783355713 0.018832385540008545
0 0.8084795475006104 0.2806026339530945 0.010721206665039062 0.005649745464324951
0 0.6232943534851074 0.2773069739341736 0.0068225860595703125 0.008474588394165039
0 0.7675438523292542 0.27636533975601196 0.008771896362304688 0.010357797145843506
1 0.003898635506629944 0.26883238554000854 0.007797271013259888 0.012241065502166748
0 0.8767056465148926 0.2537664771080017 0.008771896362304688 0.006591320037841797
0 0.4512670636177063 0.25188323110342026 0.0077972412109375 0.0103578120470047
1 0.6413255333900452 0.2462335228919983 0.005847930908203125 0.006591349840164185
1 0.20321637392044067 0.2528248727321625 0.0204678475856781 0.019774019718170166
1 0.34259259700775146 0.2495291829109192 0.012670576572418213 0.015065908432006836
0 0.6671540141105652 0.243408665060997 0.008771896362304688 0.006591349840164185
1 0.28070175647735596 0.22834275662899017 0.0077972412109375 0.008474588394165039
1 0.15058480203151703 0.22693032026290894 0.0204678475856781 0.018832385540008545
1 0.3391812741756439 0.2259887009859085 0.019493162631988525 0.018832385540008545
1 0.6340156197547913 0.22363464534282684 0.02046787738800049 0.019774019718170166
0 0.528265118598938 0.20621469616889954 0.01169586181640625 0.0056497156620025635
1 0.8367446660995483 0.19962334632873535 0.0068225860595703125 0.007532954216003418
0 0.2085769921541214 0.1977401077747345 0.011695891618728638 0.0056497156620025635
0 0.8260233998298645 0.19538606703281403 0.008771896362304688 0.008474588394165039
0 0.16764132678508759 0.16760829091072083 0.009746581315994263 0.009416192770004272
1 0.6885964870452881 0.16478343307971954 0.0068225860595703125 0.007532954216003418
1 0.22417153418064117 0.16525423526763916 0.009746581315994263 0.012241065502166748
0 0.5136452317237854 0.16242937743663788 0.0077972412109375 0.012241065502166748
1 0.6335282921791077 0.12382297590374947 0.009746551513671875 0.004708103835582733
1 0.6978557705879211 0.12288135662674904 0.009746551513671875 0.004708103835582733
1 0.789961040019989 0.12099811434745789 0.0068225860595703125 0.004708096385002136
1 0.8382066488265991 0.12005649507045746 0.009746551513671875 0.004708096385002136
0 0.6851851940155029 0.11252354085445404 0.009746551513671875 0.008474573493003845
1 0.006822612136602402 0.11064030230045319 0.00974658876657486 0.004708096385002136
1 0.13352826237678528 0.1111111119389534 0.005847960710525513 0.009416192770004272
1 0.6676413416862488 0.11064030230045319 0.0077972412109375 0.0103578120470047
1 0.6481481194496155 0.10640301555395126 0.0077972412109375 0.009416192770004272
0 0.15789473056793213 0.10593220591545105 0.007797271013259888 0.008474573493003845
1 0.7587719559669495 0.10451977699995041 0.0068225860595703125 0.009416192770004272
1 0.8133528232574463 0.10593220591545105 0.012670516967773438 0.014124289155006409
1 0.6447368264198303 0.08945386111736298 0.014619827270507812 0.007532954216003418
1 0.7953216433525085 0.08615819364786148 0.01169586181640625 0.006591334939002991
0 0.7787524461746216 0.0866290032863617 0.0077972412109375 0.007532954216003418
1 0.8104288578033447 0.08474576473236084 0.010721206665039062 0.0056497156620025635
1 0.21150097250938416 0.08380414545536041 0.007797271013259888 0.007532954216003418
0 0.3908382058143616 0.08192090690135956 0.0077972412109375 0.009416192770004272
0 0.18226121366024017 0.08192090690135956 0.011695891618728638 0.011299431324005127
1 0.7426900863647461 0.05838041380047798 0.005847930908203125 0.007532954216003418
1 0.3625730872154236 0.05696798488497734 0.00974661111831665 0.004708096385002136
0 0.7344054579734802 0.057438794523477554 0.010721206665039062 0.007532954216003418
0 0.7529239654541016 0.05696798488497734 0.0068225860595703125 0.008474573493003845
0 0.6432748436927795 0.0451977401971817 0.0077972412109375 0.007532954216003418
0 0.5847952961921692 0.044256120920181274 0.0077972412109375 0.007532954216003418
1 0.9965887069702148 0.03672316391021013 0.0068225860595703125 0.011299436911940575
0 0.5862573385238647 0.03248587716370821 0.012670516967773438 0.010357817634940147
1 0.8177387714385986 0.029661016538739204 0.0077972412109375 0.006591338664293289
0 0.7962962985038757 0.026836158707737923 0.01169586181640625 0.006591338664293289
1 0.8810915946960449 0.028248587623238564 0.005847930908203125 0.011299435049295425
0 0.8401559591293335 0.02777777798473835 0.005847930908203125 0.010357815772294998
1 0.5843079686164856 0.017890771850943565 0.0068225860595703125 0.009416196495294571
1 0.929337203502655 0.014595103450119495 0.0048732757568359375 0.008474575355648994
1 0.6150097250938416 0.006591337500140071 0.009746551513671875 0.005649717990309
1 0.9215399622917175 0.006591337383724749 0.0048732757568359375 0.007532956777140498
