1 0.8638109513118049 0.9845802379987842 0.012082505285092027 0.006637931138260944
1 0.4130982447785606 0.9979520256556357 0.006171957512888349 0.004095948688728646
1 0.31947574888447045 0.99952693750927 0.011091997661430208 0.0009461249814599615
0 0.30063914018314 0.9988143232441228 0.011190027720886231 0.002371353511754437
0 0.26047317389401325 0.9994990679311719 0.01208254996427155 0.0010018641376562387
1 0.6377224550249918 0.984602376024766 0.010068817102480976 0.0055317106280134976
1 0.7476398776160479 0.9797641771564263 0.008087682710678834 0.005463234409104234
1 0.19646889870051965 0.9980513753853504 0.007227878081760258 0.003897249229299349
1 0.844201338839117 0.9759071141883127 0.011092057233669572 0.006603697146933651
1 0.4193080476915214 0.9921516835484383 0.01515223693225165 0.009854248128458032
0 0.9130439717870678 0.9735276273531337 0.010166843410739146 0.008645194145368351
1 0.5198316585537164 0.9881576722606339 0.00627004714458379 0.010583980933566828
1 0.335013980367202 0.9919482450344145 0.0052468032621972305 0.009511875270167724
1 0.437072427266857 0.9894596789428771 0.007358584827701742 0.013731819645791177
1 0.3587053075058222 0.9885319416855207 0.007129848022304208 0.006466746768179377
1 0.26808710797409185 0.9921835808871835 0.008283783757572383 0.011690322132590691
1 0.1486288211184607 0.9931955636006911 0.011124674347915559 0.007641562641814481
1 0.8563216616137606 0.9671763288874353 0.01010149003776839 0.006569459037479075
1 0.5829648794524058 0.9776636100500105 0.010166843410739146 0.00864519414536813
1 0.21839663997882153 0.98870616414994 0.008087712496798433 0.005463235438636027
1 0.16002004601012743 0.9928018356372825 0.010199490311104786 0.009683060669781085
1 0.9429613508235326 0.96314270500064 0.00911092284186732 0.00653522092802461
1 0.1192771360685555 0.9900541511903815 0.00808771249679846 0.005463235438636138
1 0.653228011696837 0.9731570905150001 0.008251062391907427 0.010652453034348364
1 0.6253948150190203 0.9710021302091288 0.01010149003776839 0.006569459037479186
1 0.6134919681861601 0.9708940434502924 0.010134166724253713 0.007607326591423824
1 0.5312443607160932 0.97269792442702 0.010068817102480976 0.0055317106280132755
1 0.8640336238776962 0.9601563506605899 0.008087682710678834 0.005463234409104567
1 0.35340948921389687 0.9778056379427267 0.007227878081760286 0.009580349430012958
1 0.7015031416626842 0.9631765855327488 0.006270047144583901 0.010583980933566495
1 0.5914876890121721 0.9649011817392548 0.008120355645966026 0.006500982818570034
1 0.6731419865760306 0.9600009362998995 0.009110922841867097 0.006535220928024721
1 0.3085410387542423 0.9700055643031767 0.00907824990657996 0.00549747251855881
1 0.5255022719803462 0.9635454814976308 0.005246803262197397 0.009511875270167502
1 0.8221531239906287 0.9527724995582441 0.00627004714458379 0.010583980933566828
1 0.7492339748764519 0.951656457846547 0.009078249906580016 0.005497472518558699
1 0.3683707472580634 0.9648206701567714 0.010134166724253713 0.007607326591423713
0 0.972040402501789 0.9418773498996312 0.00914359952835253 0.007573088481969137
1 0.4708101093529704 0.9586824485717007 0.009110922841867264 0.006535220928024721
1 0.8406956760509088 0.9433002368870675 0.008087682710678834 0.005463234409104234
1 0.5088969502990872 0.9558075735735749 0.010134166724253713 0.007607326591423824
1 0.42519619663217445 0.9587006186666576 0.009143599528352586 0.007573088481969248
1 0.5766510157778006 0.9503487211564849 0.009078249906579683 0.005497472518558699
1 0.7365907711726003 0.9437815430600931 0.008153032332451349 0.007538850372514783
0 0.6479373304567799 0.9468457735527891 0.011190087293125761 0.009717299808767343
1 0.6078203717508515 0.9482323819816145 0.006237370458098468 0.009546113379622079
1 0.5368332824265096 0.9454910647791552 0.007097115514777541 0.005428996299649769
1 0.8561685560362684 0.9308170838233571 0.012082505285092027 0.006637931138261055
1 0.7629432541084336 0.9304028473107289 0.010068817102481198 0.0055317106280131645
1 0.8115124723770499 0.9297630907417391 0.006237370458098579 0.009546113379622079
0 0.7782803498682229 0.9293532351915936 0.015119560245766328 0.008816380574513505
1 0.9982493504169896 0.9184849620987909 0.0035012991660207105 0.006637931138261055
0 0.734549481907534 0.9261893284648716 0.01119008729312565 0.009717299808767343
1 0.8320524376001357 0.9207412876876897 0.010134166724253824 0.007607326591423713
0 0.9795777837931214 0.9135642060511524 0.006237370458098357 0.009546113379622079
1 0.778432472437036 0.9184386280239908 0.010068817102481198 0.0055317106280132755
1 0.9507866966058889 0.9124813514086801 0.012115181971577349 0.007675798692205582
1 0.9249509149664769 0.9107769102921751 0.012082505285091916 0.006637931138260944
1 0.8303215731054823 0.9130086957104628 0.00911092284186743 0.006535220928024721
1 0.06471470274937294 0.9420686764189266 0.009274313720823914 0.01172455895513036
1 0.8821779375152037 0.9065408979020539 0.010068817102481198 0.0055317106280133865
1 0.898554555928383 0.9070138510634446 0.01515223693225165 0.009854248128458032
1 0.938524409972888 0.9009568407009322 0.012082505285091916 0.006637931138260944
1 0.1191342543446897 0.9225249410613894 0.010068802209421274 0.005531710113247268
0 0.15078257234110715 0.9198726081122928 0.010232166997590136 0.010720928223725723
1 0.10995797068332186 0.9145302547805305 0.006237340671978786 0.009546112350090286
0 0.40588479671932537 0.8965093788478815 0.01208256485733139 0.006637933197324419
0 0.15179457025293985 0.9047722921046912 0.007227878081760258 0.009580349430012958
1 0.17426147123145297 0.9097101666922911 0.022510791973833627 0.023586066744717527
1 0.2903396835813408 0.8958276701961061 0.009078249906579905 0.005497472518558699
1 0.3180748204135818 0.8948690288696756 0.021552931250537533 0.02458969721873938
1 0.11901380311409326 0.8872035643234046 0.008218415491541772 0.00961458650993563
0 0.20806450669053705 0.881008671429004 0.010199490311104814 0.009683060669780974
1 0.7295028909318391 0.8603881063533243 0.009110922841867208 0.00653522092802461
1 0.49152274910354055 0.8764061046168587 0.02254343887419935 0.02462393326913037
1 0.2782622557758778 0.8744264178156362 0.010264873470195168 0.011758796807201932
0 0.339049823127396 0.8681693594631243 0.00914359952835253 0.007573088481969248
1 0.6332569934066503 0.8585198382922549 0.00924162958780872 0.010686691143802829
1 0.9843385983036239 0.8443070679917204 0.010232196783709901 0.010720929253257516
0 0.8475294716286849 0.8453992691728811 0.006237370458098468 0.009546113379622079
1 0.2300739378094533 0.8714165194058586 0.021520254564052183 0.023551829664794743
1 0.37339201828669133 0.8565925001232042 0.021552931250537533 0.024589697218739492
1 0.8981829318281886 0.8322196278864629 0.023534006070100477 0.024658171378584837
0 0.6686275118035601 0.8323616568087109 0.010166843410739035 0.008645194145368351
0 0.48281929620726416 0.8361864666624141 0.009208952901323286 0.009648823589858302
0 0.5109843930506046 0.8331349701438353 0.010199520097224468 0.009683061699312878
0 0.5238450708206411 0.8321709532983362 0.01023219678370979 0.010720929253257294
1 0.2880798776691714 0.8398005370602204 0.008218445277661524 0.009614587539467423
0 0.5529843388199998 0.8285663465246336 0.009208952901323175 0.009648823589858413
1 0.5754839611641779 0.8345420871218805 0.02257611556068473 0.0256618008230749
1 0.14307991794088815 0.8484487667260965 0.021520254564052155 0.023551829664794854
1 0.6286300585521987 0.8217957884569254 0.010068817102481198 0.0055317106280132755
0 0.8296936781920707 0.8143266975992255 0.010166843410739257 0.00864519414536824
0 0.20557084181416166 0.8333014781201573 0.00815306211857103 0.007538851402046576
0 0.19419595526573757 0.8342141398605383 0.009176276214837936 0.008610956035913886
0 0.6562181800813751 0.8161667421082124 0.010166843410739035 0.008645194145368351
1 0.6910995349408817 0.8217145186916597 0.022543438874199406 0.02462393326913026
0 0.49269716233218086 0.8192212736325332 0.008153091904690768 0.007538852431578258
0 0.45609614426939504 0.8220448520682484 0.0062699875723444265 0.01058397887450302
1 0.8021923835553767 0.8069653400411434 0.009241629587808609 0.01068669114380294
1 0.3426954856322022 0.8264838878818719 0.021552931250537533 0.02458969721873938
1 0.46577281322353126 0.8144374669341172 0.00825112196414679 0.010652455093412061
0 0.1754788222328545 0.8223932369100813 0.010101460251648708 0.006569458007947393
0 0.3656464558998308 0.8153007565053605 0.010199520097224524 0.009683061699312767
0 0.8583101229588617 0.7941163291068885 0.009143599528352642 0.007573088481969137
1 0.9228587042265639 0.7970801878436111 0.021552871678298113 0.024589695159675684
1 0.6249395946330931 0.7990655911970992 0.006237370458098468 0.009546113379622079
0 0.6937495527701578 0.7956482963802152 0.009208952901323286 0.009648823589858302
1 0.636777030396342 0.7970980044793494 0.008251062391907538 0.010652453034348475
1 0.27521307796298855 0.809075655321216 0.010264873470195168 0.011758796807202043
0 0.5203230696891904 0.799045142220119 0.011222763979610972 0.010755167362712093
1 0.5437805229705449 0.8039487792130302 0.022543438874199406 0.02462393326913026
0 0.8251974463323624 0.7817539988351954 0.00914359952835253 0.007573088481969248
0 0.16406004468910992 0.8061641441871336 0.010232166997590164 0.010720928223725723
1 0.19839711581399772 0.8101722379796255 0.021520254564052155 0.023551829664794854
1 0.799378003036193 0.7805684914956628 0.0072278185095210334 0.009580347370949371
1 0.013780623163060715 0.8046050032598171 0.00907825642229362 0.005497472743768883
1 0.8086411080191126 0.775572833699349 0.01010149003776828 0.006569459037479075
1 0.7157589689960142 0.7860561448718357 0.02257611556068473 0.025661800823074787
0 0.3063712643063837 0.7908554276926638 0.008185768591176146 0.008576719985522896
1 0.7971845316300742 0.7738908861271079 0.009241629587808609 0.01068669114380294
0 0.7372404268130337 0.7754433044364784 0.010264873470195113 0.011758796807201821
0 0.45188282920720124 0.7827089536915591 0.00825112196414679 0.010652455093412172
1 0.369368671193383 0.7917949074561472 0.021520254564052155 0.023551829664794854
0 0.17494478656705076 0.7896836478543021 0.009143599528352558 0.007573088481969248
0 0.3923196414610116 0.7806117760796358 0.010166843410739146 0.008645194145368351
1 0.11793964707898905 0.7900954863404284 0.00627001735846415 0.010583979904034813
1 0.8600349250896082 0.7701600204405483 0.022543438874199295 0.02462393326913037
0 0.21986738723270272 0.7834554500331129 0.008185738805056408 0.008576718955991103
0 0.8810374972241592 0.7600832307778269 0.007227818509520811 0.009580347370949482
1 0.6218802004131075 0.7648847935102101 0.006237370458098468 0.009546113379622079
1 0.5126377068547734 0.7754140878721079 0.021520224777932584 0.02355182863526295
0 0.7194158309165957 0.7604745607147333 0.0072278185095210334 0.009580347370949482
0 0.13438672613088765 0.777059162419823 0.008185738805056436 0.008576718955991103
0 0.632661775179724 0.7608757077349619 0.008447122510819582 0.016879658358015748
1 0.1974168245974322 0.7790365092224851 0.021520254564052127 0.023551829664794743
0 0.8612971203088895 0.74725869838288 0.010199520097224468 0.009683061699312767
0 0.8493779351327868 0.7466316778470712 0.00815303233245146 0.007538850372514783
1 0.7944355621805015 0.7495697110582132 0.009274306274294042 0.011724558697747467
0 0.2312310594722916 0.7664389013833478 0.010101460251648736 0.006569458007947393
1 0.6835929834631553 0.7565178215125938 0.021552871678298224 0.024589695159675795
0 0.9200872763732012 0.7405512399854803 0.011222763979610972 0.01075516736271176
1 0.4604760417090466 0.7564373099301103 0.009241629587808609 0.010686691143802829
1 0.7907399612095276 0.7424245270178043 0.0063027238310692235 0.011621848487511244
1 0.3392000690372102 0.7627070447435639 0.022510821759953337 0.02358606777424943
1 0.45881053058736376 0.7507804530607727 0.00623731088585916 0.009546111320558381
0 0.5726411175739374 0.7442485035122935 0.008185709018936671 0.00857671792645931
1 0.9067037753705971 0.724909495112345 0.007162465136550278 0.007504612263060428
0 0.6586221416289311 0.7350427204827419 0.01023219678370979 0.010720929253257405
0 0.6285954754205947 0.7262102143805551 0.008218385705422104 0.009614585480403837
0 0.8162377207472695 0.717646526374256 0.00914359952835253 0.007573088481969137
1 0.7904672906052292 0.7180177607934006 0.007260495196006245 0.010618214924893898
0 0.6447760355904608 0.7204560217905178 0.0072278185095210334 0.009580347370949482
0 0.8587330096868546 0.7130607816412634 0.009274306274294042 0.011724558697747467
1 0.6801036590181899 0.7244298779883209 0.022543438874199406 0.02462393326913037
1 0.7892807247382543 0.7118248510923636 0.009241629587808609 0.010686691143802829
0 0.8143271363525455 0.7042057224225734 0.010264873470195113 0.011758796807201932
1 0.21790680667517076 0.7211840520910717 0.008185738805056436 0.008576718955991103
1 0.8797518587168098 0.7035028682423385 0.022510762187713973 0.023586065715185844
1 0.16777009245126767 0.7192805549673233 0.021487577877566805 0.022513962110850216
0 0.13389562451458015 0.7142174746948512 0.011190035167416207 0.009717298007086761
0 0.28097470586260825 0.7086143133152665 0.008316475337117546 0.012728190201301115
0 0.20112173343212264 0.7077378736498525 0.009143599528352558 0.007573088481969248
1 0.7349745585369574 0.6877272706570257 0.009110922841867208 0.006535220928024721
1 0.7152291022664596 0.6904876898501928 0.005279479948682719 0.010549742824112252
1 0.7978903053694619 0.6860721400783552 0.006237370458098579 0.009546113379622079
1 0.7860037968798446 0.686482987096491 0.006237370458098468 0.009546113379622079
0 0.22879154855311157 0.7047035557582404 0.009143599528352558 0.007573088481969248
1 0.7725007904226735 0.6827937190039668 0.005246803262197286 0.009511875270167502
0 0.5094303013055836 0.6892890930182605 0.010166843410739146 0.00864519414536824
1 0.7074732639002634 0.6803659130989437 0.008185709018936671 0.00857671792645931
1 0.7955661272174017 0.6752430644940222 0.008185709018936671 0.00857671792645942
1 0.11205982486897263 0.6978289389497256 0.01010147514470855 0.0065694585227132896
0 0.5256271998186925 0.6840538342051955 0.007227818509520811 0.00958034737094926
1 0.36438137122675185 0.6963805198089222 0.021520254564052155 0.023551829664794965
0 0.18877777185156727 0.6936187531147167 0.009143599528352586 0.007573088481969248
0 0.3982446211313393 0.6853397133007018 0.008218445277661468 0.009614587539467645
0 0.6511972222951787 0.6724406942476011 0.00914359952835253 0.007573088481969248
0 0.8037243003529195 0.6666492275128355 0.007325848568977 0.012693950032783174
0 0.49852316059609214 0.673561814502792 0.00920895290132323 0.009648823589858413
1 0.27951546939133476 0.6780146373898259 0.00907824990657996 0.00549747251855881
1 0.13814578892277346 0.6917323745309296 0.021520254564052155 0.023551829664794854
0 0.38335893286723977 0.6692304513870151 0.007227878081760231 0.00958034943001318
0 0.2999247278684791 0.664841364119998 0.009143599528352586 0.007573088481969248
1 0.728513649773168 0.6557419777707496 0.022510762187713862 0.023586065715185733
0 0.5523493985340023 0.6509215955381483 0.009143599528352642 0.007573088481969359
0 0.3681086956616518 0.6572897181420629 0.00914359952835253 0.007573088481969359
1 0.4523047329265152 0.654379553994253 0.009274306274293986 0.011724558697747578
1 0.8426597725471012 0.6434847577948587 0.02152019499181268 0.02355182760573138
0 0.891843718420397 0.630875347877355 0.007227818509520922 0.009580347370949371
0 0.14335894738286625 0.6525901566424153 0.008153062118571058 0.007538851402046465
1 0.13195138414795682 0.6524649508288516 0.009110922841867236 0.006535220928024721
0 0.796604726434352 0.6294917754838034 0.013138425853963964 0.008747904355604574
1 0.5293872288505984 0.6460008394905097 0.021520194991812902 0.023551827605731268
0 0.18829787337430004 0.6468809526852033 0.009143599528352558 0.007573088481969248
1 0.22116546183469843 0.6514593363893173 0.021520254564052155 0.023551829664794854
0 0.7815341793427147 0.6232592552428387 0.009208952901323286 0.009648823589858302
0 0.8715917810117725 0.6175490582733387 0.009176276214837742 0.008610956035913886
1 0.7250570001390889 0.6246918422281822 0.021520194991812902 0.023551827605731268
1 0.33280257741515334 0.6382497814722833 0.021520254564052155 0.023551829664794743
1 0.4518687105515087 0.6247835085428342 0.008120415218205446 0.006500984877633731
0 0.5345626182515171 0.6214057657231702 0.007227818509520811 0.009580347370949371
1 0.8945754260902874 0.6074037348785326 0.022510762187713973 0.023586065715185622
1 0.6179202406754121 0.6076152314876799 0.00627004714458379 0.010583980933566495
1 0.2677311747904826 0.6186802205891656 0.007260554768245608 0.010618216983957485
0 0.17107168538355658 0.6194237404676848 0.008153062118571086 0.007538851402046576
1 0.997511213233548 0.5892959801189585 0.004977573532904067 0.008474007716223086
0 0.7983836229500546 0.591507316560266 0.007227818509520922 0.009580347370949371
1 0.3031946122299018 0.6112205348128619 0.021520254564052155 0.023551829664794743
0 0.1290931573126321 0.6089263462757446 0.008185738805056436 0.008576718955990992
1 0.9897920192447818 0.5765795324237843 0.00815303233245146 0.007538850372514783
1 0.7216003523806089 0.5936417662578539 0.020529746940390448 0.023517593614403864
1 0.8614678883912554 0.5794564509596618 0.02152019499181279 0.023551827605731268
1 0.6135384367906418 0.5786750671033924 0.007260495196006467 0.01061821492489401
0 0.1301051701175246 0.5938260297533772 0.009143599528352586 0.007573088481969359
1 0.49632264381738744 0.587921456258989 0.02251076218771403 0.023586065715185622
0 0.21308192014974825 0.5836850898948832 0.009143599528352558 0.007573088481969137
1 0.6628367510666363 0.5696981936246945 0.02152019499181268 0.023551827605731157
1 0.35707500412500726 0.5745521635319573 0.020497010681665706 0.022479724001395973
1 0.8565417281821663 0.5489766659304877 0.023468652697129833 0.02258243627069567
1 0.9919518309557361 0.5349454180067137 0.009143599528352642 0.007573088481969248
1 0.9926973248785962 0.5271272328149144 0.009176276214837742 0.008610956035913664
1 0.7672674360499212 0.5323215916149552 0.006237370458098579 0.00954611337962219
1 0.63172662653041 0.5422013693229509 0.020497070253905014 0.02247972606045945
0 0.004964094159227053 0.5560724633408038 0.007260553372021284 0.0106182169356982
1 0.8249527160878725 0.5220158328291404 0.021487518305327358 0.02251396005178663
0 0.8454600046244727 0.5119561622211463 0.009208952901323397 0.009648823589858413
0 0.2742821150185826 0.5275425100008142 0.010199520097224413 0.009683061699312767
0 0.332691383798163 0.5244846464951769 0.010199520097224468 0.009683061699312767
1 0.2642133295778202 0.5226956036320896 0.00623731088585916 0.009546111320558492
1 0.5439596028904875 0.5104289200320948 0.007260495196006245 0.01061821492489401
1 0.6314754927690609 0.5027285811692783 0.008218385705422104 0.009614585480403837
0 0.6572132462246159 0.501319479196189 0.01023219678370979 0.010720929253257405
0 0.1554549481121819 0.5171038309133389 0.009143599528352586 0.007573088481969137
1 0.35422188455543124 0.5154285467889652 0.020497010681665706 0.02247972400139575
1 0.60067065407578 0.500676333132707 0.00828373907839286 0.011690320588293057
1 0.5828409211274738 0.5012926026303789 0.008283739078392749 0.011690320588293002
0 0.5730335170479758 0.5047485632574432 0.014423080414834644 0.01812286109220107
1 0.9655381500968208 0.48338955787627 0.007129789387864349 0.006466774495235361
0 0.6615236362481074 0.4964950674012598 0.00927430627429393 0.011724558697747467
1 0.6386921714350459 0.49572572199716014 0.007260495196006245 0.010618214924893843
0 0.7248039008292817 0.4906713645042074 0.00930698202297986 0.012762396465572423
1 0.6960618296095766 0.49114534097877166 0.009274307212093658 0.011724588483867149
1 0.542974174153154 0.4948781896013118 0.006270048082383295 0.010584010719686399
1 0.010013868516714004 0.5117410269798665 0.01211523131880466 0.007675859905261095
0 0.6053129461403944 0.49064552408556705 0.010166845286338155 0.008645253717607604
1 0.7657643234763872 0.48458016071141996 0.008218385705422104 0.009614585480403837
1 0.13399494150301774 0.5126506523793313 0.020497033021255384 0.02247972477354454
0 0.5234625912710223 0.489318653559614 0.009176278090436973 0.008611015608153139
0 0.15549276278833513 0.5025567150339861 0.008218415491541814 0.009614586509935685
1 0.2629665185414227 0.49884197641939765 0.009405011144636377 0.015875969341286433
0 0.21030443087027806 0.49546727117930506 0.009143601403951623 0.007573148054208612
1 0.6259019245176092 0.4831804627901949 0.020497070253904903 0.02247972606045945
1 0.7577960885236352 0.4677123044317705 0.009241629587808609 0.010686691143802884
1 0.10942136531488242 0.4880448590329637 0.01023218189064995 0.010720928738491564
0 0.37335165718529173 0.47736383832474016 0.00920895290132323 0.009648823589858357
1 0.42982883638891745 0.47593125133939673 0.009306982960779364 0.01276242625169205
1 0.8161563729974068 0.46309766835180405 0.02148751830532747 0.02251396005178663
1 0.27245223839359356 0.4694224929161925 0.010134168599852778 0.007607386163663077
1 0.00939814439255372 0.4764367689266209 0.011190042613946117 0.009717298264469598
1 0.21508253600878297 0.47400289037193855 0.020464363781299927 0.02144185747698313
1 0.6521288405727679 0.4500653729639946 0.005246803262197175 0.009511875270167613
1 0.5777728547566678 0.45055745996127644 0.009143601403951651 0.007573148054208612
1 0.2960782121592431 0.4639304544594096 0.020464333995180217 0.02144185644745128
1 0.012059343014297005 0.4664744048644912 0.005214119143148576 0.00847406696673364
1 0.6702577988757117 0.44320483866016736 0.0063027238310691125 0.011621848487511244
1 0.555289630327972 0.4451006510819384 0.006172018960726722 0.007470437843972333
0 0.7093678520424963 0.44133353456382407 0.007325848568977111 0.012693950032783119
0 0.7637495898994594 0.4363369448717594 0.009176278090436973 0.008611015608153139
0 0.7430462431195459 0.4401694697283255 0.009372336333750009 0.014838161359581215
1 0.43832404861742646 0.44654600388658244 0.00825112196414679 0.010652455093412061
1 0.7850952625531089 0.43715761559485744 0.020497070253905014 0.022479726060459393
0 0.720464990506993 0.4315991177593931 0.012213212031033427 0.010789401354039163
1 0.9927331744751908 0.4180324422583191 0.0101014919133674 0.00656951860971855
1 0.4801279947779484 0.4357502026707695 0.009241629587808609 0.01068669114380294
0 0.5988459173160579 0.42697139218702707 0.009208952901323286 0.009648823589858357
0 0.3422956856684613 0.43583883192061595 0.007227878081760286 0.009580349430012958
1 0.4256860136271618 0.4230861344234189 0.0101014919133674 0.006569518609718494
1 0.672989506545602 0.41973322566134497 0.021454841618842146 0.02147609249784216
0 0.7500229883777567 0.4097977396128045 0.009176278090437084 0.008611015608153194
1 0.11011686213713498 0.43139605006468607 0.0092089529013233 0.009648823589858357
0 0.17991735580838214 0.42794445859564 0.008218415491541758 0.009614586509935685
0 0.6834279789175208 0.40482661992803803 0.009306982960779364 0.01276242625169205
1 0.13129914206416193 0.4270274429763752 0.020464356334770062 0.021441857219600124
1 0.862781347176135 0.40070538804550626 0.021454841618841924 0.021476092497842214
0 0.6407693093589075 0.4042231162496668 0.007325848568977 0.012693950032783119
1 0.58673581188631 0.404532242466493 0.008218385705421993 0.009614585480403892
1 0.5845913555099191 0.3994114384288549 0.008218385705422104 0.009614585480403837
1 0.948996244150595 0.38317963488803 0.006204695647212266 0.00850830539791686
0 0.7328294612426391 0.38337836567787664 0.012343918776974827 0.014940871569817438
1 0.43304361450838497 0.3890647508734282 0.007227878081760286 0.009580349430012902
1 0.8040504234864473 0.3777997127524112 0.020464393567419803 0.021441858506514866
1 0.45434027307010605 0.3883286500517291 0.02049701068166565 0.022479724001395807
1 0.5807537906805882 0.37201095837982057 0.006204695647212266 0.00850830539791686
1 0.5564038579594289 0.3702551005268945 0.007293171882491567 0.011656082478838592
1 0.5473746249581761 0.3669307584091638 0.0071951436986346096 0.008542539389244208
1 0.7429901845928311 0.3596499750944 0.008218385705422104 0.009614585480403892
1 0.5661458505004162 0.3647234515301841 0.007293171882491678 0.011656082478838536
1 0.6239781746897519 0.3590880669510004 0.006335400517554546 0.01265971604145577
0 0.5971192087401926 0.35637999433094164 0.006237370458098468 0.009546113379622079
0 0.5827890175817476 0.357914272331475 0.009274306274294042 0.011724558697747411
1 0.9724363770178273 0.3402905156584076 0.008087680835079825 0.005463174836864926
1 0.9615567740673537 0.34118605834406124 0.01010149191336751 0.006569518609718439
1 0.8001965193760742 0.3498802691402849 0.020464393567419803 0.02144185850651481
1 0.7593882793389208 0.34505687859946566 0.00627004714458379 0.010583980933566661
0 0.7662567176205403 0.34274148290258594 0.008251062391907427 0.010652453034348475
1 0.7291767543030465 0.3461011141700007 0.009437687831121644 0.01691383689523096
1 0.6661629783488852 0.3446426718729571 0.006237370458098357 0.009546113379622079
1 0.2917383481454954 0.35758433956032265 0.02017024756801017 0.01210116760642882
1 0.18340474495990877 0.36548472641313867 0.019441151560632114 0.020369812415355015
1 0.7419067262649411 0.34098565689484317 0.007358525255462212 0.013731817586727646
1 0.26689310297806534 0.35584563157777527 0.00825112196414679 0.010652455093412005
1 0.7530855545700521 0.3338458494030342 0.006270047144583901 0.010583980933566717
1 0.41899535807657495 0.3365620068157408 0.008218445277661413 0.009614587539467478
0 0.9606418352859596 0.3121260349086905 0.010232196783709901 0.01072092925325735
0 0.6281844741654794 0.31946121142290984 0.009110924717466107 0.0065352805002639736
1 0.4763160612625168 0.3304248373004317 0.02043165918429396 0.020404048465746005
0 0.29633673338392985 0.3304117467785004 0.007227878081760286 0.009580349430013013
0 0.5349264964889585 0.31800913714245665 0.007227818509520922 0.009580347370949371
1 0.209697029281098 0.33444537118006157 0.020497040467785305 0.0224797250309276
1 0.7357123680449031 0.3017182912207067 0.009078248030980895 0.005497412946319502
1 0.3159351743513631 0.3229809225630509 0.019473826371518455 0.021407620397060345
1 0.7094303159616695 0.3015877109176065 0.00815303420805047 0.007538909944754146
1 0.6600993249991896 0.3095267168423596 0.020431718756533268 0.020404050524809647
0 0.17595839397242535 0.31794874829002506 0.009143601403951623 0.007573148054208556
1 0.4176341814508773 0.309075932522602 0.009241629587808664 0.010686691143802995
1 0.4477966616709038 0.30647489665068195 0.02043165918429396 0.02040404846574606
1 0.8192170336823832 0.2925981014057278 0.020431718756533268 0.020404050524809536
1 0.15552158190540374 0.314499171087377 0.020431688970413642 0.020404049495277854
1 0.26559118663751224 0.29874636299237073 0.007260554768245664 0.010618216983957485
0 0.7113348379924865 0.28333961422572196 0.007325848568976889 0.012693950032783063
1 0.31457396793954573 0.2954948492994439 0.020431659184293904 0.02040404846574606
0 0.16031604028021115 0.29355372354221687 0.009143601403951596 0.007573148054208556
0 0.7422591216302956 0.27343935775462624 0.00828373907839286 0.011690320588293057
1 0.10417072588505863 0.2897799145622643 0.0101668303932783 0.008645253202841707
1 0.9707638205235585 0.25567090591382197 0.012082507160691036 0.006637990710500197
1 0.8153958062584954 0.26571652534754603 0.02043171875653338 0.020404050524809647
1 0.4978456097350252 0.2740949141191268 0.019408474874146653 0.0193319448614106
1 0.18037705931078946 0.2850679435337471 0.020464363781299955 0.021441857476983073
0 0.3450571498471202 0.2715834989650435 0.009143601403951596 0.007573148054208556
1 0.2918344410359136 0.26615020694314273 0.008218445277661413 0.009614587539467478
1 0.6277586979836889 0.25869520013442815 0.02043171875653338 0.020404050524809564
1 0.9696150106982969 0.23493091217861528 0.009110924717466107 0.006535280500264001
1 0.7577208024343298 0.24485232471329588 0.021422166339056026 0.020438269623077043
1 0.1271594922125156 0.2640496679498575 0.020399004837398357 0.019366181683950323
0 0.8054352961326056 0.23281322601747234 0.00821838664322172 0.009614615266523602
0 0.16009755248142826 0.255118774185901 0.007227879019559819 0.009580379216132695
1 0.49503128808473124 0.24769804117499278 0.01944115109173239 0.020369797522295285
1 0.5691421412900006 0.23942201660095958 0.009241629587808498 0.010686691143802968
1 0.25464524777428876 0.25029233323151406 0.008251121964146846 0.010652455093412089
1 0.5987766919495103 0.23580026098641005 0.019441150622832692 0.020369782629235472
1 0.28525399796923717 0.2461174216531294 0.020464334932979833 0.021441886233570934
0 0.7341377815689512 0.22021227130395854 0.00739120100414814 0.014769655354552547
0 0.7121825169557914 0.2157761960307779 0.007260495196006356 0.010618214924893954
0 0.591222049816295 0.21632064655329158 0.009143601403951651 0.007573148054208584
1 0.8344489963134902 0.20947219538081374 0.020399042070047946 0.019366182970865037
1 0.35815074778296346 0.2150256736234667 0.005246804199996791 0.009511905056287323
1 0.5486992831588311 0.2042835829191581 0.010068815226882077 0.0055316510557739396
1 0.6216674473027358 0.206956425961772 0.02142216587015633 0.02043825473001723
1 0.9299760142383973 0.1885076155440602 0.0101014919133674 0.006569518609718522
1 0.012174026045176678 0.21815267863342075 0.005279468778887766 0.010549742438037718
1 0.6879081549524987 0.18492613826432958 0.0063027238310691125 0.011621848487511216
1 0.632933105313728 0.18682630392152716 0.007293171882491567 0.011656082478838536
1 0.0042548196154965435 0.2028416083090353 0.008185741604488426 0.008576748806456508
0 0.22912406077933828 0.1955886785532594 0.014227023109321169 0.011895745126892704
0 0.7278126574996322 0.1767934523661673 0.007260495196006356 0.010618214924893954
1 0.9560181315071573 0.1652692802245781 0.010068815226882188 0.0055316510557739396
1 0.14681109899850098 0.19531679463597817 0.0062373416097783185 0.009546142136209995
1 0.7148049360471109 0.17308710989809528 0.009110924717466218 0.006535280500264029
1 0.7658341743899981 0.1718428263375607 0.006237371395898084 0.009546143165741788
0 0.7504317257261379 0.17081671824186667 0.011092059109268582 0.006603756719172987
1 0.6746879773411822 0.17447371832692077 0.00620469470941265 0.008508275611797206
0 0.19282226760229026 0.19216797728975954 0.011288087566462018 0.012830901441069215
0 0.6925667844225563 0.17541423320804223 0.01046093171350837 0.017985942558630036
0 0.32877662526215873 0.17967644297259253 0.010134168599852833 0.007607386163663077
1 0.0014197424237110275 0.1869602483706267 0.002839484847422055 0.005531650364057256
1 0.39108272103181363 0.17440592479596304 0.006237311823658609 0.009546141106678174
1 0.3519563295217863 0.17575829511533406 0.005246804199996791 0.009511905056287295
0 0.37369922733450994 0.17344828983058255 0.009241629587808609 0.01068669114380294
1 0.9604970410771445 0.15004916319383504 0.012082507160691036 0.006637990710500308
1 0.6469252724949038 0.15880952458870115 0.007195142760834994 0.008542509603124526
1 0.5794704616880477 0.15802409627704406 0.005279479948682719 0.010549742824112196
1 0.5154825164534675 0.15711882380736364 0.006204694709412428 0.008508275611797206
1 0.941333639007139 0.13980216573596238 0.010068815226882077 0.0055316510557739396
1 0.5980456294558747 0.14958965853969614 0.00524680419999668 0.009511905056287295
1 0.6930069324613317 0.14215145891707426 0.007227819447320538 0.009580377157069081
1 0.0005813701658397589 0.16471479379807408 0.0011627403316795178 0.006637992383489444
0 0.9668099817842097 0.13009021268967558 0.01412899398766465 0.008782172251178721
1 0.9291857198390374 0.13191016168090075 0.006237371395898084 0.009546143165741788
0 0.8188108278572843 0.12221834883155515 0.00828373907839286 0.01169032058829303
1 0.13974563388904954 0.14413117694192307 0.013138456577883123 0.008747935171256022
1 0.12138794112520704 0.14372671283343758 0.00825109217802715 0.01065245406388024
1 0.0017567563916469995 0.1453774888012912 0.003513512783293999 0.005531650364057256
0 0.1005865736079665 0.14444569434302643 0.018483275006476646 0.02137341258849146
0 0.1394842230933403 0.13582832214546064 0.017165958886630223 0.010960596259246141
1 0.933669767867592 0.10110507610992019 0.007260495664906164 0.010618229817953795
1 0.9232036979299661 0.09938885525463852 0.01010149191336751 0.006569518609718494
1 0.1649820274274866 0.11105032368087958 0.008185739742855969 0.008576748742110785
1 0.6169844520459702 0.0897128219202776 0.005181451295925732 0.007436184841457999
1 0.6308683734639433 0.08975242707273876 0.0072604956649058305 0.010618229817953809
1 0.007175504323180473 0.10663440433419463 0.012115231780721138 0.007675845044374172
1 0.7523292033221683 0.07360589846085383 0.011320793570167353 0.013868755131485777
0 0.41496816901025935 0.08266902447295385 0.01214791916810154 0.008713698091333336
1 0.6233137310962782 0.07027280519309043 0.007129790325663854 0.006466804281355057
1 0.9371193127912958 0.05319246828283326 0.009110924717466218 0.006535280500264022
1 0.7334323503892148 0.05607678353594119 0.012082507160691036 0.00663799071050028
0 0.1684101555319066 0.07820376158942165 0.015348265975569764 0.01608141146667913
1 0.9695999381166954 0.02973159142908778 0.010068815461331981 0.00553165850230385
1 0.7418243952719495 0.03916293919418029 0.006204694943862554 0.008508283058327126
0 0.6070290804958729 0.04122455777323138 0.012180536047897816 0.00975155613968439
1 0.9783024083559675 0.022677388321646355 0.014128994222114555 0.008782179697708625
0 0.07909195062156982 0.04440695126821789 0.011092014371476625 0.006603753313242831
1 0.2692105475346593 0.035757689851870125 0.013138426908988365 0.008747937864989182
1 0.9172911838473422 0.006084431516594704 0.010166844465763658 0.008645227654752924
0 0.5646420980493262 0.017753952729114557 0.00821838643807804 0.009614608750809881
1 0.9300538923024113 0.0023863382169999636 0.01006881546133187 0.004772676433999927
1 0.766630872775117 0.008174917241397522 0.00812035740434025 0.006501038667544578
0 0.60172206202621 0.014394342405065177 0.009143600935051732 0.007573133161148748
0 0.739918949687468 0.010137177872055148 0.006270047613483598 0.010583995826626504
1 0.24370666670550828 0.028846812388872323 0.010330226257041192 0.013834513298766313
0 0.20293110218259083 0.02506125216934808 0.016208098046109065 0.011964223010003064
0 0.6673969948326088 0.00589042581102314 0.012115183378276773 0.007675843371385013
1 0.19332489397707237 0.01915936371204416 0.007358584256230122 0.013731801494874575
0 0.2501829893796885 0.014077153113623697 0.008283798767857092 0.011690326370621566
