1 0.13776016235351562 0.9974039196968079 0.009910792112350464 0.005192160606384277
1 0.07433102279901505 0.9974039196968079 0.009910807013511658 0.005192160606384277
1 0.8483647108078003 0.9968847632408142 0.011892914772033691 0.006230473518371582
1 0.3974231779575348 0.9963655471801758 0.005946457386016846 0.0072689056396484375
1 0.3037661015987396 0.9958463311195374 0.010901868343353271 0.006230473518371582
1 0.023785926401615143 0.9963655471801758 0.00991080328822136 0.0072689056396484375
0 0.2849355936050415 0.9953271150588989 0.010901868343353271 0.009345769882202148
0 0.24479681998491287 0.9937694668769836 0.011892959475517273 0.006230473518371582
1 0.6223984360694885 0.9890965819358826 0.009910821914672852 0.005192160606384277
1 0.732408344745636 0.9880581498146057 0.007928609848022461 0.005192160606384277
1 0.18087215721607208 0.9901350140571594 0.006937563419342041 0.009345769882202148
1 0.829038679599762 0.9875389337539673 0.010901927947998047 0.006230473518371582
1 0.4038652181625366 0.9890965819358826 0.014866232872009277 0.009345769882202148
0 0.8979187607765198 0.9875389337539673 0.009910821914672852 0.008307337760925293
1 0.5044598579406738 0.9885773658752441 0.005946516990661621 0.010384202003479004
1 0.3196233808994293 0.985981285572052 0.004955410957336426 0.009345769882202148
1 0.42170464992523193 0.9870197176933289 0.006937563419342041 0.01349949836730957
1 0.34340932965278625 0.9833852648735046 0.006937563419342041 0.006230473518371582
1 0.2527254894375801 0.9839044809341431 0.007928654551506042 0.01142263412475586
1 0.1333003044128418 0.9807891845703125 0.010901868343353271 0.0072689056396484375
1 0.8414271473884583 0.979231595993042 0.009910821914672852 0.006230473518371582
1 0.5678889751434326 0.9802699685096741 0.009910821914672852 0.008307337760925293
1 0.20317146182060242 0.9787123799324036 0.007928639650344849 0.005192160606384277
1 0.14469772577285767 0.9807891845703125 0.009910792112350464 0.009345769882202148
1 0.9281466603279114 0.9781931638717651 0.008919715881347656 0.006230473518371582
1 0.10406342893838882 0.9766355156898499 0.007928639650344849 0.005192160606384277
1 0.6382557153701782 0.9781931638717651 0.007928609848022461 0.010384202003479004
1 0.6105054616928101 0.9750778675079346 0.009910821914672852 0.006230473518371582
1 0.5986124873161316 0.9745586514472961 0.009910821914672852 0.0072689056396484375
1 0.5163528323173523 0.9735202789306641 0.009910821914672852 0.005192160606384277
1 0.8493558168411255 0.9724818468093872 0.007928609848022461 0.005192160606384277
1 0.33845391869544983 0.9724818468093872 0.006937563419342041 0.009345769882202148
1 0.6868186593055725 0.9698857665061951 0.005946516990661621 0.010384202003479004
1 0.576808750629425 0.9678089022636414 0.007928609848022461 0.006230473518371582
1 0.6585728526115417 0.9657320976257324 0.008919715881347656 0.006230473518371582
1 0.29385530948638916 0.9631360173225403 0.008919715881347656 0.005192160606384277
1 0.5109018683433533 0.9641744494438171 0.004955410957336426 0.009345769882202148
1 0.8077304363250732 0.9636552333831787 0.005946516990661621 0.010384202003479004
1 0.7348860502243042 0.9600207805633545 0.008919715881347656 0.005192160606384277
1 0.35381564497947693 0.9600207805633545 0.009910821914672852 0.0072689056396484375
0 0.9578790664672852 0.9579439163208008 0.008919715881347656 0.0072689056396484375
1 0.45639246702194214 0.9574247002601624 0.008919715881347656 0.006230473518371582
1 0.8265609741210938 0.954828679561615 0.007928609848022461 0.005192160606384277
1 0.49454906582832336 0.9558671116828918 0.009910821914672852 0.0072689056396484375
1 0.41080278158187866 0.9558671116828918 0.008919715881347656 0.0072689056396484375
1 0.5624380707740784 0.9527518153190613 0.008919715881347656 0.005192160606384277
1 0.7224975228309631 0.9517133831977844 0.007928609848022461 0.0072689056396484375
0 0.6337958574295044 0.9517133831977844 0.010901927947998047 0.009345769882202148
1 0.5936570763587952 0.9517133831977844 0.005946516990661621 0.009345769882202148
1 0.5227948427200317 0.9465212821960449 0.006937503814697266 0.005192160606384277
1 0.8424182534217834 0.9428868293762207 0.011892914772033691 0.006230473518371582
1 0.7492566704750061 0.9392523169517517 0.009910821914672852 0.005192160606384277
1 0.7978196144104004 0.9402907490730286 0.005946516990661621 0.009345769882202148
0 0.764618456363678 0.9387331008911133 0.014866232872009277 0.008307337760925293
1 0.9890981316566467 0.9356178641319275 0.011892914772033691 0.006230473518371582
0 0.7210109233856201 0.9340602159500122 0.010901927947998047 0.009345769882202148
1 0.8186323046684265 0.9319834113121033 0.009910821914672852 0.0072689056396484375
0 0.966303288936615 0.9299065470695496 0.005946516990661621 0.009345769882202148
1 0.7651139497756958 0.9278296828269958 0.009910821914672852 0.005192160606384277
1 0.9375619292259216 0.9278296828269958 0.011892914772033691 0.0072689056396484375
1 0.9117938280105591 0.9252336621284485 0.011892914772033691 0.006230473518371582
1 0.8171457052230835 0.9241952300071716 0.008919715881347656 0.006230473518371582
1 0.051040634512901306 0.926791250705719 0.008919723331928253 0.01142263412475586
1 0.8691774010658264 0.9195223450660706 0.009910821914672852 0.005192160606384277
1 0.8855302333831787 0.9205607771873474 0.014866232872009277 0.009345769882202148
1 0.9256689548492432 0.9158878326416016 0.011892914772033691 0.006230473518371582
1 0.10604558885097504 0.9091380834579468 0.009910807013511658 0.005192160606384277
0 0.13776016235351562 0.9075804948806763 0.009910792112350464 0.010384202003479004
1 0.09712586551904678 0.9008307456970215 0.005946487188339233 0.009345769882202148
0 0.39345887303352356 0.8930425643920898 0.011892974376678467 0.006230473518371582
0 0.13924677670001984 0.8925233483314514 0.006937563419342041 0.009345769882202148
1 0.16154608130455017 0.8982346653938293 0.02180376648902893 0.02284526824951172
1 0.27799803018569946 0.8883696794509888 0.008919715881347656 0.005192160606384277
1 0.30574825406074524 0.8883696794509888 0.020812690258026123 0.023883700370788574
1 0.10703667253255844 0.8738317489624023 0.007928639650344849 0.009345769882202148
0 0.19623389840126038 0.8707165122032166 0.009910792112350464 0.009345769882202148
1 0.7180376648902893 0.8681204319000244 0.008919715881347656 0.006230473518371582
1 0.4796828627586365 0.875908613204956 0.021803736686706543 0.023883700370788574
1 0.2666006088256836 0.8665628433227539 0.009910821914672852 0.01142263412475586
0 0.32755202054977417 0.8624091148376465 0.008919715881347656 0.0072689056396484375
1 0.6219028830528259 0.8629283308982849 0.008919715881347656 0.010384202003479004
1 0.973240852355957 0.860851526260376 0.009910821914672852 0.010384202003479004
0 0.8364717364311218 0.857217013835907 0.005946516990661621 0.009345769882202148
1 0.2185332030057907 0.8618898987770081 0.020812690258026123 0.02284526824951172
1 0.3622398376464844 0.8520249128341675 0.020812690258026123 0.023883700370788574
1 0.8875123858451843 0.8457943797111511 0.02279484272003174 0.023883700370788574
0 0.6580772995948792 0.8380062580108643 0.009910821914672852 0.008307337760925293
0 0.47224974632263184 0.8354101777076721 0.008919715881347656 0.009345769882202148
0 0.5004955530166626 0.8333333134651184 0.009910821914672852 0.009345769882202148
0 0.5133795738220215 0.83281409740448 0.009910821914672852 0.010384202003479004
1 0.27750247716903687 0.8322949409484863 0.007928669452667236 0.009345769882202148
0 0.5426164269447327 0.8302180767059326 0.008919715881347656 0.009345769882202148
1 0.5649157762527466 0.8369678258895874 0.021803736686706543 0.02492213249206543
1 0.1323092132806778 0.8359293937683105 0.020812690258026123 0.02284526824951172
1 0.6184340715408325 0.82606440782547 0.009910821914672852 0.005192160606384277
0 0.8196234107017517 0.8255451917648315 0.009910821914672852 0.008307337760925293
0 0.19524280726909637 0.8229491114616394 0.007928639650344849 0.0072689056396484375
0 0.1838453859090805 0.8234683275222778 0.008919715881347656 0.008307337760925293
0 0.6461843252182007 0.8213914632797241 0.009910821914672852 0.008307337760925293
1 0.6808721423149109 0.8281412124633789 0.021803736686706543 0.023883700370788574
0 0.4826560914516449 0.8187954425811768 0.007928669452667236 0.0072689056396484375
0 0.4459861218929291 0.820353090763092 0.005946457386016846 0.010384202003479004
1 0.7923687100410461 0.8172377943992615 0.008919715881347656 0.010384202003479004
1 0.3325074315071106 0.8208722472190857 0.020812690258026123 0.023883700370788574
1 0.45589691400527954 0.8130841255187988 0.007928669452667236 0.010384202003479004
0 0.1655104011297226 0.8110072612762451 0.009910792112350464 0.006230473518371582
0 0.35579782724380493 0.8104880452156067 0.009910821914672852 0.009345769882202148
0 0.8488602638244629 0.806334376335144 0.008919715881347656 0.0072689056396484375
1 0.9132804870605469 0.8115264773368835 0.020812630653381348 0.023883700370788574
1 0.6154608726501465 0.8032190799713135 0.005946516990661621 0.009345769882202148
0 0.6843409538269043 0.8021807074546814 0.008919715881347656 0.009345769882202148
1 0.6273537874221802 0.801661491394043 0.007928609848022461 0.010384202003479004
1 0.2656095027923584 0.8011422753334045 0.009910821914672852 0.01142263412475586
0 0.5109018683433533 0.7995846271514893 0.010901927947998047 0.010384202003479004
1 0.5341922640800476 0.8052959442138672 0.021803736686706543 0.023883700370788574
0 0.8161545991897583 0.7928348779678345 0.008919715881347656 0.0072689056396484375
0 0.15460851788520813 0.7943925261497498 0.009910792112350464 0.010384202003479004
1 0.18880079686641693 0.7995846271514893 0.020812690258026123 0.02284526824951172
1 0.7903864979743958 0.7907580733299255 0.006937503814697266 0.009345769882202148
1 0.004459861200302839 0.787642776966095 0.008919722400605679 0.005192160606384277
1 0.799801766872406 0.7860851287841797 0.009910821914672852 0.006230473518371582
1 0.7066402435302734 0.7933540940284729 0.021803736686706543 0.02492213249206543
0 0.2973240911960602 0.7840083241462708 0.007928669452667236 0.008307337760925293
1 0.7884043455123901 0.7840083241462708 0.008919715881347656 0.010384202003479004
0 0.72844398021698 0.7834891080856323 0.009910821914672852 0.01142263412475586
0 0.44301289319992065 0.7808930277824402 0.007928669452667236 0.010384202003479004
1 0.36025768518447876 0.7871235609054565 0.020812690258026123 0.02284526824951172
0 0.166005939245224 0.7782970070838928 0.008919715881347656 0.0072689056396484375
0 0.3835480809211731 0.7767393589019775 0.009910821914672852 0.008307337760925293
1 0.10901883244514465 0.7767393589019775 0.005946487188339233 0.010384202003479004
1 0.8513379693031311 0.7824506759643555 0.021803736686706543 0.023883700370788574
0 0.21110010147094727 0.773624062538147 0.007928639650344849 0.008307337760925293
0 0.8726462125778198 0.7731049060821533 0.006937503814697266 0.009345769882202148
1 0.6134787201881409 0.7689511775970459 0.005946516990661621 0.009345769882202148
1 0.50396429002285 0.7757009267807007 0.020812660455703735 0.02284526824951172
0 0.7111001014709473 0.767912745475769 0.006937503814697266 0.009345769882202148
0 0.12586718797683716 0.7642782926559448 0.007928639650344849 0.008307337760925293
0 0.6243805885314941 0.7653167247772217 0.007928609848022461 0.016614794731140137
1 0.18880079686641693 0.7684319615364075 0.020812690258026123 0.02284526824951172
0 0.8533201217651367 0.7596054077148438 0.009910821914672852 0.009345769882202148
0 0.8414271473884583 0.7585669755935669 0.007928609848022461 0.0072689056396484375
1 0.7864221930503845 0.7596054077148438 0.008919715881347656 0.01142263412475586
0 0.22299306094646454 0.7570093274116516 0.009910792112350464 0.006230473518371582
1 0.6754212379455566 0.7627206444740295 0.020812630653381348 0.023883700370788574
0 0.9122893810272217 0.7549325227737427 0.010901927947998047 0.010384202003479004
1 0.4524281322956085 0.7549325227737427 0.008919715881347656 0.010384202003479004
1 0.7829534411430359 0.7523364424705505 0.005946516990661621 0.01142263412475586
1 0.3310208022594452 0.7570093274116516 0.02180379629135132 0.02284526824951172
1 0.4509415328502655 0.7492212057113647 0.005946457386016846 0.009345769882202148
0 0.5649157762527466 0.7466251254081726 0.007928609848022461 0.008307337760925293
1 0.8994053602218628 0.738836944103241 0.006937503814697266 0.0072689056396484375
0 0.6511397361755371 0.7403945922851562 0.009910821914672852 0.010384202003479004
0 0.6214073300361633 0.7305296063423157 0.007928609848022461 0.009345769882202148
0 0.8092170357704163 0.728452742099762 0.008919715881347656 0.0072689056396484375
1 0.7834489345550537 0.7279335260391235 0.006937503814697266 0.010384202003479004
0 0.6377601623535156 0.7253375053405762 0.006937503814697266 0.009345769882202148
0 0.8518335223197937 0.7253375053405762 0.008919715881347656 0.01142263412475586
1 0.6729435324668884 0.7305296063423157 0.021803736686706543 0.023883700370788574
1 0.7824578881263733 0.7217029929161072 0.008919715881347656 0.010384202003479004
0 0.8077304363250732 0.7149532437324524 0.009910821914672852 0.01142263412475586
1 0.21110010147094727 0.7113187909126282 0.007928639650344849 0.008307337760925293
1 0.8731417059898376 0.7165108919143677 0.021803736686706543 0.02284526824951172
1 0.16105054318904877 0.707684338092804 0.020812690258026123 0.021806836128234863
0 0.12735381349921227 0.7014538049697876 0.010901875793933868 0.009345769882202148
0 0.27452924847602844 0.7009345889091492 0.007928669452667236 0.012461066246032715
0 0.19474726915359497 0.6973000764846802 0.008919715881347656 0.0072689056396484375
1 0.7289395332336426 0.6957424879074097 0.008919715881347656 0.006230473518371582
1 0.7091179490089417 0.6978192925453186 0.004955410957336426 0.010384202003479004
1 0.7918731570243835 0.6962617039680481 0.005946516990661621 0.009345769882202148
1 0.7799801826477051 0.6962617039680481 0.005946516990661621 0.009345769882202148
0 0.22249752283096313 0.6952232718467712 0.008919715881347656 0.0072689056396484375
1 0.7666006088256836 0.6921079754829407 0.004955410957336426 0.009345769882202148
0 0.5034687519073486 0.6895119547843933 0.009910821914672852 0.008307337760925293
1 0.701684832572937 0.6874350905418396 0.007928609848022461 0.008307337760925293
1 0.7898910045623779 0.6853582262992859 0.007928609848022461 0.008307337760925293
1 0.10604558885097504 0.6843198537826538 0.009910807013511658 0.006230473518371582
0 0.5198215842247009 0.6848390698432922 0.006937503814697266 0.009345769882202148
1 0.35827553272247314 0.6915887594223022 0.020812690258026123 0.02284526824951172
0 0.1828543096780777 0.6827622056007385 0.008919715881347656 0.0072689056396484375
0 0.39246779680252075 0.6817237734794617 0.007928669452667236 0.009345769882202148
0 0.6456887722015381 0.677570104598999 0.008919715881347656 0.0072689056396484375
0 0.798315167427063 0.6770508885383606 0.006937503814697266 0.012461066246032715
0 0.49306243658065796 0.6734164357185364 0.008919715881347656 0.009345769882202148
1 0.27403369545936584 0.6703011393547058 0.008919715881347656 0.005192160606384277
1 0.1323092132806778 0.6791277527809143 0.020812690258026123 0.02284526824951172
0 0.3780971169471741 0.6651090383529663 0.006937563419342041 0.009345769882202148
0 0.29484638571739197 0.6578400731086731 0.008919715881347656 0.0072689056396484375
1 0.7234886288642883 0.663551390171051 0.021803736686706543 0.02284526824951172
0 0.5475718379020691 0.6526479721069336 0.008919715881347656 0.0072689056396484375
0 0.3632309138774872 0.6526479721069336 0.008919715881347656 0.0072689056396484375
1 0.4474727511405945 0.6526479721069336 0.008919715881347656 0.01142263412475586
1 0.8379583954811096 0.6552440524101257 0.020812630653381348 0.02284526824951172
0 0.8875123858451843 0.6443405747413635 0.006937503814697266 0.009345769882202148
0 0.13875123858451843 0.6401869058609009 0.007928639650344849 0.0072689056396484375
1 0.12735381722450256 0.6396676898002625 0.008919715881347656 0.006230473518371582
0 0.7923687100410461 0.6396676898002625 0.012884020805358887 0.008307337760925293
1 0.5247769951820374 0.6469366550445557 0.020812630653381348 0.02284526824951172
0 0.1838453859090805 0.6360332369804382 0.008919715881347656 0.0072689056396484375
1 0.2165510356426239 0.6417445540428162 0.020812690258026123 0.02284526824951172
0 0.7775024771690369 0.6329179406166077 0.008919715881347656 0.009345769882202148
0 0.8676908016204834 0.6303219199180603 0.008919715881347656 0.008307337760925293
1 0.7210109233856201 0.6323987245559692 0.020812630653381348 0.02284526824951172
1 0.32854312658309937 0.6323987245559692 0.020812690258026123 0.02284526824951172
1 0.4479682743549347 0.6230529546737671 0.007928669452667236 0.006230473518371582
0 0.530723512172699 0.6225337386131287 0.006937503814697266 0.009345769882202148
1 0.8909811973571777 0.6209760904312134 0.021803736686706543 0.02284526824951172
1 0.6144697666168213 0.6116303205490112 0.005946516990661621 0.010384202003479004
1 0.2641229033470154 0.6105918884277344 0.006937563419342041 0.010384202003479004
0 0.1674925684928894 0.607995867729187 0.007928639650344849 0.0072689056396484375
1 0.994549036026001 0.6064382195472717 0.004955410957336426 0.008307337760925293
0 0.7953419089317322 0.6017653346061707 0.006937503814697266 0.009345769882202148
1 0.2998017966747284 0.604361355304718 0.020812690258026123 0.02284526824951172
0 0.12586718797683716 0.5960540175437927 0.007928639650344849 0.008307337760925293
1 0.9871159791946411 0.5934579372406006 0.007928609848022461 0.0072689056396484375
1 0.7185332179069519 0.6012461185455322 0.019821643829345703 0.02284526824951172
1 0.8587710857391357 0.5919002890586853 0.020812630653381348 0.02284526824951172
1 0.6110010147094727 0.5825545191764832 0.006937503814697266 0.010384202003479004
0 0.12735381722450256 0.5809968709945679 0.008919715881347656 0.0072689056396484375
1 0.49355798959732056 0.5877466201782227 0.021803736686706543 0.02284526824951172
0 0.21060456335544586 0.5737279057502747 0.008919715881347656 0.0072689056396484375
1 0.6605550050735474 0.5752855539321899 0.020812630653381348 0.02284526824951172
1 0.3548067510128021 0.569574236869812 0.019821584224700928 0.021806836128234863
1 0.8548067212104797 0.5612668991088867 0.02279484272003174 0.021806836128234863
1 0.9905847311019897 0.5519210696220398 0.008919715881347656 0.0072689056396484375
1 0.9915758371353149 0.5441328883171082 0.008919715881347656 0.008307337760925293
1 0.766105055809021 0.5415368676185608 0.005946516990661621 0.009345769882202148
1 0.630327045917511 0.5467289686203003 0.019821643829345703 0.021806836128234863
0 0.0034687810111790895 0.5389407873153687 0.006937562022358179 0.010384202003479004
1 0.8240832686424255 0.5332294702529907 0.020812630653381348 0.021806836128234863
0 0.8448959589004517 0.5238837003707886 0.008919715881347656 0.009345769882202148
0 0.27353814244270325 0.5197300314903259 0.009910821914672852 0.009345769882202148
0 0.332011878490448 0.5186915993690491 0.009910821914672852 0.009345769882202148
1 0.2636273503303528 0.5145379304885864 0.005946457386016846 0.009345769882202148
1 0.5436075329780579 0.5119418501853943 0.006937503814697266 0.010384202003479004
1 0.6313181519508362 0.5072689652442932 0.007928609848022461 0.009345769882202148
0 0.6570862531661987 0.5067497491836548 0.009910821914672852 0.010384202003479004
0 0.15510405600070953 0.5051921010017395 0.008919715881347656 0.0072689056396484375
1 0.35381564497947693 0.510384202003479 0.019821584224700928 0.021806836128234863
1 0.6005946397781372 0.5041536688804626 0.007928609848022461 0.01142263412475586
1 0.5827552080154419 0.5041536688804626 0.007928609848022461 0.01142263412475586
0 0.572844386100769 0.507268950343132 0.013875126838684082 0.01765313744544983
1 0.9658077359199524 0.4994807690382004 0.006937503814697266 0.00623050332069397
0 0.6615461111068726 0.5020768642425537 0.008919715881347656 0.01142263412475586
1 0.6387512683868408 0.5005192160606384 0.006937503814697266 0.010384202003479004
0 0.7249752283096313 0.4984423667192459 0.008919715881347656 0.012461036443710327
1 0.696233868598938 0.49792318046092987 0.008919715881347656 0.011422663927078247
1 0.5431119799613953 0.4963655322790146 0.005946516990661621 0.010384231805801392
1 0.009910801891237497 0.4948078989982605 0.011892962269484997 0.007268965244293213
0 0.6055500507354736 0.49428868293762207 0.009910821914672852 0.008307397365570068
1 0.766105055809021 0.49376946687698364 0.007928609848022461 0.009345769882202148
1 0.1337958462536335 0.5 0.01982160657644272 0.021806836128234863
0 0.5237859487533569 0.49013498425483704 0.008919715881347656 0.008307397365570068
0 0.15559960901737213 0.49065420031547546 0.007928639650344849 0.009345769882202148
1 0.2631318271160126 0.49065420031547546 0.008919715881347656 0.015576303005218506
0 0.21060456335544586 0.48546209931373596 0.008919715881347656 0.007268965244293213
1 0.6263627409934998 0.4875389337539673 0.019821643829345703 0.021806836128234863
1 0.7586719393730164 0.47663551568984985 0.008919715881347656 0.010384202003479004
1 0.11000990867614746 0.47455868124961853 0.009910807013511658 0.010384202003479004
0 0.37413281202316284 0.47300103306770325 0.008919715881347656 0.009345769882202148
1 0.4306243658065796 0.4735202491283417 0.008919715881347656 0.012461066246032715
1 0.8171457052230835 0.4740394651889801 0.020812630653381348 0.021806836128234863
1 0.27353814244270325 0.4615783989429474 0.009910821914672852 0.007268965244293213
1 0.010406343266367912 0.45950156450271606 0.010901883244514465 0.009345769882202148
1 0.2160554975271225 0.46417444944381714 0.019821614027023315 0.020768404006958008
1 0.6536174416542053 0.45534786581993103 0.004955410957336426 0.009345769882202148
1 0.5792863965034485 0.4532710313796997 0.008919715881347656 0.007268965244293213
1 0.2973240911960602 0.4569055140018463 0.019821584224700928 0.020768404006958008
1 0.013379584066569805 0.4496365487575531 0.00495540164411068 0.008307397365570068
1 0.6719524264335632 0.4491173326969147 0.005946516990661621 0.01142263412475586
1 0.5569871068000793 0.44704049825668335 0.005946516990661621 0.007268965244293213
0 0.7111001014709473 0.44859811663627625 0.006937503814697266 0.012461066246032715
0 0.7656095027923584 0.44548287987709045 0.008919715881347656 0.008307397365570068
0 0.7447968125343323 0.44859811663627625 0.008919715881347656 0.014537930488586426
1 0.44003963470458984 0.4444444477558136 0.007928669452667236 0.010384202003479004
1 0.7869177460670471 0.44704049825668335 0.019821643829345703 0.021806836128234863
0 0.7224975228309631 0.4392523467540741 0.011892914772033691 0.010384202003479004
1 0.9950445890426636 0.43509864807128906 0.009910821914672852 0.006230533123016357
1 0.4821605682373047 0.43509864807128906 0.008919715881347656 0.010384202003479004
0 0.6010901927947998 0.430425763130188 0.008919715881347656 0.009345769882202148
0 0.34440040588378906 0.430425763130188 0.006937563419342041 0.009345769882202148
1 0.42814669013023376 0.420560747385025 0.009910821914672852 0.006230533123016357
1 0.6754212379455566 0.4257528483867645 0.020812630653381348 0.020768404006958008
0 0.7527254819869995 0.4184839129447937 0.008919715881347656 0.008307397365570068
1 0.11248761415481567 0.4179646968841553 0.008919715881347656 0.009345769882202148
0 0.1823587715625763 0.4169262647628784 0.007928639650344849 0.009345769882202148
0 0.6863231062889099 0.4112149477005005 0.008919715881347656 0.012461066246032715
1 0.1337958462536335 0.41433021426200867 0.01982160657644272 0.020768404006958008
1 0.8657086491584778 0.4132917821407318 0.020812630653381348 0.020768404006958008
0 0.6437066197395325 0.40913811326026917 0.006937503814697266 0.012461066246032715
1 0.5896927714347839 0.4075804650783539 0.007928609848022461 0.009345769882202148
1 0.5877106189727783 0.4023883640766144 0.007928609848022461 0.009345769882202148
1 0.9524281620979309 0.3987538814544678 0.005946516990661621 0.008307397365570068
0 0.7363726496696472 0.39148494601249695 0.011892914772033691 0.014537930488586426
1 0.4365708529949188 0.3868120312690735 0.006937563419342041 0.009345769882202148
1 0.8077304363250732 0.38836967945098877 0.019821643829345703 0.020768404006958008
1 0.45787909626960754 0.3868120312690735 0.019821584224700928 0.021806836128234863
1 0.5847373604774475 0.3748702108860016 0.005946516990661621 0.008307397365570068
1 0.5604559183120728 0.37227413058280945 0.006937503814697266 0.01142263412475586
1 0.5515362024307251 0.36863967776298523 0.006937503814697266 0.008307397365570068
1 0.7472745180130005 0.3681204617023468 0.007928609848022461 0.009345769882202148
1 0.5703666806221008 0.36708202958106995 0.006937503814697266 0.01142263412475586
1 0.6283448934555054 0.36344754695892334 0.005946516990661621 0.012461066246032715
0 0.6015857458114624 0.3598130941390991 0.005946516990661621 0.009345769882202148
0 0.5872150659561157 0.3608514964580536 0.008919715881347656 0.01142263412475586
1 0.9772051572799683 0.35669782757759094 0.007928609848022461 0.005192101001739502
1 0.966303288936615 0.35721704363822937 0.009910821914672852 0.006230533123016357
1 0.8047571778297424 0.36033228039741516 0.019821643829345703 0.020768404006958008
1 0.7641229033470154 0.3541017770767212 0.005946516990661621 0.010384202003479004
0 0.7710604667663574 0.3520249128341675 0.007928609848022461 0.010384202003479004
1 0.733894944190979 0.3541017770767212 0.008919715881347656 0.01661473512649536
1 0.670961320400238 0.3504672944545746 0.005946516990661621 0.009345769882202148
1 0.2963330149650574 0.3504672944545746 0.019821584224700928 0.01142263412475586
1 0.18780970573425293 0.35462096333503723 0.018830537796020508 0.019730031490325928
1 0.7467789649963379 0.34942886233329773 0.006937503814697266 0.01349949836730957
1 0.27155598998069763 0.34787124395370483 0.007928669452667236 0.010384202003479004
1 0.7581763863563538 0.34267911314964294 0.005946516990661621 0.010384202003479004
1 0.42418235540390015 0.33385252952575684 0.007928669452667236 0.009345769882202148
0 0.966303288936615 0.3281412124633789 0.009910821914672852 0.010384202003479004
0 0.6337958574295044 0.32398754358291626 0.008919715881347656 0.006230533123016357
1 0.4816650152206421 0.3296988606452942 0.019821584224700928 0.019730031490325928
0 0.301783949136734 0.32346832752227783 0.006937563419342041 0.009345769882202148
0 0.540634274482727 0.3193146288394928 0.006937503814697266 0.009345769882202148
1 0.2150644212961197 0.3245067596435547 0.019821614027023315 0.021806836128234863
1 0.7418236136436462 0.30996885895729065 0.008919715881347656 0.005192101001739502
1 0.3216055631637573 0.31671857833862305 0.018830537796020508 0.020768404006958008
1 0.7155599594116211 0.3089304268360138 0.007928609848022461 0.007268965244293213
1 0.6660059690475464 0.31516095995903015 0.019821643829345703 0.019730031490325928
0 0.1818632334470749 0.30685359239578247 0.008919715881347656 0.007268965244293213
1 0.42368683218955994 0.30633437633514404 0.008919715881347656 0.010384202003479004
1 0.4539147615432739 0.30477672815322876 0.019821584224700928 0.019730031490325928
1 0.8255698680877686 0.3037383258342743 0.019821643829345703 0.019730031490325928
1 0.16154608130455017 0.30269989371299744 0.019821614027023315 0.019730031490325928
1 0.27205154299736023 0.29075804352760315 0.006937563419342041 0.010384202003479004
0 0.7180376648902893 0.29075804352760315 0.006937503814697266 0.012461066246032715
1 0.3211100101470947 0.28920042514801025 0.019821584224700928 0.019730031490325928
0 0.166997030377388 0.28193145990371704 0.008919715881347656 0.007268965244293213
0 0.7492566704750061 0.28193145990371704 0.007928609848022461 0.01142263412475586
1 0.11100099235773087 0.2762201428413391 0.009910807013511658 0.008307397365570068
1 0.9781962633132935 0.2720664441585541 0.011892914772033691 0.006230533123016357
1 0.8225966095924377 0.27673935890197754 0.019821643829345703 0.019730031490325928
1 0.5049554109573364 0.2741433084011078 0.018830537796020508 0.018691599369049072
1 0.18731416761875153 0.2741433084011078 0.019821614027023315 0.020768404006958008
0 0.3523290455341339 0.26635512709617615 0.008919715881347656 0.007268965244293213
1 0.2993062436580658 0.2590861916542053 0.007928669452667236 0.009345769882202148
1 0.6352824568748474 0.26323986053466797 0.019821643829345703 0.019730031490325928
1 0.9777007102966309 0.25129804015159607 0.008919715881347656 0.006230533123016357
1 0.7656095027923584 0.2538940981030464 0.020812630653381348 0.019730016589164734
1 0.1347869224846363 0.25129804015159607 0.01982160657644272 0.018691599369049072
0 0.8136768937110901 0.24350985884666443 0.007928609848022461 0.009345799684524536
0 0.1679881066083908 0.24350985884666443 0.006937563419342041 0.009345799684524536
1 0.5029732584953308 0.24766356498003006 0.018830537796020508 0.019730016589164734
1 0.5773042440414429 0.24195222556591034 0.008919715881347656 0.010384202003479004
1 0.26263627409935 0.24195222556591034 0.007928669452667236 0.010384202003479004
1 0.6070366501808167 0.2393561750650406 0.018830537796020508 0.01973000168800354
1 0.29335975646972656 0.23883697390556335 0.019821584224700928 0.020768433809280396
0 0.7428146600723267 0.22845275700092316 0.006937503814697266 0.014537900686264038
0 0.7210109233856201 0.22326064109802246 0.006937503814697266 0.010384202003479004
0 0.6000990867614746 0.21962617337703705 0.008919715881347656 0.007268965244293213
1 0.8434092998504639 0.22118380665779114 0.019821643829345703 0.018691599369049072
1 0.3671952486038208 0.2102803736925125 0.004955410957336426 0.009345799684524536
1 0.5579782128334045 0.20612668991088867 0.009910821914672852 0.005192101001739502
1 0.6308225989341736 0.21131879091262817 0.020812630653381348 0.01973000168800354
1 0.9395440816879272 0.20353063941001892 0.009910821914672852 0.006230533123016357
1 0.021308226510882378 0.2014537900686264 0.00495539978146553 0.010384202003479004
1 0.6977205276489258 0.19158878922462463 0.005946516990661621 0.01142263412475586
1 0.642715573310852 0.19158878922462463 0.006937503814697266 0.01142263412475586
1 0.013875124044716358 0.1858774721622467 0.007928641512989998 0.00830736756324768
0 0.23885034024715424 0.18639667332172394 0.013875126838684082 0.01142263412475586
0 0.7378592491149902 0.18483904004096985 0.006937503814697266 0.010384202003479004
1 0.966303288936615 0.18120457231998444 0.009910821914672852 0.005192101001739502
1 0.15659068524837494 0.18328140676021576 0.005946487188339233 0.009345799684524536
1 0.7249752283096313 0.180685356259346 0.008919715881347656 0.006230533123016357
1 0.7760158777236938 0.18120457231998444 0.005946516990661621 0.009345799684524536
0 0.760654091835022 0.17964693903923035 0.010901927947998047 0.006230533123016357
1 0.6848364472389221 0.180685356259346 0.005946516990661621 0.00830736756324768
0 0.202675923705101 0.18172377347946167 0.01090189814567566 0.012461066246032715
0 0.7026759386062622 0.1822429895401001 0.009910821914672852 0.017653167247772217
0 0.33894944190979004 0.17393562197685242 0.009910821914672852 0.007268965244293213
1 0.007928642211481929 0.16978193819522858 0.009910801891237497 0.005192101001739502
1 0.4013875126838684 0.17082035541534424 0.005946457386016846 0.009345799684524536
1 0.3622398376464844 0.17082035541534424 0.004955410957336426 0.009345799684524536
0 0.3840436041355133 0.16926272213459015 0.008919715881347656 0.010384202003479004
1 0.9712586998939514 0.16614745557308197 0.011892914772033691 0.006230533123016357
1 0.6575817465782166 0.16407060623168945 0.006937503814697266 0.00830736756324768
1 0.5901883244514465 0.16095535457134247 0.004955410957336426 0.010384202003479004
1 0.5262636542320251 0.1578400880098343 0.005946516990661621 0.00830736756324768
1 0.9524281620979309 0.15524402260780334 0.009910821914672852 0.005192101001739502
1 0.6090188026428223 0.15316718816757202 0.004955410957336426 0.009345799684524536
1 0.7041625380516052 0.14901350438594818 0.006937503814697266 0.009345799684524536
1 0.005946481600403786 0.1474558711051941 0.011892963200807571 0.006230533123016357
0 0.9781962633132935 0.14641743898391724 0.013875126838684082 0.00830736756324768
1 0.9405351877212524 0.14693665504455566 0.005946516990661621 0.009345799684524536
0 0.830525279045105 0.1334371715784073 0.007928609848022461 0.01142263412475586
1 0.1511397361755371 0.1318795382976532 0.012884050607681274 0.00830736756324768
1 0.1328047513961792 0.13084112107753754 0.007928639650344849 0.010384202003479004
1 0.009910802124068141 0.12824507057666779 0.009910801891237497 0.005192101001739502
0 0.11199206858873367 0.13084112107753754 0.017839446663856506 0.020768433809280396
0 0.1511397361755371 0.12357216700911522 0.016848355531692505 0.0103842094540596
1 0.9459861516952515 0.1163032203912735 0.006937503814697266 0.010384216904640198
1 0.935579776763916 0.11422637850046158 0.009910821914672852 0.006230533123016357
1 0.17740337550640106 0.09968847036361694 0.007928639650344849 0.00830736756324768
1 0.6298314929008484 0.09397715330123901 0.004955410957336426 0.007268950343132019
1 0.6437066197395325 0.09449636191129684 0.006937503814697266 0.010384216904640198
1 0.01982160471379757 0.08982346951961517 0.011892963200807571 0.007268950343132019
1 0.7656095027923584 0.08255451917648315 0.010901927947998047 0.013499483466148376
0 0.42814669013023376 0.0799584612250328 0.011892974376678467 0.00830736756324768
1 0.6367690563201904 0.07476635277271271 0.006937503814697266 0.006230533123016357
1 0.9509415030479431 0.06853582710027695 0.008919715881347656 0.006230533123016357
1 0.7472745180130005 0.06438213586807251 0.011892914772033691 0.006230533123016357
0 0.1818632334470749 0.06697819195687771 0.01486620306968689 0.015576321631669998
1 0.9841427206993103 0.04620976001024246 0.009910821914672852 0.005192108452320099
1 0.7561942338943481 0.04776739329099655 0.005946516990661621 0.008307375013828278
0 0.6214073300361633 0.0451713390648365 0.011892914772033691 0.00934579223394394
1 0.993062436580658 0.03946002200245857 0.013875126838684082 0.008307375013828278
0 0.09365708380937576 0.03011422697454691 0.010901883244514465 0.006230531260371208
1 0.2839444875717163 0.028037382289767265 0.012884020805358887 0.008307371288537979
1 0.9326065182685852 0.020768431946635246 0.009910821914672852 0.008307371288537979
0 0.5797819495201111 0.02024922100827098 0.007928609848022461 0.009345793165266514
1 0.9454905986785889 0.017133956775069237 0.009910821914672852 0.005192108452320099
1 0.7819623351097107 0.017653167247772217 0.007928609848022461 0.006230529397726059
0 0.6169474720954895 0.018172377720475197 0.008919715881347656 0.007268950343132019
0 0.7552031874656677 0.018691588193178177 0.005946516990661621 0.010384216904640198
1 0.25867193937301636 0.020249221473932266 0.009910821914672852 0.013499479740858078
0 0.2180376648902893 0.015057113021612167 0.015857279300689697 0.011422637850046158
0 0.6828542947769165 0.011941848322749138 0.011892914772033691 0.007268950343132019
1 0.9043607711791992 0.009865005733445287 0.008919715881347656 0.007268951740115881
1 0.20862239599227905 0.008826583391055465 0.006937563419342041 0.013499480206519365
0 0.2656095027923584 0.005711318925023079 0.007928669452667236 0.011422637850046158
