1 0.1377601585728444 0.9974039460020768 0.009910802775024777 0.005192107995846314
1 0.07433102081268583 0.9974039460020768 0.009910802775024777 0.005192107995846314
1 0.848364717542121 0.9968847352024922 0.011892963330029732 0.006230529595015576
1 0.39742319127849357 0.9963655244029076 0.005946481665014866 0.007268951194184839
1 0.3037661050545094 0.995846313603323 0.010901883052527254 0.006230529595015576
1 0.023785926660059464 0.9963655244029076 0.009910802775024777 0.007268951194184839
0 0.2849355797819623 0.9953271028037384 0.010901883052527254 0.009345794392523364
0 0.244796828543112 0.9937694704049844 0.011892963330029732 0.006230529595015576
1 0.622398414271556 0.9890965732087228 0.009910802775024777 0.005192107995846314
1 0.7324083250743311 0.9880581516095535 0.007928642220019821 0.005192107995846314
1 0.18087215064420217 0.990134994807892 0.006937561942517344 0.009345794392523364
1 0.8290386521308226 0.9875389408099688 0.010901883052527254 0.006230529595015576
1 0.40386521308225964 0.9890965732087228 0.014866204162537165 0.009345794392523364
0 0.8979187314172448 0.9875389408099688 0.009910802775024777 0.008307372793354102
1 0.5044598612487612 0.9885773624091381 0.005946481665014866 0.010384215991692628
1 0.31962338949454905 0.985981308411215 0.004955401387512388 0.009345794392523364
1 0.4217046580773043 0.9870197300103842 0.006937561942517344 0.013499480789200415
1 0.3434093161546085 0.9833852544132918 0.006937561942517344 0.006230529595015576
1 0.2527254707631318 0.9839044652128764 0.007928642220019821 0.01142263759086189
1 0.13330029732408324 0.9807892004153687 0.010901883052527254 0.007268951194184839
1 0.8414271555996036 0.9792315680166147 0.009910802775024777 0.006230529595015576
1 0.5678889990089198 0.980269989615784 0.009910802775024777 0.008307372793354102
1 0.20317145688800792 0.9787123572170301 0.007928642220019821 0.005192107995846314
1 0.14469772051536176 0.9807892004153687 0.009910802775024777 0.009345794392523364
1 0.9281466798810704 0.9781931464174455 0.008919722497522299 0.006230529595015576
1 0.10406342913776016 0.9766355140186916 0.007928642220019821 0.005192107995846314
1 0.6382556987115956 0.9781931464174455 0.007928642220019821 0.010384215991692628
1 0.6105054509415263 0.9750778816199377 0.009910802775024777 0.006230529595015576
1 0.5986124876114965 0.9745586708203531 0.009910802775024777 0.007268951194184839
1 0.5163528245787908 0.9735202492211839 0.009910802775024777 0.005192107995846314
1 0.8493557978196233 0.9724818276220145 0.007928642220019821 0.005192107995846314
1 0.33845391476709613 0.9724818276220145 0.006937561942517344 0.009345794392523364
1 0.686818632309217 0.9698857736240913 0.005946481665014866 0.010384215991692628
1 0.576808721506442 0.9678089304257529 0.007928642220019821 0.006230529595015576
1 0.6585728444003964 0.9657320872274143 0.008919722497522299 0.006230529595015576
1 0.29385530227948464 0.9631360332294912 0.008919722497522299 0.005192107995846314
1 0.5109018830525273 0.9641744548286605 0.004955401387512388 0.009345794392523364
1 0.8077304261645193 0.9636552440290758 0.005946481665014866 0.010384215991692628
1 0.7348860257680873 0.9600207684319834 0.008919722497522299 0.005192107995846314
1 0.3538156590683845 0.9600207684319834 0.009910802775024777 0.007268951194184839
0 0.9578790882061446 0.9579439252336449 0.008919722497522299 0.007268951194184839
1 0.45639246778989095 0.9574247144340602 0.008919722497522299 0.006230529595015576
1 0.8265609514370664 0.9548286604361371 0.007928642220019821 0.005192107995846314
1 0.49454905847373637 0.9558670820353063 0.009910802775024777 0.007268951194184839
1 0.410802775024777 0.9558670820353063 0.008919722497522299 0.007268951194184839
1 0.5624380574826561 0.9527518172377986 0.008919722497522299 0.005192107995846314
1 0.7224975222993062 0.9517133956386293 0.007928642220019821 0.007268951194184839
0 0.6337958374628345 0.9517133956386293 0.010901883052527254 0.009345794392523364
1 0.5936570862239842 0.9517133956386293 0.005946481665014866 0.009345794392523364
1 0.522794846382557 0.946521287642783 0.006937561942517344 0.005192107995846314
1 0.8424182358771061 0.9428868120456906 0.011892963330029732 0.006230529595015576
1 0.7492566897918731 0.9392523364485982 0.009910802775024777 0.005192107995846314
1 0.7978196233894945 0.9402907580477674 0.005946481665014866 0.009345794392523364
0 0.7646184340931615 0.9387331256490135 0.014866204162537165 0.008307372793354102
1 0.9890981169474727 0.9356178608515057 0.011892963330029732 0.006230529595015576
0 0.7210109018830525 0.9340602284527518 0.010901883052527254 0.009345794392523364
1 0.8186323092170465 0.9319833852544133 0.009910802775024777 0.007268951194184839
0 0.9663032705649157 0.9299065420560748 0.005946481665014866 0.009345794392523364
1 0.7651139742319127 0.9278296988577363 0.009910802775024777 0.005192107995846314
1 0.9375619425173439 0.9278296988577363 0.011892963330029732 0.007268951194184839
1 0.9117938553022795 0.9252336448598131 0.011892963330029732 0.006230529595015576
1 0.8171456888007929 0.9241952232606438 0.008919722497522299 0.006230529595015576
1 0.051040634291377604 0.926791277258567 0.008919722497522299 0.01142263759086189
1 0.869177403369673 0.9195223260643821 0.009910802775024777 0.005192107995846314
1 0.8855302279484638 0.9205607476635514 0.014866204162537165 0.009345794392523364
1 0.9256689791873142 0.9158878504672897 0.011892963330029732 0.006230529595015576
1 0.10604558969276512 0.9091381100726895 0.009910802775024777 0.005192107995846314
0 0.1377601585728444 0.9075804776739356 0.009910802775024777 0.010384215991692628
1 0.09712586719524281 0.9008307372793354 0.005946481665014866 0.009345794392523364
0 0.39345887016848363 0.893042575285566 0.011892963330029732 0.006230529595015576
0 0.13924677898909812 0.8925233644859814 0.006937561942517344 0.009345794392523364
1 0.16154608523290387 0.8982346832814122 0.02180376610505451 0.02284527518172378
1 0.277998017839445 0.8883696780893042 0.008919722497522299 0.005192107995846314
1 0.30574826560951435 0.8883696780893042 0.02081268582755203 0.023883696780893044
1 0.10703666997026759 0.8738317757009346 0.007928642220019821 0.009345794392523364
0 0.1962338949454906 0.8707165109034268 0.009910802775024777 0.009345794392523364
1 0.7180376610505451 0.8681204569055037 0.008919722497522299 0.006230529595015576
1 0.4796828543111992 0.8759086188992731 0.02180376610505451 0.023883696780893044
1 0.2666005946481665 0.8665628245067497 0.009910802775024777 0.01142263759086189
0 0.32755203171456887 0.8624091381100727 0.008919722497522299 0.007268951194184839
1 0.6219028741328048 0.8629283489096573 0.008919722497522299 0.010384215991692628
1 0.9732408325074331 0.8608515057113187 0.009910802775024777 0.010384215991692628
0 0.8364717542120912 0.8572170301142263 0.005946481665014866 0.009345794392523364
1 0.21853320118929634 0.8618899273104881 0.02081268582755203 0.02284527518172378
1 0.3622398414271556 0.8520249221183801 0.02081268582755203 0.023883696780893044
1 0.8875123885034688 0.8457943925233645 0.022794846382556987 0.023883696780893044
0 0.6580773042616452 0.838006230529595 0.009910802775024777 0.008307372793354102
0 0.4722497522299306 0.8354101765316718 0.008919722497522299 0.009345794392523364
0 0.5004955401387512 0.8333333333333334 0.009910802775024777 0.009345794392523364
0 0.5133795837462835 0.8328141225337488 0.009910802775024777 0.010384215991692628
1 0.27750247770069375 0.832294911734164 0.007928642220019821 0.009345794392523364
0 0.5426164519326065 0.8302180685358256 0.008919722497522299 0.009345794392523364
1 0.5649157581764123 0.8369678089304258 0.02180376610505451 0.024922118380062305
1 0.13230921704658077 0.8359293873312564 0.02081268582755203 0.02284527518172378
1 0.6184340931615461 0.8260643821391485 0.009910802775024777 0.005192107995846314
0 0.819623389494549 0.8255451713395638 0.009910802775024777 0.008307372793354102
0 0.1952428146679881 0.8229491173416407 0.007928642220019821 0.007268951194184839
0 0.1838453914767096 0.8234683281412254 0.008919722497522299 0.008307372793354102
0 0.6461843409316155 0.8213914849428868 0.009910802775024777 0.008307372793354102
1 0.6808721506442021 0.828141225337487 0.02180376610505451 0.023883696780893044
0 0.48265609514370666 0.8187954309449637 0.007928642220019821 0.007268951194184839
0 0.44598612487611494 0.8203530633437176 0.005946481665014866 0.010384215991692628
1 0.792368681863231 0.8172377985462098 0.008919722497522299 0.010384215991692628
1 0.33250743310208125 0.8208722741433022 0.02081268582755203 0.023883696780893044
1 0.45589692765113976 0.8130841121495327 0.007928642220019821 0.010384215991692628
0 0.16551040634291378 0.8110072689511942 0.009910802775024777 0.006230529595015576
0 0.3557978196233895 0.8104880581516095 0.009910802775024777 0.009345794392523364
0 0.8488602576808721 0.8063343717549325 0.008919722497522299 0.007268951194184839
1 0.9132804757185332 0.8115264797507789 0.02081268582755203 0.023883696780893044
1 0.6154608523290387 0.8032191069574247 0.005946481665014866 0.009345794392523364
0 0.6843409316154608 0.8021806853582555 0.008919722497522299 0.009345794392523364
1 0.6273538156590683 0.8016614745586709 0.007928642220019821 0.010384215991692628
1 0.26560951437066405 0.8011422637590861 0.009910802775024777 0.01142263759086189
0 0.5109018830525273 0.7995846313603323 0.010901883052527254 0.010384215991692628
1 0.5341922695738355 0.8052959501557633 0.02180376610505451 0.023883696780893044
0 0.8161546085232904 0.7928348909657321 0.008919722497522299 0.007268951194184839
0 0.15460852329038652 0.794392523364486 0.009910802775024777 0.010384215991692628
1 0.188800792864222 0.7995846313603323 0.02081268582755203 0.02284527518172378
1 0.790386521308226 0.7907580477673936 0.006937561942517344 0.009345794392523364
1 0.0044598612487611496 0.7876427829698858 0.008919722497522299 0.005192107995846314
1 0.7998017839444995 0.7860851505711319 0.009910802775024777 0.006230529595015576
1 0.7066402378592666 0.7933541017653167 0.02180376610505451 0.024922118380062305
0 0.29732408325074333 0.7840083073727934 0.007928642220019821 0.008307372793354102
1 0.788404360753221 0.7840083073727934 0.008919722497522299 0.010384215991692628
0 0.7284440039643211 0.7834890965732088 0.009910802775024777 0.01142263759086189
0 0.44301288404360756 0.7808930425752856 0.007928642220019821 0.010384215991692628
1 0.36025768087215065 0.7871235721703012 0.02081268582755203 0.02284527518172378
0 0.166005946481665 0.7782969885773624 0.008919722497522299 0.007268951194184839
0 0.38354806739345887 0.7767393561786086 0.009910802775024777 0.008307372793354102
1 0.10901883052527254 0.7767393561786086 0.005946481665014866 0.010384215991692628
1 0.8513379583746283 0.7824506749740394 0.02180376610505451 0.023883696780893044
0 0.21110009910802774 0.7736240913811008 0.007928642220019821 0.008307372793354102
0 0.8726461843409317 0.773104880581516 0.006937561942517344 0.009345794392523364
1 0.6134786917740337 0.768951194184839 0.005946481665014866 0.009345794392523364
1 0.5039643211100099 0.7757009345794392 0.02081268582755203 0.02284527518172378
0 0.7111000991080277 0.7679127725856698 0.006937561942517344 0.009345794392523364
0 0.12586719524281467 0.7642782969885774 0.007928642220019821 0.008307372793354102
0 0.624380574826561 0.7653167185877466 0.007928642220019821 0.016614745586708203
1 0.188800792864222 0.7684319833852544 0.02081268582755203 0.02284527518172378
0 0.8533201189296333 0.7596053997923157 0.009910802775024777 0.009345794392523364
0 0.8414271555996036 0.7585669781931464 0.007928642220019821 0.007268951194184839
1 0.7864222001982161 0.7596053997923157 0.008919722497522299 0.01142263759086189
0 0.22299306243805747 0.7570093457943925 0.009910802775024777 0.006230529595015576
1 0.6754212091179386 0.7627206645898235 0.02081268582755203 0.023883696780893044
0 0.9122893954410307 0.754932502596054 0.010901883052527254 0.010384215991692628
1 0.45242814667988107 0.754932502596054 0.008919722497522299 0.010384215991692628
1 0.7829534192269574 0.7523364485981309 0.005946481665014866 0.01142263759086189
1 0.33102081268582756 0.7570093457943925 0.02180376610505451 0.02284527518172378
1 0.4509415262636274 0.7492211838006231 0.005946481665014866 0.009345794392523364
0 0.5649157581764123 0.7466251298026999 0.007928642220019821 0.008307372793354102
1 0.8994053518334986 0.7388369678089304 0.006937561942517344 0.007268951194184839
0 0.6511397423191279 0.7403946002076843 0.009910802775024777 0.010384215991692628
0 0.6214073339940536 0.7305295950155763 0.007928642220019821 0.009345794392523364
0 0.8092170465807731 0.7284527518172378 0.008919722497522299 0.007268951194184839
1 0.7834489593657086 0.7279335410176532 0.006937561942517344 0.010384215991692628
0 0.6377601585728444 0.72533748701973 0.006937561942517344 0.009345794392523364
0 0.8518334985133796 0.72533748701973 0.008919722497522299 0.01142263759086189
1 0.6729435084241824 0.7305295950155763 0.02180376610505451 0.023883696780893044
1 0.7824578790882062 0.7217030114226376 0.008919722497522299 0.010384215991692628
0 0.8077304261645193 0.7149532710280374 0.009910802775024777 0.01142263759086189
1 0.21110009910802774 0.711318795430945 0.007928642220019821 0.008307372793354102
1 0.8731417244796829 0.7165109034267912 0.02180376610505451 0.02284527518172378
1 0.16105054509415262 0.7076843198338525 0.02081268582755203 0.021806853582554516
0 0.1273538156590684 0.7014537902388369 0.010901883052527254 0.009345794392523364
0 0.2745292368681863 0.7009345794392523 0.007928642220019821 0.012461059190031152
0 0.19474727452923687 0.6973001038421599 0.008919722497522299 0.007268951194184839
1 0.7289395441030724 0.6957424714434061 0.008919722497522299 0.006230529595015576
1 0.7091179385530227 0.6978193146417445 0.004955401387512388 0.010384215991692628
1 0.7918731417244796 0.6962616822429907 0.005946481665014866 0.009345794392523364
1 0.77998017839445 0.6962616822429907 0.005946481665014866 0.009345794392523364
0 0.22249752229930625 0.6952232606438213 0.008919722497522299 0.007268951194184839
1 0.7666005946481665 0.6921079958463136 0.004955401387512388 0.009345794392523364
0 0.5034687809712587 0.6895119418483905 0.009910802775024777 0.008307372793354102
1 0.7016848364717542 0.6874350986500519 0.007928642220019821 0.008307372793354102
1 0.7898909811694748 0.6853582554517134 0.007928642220019821 0.008307372793354102
1 0.10604558969276512 0.6843198338525441 0.009910802775024777 0.006230529595015576
0 0.5198216055500495 0.6848390446521287 0.006937561942517344 0.009345794392523364
1 0.3582755203171457 0.6915887850467289 0.02081268582755203 0.02284527518172378
0 0.18285431119920714 0.6827622014537902 0.008919722497522299 0.007268951194184839
0 0.3924677898909812 0.681723779854621 0.007928642220019821 0.009345794392523364
0 0.6456888007928642 0.677570093457944 0.008919722497522299 0.007268951194184839
0 0.7983151635282458 0.6770508826583593 0.006937561942517344 0.012461059190031152
0 0.4930624380574827 0.6734164070612668 0.008919722497522299 0.009345794392523364
1 0.27403369672943506 0.670301142263759 0.008919722497522299 0.005192107995846314
1 0.13230921704658077 0.6791277258566978 0.02081268582755203 0.02284527518172378
0 0.37809712586719524 0.6651090342679128 0.006937561942517344 0.009345794392523364
0 0.29484638255698714 0.657840083073728 0.008919722497522299 0.007268951194184839
1 0.7234886025768087 0.6635514018691588 0.02180376610505451 0.02284527518172378
0 0.5475718533201189 0.6526479750778816 0.008919722497522299 0.007268951194184839
0 0.3632309217046581 0.6526479750778816 0.008919722497522299 0.007268951194184839
1 0.4474727452923687 0.6526479750778816 0.008919722497522299 0.01142263759086189
1 0.8379583746283449 0.6552440290758048 0.02081268582755203 0.02284527518172378
0 0.8875123885034688 0.6443406022845275 0.006937561942517344 0.009345794392523364
0 0.13875123885034688 0.6401869158878505 0.007928642220019821 0.007268951194184839
1 0.1273538156590684 0.6396677050882659 0.008919722497522299 0.006230529595015576
0 0.792368681863231 0.6396677050882659 0.01288404360753221 0.008307372793354102
1 0.5247770069375619 0.6469366562824507 0.02081268582755203 0.02284527518172378
0 0.1838453914767096 0.6360332294911735 0.008919722497522299 0.007268951194184839
1 0.21655104063429137 0.6417445482866043 0.02081268582755203 0.02284527518172378
0 0.7775024777006938 0.6329179646936657 0.008919722497522299 0.009345794392523364
0 0.8676907829534193 0.6303219106957425 0.008919722497522299 0.008307372793354102
1 0.7210109018830525 0.632398753894081 0.02081268582755203 0.02284527518172378
1 0.32854311199207137 0.632398753894081 0.02081268582755203 0.02284527518172378
1 0.44796828543111994 0.6230529595015576 0.007928642220019821 0.006230529595015576
0 0.5307234886025768 0.622533748701973 0.006937561942517344 0.009345794392523364
1 0.8909811694747275 0.6209761163032191 0.02180376610505451 0.02284527518172378
1 0.6144697720515362 0.6116303219106958 0.005946481665014866 0.010384215991692628
1 0.2641228939544103 0.6105919003115264 0.006937561942517344 0.010384215991692628
0 0.16749256689791872 0.6079958463136034 0.007928642220019821 0.007268951194184839
1 0.9945490584737364 0.6064382139148494 0.004955401387512388 0.008307372793354102
0 0.7953419226957383 0.6017653167185878 0.006937561942517344 0.009345794392523364
1 0.2998017839444995 0.6043613707165109 0.02081268582755203 0.02284527518172378
0 0.12586719524281467 0.5960539979231568 0.007928642220019821 0.008307372793354102
1 0.9871159563924677 0.5934579439252337 0.007928642220019821 0.007268951194184839
1 0.7185332011892963 0.6012461059190031 0.019821605550049554 0.02284527518172378
1 0.8587710604558969 0.5919003115264797 0.02081268582755203 0.02284527518172378
1 0.6110009910802775 0.5825545171339563 0.006937561942517344 0.010384215991692628
0 0.1273538156590684 0.5809968847352025 0.008919722497522299 0.007268951194184839
1 0.49355797819623387 0.5877466251298027 0.02180376610505451 0.02284527518172378
0 0.21060455896927652 0.5737279335410177 0.008919722497522299 0.007268951194184839
1 0.6605550049554014 0.5752855659397715 0.02081268582755203 0.02284527518172378
1 0.354806739345887 0.5695742471443406 0.019821605550049554 0.021806853582554516
1 0.854806739345887 0.5612668743509865 0.022794846382556987 0.021806853582554516
1 0.9905847373637264 0.5519210799584632 0.008919722497522299 0.007268951194184839
1 0.9915758176412289 0.5441329179646937 0.008919722497522299 0.008307372793354102
1 0.7661050545094152 0.5415368639667705 0.005946481665014866 0.009345794392523364
1 0.6303270564915758 0.5467289719626168 0.019821605550049554 0.021806853582554516
0 0.003468780971258672 0.5389408099688473 0.006937561942517344 0.010384215991692628
1 0.8240832507433102 0.5332294911734164 0.02081268582755203 0.021806853582554516
0 0.8448959365708623 0.5238836967808931 0.008919722497522299 0.009345794392523364
0 0.27353815659068387 0.519730010384216 0.009910802775024777 0.009345794392523364
0 0.33201189296333 0.5186915887850467 0.009910802775024777 0.009345794392523364
1 0.26362735381565905 0.5145379023883697 0.005946481665014866 0.009345794392523364
1 0.543607532210109 0.5119418483904465 0.006937561942517344 0.010384215991692628
1 0.6313181367690783 0.5072689511941848 0.007928642220019821 0.009345794392523364
0 0.6570862239841427 0.5067497403946002 0.009910802775024777 0.010384215991692628
0 0.15510406342913777 0.5051921079958464 0.008919722497522299 0.007268951194184839
1 0.3538156590683845 0.5103842159916926 0.019821605550049554 0.021806853582554516
1 0.6005946481665014 0.504153686396677 0.007928642220019821 0.01142263759086189
1 0.5827552031714569 0.504153686396677 0.007928642220019821 0.01142263759086189
0 0.5728444003964321 0.5072689511941848 0.013875123885034688 0.017653167185877467
1 0.9658077304261645 0.4994807892004154 0.006937561942517344 0.006230529595015576
0 0.6615460852329038 0.5020768431983386 0.008919722497522299 0.01142263759086189
1 0.6387512388503469 0.5005192107995846 0.006937561942517344 0.010384215991692628
0 0.7249752229930624 0.4984423676012461 0.008919722497522299 0.012461059190031152
1 0.6962338949454906 0.4979231568016615 0.008919722497522299 0.01142263759086189
1 0.5431119920713577 0.4963655244029076 0.005946481665014866 0.010384215991692628
1 0.009910802775024777 0.4948078920041537 0.011892963330029732 0.007268951194184839
0 0.6055500495540139 0.49428868120456904 0.009910802775024777 0.008307372793354102
1 0.7661050545094152 0.4937694704049844 0.007928642220019821 0.009345794392523364
1 0.1337958374628345 0.5 0.019821605550049554 0.021806853582554516
0 0.5237859266600595 0.490134994807892 0.008919722497522299 0.008307372793354102
0 0.155599603567889 0.49065420560747663 0.007928642220019821 0.009345794392523364
1 0.26313181367690786 0.49065420560747663 0.008919722497522299 0.01557632398753894
0 0.21060455896927652 0.48546209761163034 0.008919722497522299 0.007268951194184839
1 0.626362735381566 0.48753894080996885 0.019821605550049554 0.021806853582554516
1 0.7586719524281467 0.4766355140186916 0.008919722497522299 0.010384215991692628
1 0.11000991080277503 0.4745586708203531 0.009910802775024777 0.010384215991692628
0 0.37413280475718536 0.4730010384215992 0.008919722497522299 0.009345794392523364
1 0.43062438057482655 0.4735202492211838 0.008919722497522299 0.012461059190031152
1 0.8171456888007929 0.4740394600207684 0.02081268582755203 0.021806853582554516
1 0.27353815659068387 0.46157840083073726 0.009910802775024777 0.007268951194184839
1 0.010406342913776016 0.45950155763239875 0.010901883052527254 0.009345794392523364
1 0.21605550049554015 0.46417445482866043 0.019821605550049554 0.020768431983385256
1 0.653617443012884 0.4553478712357217 0.004955401387512388 0.009345794392523364
1 0.5792864222001982 0.4532710280373832 0.008919722497522299 0.007268951194184839
1 0.29732408325074333 0.4569055036344756 0.019821605550049554 0.020768431983385256
1 0.013379583746283449 0.44963655244029077 0.004955401387512388 0.008307372793354102
1 0.6719524281466799 0.4491173416407061 0.005946481665014866 0.01142263759086189
1 0.5569871159563925 0.4470404984423676 0.005946481665014866 0.007268951194184839
0 0.7111000991080277 0.4485981308411215 0.006937561942517344 0.012461059190031152
0 0.765609514370664 0.4454828660436137 0.008919722497522299 0.008307372793354102
0 0.744796828543112 0.4485981308411215 0.008919722497522299 0.014537902388369679
1 0.4400396432111001 0.4444444444444444 0.007928642220019821 0.010384215991692628
1 0.7869177403369673 0.4470404984423676 0.019821605550049554 0.021806853582554516
0 0.7224975222993062 0.4392523364485981 0.011892963330029732 0.010384215991692628
1 0.9950445986124876 0.43509865005192105 0.009910802775024777 0.006230529595015576
1 0.4821605550049554 0.43509865005192105 0.008919722497522299 0.010384215991692628
0 0.6010901883052527 0.43042575285565937 0.008919722497522299 0.009345794392523364
0 0.344400396432111 0.43042575285565937 0.006937561942517344 0.009345794392523364
1 0.42814667988107036 0.4205607476635514 0.009910802775024777 0.006230529595015576
1 0.6754212091179386 0.4257528556593977 0.02081268582755203 0.020768431983385256
0 0.7527254707631318 0.4184839044652129 0.008919722497522299 0.008307372793354102
1 0.11248761149653122 0.4179646936656282 0.008919722497522299 0.009345794392523364
0 0.1823587710604559 0.416926272066459 0.007928642220019821 0.009345794392523364
0 0.6863230921704658 0.411214953271028 0.008919722497522299 0.012461059190031152
1 0.1337958374628345 0.4143302180685358 0.019821605550049554 0.020768431983385256
1 0.8657086223984143 0.4132917964693666 0.02081268582755203 0.020768431983385256
0 0.6437066402378593 0.4091381100726895 0.006937561942517344 0.012461059190031152
1 0.5896927651139743 0.4075804776739356 0.007928642220019821 0.009345794392523364
1 0.5877106045589693 0.40238836967808933 0.007928642220019821 0.009345794392523364
1 0.9524281466798811 0.3987538940809969 0.005946481665014866 0.008307372793354102
0 0.736372646184341 0.39148494288681207 0.011892963330029732 0.014537902388369679
1 0.43657086223984143 0.3868120456905504 0.006937561942517344 0.009345794392523364
1 0.8077304261645193 0.3883696780893043 0.019821605550049554 0.020768431983385256
1 0.4578790882061447 0.3868120456905504 0.019821605550049554 0.021806853582554516
1 0.5847373637264618 0.37487019730010385 0.005946481665014866 0.008307372793354102
1 0.5604558969276512 0.37227414330218067 0.006937561942517344 0.01142263759086189
1 0.5515361744301288 0.36863966770508827 0.006937561942517344 0.008307372793354102
1 0.7472745292368682 0.36812045690550366 0.007928642220019821 0.009345794392523364
1 0.570366699702676 0.3670820353063344 0.006937561942517344 0.01142263759086189
1 0.6283448959365708 0.363447559709242 0.005946481665014866 0.012461059190031152
0 0.6015857284440039 0.3598130841121495 0.005946481665014866 0.009345794392523364
0 0.5872150644202181 0.3608515057113188 0.008919722497522299 0.01142263759086189
1 0.977205153617443 0.35669781931464173 0.007928642220019821 0.005192107995846314
1 0.9663032705649157 0.3572170301142264 0.009910802775024777 0.006230529595015576
1 0.8047571853320119 0.3603322949117342 0.019821605550049554 0.020768431983385256
1 0.7641228939544104 0.3541017653167186 0.005946481665014866 0.010384215991692628
0 0.7710604558969276 0.35202492211838005 0.007928642220019821 0.010384215991692628
1 0.7338949454905848 0.3541017653167186 0.008919722497522299 0.016614745586708203
1 0.6709613478691774 0.35046728971962615 0.005946481665014866 0.009345794392523364
1 0.29633300297324083 0.35046728971962615 0.019821605550049554 0.01142263759086189
1 0.18780971258671952 0.3546209761163032 0.018830525272547076 0.01973001038421599
1 0.7467789890981169 0.3494288681204569 0.006937561942517344 0.013499480789200415
1 0.27155599603567887 0.34787123572170303 0.007928642220019821 0.010384215991692628
1 0.7581764122893955 0.3426791277258567 0.005946481665014866 0.010384215991692628
1 0.4241823587710605 0.333852544132918 0.007928642220019821 0.009345794392523364
0 0.9663032705649157 0.328141225337487 0.009910802775024777 0.010384215991692628
0 0.6337958374628345 0.32398753894080995 0.008919722497522299 0.006230529595015576
1 0.48166501486620417 0.3296988577362409 0.019821605550049554 0.01973001038421599
0 0.30178394449950446 0.32346832814122534 0.006937561942517344 0.009345794392523364
0 0.5406342913776016 0.31931464174454827 0.006937561942517344 0.009345794392523364
1 0.21506442021803765 0.3245067497403946 0.019821605550049554 0.021806853582554516
1 0.7418235877106045 0.3099688473520249 0.008919722497522299 0.005192107995846314
1 0.321605550049554 0.31671858774662515 0.018830525272547076 0.020768431983385256
1 0.7155599603567889 0.3089304257528557 0.007928642220019821 0.007268951194184839
1 0.666005946481665 0.31516095534787125 0.019821605550049554 0.01973001038421599
0 0.18186323092170467 0.3068535825545171 0.008919722497522299 0.007268951194184839
1 0.4236868186323092 0.3063343717549325 0.008919722497522299 0.010384215991692628
1 0.45391476709613476 0.3047767393561786 0.019821605550049554 0.01973001038421599
1 0.8255698711595639 0.3037383177570093 0.019821605550049554 0.01973001038421599
1 0.16154608523290387 0.3026998961578401 0.019821605550049554 0.01973001038421599
1 0.2720515361744301 0.29075804776739356 0.006937561942517344 0.010384215991692628
0 0.7180376610505451 0.29075804776739356 0.006937561942517344 0.012461059190031152
1 0.3211100099108028 0.28920041536863966 0.019821605550049554 0.01973001038421599
0 0.1669970267591675 0.2819314641744548 0.008919722497522299 0.007268951194184839
0 0.7492566897918731 0.2819314641744548 0.007928642220019821 0.01142263759086189
1 0.1110009910802775 0.2762201453790239 0.009910802775024777 0.008307372793354102
1 0.9781962338949455 0.2720664589823468 0.011892963330029732 0.006230529595015576
1 0.8225966303270565 0.2767393561786085 0.019821605550049554 0.01973001038421599
1 0.5049554013875124 0.27414330218068533 0.018830525272547076 0.018691588785046728
1 0.18731417244796827 0.27414330218068533 0.019821605550049554 0.020768431983385256
0 0.35232903865213083 0.26635514018691586 0.008919722497522299 0.007268951194184839
1 0.2993062438057483 0.25908618899273106 0.007928642220019821 0.009345794392523364
1 0.6352824578790882 0.2632398753894081 0.019821605550049554 0.01973001038421599
1 0.9777006937561943 0.2512980269989616 0.008919722497522299 0.006230529595015576
1 0.765609514370664 0.2538940809968847 0.02081268582755203 0.01973001038421599
1 0.13478691774033696 0.2512980269989616 0.019821605550049554 0.018691588785046728
0 0.8136769078295342 0.24350986500519212 0.007928642220019821 0.009345794392523364
0 0.16798810703666997 0.24350986500519212 0.006937561942517344 0.009345794392523364
1 0.5029732408325074 0.24766355140186916 0.018830525272547076 0.01973001038421599
1 0.5773042616451932 0.24195223260643822 0.008919722497522299 0.010384215991692628
1 0.2626362735381566 0.24195223260643822 0.007928642220019821 0.010384215991692628
1 0.6070366699702676 0.23935617860851505 0.018830525272547076 0.01973001038421599
1 0.2933597621407334 0.23883696780893043 0.019821605550049554 0.020768431983385256
0 0.742814667988107 0.2284527518172378 0.006937561942517344 0.014537902388369679
0 0.7210109018830525 0.2232606438213915 0.006937561942517344 0.010384215991692628
0 0.6000991080277502 0.21962616822429906 0.008919722497522299 0.007268951194184839
1 0.8434093161546086 0.22118380062305296 0.019821605550049554 0.018691588785046728
1 0.367195242814668 0.2102803738317757 0.004955401387512388 0.009345794392523364
1 0.557978196233895 0.20612668743509865 0.009910802775024777 0.005192107995846314
1 0.630822596630327 0.21131879543094495 0.02081268582755203 0.01973001038421599
1 0.9395441030723488 0.2035306334371755 0.009910802775024777 0.006230529595015576
1 0.02130822596630327 0.20145379023883697 0.004955401387512388 0.010384215991692628
1 0.6977205153617443 0.19158878504672897 0.005946481665014866 0.01142263759086189
1 0.6427155599603568 0.19158878504672897 0.006937561942517344 0.01142263759086189
1 0.013875123885034688 0.18587746625129803 0.007928642220019821 0.008307372793354102
0 0.23885034687809711 0.18639667705088267 0.013875123885034688 0.01142263759086189
0 0.7378592666005946 0.18483904465212878 0.006937561942517344 0.010384215991692628
1 0.9663032705649157 0.18120456905503635 0.009910802775024777 0.005192107995846314
1 0.1565906838453915 0.18328141225337488 0.005946481665014866 0.009345794392523364
1 0.7249752229930624 0.1806853582554517 0.008919722497522299 0.006230529595015576
1 0.77601585728444 0.18120456905503635 0.005946481665014866 0.009345794392523364
0 0.7606541129831517 0.17964693665628245 0.010901883052527254 0.006230529595015576
1 0.6848364717542121 0.1806853582554517 0.005946481665014866 0.008307372793354102
0 0.2026759167492567 0.181723779854621 0.010901883052527254 0.012461059190031152
0 0.7026759167492567 0.1822429906542056 0.009910802775024777 0.017653167185877467
0 0.3389494549058474 0.17393561786085152 0.009910802775024777 0.007268951194184839
1 0.007928642220019821 0.16978193146417445 0.009910802775024777 0.005192107995846314
1 0.40138751238850345 0.17082035306334373 0.005946481665014866 0.009345794392523364
1 0.3622398414271556 0.17082035306334373 0.004955401387512388 0.009345794392523364
0 0.3840436075322101 0.16926272066458983 0.008919722497522299 0.010384215991692628
1 0.9712586719524281 0.16614745586708204 0.011892963330029732 0.006230529595015576
1 0.6575817641228939 0.1640706126687435 0.006937561942517344 0.008307372793354102
1 0.5901883052527255 0.16095534787123572 0.004955401387512388 0.010384215991692628
1 0.5262636273538157 0.15784008307372793 0.005946481665014866 0.008307372793354102
1 0.9524281466798811 0.15524402907580478 0.009910802775024777 0.005192107995846314
1 0.6090188305252725 0.15316718587746625 0.004955401387512388 0.009345794392523364
1 0.7041625371655104 0.1490134994807892 0.006937561942517344 0.009345794392523364
1 0.005946481665014866 0.1474558670820353 0.011892963330029732 0.006230529595015576
0 0.9781962338949455 0.14641744548286603 0.013875123885034688 0.008307372793354102
1 0.9405351833498513 0.14693665628245067 0.005946481665014866 0.009345794392523364
0 0.8305252725470763 0.13343717549325027 0.007928642220019821 0.01142263759086189
1 0.15113974231912786 0.13187954309449637 0.01288404360753221 0.008307372793354102
1 0.13280475718533202 0.1308411214953271 0.007928642220019821 0.010384215991692628
1 0.009910802775024777 0.12824506749740394 0.009910802775024777 0.005192107995846314
0 0.11199207135777998 0.1308411214953271 0.017839444995044598 0.020768431983385256
0 0.15113974231912786 0.12357217030114226 0.01684836471754212 0.010384215991692628
1 0.945986124876115 0.11630321910695743 0.006937561942517344 0.010384215991692628
1 0.9355797819623389 0.1142263759086189 0.009910802775024777 0.006230529595015576
1 0.1774033696729435 0.09968847352024922 0.007928642220019821 0.008307372793354102
1 0.6298315163528245 0.09397715472481828 0.004955401387512388 0.007268951194184839
1 0.6437066402378593 0.09449636552440291 0.006937561942517344 0.010384215991692628
1 0.019821605550049554 0.08982346832814123 0.011892963330029732 0.007268951194184839
1 0.765609514370664 0.08255451713395638 0.010901883052527254 0.013499480789200415
0 0.42814667988107036 0.07995846313603323 0.011892963330029732 0.008307372793354102
1 0.6367690782953419 0.07476635514018691 0.006937561942517344 0.006230529595015576
1 0.9509415262636274 0.06853582554517133 0.008919722497522299 0.006230529595015576
1 0.7472745292368682 0.06438213914849429 0.011892963330029732 0.006230529595015576
0 0.18186323092170467 0.06697819314641744 0.014866204162537165 0.01557632398753894
1 0.9841427155599604 0.046209761163032194 0.009910802775024777 0.005192107995846314
1 0.7561942517343905 0.04776739356178609 0.005946481665014866 0.008307372793354102
0 0.6214073339940536 0.045171339563862926 0.011892963330029732 0.009345794392523364
1 0.9930624380574826 0.03946002076843198 0.013875123885034688 0.008307372793354102
0 0.09365708622398414 0.030114226375908618 0.010901883052527254 0.006230529595015576
1 0.2839444995044599 0.028037383177570093 0.01288404360753221 0.008307372793354102
1 0.9326065411298315 0.020768431983385256 0.009910802775024777 0.008307372793354102
0 0.5797819623389494 0.020249221183800622 0.007928642220019821 0.009345794392523364
1 0.9454905847373637 0.017133956386292833 0.009910802775024777 0.005192107995846314
1 0.7819623389494549 0.017653167185877467 0.007928642220019821 0.006230529595015576
0 0.6169474727452924 0.018172377985462097 0.008919722497522299 0.007268951194184839
0 0.755203171456888 0.018691588785046728 0.005946481665014866 0.010384215991692628
1 0.25867195242814667 0.020249221183800622 0.009910802775024777 0.013499480789200415
0 0.2180376610505451 0.015057113187954309 0.015857284440039643 0.01142263759086189
0 0.6828543111992071 0.011941848390446522 0.011892963330029732 0.007268951194184839
1 0.904360753221011 0.009865005192107996 0.008919722497522299 0.007268951194184839
1 0.20862239841427155 0.008826583592938734 0.006937561942517344 0.013499480789200415
0 0.26560951437066405 0.005711318795430945 0.007928642220019821 0.01142263759086189