1 0.8629893064498901 0.9967741966247559 0.0071173906326293945 0.006451606750488281
1 0.14279359579086304 0.9967741966247559 0.009786486625671387 0.006451606750488281
1 0.8425266742706299 0.9963133931159973 0.008896827697753906 0.007373213768005371
1 0.8532028198242188 0.995852530002594 0.010676145553588867 0.008294939994812012
1 0.5311387777328491 0.9930875301361084 0.0071173906326293945 0.004608273506164551
1 0.4208185076713562 0.9926267266273499 0.00889676809310913 0.007373213768005371
1 0.995551586151123 0.9903225898742676 0.008896827697753906 0.004608273506164551
1 0.5547152757644653 0.991705060005188 0.008007168769836426 0.007373213768005371
1 0.9661921858787537 0.9898617267608643 0.008896827697753906 0.005529999732971191
1 0.9564056992530823 0.9907833933830261 0.010676145553588867 0.007373213768005371
1 0.641459047794342 0.991705060005188 0.0071173906326293945 0.009216547012329102
1 0.9644128084182739 0.9838709831237793 0.008896827697753906 0.004608273506164551
1 0.3380782902240753 0.9663594365119934 0.00889676809310913 0.004608273506164551
1 0.054270461201667786 0.9433179497718811 0.010676160454750061 0.010138273239135742
1 0.9884341359138489 0.934101402759552 0.008896827697753906 0.010138273239135742
1 0.10943060368299484 0.9290322661399841 0.008896797895431519 0.005529999732971191
1 0.09919928759336472 0.9294930696487427 0.009786471724510193 0.006451606750488281
0 0.20151245594024658 0.9294930696487427 0.00800710916519165 0.008294939994812012
0 0.14279359579086304 0.929953932762146 0.009786486625671387 0.009216547012329102
0 0.21886120736598969 0.9285714030265808 0.00711745023727417 0.008294939994812012
0 0.517793595790863 0.9267281293869019 0.012455463409423828 0.006451606750488281
0 0.13033807277679443 0.9290322661399841 0.009786486625671387 0.011059880256652832
1 0.8403024673461914 0.9244239926338196 0.008007168769836426 0.005529999732971191
0 0.3661032021045685 0.92580646276474 0.006227731704711914 0.008294939994812012
0 0.7041814923286438 0.9248847961425781 0.009786486625671387 0.010138273239135742
0 0.6926156878471375 0.9244239926338196 0.009786486625671387 0.009216547012329102
1 0.64724200963974 0.9221197962760925 0.009786486625671387 0.006451606750488281
0 0.9399465918540955 0.9221197962760925 0.009786486625671387 0.008294939994812012
0 0.8696619272232056 0.9230414628982544 0.011565804481506348 0.010138273239135742
0 0.7655693888664246 0.9225806593894958 0.008007168769836426 0.009216547012329102
0 0.6770462393760681 0.9225806593894958 0.0071173906326293945 0.009216547012329102
0 0.586298942565918 0.9235023260116577 0.010676145553588867 0.011059880256652832
0 0.8821174502372742 0.921658992767334 0.008007168769836426 0.009216547012329102
0 0.8518683314323425 0.9221197962760925 0.009786486625671387 0.010138273239135742
0 0.9105871915817261 0.9211981296539307 0.009786486625671387 0.010138273239135742
0 0.8981316685676575 0.9211981296539307 0.009786486625671387 0.010138273239135742
1 0.10943060368299484 0.9188939929008484 0.008896797895431519 0.005529999732971191
0 0.9279359579086304 0.9207373261451721 0.010676145553588867 0.011059880256652832
0 0.09830960631370544 0.9202765226364136 0.009786471724510193 0.010138273239135742
1 0.2749110460281372 0.9207373261451721 0.00889676809310913 0.012903213500976562
1 0.6436832547187805 0.9152073860168457 0.004448413848876953 0.009216547012329102
1 0.16637010872364044 0.9211981296539307 0.021352320909500122 0.023041486740112305
1 0.8225088715553284 0.9170507192611694 0.009786486625671387 0.016589879989624023
0 0.23220640420913696 0.9138248562812805 0.008896797895431519 0.010138273239135742
0 0.2028469741344452 0.913364052772522 0.00711745023727417 0.009216547012329102
0 0.30738434195518494 0.9115207195281982 0.00800710916519165 0.007373213768005371
0 0.18994662165641785 0.913364052772522 0.009786486625671387 0.011059880256652832
1 0.34341636300086975 0.9188939929008484 0.021352291107177734 0.023963093757629395
0 0.6766014099121094 0.9110599160194397 0.008007168769836426 0.010138273239135742
0 0.5871886014938354 0.9096774458885193 0.0071173906326293945 0.007373213768005371
1 0.4915480315685272 0.917511522769928 0.02224200963973999 0.023041486740112305
0 0.7646797299385071 0.9101382493972778 0.009786486625671387 0.010138273239135742
0 0.5725088715553284 0.9105990529060364 0.009786486625671387 0.011059880256652832
0 0.5573843121528625 0.909216582775116 0.008007168769836426 0.008294939994812012
0 0.5440391302108765 0.9101382493972778 0.009786486625671387 0.010138273239135742
0 0.5146797299385071 0.9105990529060364 0.011565804481506348 0.011059880256652832
0 0.7339857816696167 0.9078341126441956 0.0071173906326293945 0.007373213768005371
0 0.7219750881195068 0.9087557792663574 0.009786486625671387 0.009216547012329102
0 0.7050711512565613 0.9110599160194397 0.011565804481506348 0.013824939727783203
0 0.9261565804481506 0.9078341126441956 0.0071173906326293945 0.009216547012329102
0 0.8692170977592468 0.9073732495307922 0.008896827697753906 0.008294939994812012
0 0.8523131608963013 0.9087557792663574 0.008896827697753906 0.011059880256652832
0 0.7504448294639587 0.909216582775116 0.011565804481506348 0.011981606483459473
0 0.9101423621177673 0.9078341126441956 0.010676145553588867 0.011059880256652832
0 0.9395017623901367 0.9069124460220337 0.010676145553588867 0.011059880256652832
0 0.8981316685676575 0.9069124460220337 0.009786486625671387 0.011059880256652832
0 0.12900355458259583 0.896774172782898 0.00711745023727417 0.007373213768005371
0 0.20017793774604797 0.8972350358963013 0.012455523014068604 0.010138273239135742
1 0.5733985900878906 0.8940092325210571 0.008007168769836426 0.005529999732971191
0 0.3798932433128357 0.8940092325210571 0.00711745023727417 0.007373213768005371
1 0.2882562279701233 0.894930899143219 0.00711745023727417 0.009216547012329102
1 0.2771352231502533 0.8944700360298157 0.00800710916519165 0.008294939994812012
0 0.18905693292617798 0.8953917026519775 0.00800710916519165 0.010138273239135742
1 0.7504448294639587 0.8926267027854919 0.008007168769836426 0.006451606750488281
0 0.39546263217926025 0.8935483694076538 0.006227731704711914 0.008294939994812012
0 0.3674377202987671 0.8940092325210571 0.00889676809310913 0.009216547012329102
0 0.14412811398506165 0.8953917026519775 0.010676145553588867 0.011981606483459473
0 0.35186833143234253 0.8935483694076538 0.006227731704711914 0.010138273239135742
0 0.6610320210456848 0.8921658992767334 0.008896827697753906 0.009216547012329102
0 0.5422598123550415 0.8921658992767334 0.008007168769836426 0.009216547012329102
0 0.5258007049560547 0.8930875658988953 0.010676145553588867 0.011059880256652832
0 0.7339857816696167 0.8912442326545715 0.0071173906326293945 0.009216547012329102
0 0.5854092240333557 0.8917050957679749 0.008896827697753906 0.010138273239135742
0 0.6734875440597534 0.8917050957679749 0.012455463409423828 0.011981606483459473
0 0.9399465918540955 0.8898617625236511 0.008007168769836426 0.010138273239135742
0 0.9096975326538086 0.8903225660324097 0.009786486625671387 0.011059880256652832
0 0.8807829022407532 0.8898617625236511 0.010676145553588867 0.010138273239135742
0 0.8674377202987671 0.8898617625236511 0.010676145553588867 0.010138273239135742
0 0.7637900114059448 0.890783429145813 0.009786486625671387 0.011981606483459473
0 0.5569394826889038 0.890783429145813 0.010676145553588867 0.011981606483459473
0 0.6445729732513428 0.8889400959014893 0.009786486625671387 0.010138273239135742
0 0.5129003524780273 0.8903225660324097 0.009786486625671387 0.012903213500976562
1 0.810943067073822 0.8880184292793274 0.009786486625671387 0.010138273239135742
0 0.8358541131019592 0.8880184292793274 0.008007168769836426 0.011981606483459473
0 0.13078291714191437 0.8820276260375977 0.008896797895431519 0.007373213768005371
0 0.2028469741344452 0.8806451559066772 0.00711745023727417 0.006451606750488281
0 0.17304269969463348 0.8815668225288391 0.009786486625671387 0.008294939994812012
0 0.1596975028514862 0.8815668225288391 0.00800710916519165 0.008294939994812012
1 0.8100534081459045 0.8815668225288391 0.009786486625671387 0.010138273239135742
1 0.6441280841827393 0.8792626857757568 0.008896827697753906 0.005529999732971191
0 0.6338967680931091 0.8843318223953247 0.008007168769836426 0.015668153762817383
1 0.22597864270210266 0.8884792923927307 0.021352320909500122 0.023963093757629395
1 0.314056932926178 0.8875576257705688 0.021352291107177734 0.023963093757629395
0 0.4096975028514862 0.8788018226623535 0.006227731704711914 0.008294939994812012
0 0.39679715037345886 0.878341019153595 0.00889676809310913 0.007373213768005371
0 0.3665480315685272 0.8806451559066772 0.010676145553588867 0.011981606483459473
1 0.4911032170057297 0.8852534294128418 0.021352320909500122 0.023041486740112305
0 0.3389679789543152 0.8788018226623535 0.010676145553588867 0.010138273239135742
0 0.7344306111335754 0.8774193525314331 0.008007168769836426 0.009216547012329102
0 0.939056932926178 0.8760368824005127 0.009786486625671387 0.010138273239135742
0 0.9096975326538086 0.8764976859092712 0.009786486625671387 0.011059880256652832
0 0.8812277317047119 0.8764976859092712 0.008007168769836426 0.011059880256652832
0 0.7495551705360413 0.8769585490226746 0.009786486625671387 0.011981606483459473
0 0.6623665690422058 0.8751152157783508 0.009786486625671387 0.008294939994812012
0 0.89724200963974 0.8755760192871094 0.009786486625671387 0.011059880256652832
0 0.8683273792266846 0.8755760192871094 0.012455463409423828 0.011059880256652832
0 0.16103202104568481 0.8654378056526184 0.00711745023727417 0.007373213768005371
1 0.4577402174472809 0.8635944724082947 0.00800710916519165 0.005529999732971191
0 0.40791815519332886 0.8631336688995361 0.00800710916519165 0.008294939994812012
0 0.3674377202987671 0.8626728057861328 0.00889676809310913 0.007373213768005371
0 0.30738434195518494 0.8631336688995361 0.00800710916519165 0.008294939994812012
0 0.14546263217926025 0.8635944724082947 0.006227761507034302 0.009216547012329102
1 0.2758007049560547 0.8631336688995361 0.00889676809310913 0.010138273239135742
0 0.7317615747451782 0.8603686690330505 0.008007168769836426 0.006451606750488281
0 0.4964412897825241 0.861751139163971 0.010676175355911255 0.009216547012329102
0 0.8380783200263977 0.8599078059196472 0.008896827697753906 0.007373213768005371
0 0.5556049942970276 0.8608294725418091 0.009786486625671387 0.009216547012329102
0 0.8491992950439453 0.8594470024108887 0.009786486625671387 0.008294939994812012
0 0.7615658640861511 0.8589861989021301 0.008896827697753906 0.009216547012329102
0 0.7491103410720825 0.8594470024108887 0.008896827697753906 0.010138273239135742
0 0.7193060517311096 0.8585253357887268 0.008007168769836426 0.008294939994812012
0 0.7015124559402466 0.8599078059196472 0.011565804481506348 0.011059880256652832
0 0.543149471282959 0.8594470024108887 0.009786486625671387 0.010138273239135742
1 0.940391480922699 0.8576036691665649 0.0071173906326293945 0.008294939994812012
1 0.8941280841827393 0.8566820025444031 0.005338072776794434 0.008294939994812012
1 0.2869217097759247 0.8594470024108887 0.009786486625671387 0.015668153762817383
1 0.8100534081459045 0.855760395526886 0.008007168769836426 0.010138273239135742
1 0.2758007049560547 0.8539170622825623 0.00889676809310913 0.006451606750488281
1 0.10943060368299484 0.8580645322799683 0.010676160454750061 0.016589879989624023
1 0.22597864270210266 0.8566820025444031 0.021352320909500122 0.023041486740112305
0 0.2028469741344452 0.8488479256629944 0.008896797895431519 0.007373213768005371
0 0.19039146602153778 0.8497695922851562 0.010676145553588867 0.009216547012329102
0 0.17393238842487335 0.8493087291717529 0.00800710916519165 0.008294939994812012
1 0.8202847242355347 0.8525345325469971 0.008896827697753906 0.016589879989624023
1 0.8091636896133423 0.8493087291717529 0.009786486625671387 0.010138273239135742
1 0.3443060517311096 0.8548387289047241 0.021352291107177734 0.023041486740112305
0 0.320729523897171 0.8488479256629944 0.009786486625671387 0.011059880256652832
0 0.3082740306854248 0.847465455532074 0.009786486625671387 0.008294939994812012
0 0.37944838404655457 0.8465437889099121 0.009786486625671387 0.008294939994812012
0 0.7046263217926025 0.8456221222877502 0.0071173906326293945 0.008294939994812012
0 0.5720640420913696 0.8451613187789917 0.0071173906326293945 0.007373213768005371
1 0.5195729732513428 0.8529953956604004 0.021352291107177734 0.023041486740112305
0 0.4839857518672943 0.8456221222877502 0.00889676809310913 0.008294939994812012
0 0.586298942565918 0.8465437889099121 0.008896827697753906 0.011981606483459473
0 0.9083629846572876 0.8437787890434265 0.008896827697753906 0.008294939994812012
0 0.8954626321792603 0.8447004556655884 0.009786486625671387 0.010138273239135742
0 0.8790035843849182 0.8442396521568298 0.008896827697753906 0.009216547012329102
0 0.8367437720298767 0.8437787890434265 0.009786486625671387 0.008294939994812012
0 0.6721529960632324 0.843317985534668 0.009786486625671387 0.007373213768005371
0 0.6605871915817261 0.8451613187789917 0.009786486625671387 0.011059880256652832
0 0.5551601648330688 0.8437787890434265 0.008896827697753906 0.008294939994812012
0 0.4959964454174042 0.8447004556655884 0.011565864086151123 0.010138273239135742
0 0.8661032319068909 0.8442396521568298 0.009786486625671387 0.011059880256652832
0 0.7482206225395203 0.8451613187789917 0.010676145553588867 0.012903213500976562
0 0.7313167452812195 0.8428571224212646 0.008896827697753906 0.008294939994812012
0 0.6899465918540955 0.8447004556655884 0.009786486625671387 0.011981606483459473
0 0.1312277615070343 0.8336405754089355 0.00800710916519165 0.008294939994812012
0 0.17304269969463348 0.8331797122955322 0.009786486625671387 0.009216547012329102
0 0.14501778781414032 0.8331797122955322 0.00711745023727417 0.009216547012329102
0 0.5551601648330688 0.8294931054115295 0.0071173906326293945 0.007373213768005371
0 0.36788254976272583 0.8304147720336914 0.009786486625671387 0.009216547012329102
1 0.836298942565918 0.8281105756759644 0.0071173906326293945 0.006451606750488281
0 0.5435943007469177 0.8294931054115295 0.010676145553588867 0.009216547012329102
0 0.4977758079767227 0.8290322422981262 0.008007138967514038 0.008294939994812012
0 0.3202846944332123 0.8304147720336914 0.010676145553588867 0.011059880256652832
0 0.3078291714191437 0.8304147720336914 0.010676145553588867 0.011059880256652832
0 0.6730427145957947 0.8281105756759644 0.008007168769836426 0.008294939994812012
0 0.3798932433128357 0.8290322422981262 0.00889676809310913 0.010138273239135742
1 0.10097865015268326 0.8285714387893677 0.004448398947715759 0.009216547012329102
0 0.748665452003479 0.8276497721672058 0.011565804481506348 0.009216547012329102
0 0.48443061113357544 0.8281105756759644 0.009786486625671387 0.010138273239135742
1 0.11076512187719345 0.8285714387893677 0.006227761507034302 0.011059880256652832
1 0.8500889539718628 0.8262673020362854 0.006227731704711914 0.008294939994812012
0 0.7304270267486572 0.8276497721672058 0.010676145553588867 0.011059880256652832
0 0.9395017623901367 0.8258064389228821 0.0071173906326293945 0.009216547012329102
0 0.9239323735237122 0.8262673020362854 0.008007168769836426 0.010138273239135742
0 0.9088078141212463 0.8262673020362854 0.008007168769836426 0.010138273239135742
0 0.8950178027153015 0.8262673020362854 0.008896827697753906 0.010138273239135742
0 0.7170818448066711 0.8258064389228821 0.008896827697753906 0.011059880256652832
1 0.8091636896133423 0.8244239687919617 0.008007168769836426 0.010138273239135742
1 0.1596975028514862 0.8198156952857971 0.006227761507034302 0.008294939994812012
0 0.13033807277679443 0.8198156952857971 0.006227761507034302 0.008294939994812012
0 0.14501778781414032 0.8193548321723938 0.00711745023727417 0.009216547012329102
1 0.1966192126274109 0.8253456354141235 0.021352320909500122 0.023041486740112305
0 0.2326512485742569 0.8170506954193115 0.00800710916519165 0.008294939994812012
1 0.8082740306854248 0.8152073621749878 0.009786486625671387 0.006451606750488281
0 0.35097864270210266 0.8165898323059082 0.00800710916519165 0.009216547012329102
0 0.33718860149383545 0.8170506954193115 0.00889676809310913 0.010138273239135742
0 0.3216192126274109 0.8161290287971497 0.006227731704711914 0.008294939994812012
0 0.30871886014938354 0.8161290287971497 0.00889676809310913 0.008294939994812012
0 0.22108541429042816 0.8161290287971497 0.009786486625671387 0.008294939994812012
0 0.6432384252548218 0.8188940286636353 0.008896827697753906 0.015668153762817383
1 0.4025800824165344 0.8225806355476379 0.02224200963973999 0.023041486740112305
0 0.3674377202987671 0.8156682252883911 0.00889676809310913 0.009216547012329102
1 0.7317615747451782 0.8129032254219055 0.006227731704711914 0.007373213768005371
0 0.5413700938224792 0.8152073621749878 0.009786486625671387 0.011981606483459473
1 0.5195729732513428 0.8211981654167175 0.021352291107177734 0.023963093757629395
0 0.49555161595344543 0.812442421913147 0.00889676809310913 0.006451606750488281
0 0.9083629846572876 0.812442421913147 0.008896827697753906 0.008294939994812012
0 0.879448413848877 0.8142856955528259 0.009786486625671387 0.011981606483459473
0 0.7464413046836853 0.8133640289306641 0.008896827697753906 0.010138273239135742
1 0.7010676264762878 0.8110598921775818 0.008896827697753906 0.005529999732971191
0 0.6877224445343018 0.8133640289306641 0.0071173906326293945 0.010138273239135742
0 0.6721529960632324 0.812442421913147 0.009786486625671387 0.008294939994812012
0 0.9252669215202332 0.812442421913147 0.010676145553588867 0.010138273239135742
0 0.5725088715553284 0.812442421913147 0.011565804481506348 0.010138273239135742
0 0.5533807873725891 0.8115207552909851 0.010676145553588867 0.008294939994812012
0 0.895907461643219 0.8119815587997437 0.010676145553588867 0.011059880256652832
0 0.17304269969463348 0.8018433451652527 0.009786486625671387 0.009216547012329102
0 0.16192170977592468 0.8018433451652527 0.008896797895431519 0.009216547012329102
0 0.39679715037345886 0.7990783452987671 0.00889676809310913 0.007373213768005371
0 0.20373664796352386 0.8004608154296875 0.010676145553588867 0.010138273239135742
0 0.4096975028514862 0.7976958751678467 0.006227731704711914 0.008294939994812012
0 0.3665480315685272 0.7981566786766052 0.00711745023727417 0.009216547012329102
1 0.27669039368629456 0.7990783452987671 0.00889676809310913 0.011059880256652832
0 0.8354092240333557 0.7963133454322815 0.008896827697753906 0.007373213768005371
0 0.7473309636116028 0.7963133454322815 0.008896827697753906 0.007373213768005371
0 0.7010676264762878 0.7963133454322815 0.008896827697753906 0.007373213768005371
0 0.5556049942970276 0.7967742085456848 0.008007168769836426 0.008294939994812012
1 0.47108539938926697 0.7972350120544434 0.004448413848876953 0.009216547012329102
0 0.8643238544464111 0.7953916788101196 0.009786486625671387 0.009216547012329102
0 0.7597864866256714 0.795852541923523 0.010676145553588867 0.010138273239135742
0 0.6721529960632324 0.7953916788101196 0.008007168769836426 0.009216547012329102
0 0.6583629846572876 0.7953916788101196 0.0071173906326293945 0.009216547012329102
0 0.5266903638839722 0.795852541923523 0.0071173906326293945 0.010138273239135742
0 0.9363878965377808 0.7949308753013611 0.009786486625671387 0.010138273239135742
0 0.879448413848877 0.7940092086791992 0.006227731704711914 0.008294939994812012
0 0.8478647470474243 0.7953916788101196 0.010676145553588867 0.011059880256652832
0 0.7308719158172607 0.7949308753013611 0.009786486625671387 0.010138273239135742
0 0.9225978851318359 0.7944700717926025 0.008896827697753906 0.011059880256652832
0 0.8941280841827393 0.7944700717926025 0.010676145553588867 0.011059880256652832
0 0.9074733257293701 0.7940092086791992 0.010676145553588867 0.011981606483459473
1 0.8211743831634521 0.7921658754348755 0.005338072776794434 0.010138273239135742
1 0.6307829022407532 0.7912442684173584 0.005338072776794434 0.008294939994812012
1 0.4666370153427124 0.7917050719261169 0.006227731704711914 0.009216547012329102
0 0.21930605173110962 0.7861751317977905 0.006227761507034302 0.009216547012329102
0 0.16192170977592468 0.7857142686843872 0.008896797895431519 0.008294939994812012
0 0.2028469741344452 0.7852534651756287 0.008896797895431519 0.009216547012329102
0 0.3380782902240753 0.7834101319313049 0.00889676809310913 0.007373213768005371
1 0.31494662165641785 0.7917050719261169 0.021352291107177734 0.023963093757629395
0 0.22998221218585968 0.7829493284225464 0.009786486625671387 0.006451606750488281
0 0.5560498237609863 0.7834101319313049 0.0071173906326293945 0.009216547012329102
0 0.4083629846572876 0.7824884653091431 0.00889676809310913 0.007373213768005371
0 0.39546263217926025 0.7829493284225464 0.00800710916519165 0.008294939994812012
0 0.35097864270210266 0.7843317985534668 0.009786486625671387 0.011059880256652832
0 0.7153024673461914 0.7829493284225464 0.0071173906326293945 0.010138273239135742
0 0.5258007049560547 0.7829493284225464 0.008896827697753906 0.010138273239135742
1 0.5129003524780273 0.7811059951782227 0.008007168769836426 0.006451606750488281
1 0.4902135133743286 0.7894009351730347 0.021352291107177734 0.023041486740112305
0 0.9368327260017395 0.7811059951782227 0.008896827697753906 0.008294939994812012
0 0.878113865852356 0.7815667986869812 0.0071173906326293945 0.009216547012329102
0 0.5840747356414795 0.7806451320648193 0.006227731704711914 0.007373213768005371
0 0.5413700938224792 0.7811059951782227 0.008007168769836426 0.008294939994812012
1 0.8652135133743286 0.7792626619338989 0.008007168769836426 0.006451606750488281
0 0.8465302586555481 0.7806451320648193 0.009786486625671387 0.009216547012329102
0 0.8345195651054382 0.7797235250473022 0.008896827697753906 0.007373213768005371
0 0.7593416571617126 0.7801843285560608 0.009786486625671387 0.008294939994812012
0 0.9230427145957947 0.7806451320648193 0.009786486625671387 0.011059880256652832
0 0.9056939482688904 0.7788018584251404 0.008896827697753906 0.007373213768005371
1 0.689056932926178 0.7788018584251404 0.008007168769836426 0.007373213768005371
0 0.6712633371353149 0.7797235250473022 0.009786486625671387 0.009216547012329102
1 0.0088967967312783 0.7599078416824341 0.008896796498447657 0.004608273506164551
0 0.1917259842157364 0.7387096881866455 0.00800710916519165 0.006451606750488281
0 0.23354092240333557 0.7377880215644836 0.009786486625671387 0.008294939994812012
0 0.22108541429042816 0.7377880215644836 0.009786486625671387 0.008294939994812012
0 0.3963523209095001 0.7359446883201599 0.00800710916519165 0.006451606750488281
0 0.37944838404655457 0.735023021697998 0.00800710916519165 0.008294939994812012
0 0.36699289083480835 0.735023021697998 0.00800710916519165 0.008294939994812012
0 0.3380782902240753 0.7354838848114014 0.00889676809310913 0.009216547012329102
0 0.5244662165641785 0.7341013550758362 0.009786486625671387 0.008294939994812012
0 0.4083629846572876 0.7345622181892395 0.00889676809310913 0.009216547012329102
0 0.6868327260017395 0.7331797480583191 0.008896827697753906 0.008294939994812012
0 0.8905693888664246 0.7317972183227539 0.008896827697753906 0.007373213768005371
0 0.8460854291915894 0.7322580814361572 0.0071173906326293945 0.008294939994812012
0 0.7575622797012329 0.7322580814361572 0.008007168769836426 0.008294939994812012
0 0.7001779079437256 0.7322580814361572 0.0071173906326293945 0.008294939994812012
1 0.6708185076713562 0.7322580814361572 0.0071173906326293945 0.008294939994812012
0 0.7161921858787537 0.7322580814361572 0.008896827697753906 0.010138273239135742
1 0.5685053467750549 0.7313364148139954 0.005338072776794434 0.008294939994812012
0 0.5560498237609863 0.7317972183227539 0.0071173906326293945 0.009216547012329102
1 0.2775800824165344 0.7313364148139954 0.00711745023727417 0.008294939994812012
0 0.9203736782073975 0.7313364148139954 0.008007168769836426 0.010138273239135742
0 0.9070284962654114 0.7304147481918335 0.006227731704711914 0.010138273239135742
0 0.8767793774604797 0.730875551700592 0.008007168769836426 0.011059880256652832
0 0.8309608697891235 0.7304147481918335 0.008896827697753906 0.011981606483459473
1 0.10987544804811478 0.7281106114387512 0.004448398947715759 0.009216547012329102
1 0.8051601648330688 0.7262672781944275 0.008896827697753906 0.009216547012329102
1 0.27669039368629456 0.7235022783279419 0.00889676809310913 0.005529999732971191
0 0.1917259842157364 0.7239631414413452 0.00800710916519165 0.008294939994812012
0 0.17526690661907196 0.7235022783279419 0.008896797895431519 0.007373213768005371
1 0.13923487067222595 0.7313364148139954 0.022241979837417603 0.023041486740112305
0 0.23354092240333557 0.7221198081970215 0.00800710916519165 0.006451606750488281
0 0.39412811398506165 0.7216590046882629 0.005338072776794434 0.009216547012329102
0 0.3376334607601166 0.7207373380661011 0.00800710916519165 0.007373213768005371
1 0.31494662165641785 0.7285714149475098 0.021352291107177734 0.023041486740112305
1 0.8020462393760681 0.7207373380661011 0.004448413848876953 0.009216547012329102
0 0.3674377202987671 0.7207373380661011 0.00889676809310913 0.009216547012329102
0 0.8158363103866577 0.7202764749526978 0.0071173906326293945 0.010138273239135742
1 0.4951067566871643 0.7193548679351807 0.009786486625671387 0.008294939994812012
0 0.7593416571617126 0.7193548679351807 0.008007168769836426 0.010138273239135742
0 0.6712633371353149 0.7188940048217773 0.008007168769836426 0.009216547012329102
0 0.5551601648330688 0.7193548679351807 0.008896827697753906 0.010138273239135742
0 0.9350534081459045 0.7188940048217773 0.008896827697753906 0.011059880256652832
0 0.9208185076713562 0.7170506715774536 0.008896827697753906 0.007373213768005371
0 0.9039145708084106 0.7170506715774536 0.008896827697753906 0.007373213768005371
1 0.8919039368629456 0.7165898680686951 0.008007168769836426 0.006451606750488281
0 0.876334547996521 0.7179723381996155 0.0071173906326293945 0.009216547012329102
0 0.7153024673461914 0.7175115346908569 0.0071173906326293945 0.008294939994812012
0 0.6579181551933289 0.7165898680686951 0.008007168769836426 0.006451606750488281
0 0.5698398351669312 0.7175115346908569 0.008007168769836426 0.008294939994812012
0 0.746886134147644 0.7165898680686951 0.01334524154663086 0.008294939994812012
0 0.543149471282959 0.7165898680686951 0.011565804481506348 0.008294939994812012
0 0.7268683314323425 0.7165898680686951 0.012455463409423828 0.010138273239135742
0 0.6970640420913696 0.7156682014465332 0.011565804481506348 0.008294939994812012
1 0.6806049942970276 0.7092165946960449 0.008896827697753906 0.004608273506164551
0 0.20329181849956512 0.7082949280738831 0.009786486625671387 0.008294939994812012
0 0.16281138360500336 0.7078341245651245 0.008896797895431519 0.007373213768005371
0 0.3491992950439453 0.7064515948295593 0.00800710916519165 0.006451606750488281
0 0.13211743533611298 0.7073732614517212 0.006227761507034302 0.008294939994812012
1 0.2771352231502533 0.7050691246986389 0.00800710916519165 0.005529999732971191
0 0.19128113985061646 0.7064515948295593 0.008896797895431519 0.008294939994812012
0 0.3367437720298767 0.7036866545677185 0.006227731704711914 0.008294939994812012
0 0.5533807873725891 0.7023041248321533 0.008896827697753906 0.007373213768005371
0 0.40925267338752747 0.7027649879455566 0.00711745023727417 0.008294939994812012
0 0.8322953581809998 0.7018433213233948 0.009786486625671387 0.008294939994812012
0 0.5827401876449585 0.7013825178146362 0.0071173906326293945 0.009216547012329102
0 0.5698398351669312 0.7009216547012329 0.008007168769836426 0.008294939994812012
0 0.5404804348945618 0.7009216547012329 0.008007168769836426 0.008294939994812012
0 0.8896797299385071 0.7004608511924744 0.0071173906326293945 0.009216547012329102
0 0.8607650995254517 0.699999988079071 0.008007168769836426 0.008294939994812012
0 0.8447508811950684 0.7004608511924744 0.009786486625671387 0.009216547012329102
0 0.7144128084182739 0.7004608511924744 0.0071173906326293945 0.009216547012329102
0 0.72775799036026 0.7004608511924744 0.008896827697753906 0.011059880256652832
0 0.45596083998680115 0.699999988079071 0.009786486625671387 0.010138273239135742
0 0.9177046418190002 0.6990783214569092 0.008007168769836426 0.010138273239135742
1 0.8047152757644653 0.6986175179481506 0.008007168769836426 0.009216547012329102
1 0.11209964752197266 0.699999988079071 0.008896797895431519 0.011981606483459473
0 0.8745551705360413 0.6986175179481506 0.010676145553588867 0.012903213500976562
0 0.7001779079437256 0.6986175179481506 0.008896827697753906 0.012903213500976562
1 0.2869217097759247 0.6972350478172302 0.00800710916519165 0.010138273239135742
1 0.2793594300746918 0.6963133811950684 0.005338072776794434 0.010138273239135742
1 0.46752670407295227 0.6926267147064209 0.006227731704711914 0.006451606750488281
1 0.19083629548549652 0.6935483813285828 0.006227761507034302 0.008294939994812012
0 0.1325622797012329 0.6940092444419861 0.00711745023727417 0.009216547012329102
1 0.2277580052614212 0.6990783214569092 0.021352320909500122 0.023041486740112305
1 0.814056932926178 0.6926267147064209 0.008896827697753906 0.011981606483459473
1 0.8042704463005066 0.6894009113311768 0.008896827697753906 0.005529999732971191
0 0.6307829022407532 0.6944700479507446 0.008896827697753906 0.015668153762817383
0 0.3380782902240753 0.6889401078224182 0.00889676809310913 0.006451606750488281
0 0.4088078439235687 0.6894009113311768 0.00800710916519165 0.009216547012329102
1 0.3736654818058014 0.6963133811950684 0.021352291107177734 0.023041486740112305
1 0.48932385444641113 0.6953917145729065 0.021352291107177734 0.023041486740112305
0 0.9332740306854248 0.6870967745780945 0.008896827697753906 0.008294939994812012
0 0.8896797299385071 0.6866359710693359 0.0071173906326293945 0.007373213768005371
0 0.8594306111335754 0.6880184412002563 0.008896827697753906 0.010138273239135742
0 0.5693950057029724 0.6880184412002563 0.008896827697753906 0.010138273239135742
0 0.5529359579086304 0.6861751079559326 0.008007168769836426 0.006451606750488281
0 0.5409252643585205 0.687557578086853 0.008896827697753906 0.009216547012329102
0 0.5124555230140686 0.687557578086853 0.008896827697753906 0.009216547012329102
0 0.9194839596748352 0.6870967745780945 0.009786486625671387 0.010138273239135742
0 0.7437722682952881 0.6866359710693359 0.008896827697753906 0.009216547012329102
0 0.7273131608963013 0.6861751079559326 0.009786486625671387 0.008294939994812012
0 0.6854982376098633 0.6861751079559326 0.009786486625671387 0.008294939994812012
0 0.1459074765443802 0.6778801679611206 0.008896797895431519 0.008294939994812012
0 0.20462633669376373 0.6755760312080383 0.008896797895431519 0.009216547012329102
0 0.16281138360500336 0.6751152276992798 0.008896797895431519 0.010138273239135742
0 0.4951067566871643 0.6718894243240356 0.00800710916519165 0.007373213768005371
0 0.3661032021045685 0.6723502278327942 0.006227731704711914 0.008294939994812012
0 0.7437722682952881 0.6705068945884705 0.008896827697753906 0.006451606750488281
0 0.4096975028514862 0.6709677577018738 0.006227731704711914 0.007373213768005371
0 0.684608519077301 0.6705068945884705 0.008007168769836426 0.008294939994812012
0 0.8291814923286438 0.66912442445755 0.0071173906326293945 0.007373213768005371
0 0.5693950057029724 0.6700460910797119 0.010676145553588867 0.009216547012329102
1 0.9328292012214661 0.6686636209487915 0.006227731704711914 0.008294939994812012
0 0.8999110460281372 0.6700460910797119 0.01334524154663086 0.011059880256652832
0 0.7139679789543152 0.6695852279663086 0.009786486625671387 0.010138273239135742
0 0.6699288487434387 0.6682027578353882 0.008896827697753906 0.011059880256652832
0 0.13211743533611298 0.6645161509513855 0.00800710916519165 0.009216547012329102
0 0.16236655414104462 0.6622119545936584 0.00800710916519165 0.008294939994812012
0 0.14635230600833893 0.6612903475761414 0.00800710916519165 0.006451606750488281
0 0.20507118105888367 0.6603686809539795 0.00800710916519165 0.006451606750488281
1 0.2277580052614212 0.6677419543266296 0.021352320909500122 0.023041486740112305
0 0.30871886014938354 0.6585253477096558 0.00711745023727417 0.006451606750488281
0 0.37944838404655457 0.6576036810874939 0.00800710916519165 0.006451606750488281
1 0.3443060517311096 0.6658986210823059 0.021352291107177734 0.023041486740112305
0 0.48309609293937683 0.6571428775787354 0.00889676809310913 0.009216547012329102
0 0.8282918334007263 0.6562212109565735 0.005338072776794434 0.009216547012329102
0 0.7566726207733154 0.6557603478431702 0.006227731704711914 0.008294939994812012
0 0.5685053467750549 0.6562212109565735 0.0071173906326293945 0.009216547012329102
1 0.5462633371353149 0.6631336212158203 0.021352291107177734 0.023041486740112305
1 0.005782918306067586 0.6543778777122498 0.00800711801275611 0.005529999732971191
0 0.9185943007469177 0.6552995443344116 0.009786486625671387 0.009216547012329102
0 0.8589857816696167 0.6557603478431702 0.008007168769836426 0.010138273239135742
0 0.7428825497627258 0.6543778777122498 0.008896827697753906 0.007373213768005371
0 0.7268683314323425 0.6552995443344116 0.0071173906326293945 0.009216547012329102
0 0.7139679789543152 0.6548386812210083 0.009786486625671387 0.008294939994812012
0 0.6841636896133423 0.656682014465332 0.010676145553588867 0.011981606483459473
0 0.6561387777328491 0.6548386812210083 0.009786486625671387 0.008294939994812012
0 0.193060502409935 0.6451612710952759 0.008896797895431519 0.007373213768005371
1 0.010676156729459763 0.6433179974555969 0.010676156729459763 0.007373213768005371
0 0.3790035545825958 0.6419354677200317 0.00889676809310913 0.008294939994812012
0 0.49466192722320557 0.6405529975891113 0.00889676809310913 0.007373213768005371
0 0.3674377202987671 0.6414746642112732 0.00889676809310913 0.009216547012329102
0 0.3514235019683838 0.6414746642112732 0.00711745023727417 0.009216547012329102
0 0.7250889539718628 0.6396313309669495 0.010676145553588867 0.009216547012329102
0 0.870551586151123 0.6391705274581909 0.009786486625671387 0.010138273239135742
0 0.7535586953163147 0.6391705274581909 0.010676145553588867 0.010138273239135742
0 0.6961743831634521 0.6391705274581909 0.009786486625671387 0.010138273239135742
0 0.6556939482688904 0.6387096643447876 0.008896827697753906 0.009216547012329102
1 0.27802491188049316 0.6387096643447876 0.00800710916519165 0.009216547012329102
0 0.9301601648330688 0.6387096643447876 0.011565804481506348 0.011059880256652832
0 0.916814923286438 0.6377879977226257 0.009786486625671387 0.009216547012329102
0 0.8870106935501099 0.6377879977226257 0.0071173906326293945 0.009216547012329102
0 0.7415480613708496 0.6377879977226257 0.008007168769836426 0.009216547012329102
0 0.5671707987785339 0.6377879977226257 0.006227731704711914 0.009216547012329102
1 0.012455516029149294 0.6364055275917053 0.0071174381300807 0.006451606750488281
0 0.13389679789543152 0.6313363909721375 0.00800710916519165 0.007373213768005371
1 0.4666370153427124 0.634101390838623 0.00800710916519165 0.014746546745300293
1 0.16992881894111633 0.638248860836029 0.021352320909500122 0.023041486740112305
0 0.19395017623901367 0.6285714507102966 0.008896797895431519 0.005529999732971191
0 0.1459074765443802 0.6294931173324585 0.008896797895431519 0.007373213768005371
1 0.0035587188322097063 0.6290322542190552 0.007117437664419413 0.006451606750488281
1 0.8122775554656982 0.6290322542190552 0.008896827697753906 0.010138273239135742
0 0.629448413848877 0.6322580575942993 0.008007168769836426 0.016589879989624023
0 0.5369216799736023 0.6285714507102966 0.006227731704711914 0.009216547012329102
0 0.3661032021045685 0.6281105875968933 0.006227731704711914 0.008294939994812012
1 0.31494662165641785 0.6354838609695435 0.021352291107177734 0.023041486740112305
0 0.4804270565509796 0.6276497840881348 0.00711745023727417 0.009216547012329102
1 0.012900356203317642 0.6271889209747314 0.006227757781744003 0.010138273239135742
0 0.9319394826889038 0.625806450843811 0.008007168769836426 0.009216547012329102
1 0.5173487663269043 0.6327189207077026 0.020462632179260254 0.023041486740112305
0 0.8291814923286438 0.6239631175994873 0.0071173906326293945 0.007373213768005371
0 0.6966192126274109 0.6248847842216492 0.008896827697753906 0.009216547012329102
0 0.6548042893409729 0.6244239807128906 0.0071173906326293945 0.008294939994812012
0 0.5805160403251648 0.6239631175994873 0.008007168769836426 0.007373213768005371
0 0.20685052871704102 0.613364040851593 0.006227761507034302 0.008294939994812012
0 0.3380782902240753 0.6119815707206726 0.00889676809310913 0.007373213768005371
0 0.2362099587917328 0.6129032373428345 0.00800710916519165 0.009216547012329102
0 0.19083629548549652 0.6124423742294312 0.006227761507034302 0.008294939994812012
0 0.4088078439235687 0.6110599040985107 0.00800710916519165 0.007373213768005371
0 0.8701067566871643 0.609216570854187 0.0071173906326293945 0.007373213768005371
0 0.8580960631370544 0.6087557673454285 0.008007168769836426 0.006451606750488281
0 0.7415480613708496 0.6087557673454285 0.008007168769836426 0.006451606750488281
0 0.6850534081459045 0.6096774339675903 0.010676145553588867 0.008294939994812012
0 0.5796263217926025 0.609216570854187 0.008007168769836426 0.007373213768005371
0 0.4817615747451782 0.609216570854187 0.00800710916519165 0.007373213768005371
0 0.6966192126274109 0.6078341007232666 0.0071173906326293945 0.008294939994812012
0 0.7126334309577942 0.6069124341011047 0.012455463409423828 0.013824939727783203
0 0.456850528717041 0.6055299639701843 0.00800710916519165 0.011059880256652832
1 0.2775800824165344 0.6004608273506165 0.00889676809310913 0.006451606750488281
1 0.1632562279701233 0.600921630859375 0.006227761507034302 0.007373213768005371
0 0.17793594300746918 0.6013824939727783 0.008896797895431519 0.010138273239135742
1 0.14145907759666443 0.6078341007232666 0.021352320909500122 0.023041486740112305
0 0.2215302437543869 0.6000000238418579 0.00711745023727417 0.009216547012329102
1 0.7975978851318359 0.5986174941062927 0.004448413848876953 0.008294939994812012
1 0.810943067073822 0.599078357219696 0.006227731704711914 0.011059880256652832
1 0.8033807873725891 0.5986174941062927 0.005338072776794434 0.010138273239135742
0 0.628113865852356 0.6013824939727783 0.008896827697753906 0.015668153762817383
0 0.3216192126274109 0.5976958274841309 0.009786486625671387 0.008294939994812012
0 0.23354092240333557 0.5981566905975342 0.009786486625671387 0.009216547012329102
1 0.37322065234184265 0.6041474938392639 0.020462632179260254 0.023041486740112305
0 0.3950178027153015 0.5967742204666138 0.00711745023727417 0.010138273239135742
1 0.9008007049560547 0.59493088722229 0.006227731704711914 0.008294939994812012
1 0.8714413046836853 0.5944700241088867 0.006227731704711914 0.007373213768005371
1 0.5453736782073975 0.6018432974815369 0.021352291107177734 0.022119760513305664
1 0.0031138788908720016 0.5935483574867249 0.006227757781744003 0.005529999732971191
1 0.9154804348945618 0.5935483574867249 0.0071173906326293945 0.007373213768005371
0 0.857206404209137 0.5930875539779663 0.008007168769836426 0.006451606750488281
0 0.7250889539718628 0.59493088722229 0.008896827697753906 0.010138273239135742
0 0.7121886014938354 0.5935483574867249 0.008007168769836426 0.007373213768005371
0 0.5676156878471375 0.5940092206001282 0.0071173906326293945 0.008294939994812012
0 0.8403024673461914 0.5940092206001282 0.009786486625671387 0.010138273239135742
0 0.9279359579086304 0.5926267504692078 0.010676145553588867 0.009216547012329102
0 0.8887900114059448 0.5926267504692078 0.01423490047454834 0.009216547012329102
1 0.0031138788908720016 0.5691244006156921 0.006227757781744003 0.004608273506164551
1 0.46485763788223267 0.5608295202255249 0.004448413848876953 0.008294939994812012
1 0.4408363103866577 0.5608295202255249 0.00800710916519165 0.008294939994812012
1 0.37588968873023987 0.5603686571121216 0.004448413848876953 0.007373213768005371
1 0.24421708285808563 0.5603686571121216 0.006227761507034302 0.011059880256652832
1 0.424822062253952 0.5594469904899597 0.006227731704711914 0.011059880256652832
0 0.6285586953163147 0.557603657245636 0.006227731704711914 0.011059880256652832
1 0.3603202700614929 0.5552995204925537 0.00889676809310913 0.008294939994812012
1 0.7046263217926025 0.555760383605957 0.005338072776794434 0.011059880256652832
0 0.16503559052944183 0.5534562468528748 0.009786486625671387 0.008294939994812012
0 0.13567616045475006 0.5534562468528748 0.00800710916519165 0.008294939994812012
0 0.2362099587917328 0.5525345802307129 0.00800710916519165 0.008294939994812012
0 0.14902135729789734 0.5529953837394714 0.009786486625671387 0.009216547012329102
0 0.32206404209136963 0.5506912469863892 0.00889676809310913 0.010138273239135742
0 0.9141458868980408 0.5470045804977417 0.008007168769836426 0.006451606750488281
0 0.8260676264762878 0.5470045804977417 0.008007168769836426 0.006451606750488281
0 0.7522242069244385 0.5470045804977417 0.008007168769836426 0.006451606750488281
1 0.6370106935501099 0.5456221103668213 0.008896827697753906 0.005529999732971191
0 0.5796263217926025 0.5470045804977417 0.008007168769836426 0.008294939994812012
0 0.8394128084182739 0.5465437769889832 0.008007168769836426 0.009216547012329102
0 0.709964394569397 0.5460829734802246 0.008896827697753906 0.008294939994812012
0 0.8985764980316162 0.5456221103668213 0.0071173906326293945 0.009216547012329102
0 0.8692170977592468 0.5456221103668213 0.0071173906326293945 0.009216547012329102
0 0.7388790249824524 0.5460829734802246 0.008007168769836426 0.010138273239135742
1 0.4666370153427124 0.5387097001075745 0.009786486625671387 0.006451606750488281
0 0.16503559052944183 0.5396313071250916 0.00800710916519165 0.008294939994812012
0 0.1485765129327774 0.5400921702384949 0.008896797895431519 0.009216547012329102
0 0.13523131608963013 0.5400921702384949 0.00711745023727417 0.009216547012329102
1 0.20017793774604797 0.5456221103668213 0.021352320909500122 0.022119760513305664
1 0.6290035843849182 0.5382488369941711 0.005338072776794434 0.009216547012329102
1 0.37322065234184265 0.5428571701049805 0.020462632179260254 0.022119760513305664
0 0.3380782902240753 0.5359447002410889 0.00889676809310913 0.008294939994812012
0 0.40791815519332886 0.535023033618927 0.00800710916519165 0.008294939994812012
0 0.395907461643219 0.5345622301101685 0.00889676809310913 0.007373213768005371
0 0.3505338132381439 0.5359447002410889 0.00889676809310913 0.010138273239135742
0 0.899021327495575 0.5345622301101685 0.006227731704711914 0.009216547012329102
0 0.5805160403251648 0.5341013669967651 0.006227731704711914 0.008294939994812012
0 0.5520462393760681 0.5341013669967651 0.006227731704711914 0.008294939994812012
0 0.5235764980316162 0.5345622301101685 0.006227731704711914 0.009216547012329102
0 0.5093416571617126 0.5341013669967651 0.008007168769836426 0.008294939994812012
1 0.4879893362522125 0.5410138368606567 0.020462632179260254 0.022119760513305664
0 0.8687722682952881 0.5331797003746033 0.006227731704711914 0.008294939994812012
0 0.7095195651054382 0.5331797003746033 0.006227731704711914 0.008294939994812012
0 0.9128113985061646 0.5341013669967651 0.010676145553588867 0.011981606483459473
0 0.854092538356781 0.5327188968658447 0.0071173906326293945 0.009216547012329102
0 0.7508896589279175 0.530875563621521 0.008896827697753906 0.005529999732971191
0 0.7384341359138489 0.5327188968658447 0.0071173906326293945 0.009216547012329102
0 0.6806049942970276 0.5331797003746033 0.008896827697753906 0.010138273239135742
0 0.6663700938224792 0.5322580933570862 0.0071173906326293945 0.008294939994812012
0 0.1770462691783905 0.5239631533622742 0.008896797895431519 0.006451606750488281
0 0.22330960631370544 0.522580623626709 0.008896797895431519 0.007373213768005371
0 0.3389679789543152 0.52073734998703 0.00889676809310913 0.007373213768005371
0 0.3096085488796234 0.52073734998703 0.00711745023727417 0.007373213768005371
0 0.3505338132381439 0.5202764868736267 0.00889676809310913 0.008294939994812012
0 0.37944838404655457 0.5198156833648682 0.00800710916519165 0.009216547012329102
0 0.36699289083480835 0.5193548202514648 0.00800710916519165 0.008294939994812012
1 0.008007117314264178 0.5175115466117859 0.008896796498447657 0.004608273506164551
1 0.7384341359138489 0.516589879989624 0.0071173906326293945 0.006451606750488281
0 0.6806049942970276 0.5170506834983826 0.0071173906326293945 0.007373213768005371
1 0.626334547996521 0.5156682133674622 0.008896827697753906 0.004608273506164551
0 0.9252669215202332 0.516589879989624 0.0071173906326293945 0.008294939994812012
0 0.8954626321792603 0.516589879989624 0.009786486625671387 0.008294939994812012
0 0.7104092240333557 0.516589879989624 0.009786486625671387 0.008294939994812012
0 0.5520462393760681 0.5170506834983826 0.008007168769836426 0.009216547012329102
1 0.015569394920021296 0.5179723501205444 0.006227756850421429 0.011059880256652832
0 0.8830071091651917 0.5156682133674622 0.008007168769836426 0.008294939994812012
1 0.11966191977262497 0.5152073502540588 0.009786471724510193 0.009216547012329102
1 0.6370106935501099 0.5142857432365417 0.008896827697753906 0.009216547012329102
1 0.6872775554656982 0.5105990767478943 0.004448413848876953 0.007373213768005371
1 0.6583629846572876 0.5096774101257324 0.008896827697753906 0.005529999732971191
1 0.45462632179260254 0.5105990767478943 0.00889676809310913 0.011059880256652832
1 0.1423487514257431 0.5161290168762207 0.021352320909500122 0.022119760513305664
1 0.5191280841827393 0.5087557435035706 0.004448413848876953 0.009216547012329102
1 0.8087188601493835 0.5073732733726501 0.008896827697753906 0.010138273239135742
1 0.6254448294639587 0.5069124698638916 0.008896827697753906 0.009216547012329102
0 0.35186833143234253 0.508294939994812 0.009786486625671387 0.011981606483459473
0 0.33852311968803406 0.5055299401283264 0.00800710916519165 0.006451606750488281
1 0.4021352231502533 0.5119815468788147 0.021352291107177734 0.021198153495788574
0 0.3674377202987671 0.5059908032417297 0.00889676809310913 0.009216547012329102
1 0.5729537606239319 0.5105990618467331 0.021352291107177734 0.022119790315628052
0 0.5507117509841919 0.5041474550962448 0.008896827697753906 0.00921657681465149
0 0.5382562279701233 0.5041474550962448 0.008896827697753906 0.00921657681465149
0 0.49421706795692444 0.5046082735061646 0.00800710916519165 0.010138273239135742
0 0.48087188601493835 0.5036866068840027 0.00800710916519165 0.008294939994812012
0 0.8233985900878906 0.5027649998664856 0.006227731704711914 0.008294939994812012
0 0.6810498237609863 0.5027649998664856 0.008007168769836426 0.008294939994812012
0 0.6654804348945618 0.5027649998664856 0.0071173906326293945 0.008294939994812012
0 0.9257117509841919 0.5018433332443237 0.008007168769836426 0.008294939994812012
0 0.9123665690422058 0.5023041218519211 0.009786486625671387 0.00921657681465149
0 0.8821174502372742 0.5027649998664856 0.008007168769836426 0.010138273239135742
0 0.17749109864234924 0.4944700598716736 0.009786486625671387 0.008294939994812012
0 0.1659252643585205 0.4935483932495117 0.009786486625671387 0.008294939994812012
0 0.22375445067882538 0.49262672662734985 0.009786486625671387 0.008294939994812012
0 0.43505337834358215 0.4907834231853485 0.010676145553588867 0.006451606750488281
0 0.3963523209095001 0.4903225898742676 0.009786486625671387 0.0073732733726501465
0 0.34964412450790405 0.4907834231853485 0.010676145553588867 0.010138273239135742
1 0.8941280841827393 0.4880184233188629 0.0071173906326293945 0.006451606750488281
0 0.3665480315685272 0.4894009232521057 0.00711745023727417 0.009216606616973877
0 0.5511565804481506 0.4880184233188629 0.008007168769836426 0.008294939994812012
0 0.836298942565918 0.4866359531879425 0.008896827697753906 0.0073732733726501465
0 0.7206405401229858 0.487557590007782 0.010676145553588867 0.009216606616973877
0 0.6930605173110962 0.4866359531879425 0.0071173906326293945 0.0073732733726501465
0 0.5088967680931091 0.487557590007782 0.0071173906326293945 0.009216606616973877
0 0.4804270565509796 0.487557590007782 0.00711745023727417 0.009216606616973877
0 0.6814946532249451 0.48709678649902344 0.010676145553588867 0.010138273239135742
0 0.6512455344200134 0.4866359531879425 0.0071173906326293945 0.009216606616973877
0 0.8656583428382874 0.48571428656578064 0.008896827697753906 0.009216606616973877
0 0.8238434195518494 0.48571428656578064 0.008896827697753906 0.009216606616973877
0 0.7375444769859314 0.48571428656578064 0.008896827697753906 0.009216606616973877
0 0.708185076713562 0.48571428656578064 0.0071173906326293945 0.009216606616973877
0 0.8821174502372742 0.4852534532546997 0.009786486625671387 0.010138273239135742
1 0.8078292012214661 0.48341014981269836 0.008896827697753906 0.008294939994812012
1 0.6387900114059448 0.4838709533214569 0.005338072776794434 0.009216606616973877
0 0.8514235019683838 0.48433178663253784 0.008896827697753906 0.011981546878814697
0 0.2798042595386505 0.4852534532546997 0.00800710916519165 0.015668213367462158
1 0.4653024971485138 0.48341014981269836 0.00889676809310913 0.013824880123138428
1 0.45462632179260254 0.48202764987945557 0.00889676809310913 0.011059880256652832
0 0.13567616045475006 0.48064514994621277 0.006227761507034302 0.008294939994812012
1 0.20151245594024658 0.48571428656578064 0.022241979837417603 0.02211982011795044
0 0.3376334607601166 0.4769585132598877 0.006227731704711914 0.008294939994812012
1 0.3158363103866577 0.4838709533214569 0.021352291107177734 0.02211982011795044
1 0.3798932433128357 0.4760368764400482 0.00711745023727417 0.008294939994812012
0 0.48087188601493835 0.47511520981788635 0.00800710916519165 0.008294939994812012
0 0.706850528717041 0.4741935431957245 0.006227731704711914 0.008294939994812012
0 0.6792704463005066 0.47373270988464355 0.006227731704711914 0.0073732733726501465
0 0.5088967680931091 0.4746543765068054 0.0071173906326293945 0.009216606616973877
0 0.8963522911071777 0.4732718765735626 0.006227731704711914 0.008294939994812012
0 0.6930605173110962 0.4728110730648041 0.008896827697753906 0.0073732733726501465
0 0.6508007049560547 0.4732718765735626 0.006227731704711914 0.008294939994812012
1 0.5725088715553284 0.4797235131263733 0.020462632179260254 0.021198153495788574
0 0.5502669215202332 0.47373270988464355 0.008007168769836426 0.009216606616973877
0 0.8816726207733154 0.4728110730648041 0.008896827697753906 0.009216606616973877
0 0.7215302586555481 0.4718894064426422 0.0071173906326293945 0.0073732733726501465
0 0.16637010872364044 0.4635944664478302 0.008896797895431519 0.0073732733726501465
1 0.010231317020952702 0.46451613306999207 0.006227757781744003 0.009216606616973877
1 0.6454626321792603 0.4622119963169098 0.006227731704711914 0.006451606750488281
1 0.3380782902240753 0.46036866307258606 0.00711745023727417 0.006451606750488281
1 0.4234875440597534 0.45898616313934326 0.00889676809310913 0.005529940128326416
0 0.8532028198242188 0.4580645263195038 0.008896827697753906 0.005529940128326416
1 0.11921708285808563 0.4599078297615051 0.005338072776794434 0.009216606616973877
1 0.8634341359138489 0.45760369300842285 0.008007168769836426 0.006451606750488281
1 0.7637900114059448 0.45898616313934326 0.004448413848876953 0.009216606616973877
1 0.6508007049560547 0.4571428596973419 0.006227731704711914 0.0073732733726501465
0 0.4937722384929657 0.45760369300842285 0.00711745023727417 0.008294939994812012
0 0.5502669215202332 0.45760369300842285 0.008007168769836426 0.010138273239135742
1 0.01512455428019166 0.4552995264530182 0.010676155798137188 0.005529940128326416
0 0.8936832547187805 0.45622119307518005 0.008007168769836426 0.009216606616973877
0 0.8225088715553284 0.4557603597640991 0.008007168769836426 0.008294939994812012
0 0.7206405401229858 0.45622119307518005 0.008896827697753906 0.009216606616973877
0 0.6930605173110962 0.45622119307518005 0.0071173906326293945 0.009216606616973877
0 0.9101423621177673 0.4552995264530182 0.008896827697753906 0.009216606616973877
0 0.8358541131019592 0.4552995264530182 0.008007168769836426 0.009216606616973877
0 0.7357650995254517 0.4552995264530182 0.0071173906326293945 0.009216606616973877
1 0.6276690363883972 0.45345622301101685 0.004448413848876953 0.009216606616973877
0 0.9239323735237122 0.4539170563220978 0.009786486625671387 0.011981546878814697
1 0.4879893362522125 0.452534556388855 0.004448413848876953 0.009216606616973877
0 0.2922597825527191 0.4543778896331787 0.00800710916519165 0.014746546745300293
1 0.45462632179260254 0.4516128897666931 0.00889676809310913 0.011059880256652832
0 0.18016013503074646 0.4502304196357727 0.006227761507034302 0.008294939994812012
0 0.15124554932117462 0.45069125294685364 0.00711745023727417 0.009216606616973877
0 0.4661921560764313 0.452534556388855 0.00711745023727417 0.014746546745300293
1 0.6156583428382874 0.4474654495716095 0.005338072776794434 0.006451606750488281
1 0.22998221218585968 0.4552995264530182 0.020462632179260254 0.02211982011795044
1 0.7967081665992737 0.45069125294685364 0.009786486625671387 0.014746546745300293
0 0.6356761455535889 0.45115208625793457 0.008007168769836426 0.015668213367462158
0 0.35186833143234253 0.44700461626052856 0.00800710916519165 0.0073732733726501465
0 0.32250890135765076 0.4474654495716095 0.00800710916519165 0.008294939994812012
0 0.3096085488796234 0.44700461626052856 0.00889676809310913 0.0073732733726501465
1 0.8073843121528625 0.4502304196357727 0.008007168769836426 0.015668213367462158
0 0.3798932433128357 0.4474654495716095 0.00889676809310913 0.010138273239135742
1 0.40169039368629456 0.452534556388855 0.020462632179260254 0.02211982011795044
0 0.52224200963974 0.44516128301620483 0.0071173906326293945 0.009216606616973877
0 0.4813167154788971 0.44516128301620483 0.00889676809310913 0.009216606616973877
0 0.879448413848877 0.4433179795742035 0.006227731704711914 0.0073732733726501465
0 0.6783807873725891 0.4437788128852844 0.006227731704711914 0.008294939994812012
1 0.5716192126274109 0.45069125294685364 0.020462632179260254 0.02211982011795044
0 0.9230427145957947 0.44147464632987976 0.008007168769836426 0.005529940128326416
0 0.7366548180580139 0.4423963129520416 0.008896827697753906 0.0073732733726501465
0 0.8643238544464111 0.4423963129520416 0.008007168769836426 0.009216606616973877
1 0.01645907387137413 0.4405530095100403 0.006227757781744003 0.009216606616973877
1 0.004003558773547411 0.43317973613739014 0.008007117547094822 0.009216606616973877
0 0.35186833143234253 0.4308755695819855 0.00800710916519165 0.008294939994812012
0 0.3091636896133423 0.4308755695819855 0.006227731704711914 0.008294939994812012
0 0.5493772029876709 0.42903226613998413 0.008007168769836426 0.006451606750488281
1 0.28158363699913025 0.42949309945106506 0.006227731704711914 0.0073732733726501465
0 0.6797152757644653 0.4285714328289032 0.008896827697753906 0.0073732733726501465
0 0.5360320210456848 0.42764976620674133 0.008007168769836426 0.0073732733726501465
0 0.9217081665992737 0.42672809958457947 0.008896827697753906 0.0073732733726501465
0 0.7482206225395203 0.42764976620674133 0.010676145553588867 0.009216606616973877
0 0.7077401876449585 0.4271889328956604 0.009786486625671387 0.008294939994812012
0 0.5774021148681641 0.42764976620674133 0.008896827697753906 0.009216606616973877
1 0.29537367820739746 0.42764976620674133 0.005338072776794434 0.009216606616973877
0 0.9079181551933289 0.42626726627349854 0.008007168769836426 0.008294939994812012
0 0.8634341359138489 0.42672809958457947 0.008007168769836426 0.009216606616973877
0 0.6628113985061646 0.42672809958457947 0.008896827697753906 0.009216606616973877
0 0.6499110460281372 0.42672809958457947 0.009786486625671387 0.009216606616973877
0 0.8923487663269043 0.42580646276474 0.008896827697753906 0.009216606616973877
0 0.7348754405975342 0.42626726627349854 0.008896827697753906 0.010138273239135742
1 0.467971533536911 0.42626726627349854 0.005338072776794434 0.010138273239135742
1 0.8091636896133423 0.4230414628982544 0.004448413848876953 0.009216606616973877
1 0.12055160477757454 0.4235022962093353 0.00978647917509079 0.010138273239135742
1 0.28291815519332886 0.42119815945625305 0.00711745023727417 0.0073732733726501465
1 0.6223309636116028 0.4193548262119293 0.004448413848876953 0.0073732733726501465
1 0.14412811398506165 0.42672809958457947 0.021352320909500122 0.02211982011795044
1 0.37322065234184265 0.4235022962093353 0.020462632179260254 0.021198153495788574
0 0.3216192126274109 0.417511522769928 0.009786486625671387 0.009216606616973877
0 0.3514235019683838 0.4165898561477661 0.00889676809310913 0.009216606616973877
0 0.7215302586555481 0.4152073860168457 0.0071173906326293945 0.008294939994812012
1 0.4866548180580139 0.4221198260784149 0.021352291107177734 0.02211982011795044
0 0.892793595790863 0.41290321946144104 0.008007168769836426 0.0073732733726501465
0 0.8790035843849182 0.41290321946144104 0.0071173906326293945 0.0073732733726501465
0 0.748665452003479 0.4138248860836029 0.008007168769836426 0.009216606616973877
1 0.6739323735237122 0.40783411264419556 0.004448413848876953 0.008294939994812012
1 0.6379003524780273 0.4069124460220337 0.005338072776794434 0.008294939994812012
0 0.5867437720298767 0.4059907793998718 0.009786486625671387 0.008294939994812012
1 0.7442170977592468 0.40368664264678955 0.004448413848876953 0.0073732733726501465
1 0.6628113985061646 0.4027649760246277 0.005338072776794434 0.0073732733726501465
0 0.13923487067222595 0.37557604908943176 0.00800710916519165 0.006451606750488281
0 0.15169039368629456 0.3746543824672699 0.00800710916519165 0.008294939994812012
0 0.3505338132381439 0.37235021591186523 0.00889676809310913 0.0073732733726501465
0 0.23709964752197266 0.3732718825340271 0.00800710916519165 0.009216606616973877
0 0.1806049793958664 0.3732718825340271 0.00711745023727417 0.009216606616973877
0 0.8322953581809998 0.3682027757167816 0.008007168769836426 0.006451606750488281
0 0.6899465918540955 0.3682027757167816 0.008007168769836426 0.008294939994812012
0 0.6485764980316162 0.36866360902786255 0.008896827697753906 0.009216606616973877
0 0.9070284962654114 0.3668202757835388 0.008007168769836426 0.0073732733726501465
0 0.5502669215202332 0.3682027757167816 0.008007168769836426 0.010138273239135742
0 0.8612099885940552 0.3668202757835388 0.008896827697753906 0.009216606616973877
0 0.876334547996521 0.36589860916137695 0.0071173906326293945 0.009216606616973877
1 0.46485763788223267 0.3668202757835388 0.00800710916519165 0.011059880256652832
1 0.6334519386291504 0.3649769723415375 0.0071173906326293945 0.009216606616973877
1 0.45373666286468506 0.36313363909721375 0.00889676809310913 0.011059880256652832
1 0.20195730030536652 0.36728110909461975 0.021352320909500122 0.021198153495788574
0 0.1806049793958664 0.3612903356552124 0.00711745023727417 0.009216606616973877
1 0.37322065234184265 0.36451613903045654 0.020462632179260254 0.021198153495788574
0 0.3096085488796234 0.3585253357887268 0.00889676809310913 0.009216606616973877
1 0.4862099587917328 0.3635944724082947 0.020462632179260254 0.021198153495788574
0 0.5364768505096436 0.3557603657245636 0.008896827697753906 0.0073732733726501465
0 0.4061387777328491 0.35529953241348267 0.009786486625671387 0.006451606750488281
0 0.733540952205658 0.3557603657245636 0.008007168769836426 0.009216606616973877
0 0.7184163928031921 0.35483869910240173 0.008007168769836426 0.0073732733726501465
0 0.6899465918540955 0.35529953241348267 0.008007168769836426 0.008294939994812012
0 0.6774911284446716 0.3543778657913208 0.008007168769836426 0.006451606750488281
0 0.8474199175834656 0.3543778657913208 0.006227731704711914 0.008294939994812012
0 0.8327401876449585 0.35529953241348267 0.008896827697753906 0.010138273239135742
0 0.5658363103866577 0.3543778657913208 0.010676145553588867 0.008294939994812012
0 0.16814947128295898 0.3465437889099121 0.008896797895431519 0.005529940128326416
0 0.1387900412082672 0.34562212228775024 0.008896797895431519 0.0073732733726501465
0 0.22464412450790405 0.34423962235450745 0.009786486625671387 0.008294939994812012
1 0.2806939482688904 0.34193548560142517 0.009786486625671387 0.005529940128326416
0 0.3376334607601166 0.3423963189125061 0.006227731704711914 0.008294939994812012
0 0.38033807277679443 0.34147465229034424 0.006227731704711914 0.008294939994812012
0 0.8887900114059448 0.33917051553726196 0.008896827697753906 0.005529940128326416
0 0.7175266742706299 0.3396313488483429 0.008007168769836426 0.006451606750488281
0 0.3945729434490204 0.34147465229034424 0.00800710916519165 0.010138273239135742
0 0.8189501762390137 0.33870968222618103 0.008007168769836426 0.006451606750488281
0 0.649021327495575 0.3396313488483429 0.009786486625671387 0.008294939994812012
0 0.8758896589279175 0.33732718229293823 0.008007168769836426 0.009216606616973877
0 0.8603202700614929 0.33732718229293823 0.008896827697753906 0.009216606616973877
1 0.11832740157842636 0.33778801560401917 0.008896797895431519 0.011981546878814697
0 0.9185943007469177 0.3359447121620178 0.011565804481506348 0.011981546878814697
1 0.29048043489456177 0.334562212228775 0.009786486625671387 0.011059880256652832
1 0.46352311968803406 0.33364054560661316 0.00889676809310913 0.011059880256652832
1 0.45373666286468506 0.33364054560661316 0.00889676809310913 0.011059880256652832
1 0.28158363699913025 0.33364054560661316 0.006227731704711914 0.011059880256652832
1 0.006227758014574647 0.33087557554244995 0.008896797429770231 0.005529940128326416
1 0.20240212976932526 0.33778801560401917 0.020462632179260254 0.021198153495788574
0 0.225088968873024 0.3299539089202881 0.008896797895431519 0.0073732733726501465
1 0.8020462393760681 0.330414742231369 0.008007168769836426 0.010138273239135742
0 0.33852311968803406 0.32949307560920715 0.00800710916519165 0.008294939994812012
1 0.31628113985061646 0.33640551567077637 0.020462632179260254 0.02211982011795044
0 0.40747329592704773 0.32811060547828674 0.00889676809310913 0.0073732733726501465
0 0.35097864270210266 0.3290322721004486 0.00800710916519165 0.009216606616973877
0 0.5489323735237122 0.3276497721672058 0.008896827697753906 0.008294939994812012
1 0.4862099587917328 0.3341013789176941 0.020462632179260254 0.021198153495788574
0 0.7041814923286438 0.326267272233963 0.008007168769836426 0.0073732733726501465
0 0.6908363103866577 0.32672810554504395 0.006227731704711914 0.008294939994812012
0 0.7464413046836853 0.32672810554504395 0.008896827697753906 0.010138273239135742
0 0.8469750881195068 0.32534563541412354 0.008896827697753906 0.009216606616973877
0 0.31005337834358215 0.31474655866622925 0.00800710916519165 0.006451606750488281
0 0.23709964752197266 0.3152073621749878 0.00800710916519165 0.009216606616973877
0 0.22464412450790405 0.3152073621749878 0.00800710916519165 0.009216606616973877
0 0.33852311968803406 0.3138248920440674 0.009786486625671387 0.008294939994812012
0 0.3505338132381439 0.3138248920440674 0.00889676809310913 0.010138273239135742
0 0.6605871915817261 0.31059908866882324 0.008007168769836426 0.0073732733726501465
0 0.5204626321792603 0.3115207254886627 0.0071173906326293945 0.009216606616973877
0 0.8185053467750549 0.3101382553577423 0.008896827697753906 0.008294939994812012
0 0.7050711512565613 0.3101382553577423 0.008007168769836426 0.008294939994812012
1 0.12055160105228424 0.3101382553577423 0.008007124066352844 0.008294939994812012
0 0.7326512336730957 0.30921658873558044 0.008007168769836426 0.008294939994812012
1 0.4661921560764313 0.3087557554244995 0.005338072776794434 0.009216606616973877
0 0.918149471282959 0.30783408880233765 0.0071173906326293945 0.009216606616973877
0 0.9034697413444519 0.3073732852935791 0.006227731704711914 0.008294939994812012
0 0.8887900114059448 0.3073732852935791 0.008896827697753906 0.010138273239135742
1 0.6325622797012329 0.3073732852935791 0.0071173906326293945 0.010138273239135742
1 0.45373666286468506 0.3041474521160126 0.00889676809310913 0.011059880256652832
1 0.29137009382247925 0.3059907853603363 0.00800710916519165 0.014746546745300293
0 0.19528469443321228 0.30276498198509216 0.006227761507034302 0.008294939994812012
1 0.17393238842487335 0.30921658873558044 0.020462632179260254 0.021198153495788574
0 0.35186833143234253 0.30092164874076843 0.006227731704711914 0.008294939994812012
0 0.3091636896133423 0.30092164874076843 0.006227731704711914 0.008294939994812012
1 0.010676156962290406 0.299539178609848 0.008896797429770231 0.005529940128326416
1 0.4008007049560547 0.30645161867141724 0.020462632179260254 0.021198153495788574
0 0.37944838404655457 0.299539178609848 0.00800710916519165 0.0073732733726501465
0 0.47953736782073975 0.29861751198768616 0.00889676809310913 0.0073732733726501465
1 0.5698398351669312 0.3046082854270935 0.020462632179260254 0.021198153495788574
0 0.5360320210456848 0.29861751198768616 0.009786486625671387 0.009216606616973877
0 0.7330960631370544 0.2967741787433624 0.008896827697753906 0.009216606616973877
0 0.9172598123550415 0.2949308753013611 0.0071173906326293945 0.0073732733726501465
0 0.8892349004745483 0.295391708612442 0.006227731704711914 0.008294939994812012
0 0.8745551705360413 0.29585254192352295 0.0071173906326293945 0.009216606616973877
0 0.8469750881195068 0.29585254192352295 0.008896827697753906 0.009216606616973877
0 0.8314056992530823 0.29585254192352295 0.008007168769836426 0.009216606616973877
1 0.020017793402075768 0.28940093517303467 0.008007116615772247 0.005529940128326416
0 0.18016013503074646 0.28709676861763 0.00800710916519165 0.006451606750488281
0 0.1387900412082672 0.28709676861763 0.00711745023727417 0.008294939994812012
0 0.3665480315685272 0.28479263186454773 0.00889676809310913 0.0073732733726501465
0 0.35097864270210266 0.28525346517562866 0.00800710916519165 0.008294939994812012
0 0.32250890135765076 0.2843317985534668 0.00800710916519165 0.008294939994812012
0 0.3096085488796234 0.28387096524238586 0.010676145553588867 0.011059880256652832
0 0.7037366628646851 0.28110599517822266 0.008896827697753906 0.0073732733726501465
1 0.6321174502372742 0.2801843285560608 0.009786486625671387 0.005529940128326416
0 0.858540952205658 0.2801843285560608 0.008896827697753906 0.0073732733726501465
0 0.6467971801757812 0.28110599517822266 0.0071173906326293945 0.009216606616973877
0 0.5329181551933289 0.28110599517822266 0.005338072776794434 0.009216606616973877
0 0.9172598123550415 0.27972349524497986 0.0071173906326293945 0.008294939994812012
0 0.9048042893409729 0.2801843285560608 0.012455463409423828 0.009216606616973877
0 0.732206404209137 0.2801843285560608 0.008896827697753906 0.009216606616973877
0 0.8305160403251648 0.2792626619338989 0.009786486625671387 0.009216606616973877
0 0.12055160477757454 0.27695852518081665 0.00978647917509079 0.010138273239135742
1 0.45240214467048645 0.2746543884277344 0.00800710916519165 0.009216606616973877
0 0.22375445067882538 0.2732718884944916 0.006227761507034302 0.008294939994812012
1 0.20240212976932526 0.27972349524497986 0.020462632179260254 0.021198153495788574
1 0.4008007049560547 0.2778801918029785 0.020462632179260254 0.021198153495788574
0 0.3514235019683838 0.2718893885612488 0.00711745023727417 0.009216606616973877
1 0.4853202700614929 0.27695852518081665 0.020462632179260254 0.021198153495788574
0 0.5756227970123291 0.2709677517414093 0.008896827697753906 0.011059880256652832
0 0.5475978851318359 0.27004608511924744 0.008007168769836426 0.009216606616973877
0 0.6766014099121094 0.26728111505508423 0.009786486625671387 0.0073732733726501465
1 0.4145907461643219 0.26912441849708557 0.005338072776794434 0.011059880256652832
0 0.8167259693145752 0.2668202817440033 0.008896827697753906 0.008294939994812012
0 0.9172598123550415 0.26635944843292236 0.0071173906326293945 0.009216606616973877
1 0.8865658640861511 0.26497694849967957 0.008007168769836426 0.006451606750488281
0 0.8456405401229858 0.26635944843292236 0.008007168769836426 0.009216606616973877
0 0.9025800824165344 0.2668202817440033 0.009786486625671387 0.011981546878814697
1 0.7651245594024658 0.2654377818107605 0.0071173906326293945 0.009216606616973877
1 0.46841636300086975 0.2626728117465973 0.00800710916519165 0.005529940128326416
0 0.20862989127635956 0.2576036751270294 0.00800710916519165 0.006451606750488281
0 0.18104982376098633 0.2576036751270294 0.00800710916519165 0.008294939994812012
0 0.19617438316345215 0.2571428716182709 0.00800710916519165 0.009216606616973877
0 0.16725978255271912 0.2571428716182709 0.00711745023727417 0.009216606616973877
1 0.009786477545276284 0.2548387050628662 0.008896797429770231 0.004608273506164551
0 0.3665480315685272 0.25529953837394714 0.00711745023727417 0.0073732733726501465
0 0.3505338132381439 0.25529953837394714 0.00889676809310913 0.009216606616973877
0 0.7153024673461914 0.25253456830978394 0.008896827697753906 0.0073732733726501465
0 0.6463522911071777 0.25299540162086487 0.008007168769836426 0.008294939994812012
0 0.5618327260017395 0.25299540162086487 0.006227731704711914 0.008294939994812012
0 0.7442170977592468 0.25161290168762207 0.008007168769836426 0.0073732733726501465
0 0.40925267338752747 0.25299540907144547 0.00711745023727417 0.010138258337974548
0 0.8291814923286438 0.25115206837654114 0.0071173906326293945 0.008294939994812012
0 0.8180605173110962 0.25161290913820267 0.009786486625671387 0.009216591715812683
0 0.2833629846572876 0.24884793162345886 0.00800710916519165 0.014746546745300293
0 0.16770462691783905 0.243778795003891 0.00800710916519165 0.006451606750488281
1 0.14546263217926025 0.25115206837654114 0.020462632179260254 0.021198153495788574
0 0.19572953879833221 0.24423962831497192 0.00711745023727417 0.00921657681465149
0 0.18104982376098633 0.243778795003891 0.00800710916519165 0.008294939994812012
1 0.4897686839103699 0.247926265001297 0.011565864086151123 0.02027648687362671
0 0.3950178027153015 0.24147465825080872 0.00889676809310913 0.0073732733726501465
0 0.5186832547187805 0.24101382493972778 0.008896827697753906 0.008294939994812012
0 0.5066726207733154 0.24101382493972778 0.009786486625671387 0.008294939994812012
0 0.7308719158172607 0.23963133990764618 0.008007168769836426 0.00921657681465149
0 0.6743772029876709 0.23963133990764618 0.0071173906326293945 0.00921657681465149
0 0.6583629846572876 0.23778802156448364 0.008896827697753906 0.005529940128326416
0 0.8447508811950684 0.23824885487556458 0.009786486625671387 0.010138243436813354
0 0.8167259693145752 0.23778802156448364 0.008896827697753906 0.00921657681465149
0 0.8732206225395203 0.2373271882534027 0.008007168769836426 0.010138243436813354
1 0.320729523897171 0.22534562647342682 0.006227731704711914 0.008294939994812012
1 0.48887899518013 0.22442395985126495 0.006227731704711914 0.008294939994812012
0 0.20329181849956512 0.22580644488334656 0.011565834283828735 0.01105991005897522
0 0.7104092240333557 0.22304147481918335 0.011565804481506348 0.0073732733726501465
1 0.6837188601493835 0.2211981564760208 0.004448413848876953 0.00921657681465149
1 0.8274021148681641 0.2198156714439392 0.005338072776794434 0.008294939994812012
1 0.854092538356781 0.2198156714439392 0.005338072776794434 0.010138243436813354
1 0.7406583428382874 0.2184331864118576 0.006227731704711914 0.012903213500976562
0 0.5685053467750549 0.21520736813545227 0.012455463409423828 0.006451606750488281
0 0.7104092240333557 0.21382488310337067 0.011565804481506348 0.0073732733726501465
0 0.6952847242355347 0.19078341126441956 0.006227731704711914 0.00921657681465149
1 0.005338078364729881 0.18894009292125702 0.010676156729459763 0.005529940128326416
0 0.6116548180580139 0.18709677457809448 0.006227731704711914 0.01105991005897522
1 0.5151245594024658 0.18525345623493195 0.005338072776794434 0.0073732733726501465
1 0.6174377202987671 0.1834101378917694 0.005338072776794434 0.01105991005897522
1 0.7758007049560547 0.17972350120544434 0.008896827697753906 0.005529940128326416
0 0.3612099587917328 0.17880184948444366 0.010676145553588867 0.012903213500976562
0 0.3354092538356781 0.1792626678943634 0.00889676809310913 0.013824880123138428
1 0.22375445067882538 0.1764976978302002 0.004448384046554565 0.008294939994812012
1 0.21930605173110962 0.1792626678943634 0.011565834283828735 0.013824880123138428
1 0.17126335203647614 0.17741934955120087 0.009786486625671387 0.010138243436813354
1 0.8265124559402466 0.17603686451911926 0.005338072776794434 0.00921657681465149
1 0.4991103261709213 0.17419354617595673 0.005338102579116821 0.005529940128326416
1 0.4021352231502533 0.17603686451911926 0.00711745023727417 0.00921657681465149
1 0.7282028198242188 0.17281106114387512 0.008007168769836426 0.010138243436813354
1 0.8865658640861511 0.17281106114387512 0.008007168769836426 0.013824880123138428
1 0.8314056992530823 0.17281106114387512 0.008007168769836426 0.013824880123138428
1 0.012455515563488007 0.15944699943065643 0.008896797895431519 0.005529940128326416
0 0.1263345181941986 0.13502304255962372 0.008896797895431519 0.0046083033084869385
1 0.8149465918540955 0.1294930875301361 0.008896827697753906 0.0046083033084869385
1 0.9510676264762878 0.1267281211912632 0.008896827697753906 0.0046082958579063416
1 0.3950178027153015 0.1211981549859047 0.00711745023727417 0.004608288407325745
1 0.13834519684314728 0.12211981415748596 0.006227761507034302 0.006451606750488281
0 0.7962633371353149 0.11889401078224182 0.01423490047454834 0.0073732733726501465
1 0.2362099587917328 0.12027649581432343 0.009786486625671387 0.010138243436813354
0 0.8211743831634521 0.11658985912799835 0.0071173906326293945 0.008294925093650818
1 0.6872775554656982 0.11474654078483582 0.006227731704711914 0.008294925093650818
1 0.17749109864234924 0.11474654078483582 0.009786486625671387 0.008294925093650818
1 0.6685943007469177 0.11244239658117294 0.009786486625671387 0.01105991005897522
1 0.8371886014938354 0.11198156327009201 0.012455463409423828 0.015668198466300964
0 0.1521352380514145 0.1078341007232666 0.005338072776794434 0.009216591715812683
0 0.1410142332315445 0.10875575989484787 0.011565834283828735 0.01105991005897522
1 0.004003558773547411 0.10460829734802246 0.008007117547094822 0.004608288407325745
1 0.7161921858787537 0.09262672811746597 0.0071173906326293945 0.006451606750488281
1 0.6565836071968079 0.09308755397796631 0.005338072776794434 0.0073732733726501465
1 0.6966192126274109 0.09124424308538437 0.0071173906326293945 0.00552995502948761
1 0.6659252643585205 0.09262672811746597 0.006227731704711914 0.008294925093650818
1 0.7384341359138489 0.0917050689458847 0.005338072776794434 0.008294925093650818
1 0.7878113985061646 0.09124424308538437 0.006227731704711914 0.009216591715812683
1 0.7660142183303833 0.09124424308538437 0.005338072776794434 0.009216591715812683
1 0.3932384252548218 0.0875576063990593 0.00711745023727417 0.0073732733726501465
1 0.20240212976932526 0.08571428805589676 0.00800710916519165 0.009216591715812683
1 0.23665480315685272 0.08479262888431549 0.00711745023727417 0.009216591715812683
1 0.4644128084182739 0.08341013640165329 0.00711745023727417 0.008294925093650818
1 0.42259785532951355 0.08387096971273422 0.00711745023727417 0.009216591715812683
1 0.4096975028514862 0.08341013640165329 0.006227731704711914 0.008294925093650818
1 0.1410142332315445 0.08018433302640915 0.009786486625671387 0.00552995502948761
1 0.4421708285808563 0.08202765136957169 0.00889676809310913 0.01105991005897522
1 0.021352313458919525 0.07511520385742188 0.008896797895431519 0.006451606750488281
1 0.7086299061775208 0.072811059653759 0.006227731704711914 0.00552995502948761
1 0.7615658640861511 0.07188940048217773 0.0071173906326293945 0.00552995502948761
1 0.09608540683984756 0.07050691545009613 0.008896797895431519 0.004608288407325745
1 0.8723309636116028 0.07050691545009613 0.006227731704711914 0.008294925093650818
1 0.5169039368629456 0.0612903218716383 0.005338072776794434 0.008294928818941116
0 0.8251779079437256 0.056682027876377106 0.008007168769836426 0.008294932544231415
0 0.7726868391036987 0.05714285746216774 0.006227731704711914 0.009216591715812683
0 0.5969750881195068 0.05852534435689449 0.008896827697753906 0.01198156550526619
1 0.12455515936017036 0.0525345616042614 0.008896790444850922 0.00552995502948761
1 0.10943060368299484 0.04423963278532028 0.007117435336112976 0.0073732733726501465
1 0.00845195702277124 0.04285714402794838 0.008007117081433535 0.0046082958579063416
1 0.2602313160896301 0.04377880319952965 0.006227731704711914 0.008294932544231415
1 0.6952847242355347 0.042396314442157745 0.008007168769836426 0.009216591715812683
1 0.8394128084182739 0.039170507341623306 0.006227731704711914 0.008294932544231415
0 0.20329181849956512 0.03732718899846077 0.00800710916519165 0.010138250887393951
1 0.2104092538356781 0.0350230410695076 0.006227761507034302 0.009216591715812683
1 0.7993772029876709 0.027188939973711967 0.008007168769836426 0.0046082958579063416
1 0.8305160403251648 0.0262672808021307 0.004448413848876953 0.008294928818941116
1 0.8100534081459045 0.02396313287317753 0.006227731704711914 0.009216587990522385
0 0.8407473564147949 0.02304147556424141 0.008896827697753906 0.009216591715812683
1 0.8211743831634521 0.021658986806869507 0.0071173906326293945 0.006451614201068878
1 0.8554270267486572 0.01981566846370697 0.008007168769836426 0.0046082958579063416
1 0.7646797299385071 0.020276498049497604 0.006227731704711914 0.0073732733726501465
0 0.006672597955912352 0.017511521000415087 0.013345195911824703 0.007373272441327572
1 0.7433273792266846 0.012903225608170033 0.008007168769836426 0.005529953166842461
1 0.7339857816696167 0.011981566436588764 0.005338072776794434 0.007373271510004997
1 0.6943950057029724 0.009677419438958168 0.006227731704711914 0.008294930681586266
