1 0.8809608166647149 0.9821164448203097 0.007349048662175561 0.006727301863526214
1 0.860496068948851 0.9824620171126567 0.00916102631018878 0.007718336112142676
1 0.8711475778126745 0.9815809437522105 0.01097288921068007 0.008709484788071986
1 0.5492149573685234 0.9915043526231522 0.007281389411492145 0.004885301682364784
1 0.4389575550865423 0.9953895027937574 0.009160966748648969 0.007718333764259122
1 0.5727236619859215 0.9891941815716352 0.008272010766503413 0.007683291600238729
1 0.9838353406591787 0.9711437142776003 0.009093371435063169 0.005876455054061203
1 0.9740897610578219 0.9724502133906625 0.010939057397559737 0.007788425135951349
1 0.6594047025876002 0.9857772618329252 0.0074505353504217275 0.009490242573728214
1 0.9818373607272156 0.965227394402828 0.009059539621942836 0.0049553954019408986
1 0.35531303710874557 0.972400424590913 0.009059480060402803 0.0049553930540569
1 0.07086471838159791 0.9605550615105324 0.01104056335174848 0.01055148555620411
1 0.9996916366597921 0.9145475834898831 0.0006167266804157912 0.010481395945424743
1 0.12546061638504144 0.9441068984993335 0.009093341654293333 0.00587645388011937
1 0.11525361310528165 0.9449703900422874 0.01001619952592643 0.0068324395080353595
0 0.217492790535886 0.9409401769644656 0.008305783018084156 0.008604348904475367
0 0.15883331064379513 0.9437136985775313 0.010117701104557536 0.009595380805208498
0 0.2347951660528031 0.9393357930435372 0.007416767474398789 0.008569304392571198
0 0.5334437152587315 0.925718621134725 0.012683261047367611 0.006937573630719007
0 0.14635296559915897 0.9432833333930286 0.010185360355240924 0.011437380986369816
1 0.8556347816292353 0.9107122192904077 0.008204355891377912 0.005841410542156922
0 0.3818291915234125 0.9307728500228987 0.006527692369173499 0.008534257532783251
0 0.7196291604025427 0.9165346243141139 0.010151532917678119 0.010516440457328913
0 0.708054806369692 0.9165297420958836 0.010117701104557453 0.009595380805208609
1 0.662629366376777 0.9160145244576852 0.010016214416311509 0.006832440095006276
0 0.9551222702648076 0.9044846123824462 0.010083873666994814 0.008674440276167705
0 0.8849222637774288 0.9081741923063222 0.011929564005048854 0.010586529481137363
0 0.7808880894243251 0.9118140261978303 0.008339670017186829 0.009525291781399825
0 0.6924289581737357 0.9153010373082324 0.0074505353504218386 0.009490242573728214
0 0.6017811176892746 0.9197966597889757 0.011074375898926236 0.011472425498273986
0 0.8973180358526003 0.9063020870451431 0.008339670017186829 0.009525291781399936
0 0.8671077063476007 0.9079540988890124 0.010151532917678119 0.010516440457329024
0 0.9257502725209102 0.9047201070114264 0.01015153291767823 0.010516440457329024
0 0.9133037571016157 0.9052107419175043 0.01015153291767823 0.010516440457329024
1 0.1250884926940618 0.9339759570644861 0.009093341654293333 0.00587645388011937
0 0.9430695788347726 0.9035762523295872 0.011074375898926014 0.011472425498273986
0 0.11402628334815978 0.9357955536519211 0.01015151802729318 0.010516439870357996
1 0.2905169220155072 0.9292995251255314 0.009363944500699106 0.013244334307743189
1 0.6588194661705615 0.9092472958640242 0.004783488719365625 0.009385109038015482
1 0.18207139314884457 0.9340355262143981 0.0221826133917431 0.02386591182261033
1 0.8375834190097944 0.9040451848005729 0.010388338107291117 0.01696338152985377
0 0.24758944227625873 0.9240742307123732 0.009262487593222818 0.0104813947714828
0 0.21823433065815173 0.9247702563413555 0.007450594911961567 0.009490244921612101
0 0.32262843981363354 0.9188104297482136 0.008271951204963601 0.007683289252354952
0 0.20534330746701462 0.9252784135033856 0.010185360355240952 0.011437380986369705
1 0.35890503800940365 0.9247590353088251 0.022216411048535945 0.02478685117770929
0 0.6915615833667902 0.9038061477742361 0.008373501830307273 0.010446351433520573
0 0.6021626932283924 0.9059467330414412 0.007382876099738311 0.007648242392567006
1 0.5068788372582065 0.9175425175444123 0.023071658716198595 0.023900957508456666
0 0.7795423772201953 0.8994156588292055 0.010151532917678008 0.010516440457329024
0 0.5875274068259075 0.9074459221042044 0.01018536035524098 0.011437380986369816
0 0.572363041869894 0.9066602225387776 0.008305842579624079 0.008604351252359144
0 0.5590613405322558 0.9081069020473405 0.010151532917677897 0.010516440457329024
0 0.5297400861324815 0.9097238670314217 0.011963391442611715 0.011507470010178267
0 0.7487860532551069 0.8983222522188246 0.007382876099738422 0.007648242392567006
0 0.7368178752329968 0.8997163649595311 0.010117701104557564 0.009595380805208498
0 0.7200107359416605 0.9026846975665794 0.012064882506415686 0.01427052984346
0 0.9408178778066362 0.8907524615562298 0.0074505353504217275 0.009490242573728436
0 0.8839026567503353 0.8925348321454827 0.009194858123309446 0.008639395764263202
0 0.8670616900214363 0.8945822242234902 0.009296344811555501 0.011402336474465535
0 0.7652839415266484 0.8990553850163949 0.01199722325573227 0.012428529662298793
0 0.9248152406510604 0.8913832768578085 0.01107437589892657 0.011472425498273986
0 0.9541195791442743 0.889305782047667 0.01107437589892657 0.011472425498274097
0 0.9127794033782668 0.8909353894173536 0.01018536035524098 0.011437380986369705
0 0.14383538436701762 0.911101136410663 0.007382935661278178 0.0076482447404506715
0 0.21497521149152354 0.9087580395436399 0.012818639110274088 0.01062157634092531
1 0.5878075552383191 0.8908330522985839 0.008204355891377801 0.005841410542157033
0 0.39444214780972187 0.8984554120769189 0.007382935661278178 0.0076482447404506715
1 0.30290523222003557 0.90298608141745 0.007450594911961539 0.00949024492161199
1 0.29177535399047877 0.9029636185556695 0.008305783018084156 0.008604348904475367
0 0.2037945899178437 0.9073541063267583 0.008373442268767572 0.010446349085636797
1 0.764675012646056 0.8824775025090226 0.008238183328940663 0.006762351071197714
0 0.4099833612868947 0.8973815892052321 0.0065276923691735544 0.008534257532783251
0 0.3819956323904274 0.8989460469829968 0.009228625999332274 0.009560333945420552
0 0.15889826263478501 0.9091238952658875 0.011108207712046875 0.012393485150394623
0 0.3664205871001339 0.899098810202563 0.006595351619856971 0.010376257713944681
0 0.6753099521329997 0.8855390878668086 0.009228685560872196 0.009560336293304106
0 0.5566236372201694 0.8902176382086757 0.008339670017186829 0.009525291781399936
0 0.5402102623565528 0.8917869782046708 0.011074375898926458 0.011472425498273986
0 0.7481771243745143 0.8817443697114523 0.0074505353504218386 0.009490242573728436
0 0.5997249303547663 0.8880574715506601 0.009262517373992751 0.010481395945424632
0 0.6877395538335129 0.8845879826962102 0.012886238799417638 0.012463574174202963
0 0.9539382443167432 0.8722499070198222 0.008373501830307384 0.010446351433520462
0 0.9237279743732834 0.8739019165158077 0.010185360355240758 0.011437380986369816
0 0.8948173407462492 0.8745804210627797 0.011040548461363708 0.010551484969233194
0 0.8814818097832694 0.8751061004807619 0.011040548461363597 0.010551484969233194
0 0.7779428865461313 0.880109882471419 0.010219192168361535 0.012358440638490231
0 0.5712419481545543 0.888257921667736 0.011108207712046902 0.012393485150394512
0 0.6587444046107749 0.882963954888077 0.01015153291767823 0.010516440457328913
0 0.5272177502893907 0.889532135094959 0.010253019605924396 0.013279381167531024
1 0.8249603531546882 0.8754894784589616 0.01015153291767823 0.010516440457329024
0 0.8498533839932771 0.8745082086468057 0.0084411610809908 0.01228835161468178
0 0.14507219049563413 0.8962951632997308 0.009160996529418902 0.007718334938200844
0 0.21703338880352696 0.8920750211526713 0.007349108223715428 0.006727304211409879
0 0.18728449786731546 0.8941700399796777 0.010083873666994758 0.008674440276167705
0 0.17394895201395066 0.8946957199846308 0.008305783018084156 0.008604348904475478
1 0.8238345324213898 0.8690775818983412 0.010151532917678119 0.010516440457328913
1 0.6579446294929729 0.8733110678831255 0.00909337143506328 0.005876455054061314
0 0.6479067743399216 0.8787795598789829 0.008576475206799716 0.015972232853924795
1 0.24043587971472025 0.8989923137013731 0.02221644082930585 0.024786852351651123
1 0.3284166437873553 0.8946018259302845 0.022216411048536 0.0247868511777094
0 0.4236666679444207 0.8820849817751928 0.00652769236917361 0.008534257532783363
0 0.41075873103450217 0.8821326686727025 0.009160966748648969 0.007718333764259233
0 0.38061606078018606 0.8856266806977331 0.011108207712046847 0.012393485150394512
1 0.5052503162409053 0.8853252742892297 0.0221826133917431 0.02386591182261044
0 0.3529882942790876 0.8848710850383823 0.011040548461363542 0.010551484969233305
0 0.7481141921417895 0.8679119652198699 0.008339670017186718 0.009525291781399825
0 0.9525417887684903 0.8584700692960963 0.010151532917678008 0.010516440457328913
0 0.9232205343687159 0.8600870342801774 0.010185360355240758 0.011437380986369816
0 0.8947713222323059 0.8612084868357177 0.008407329267870134 0.011367291962561366
0 0.7632109000348987 0.8668557241656751 0.010219192168361646 0.012358440638490231
0 0.6760176924106938 0.8684481659791758 0.010083873666994814 0.008674440276167594
0 0.9107401893240799 0.8596566690956747 0.010185360355240758 0.011437380986369705
0 0.881846469415827 0.8607956439071671 0.012852406986296971 0.011542514522082548
0 0.1746904921362164 0.8785257993615205 0.007382935661278206 0.0076482447404506715
1 0.4711164556239974 0.8649961809318418 0.008204296329838046 0.0058414081942733675
0 0.42131351000880807 0.8664982491176916 0.008305783018084156 0.008604348904475478
0 0.38084543387992564 0.8676322821494136 0.009160966748648913 0.007718333764259122
0 0.3208524008915369 0.8704583717042775 0.008305783018084212 0.008604348904475478
0 0.1590647035017999 0.8772970922259857 0.006561549587506266 0.009455199235765765
1 0.28929160457145797 0.8717024812254246 0.009262457812452884 0.010481393597541078
0 0.7448212433498197 0.8509787483315737 0.00823818332894044 0.006762351071197825
0 0.5097218808371105 0.8616297086776195 0.011006746429012781 0.009630426491054611
0 0.8510441864983351 0.8463303007218407 0.009161026310188669 0.007718336112142898
0 0.5688089696726476 0.8583781939571103 0.010117701104557453 0.009595380805208498
0 0.8621402053217804 0.8454317646669823 0.010083873666994703 0.008674440276167594
0 0.7745532354576348 0.848423258653076 0.009228685560872085 0.009560336293303995
0 0.7621236337571218 0.8493743638236744 0.009262517373992751 0.010481395945424743
0 0.7323070686798419 0.8496273830564904 0.008305842579623968 0.008604351252359144
0 0.7145770842194785 0.8517097600848622 0.011963391442611604 0.011507470010178378
0 0.5563117109092302 0.8574873585080872 0.010151532917678119 0.010516440457329024
1 0.9531987835142822 0.8399976174918226 0.0074167079128588664 0.008569302044687532
1 0.9069350139480441 0.840898976630053 0.0056386768254882425 0.00849921302087897
1 0.3002692483930877 0.8675804138988221 0.010354506294170451 0.016042321877733245
1 0.8228873116629383 0.843289817608242 0.008373501830307384 0.010446351433520462
1 0.28895331050582 0.8624925398811577 0.009127139311086108 0.00679739323521833
1 0.1228557571115207 0.8731904871400209 0.011277368541361327 0.01699842662872897
1 0.23926876529765823 0.8672180190417298 0.0221826133917431 0.02386591182261033
0 0.21586627657424395 0.8603007860545677 0.009160996529418847 0.007718334938200955
0 0.2034536056706761 0.8617124204642553 0.011006716648242904 0.009630425317112667
0 0.1869895150559274 0.8619002293696678 0.008305783018084156 0.008604348904475478
1 0.8329928238788942 0.839663266232006 0.009499322563605528 0.01692833701794949
1 0.8217614291803214 0.8368778638339652 0.01015153291767823 0.010516440457328802
1 0.35744294515651137 0.8607150491622515 0.02218258361097325 0.02386591064866861
0 0.3336635759433889 0.8556572802246047 0.010185360355240924 0.011437380986369816
0 0.3211663469607413 0.8547664436016398 0.010083873666994814 0.008674440276167705
0 0.3922553987725753 0.8510418179919177 0.010083873666994758 0.008674440276167594
0 0.7171643444605683 0.8373117494451631 0.0074167079128588664 0.008569302044687532
0 0.5846810175325943 0.8420730335443278 0.007382876099738422 0.007648242392567006
1 0.5325154577580962 0.8519691181319782 0.02218258361097314 0.02386591064866861
0 0.4966833375533988 0.8460029914893563 0.009194798561769468 0.008639393416379648
0 0.5989563669449223 0.8428937776216587 0.009330176624676056 0.012323396126586061
0 0.9206860096370233 0.8274443682072333 0.009194858123309446 0.008639395764263424
0 0.9078288160712278 0.828873525459844 0.010151532917678119 0.010516440457328913
0 0.891364757425028 0.8290613927528543 0.009228685560872085 0.009560336293304217
0 0.849118590647235 0.8302655171562687 0.010083873666994814 0.008674440276167594
0 0.6846299298465695 0.8362884342064745 0.010050041853874037 0.007753380624047068
0 0.6731401487831835 0.8385860224339259 0.010185360355240869 0.011437380986369816
0 0.567738619301431 0.8413573634411698 0.009194858123309446 0.008639395764263424
0 0.5086515155755089 0.8446088787486498 0.011929623566588776 0.010586531829021029
0 0.8784737342338909 0.8295695499148844 0.010185360355240869 0.011437380986369705
0 0.7607102049285477 0.8351340581833115 0.011142035149609653 0.013314425679435415
0 0.7437339770720428 0.8334973879895731 0.009194858123309335 0.008639395764263313
0 0.7024614009951788 0.8369689978883048 0.010219192168361535 0.01235844063849012
0 0.14374067423576506 0.8479255824128717 0.008305783018084212 0.008604348904475478
0 0.18550845675743988 0.8458179223742018 0.010117701104557536 0.009595380805208498
0 0.15750381195441227 0.8469218503259064 0.007450594911961567 0.00949024492161199
0 0.5672142655780821 0.8270820109410192 0.007382876099738422 0.007648242392567006
0 0.3801059157037039 0.8353800545308376 0.010117701104557508 0.009595380805208387
1 0.8480989836201416 0.8146261569954293 0.007349048662175561 0.006727301863526103
0 0.5556567657024731 0.8275376013351929 0.011006716648242931 0.009630425317112778
0 0.5098544920787837 0.828881905547137 0.008305812798854117 0.0086043500784172
0 0.3325424822280493 0.8372549793535632 0.011074375898926292 0.011472425498274097
0 0.32009596680875474 0.8377456142596411 0.011074375898926292 0.011472425498274097
0 0.6849608194153252 0.8210569751944153 0.008305842579623968 0.008604351252359033
0 0.39205717781925375 0.8335254119640708 0.009262457812452884 0.010481393597540967
1 0.11332737661168685 0.8440516529813114 0.0047834738289806306 0.009385108451044677
0 0.7605119541944562 0.8176176533294066 0.01189573219192841 0.009665469829016948
0 0.4964851166000772 0.8284865854615094 0.010151532917678174 0.010516440457329024
1 0.12310677094800039 0.8436661545458009 0.006629208838189654 0.011297199416927084
1 0.8618113652920596 0.8122410147018735 0.00652769236917361 0.00853425753278314
0 0.742286718618127 0.8183360822586296 0.011074375898926347 0.011472425498273986
0 0.951142596179774 0.8082584292535069 0.0074505353504217275 0.009490242573728325
0 0.9356013827026011 0.8093322521251938 0.008373501830307384 0.010446351433520573
0 0.9204877610907107 0.8099280229148681 0.008373501830307384 0.010446351433520462
0 0.9067077223558881 0.8104712245888024 0.009262517373992862 0.010481395945424743
0 0.7288835284044639 0.8170197614954505 0.009296344811555612 0.011402336474465535
1 0.8208480380472114 0.8120110996344467 0.008373501830307495 0.010446351433520351
1 0.1716823868060679 0.832989249969585 0.006527722149943488 0.008534258706725084
0 0.1423441889067423 0.8341457458630877 0.006527722149943516 0.008534258706724973
0 0.15699637194984478 0.8331069680902761 0.007450594911961567 0.00949024492161199
1 0.20878037107560987 0.8370608096631893 0.022182613391743128 0.02386591182261044
0 0.24448188490651407 0.8273525322200384 0.008305783018084156 0.008604348904475478
1 0.8196207284378881 0.8028362028020841 0.010016214416311398 0.006832440095006276
0 0.3627067910313264 0.8222309737210922 0.008339610455646962 0.00952528943351616
0 0.34894363842229426 0.8232347063950287 0.009262457812452884 0.010481393597541078
0 0.33335167941321947 0.8229269993500745 0.00652769236917361 0.008534257532783363
0 0.3204606562220823 0.8234351565121045 0.009194798561769524 0.00863939341637976
0 0.2328905851863332 0.8268871213496896 0.01008387366699473 0.008674440276167594
0 0.654839792085528 0.8130211127350851 0.009465490750485084 0.016007277365828854
1 0.4144908050474765 0.8261848147070345 0.023071658716198318 0.023900957508456444
0 0.3791201383019521 0.8206616944605788 0.009228625999332218 0.00956033394542044
1 0.7430790318652858 0.8035476308166787 0.006493860556052944 0.007613197880662725
0 0.5529098113705919 0.8133498029011468 0.010219192168361535 0.012358440638490342
1 0.531348345528813 0.8201948830338748 0.022216411048536 0.0247868511777094
0 0.5070229818556018 0.812391695641978 0.009127139311086108 0.00679739323521833
0 0.9195358133143006 0.7961306629351901 0.009194858123309557 0.008639395764263424
0 0.890709810030492 0.7991115760184202 0.010219192168361535 0.012358440638490231
0 0.7577650594241148 0.8034298525474768 0.009262517373992751 0.010481395945424632
1 0.7123396216189788 0.8029146944708183 0.009093371435063058 0.005876455054061203
0 0.6990886636254637 0.8057428443344822 0.007484367163542283 0.01041130222584874
0 0.683496647242628 0.8054351991989517 0.010083873666994592 0.008674440276167705
0 0.9364275255751016 0.7954648007738234 0.011040548461363486 0.010551484969233305
0 0.5839245834498121 0.8093602760996915 0.011929564005048854 0.010586529481137585
0 0.564776502704456 0.809192749450238 0.01097288921068007 0.008709484788071764
0 0.9070723819884458 0.7961607680152076 0.011074375898926458 0.011472425498273986
0 0.1843582604347171 0.8145042171021586 0.010117701104557508 0.009595380805208498
0 0.17324531300210555 0.8149422834794674 0.009228655780102207 0.009560335119362273
0 0.4078494073206852 0.8029273160597038 0.009160966748648913 0.007718333764259233
0 0.21497926589843866 0.8119136233502167 0.011040548461363542 0.010551484969233305
0 0.4206896871676993 0.8010376885425726 0.0065276923691735544 0.008534257532783363
0 0.3775883344715626 0.803197857548472 0.007450594911961539 0.009490244921612101
1 0.2878295095307869 0.807658435517311 0.009296285250015635 0.01140233412658187
0 0.8460427962856332 0.7828869687571137 0.00916102631018878 0.007718336112142898
0 0.7580282323684264 0.7863564552636799 0.00916102631018878 0.007718336112143009
0 0.7117983519890696 0.7881788121446074 0.00916102631018878 0.007718336112143009
0 0.5664578314953 0.7943692534963829 0.008305842579624079 0.008604351252359144
1 0.48201627325238605 0.7981590310459106 0.0047834887193656805 0.009385109038015482
0 0.8749026865685443 0.7808269938550406 0.010117701104557564 0.009595380805208498
0 0.7704578340689394 0.7854053500930815 0.011040548461363486 0.010551484969233305
0 0.6828708024554752 0.7883967868655191 0.00833967001718694 0.009525291781400158
0 0.6690907637206527 0.7889399885394535 0.0074505353504217275 0.009490242573728547
0 0.5375302819617055 0.7945872282172945 0.007484367163542283 0.010411302225848962
0 0.9468976996113939 0.7775278523855327 0.01015153291767823 0.010516440457328913
0 0.8899655648363117 0.7788497527102651 0.006527692369173721 0.00853425753278314
0 0.858455482079586 0.781475333760455 0.011074375898926236 0.011472425498273986
0 0.7415303440968848 0.7856233224661096 0.010151532917678008 0.010516440457329024
0 0.93310074715779 0.7776105837949465 0.009296344811555723 0.011402336474465646
0 0.90465153502138 0.7787320363504868 0.01107437589892657 0.011472425498273986
0 0.9179702096393394 0.7777458247585607 0.011108207712047125 0.012393485150394512
1 0.8316660175588197 0.779303222060157 0.005706336076171659 0.01034121320204029
1 0.6413783966570985 0.7858819831699024 0.005638676825488131 0.008499213020879082
1 0.47736813062737826 0.7928083161453132 0.0065615198067363045 0.009455198061823933
0 0.2300130564492079 0.7970249772174686 0.006561549587506321 0.009455199235765877
0 0.1726532978402944 0.7988248712366155 0.00919482834253943 0.008639394590321592
0 0.21353205211567777 0.7967523158583605 0.009228655780102263 0.009560335119362384
0 0.34859791226678316 0.7895834254299177 0.009160966748648913 0.007718333764259233
1 0.32578743651740105 0.7987835451240675 0.022216411048535945 0.0247868511777094
0 0.24056309351517027 0.7933809625598496 0.010016214416311398 0.006832440095006498
0 0.5664118129813567 0.7809973192693209 0.0074505353504217275 0.009490242573728325
0 0.4187979485349318 0.7858938443320997 0.009160966748648969 0.007718333764259122
0 0.4059238412503549 0.78686253132019 0.008305783018084156 0.008604348904475478
0 0.361522765083262 0.7899962683584683 0.01018536035524098 0.011437380986369816
0 0.7255323743977278 0.7742637358051508 0.007484367163542505 0.01041130222584874
0 0.5361676560387945 0.7817283905841492 0.009262517373992751 0.010481395945424632
1 0.5232089735969738 0.780394547565018 0.008238183328940774 0.006762351071197825
1 0.5008430056194345 0.7895771450032157 0.022182583610973194 0.023865910648668498
0 0.9468347673786692 0.7636954478939503 0.009194858123309335 0.008639395764263202
0 0.8881752852987994 0.766468909945476 0.0074505353504216165 0.009490242573728325
0 0.5943149689083591 0.7771303910458744 0.006493860556052833 0.007613197880662725
0 0.5516581261718443 0.7792730973573614 0.008305842579623968 0.008604351252359033
1 0.8751996891381975 0.7646745966618245 0.008238183328940774 0.006762351071197936
0 0.8565806891341488 0.7667920182021005 0.010117701104557453 0.009595380805208498
0 0.8445448540491343 0.7663441903231856 0.00916102631018878 0.007718336112142898
0 0.7694382270418458 0.769765989932242 0.010083873666994703 0.008674440276167705
0 0.9330378127372863 0.7637781197418243 0.01018536035524098 0.011437380986369816
0 0.9156339356417381 0.7626195635395216 0.009161026310188669 0.007718336112142787
1 0.6991535880234626 0.7711531017583202 0.008272010766503524 0.007683291600238618
0 0.6814066898443178 0.7727750085221716 0.010117701104557564 0.009595380805208498
1 0.018791828712256386 0.7790649039129259 0.009059508445199137 0.004955394172970307
0 0.20071072282387403 0.7506802648113549 0.008238123767400823 0.006762348723314049
0 0.24246159162676742 0.7481121345081645 0.010083873666994758 0.008674440276167705
0 0.23001509109785792 0.7486027688272716 0.010083873666994758 0.008674440276167705
0 0.4050875888090577 0.7398568383839692 0.00823812376740074 0.006762348723314049
0 0.388162046922915 0.7396017004547553 0.0083057830180841 0.008604348904475478
0 0.37571556128439043 0.7400923341868912 0.0083057830180841 0.008604348904475478
0 0.3468387870634678 0.7416918376505022 0.00922862599933233 0.00956033394542044
0 0.5330411757068305 0.7329683099204696 0.010083873666994814 0.008674440276167594
0 0.41703882333161646 0.7380022565526843 0.00922862599933233 0.009560333945420552
0 0.6952564373688588 0.7256515980522306 0.009194858123309446 0.008639395764263424
0 0.8987950162640952 0.7162446870788213 0.00916102631018878 0.007718336112142787
0 0.8543601424402094 0.7184574824141167 0.0074167079128589775 0.008569302044687532
0 0.7659010111896201 0.7219444935245187 0.008305842579624079 0.008604351252359033
0 0.708558138706497 0.7242049185436678 0.0074167079128589775 0.008569302044687532
1 0.6792199705879413 0.7253614132632287 0.0074167079128590885 0.008569302044687421
0 0.7245608354236126 0.7235741008942054 0.009262517373992751 0.010481395945424632
1 0.5769469709771877 0.7284706259569844 0.0056386768254883535 0.008499213020879082
0 0.5645173692766747 0.7294217311275827 0.0074505353504218386 0.009490242573728214
1 0.28623209817652784 0.7399304490084148 0.007416767474398844 0.008569304392571198
0 0.928560837997252 0.7146101974909042 0.008373501830307273 0.010446351433520462
0 0.9151914774089305 0.7142148768183058 0.006595351619856804 0.01037625771394457
0 0.884981147903931 0.7158668886621748 0.008407329267870134 0.011367291962561143
0 0.8391788615776357 0.7172112530226298 0.009330176624676167 0.01232339612658595
1 0.11853034198059101 0.7433130236329417 0.0047834738289806306 0.009385108451044677
1 0.8132445829752131 0.7140830967198468 0.009228685560872307 0.009560336293304217
1 0.2850555021305577 0.7321370237050951 0.009093311873523358 0.005876452706177426
0 0.20016945319396487 0.7359443824851439 0.008305783018084156 0.008604348904475478
0 0.18370536257921616 0.7361321913905564 0.009160996529418847 0.007718334938201066
1 0.14798693502953056 0.7453799985691867 0.023071628935428468 0.02390095633451461
0 0.24188649237151658 0.732455252091373 0.008238123767400796 0.006762348723314049
0 0.40234063666495556 0.7256690995114629 0.0056725042630508815 0.009420153549919874
0 0.34585300966171595 0.7269734775802434 0.008271951204963546 0.007683289252354952
1 0.3234701257776163 0.7356955451923808 0.02218258361097314 0.023865910648668498
1 0.8099299338849635 0.7086798162253349 0.004783488719365625 0.009385109038015593
0 0.3756357153328843 0.7257994594307885 0.009228625999332218 0.00956033394542044
0 0.8236931162747654 0.7076760823774568 0.007484367163542394 0.01041130222584885
1 0.5031616805846046 0.719388984223243 0.010083873666994703 0.008674440276167483
0 0.7672054914593048 0.708980520007777 0.008373501830307273 0.010446351433520573
0 0.6791739520739979 0.7119894790361667 0.008339670017186718 0.009525291781400047
0 0.5631716592603238 0.7170234233204976 0.009262517373992862 0.010481395945424854
0 0.9427732551768553 0.7015985370766527 0.009296344811555723 0.011402336474465424
0 0.9284809898579669 0.7003172631732615 0.009161026310188891 0.007718336112142787
0 0.9115892775971659 0.7009831253346281 0.009161026310188891 0.007718336112142898
1 0.8995704157924727 0.7009957653723499 0.008238183328940551 0.006762351071197825
0 0.8840630297528624 0.7029905287730773 0.0074505353504216165 0.009490242573728325
0 0.7231304906884782 0.7088732654277825 0.0074167079128588664 0.008569302044687532
0 0.6657538481415533 0.7102126880084672 0.008238183328940663 0.006762351071197714
0 0.5777730542881483 0.7146031769534977 0.008305842579623857 0.008604351252359033
0 0.7546574871639853 0.706708154642113 0.013640054964815906 0.008814623019551937
0 0.5510681627368468 0.7147335356988814 0.011861904754365438 0.008744529299976156
0 0.7346541609387456 0.707496674943028 0.012818579548734221 0.010621573993041644
0 0.7048375958614657 0.7077496941758441 0.011861904754365438 0.008744529299976045
1 0.6881536457444344 0.7019510906608502 0.009059539621942614 0.0049553954019406765
0 0.2111518240335532 0.7198319108481206 0.010083873666994786 0.008674440276167705
0 0.17068375009244974 0.7209660034413825 0.009160996529418902 0.007718334938200955
0 0.3568861238454274 0.712242476298321 0.008238123767400851 0.00676234872331416
0 0.13999508319026588 0.7217145374506233 0.006527722149943488 0.008534258706725084
1 0.28482342395890337 0.7136996783221493 0.00820429632983799 0.0058414081942732565
0 0.199082172025803 0.7184630227301142 0.009194828342539485 0.008639394590321592
0 0.3443381217378868 0.7099701704941968 0.0065276923691735544 0.008534257532783251
0 0.5607677238242603 0.7000551023587573 0.009161026310188891 0.007718336112142787
0 0.41676075642678867 0.7061929757687346 0.007416767474398733 0.008569304392571198
0 0.839463675258687 0.6886079216929322 0.010083873666994703 0.008674440276167483
0 0.5900720645052533 0.6979776671101556 0.0074505353504216165 0.009490242573728214
0 0.5771641254075557 0.6980252944461255 0.008305842579623968 0.008604351252359033
0 0.5478259572890001 0.6991817891656863 0.008305842579624079 0.008604351252359033
0 0.8967558043976871 0.6849660263186822 0.0074505353504217275 0.009490242573728436
0 0.8678451685828739 0.6856444713041143 0.008305842579624079 0.008604351252359255
0 0.8518594473338584 0.6867358164317532 0.010117701104557453 0.009595380805208387
0 0.7216156325454189 0.6918699571677941 0.0074505353504217275 0.009490242573728214
0 0.7349511635083987 0.6913442777498118 0.009296344811555501 0.011402336474465424
0 0.46333365570196305 0.701590096360113 0.010151532917678174 0.010516440457329024
0 0.9247097036688126 0.6824805684503368 0.008373501830307273 0.010446351433520462
1 0.8117851356326957 0.6864708568524223 0.008339670017186607 0.009525291781400047
1 0.11972113704045659 0.7151351160014621 0.00933014684390622 0.012323394952644118
0 0.8815745235351133 0.6837197969271951 0.011142035149609542 0.013314425679435415
0 0.7073233672265304 0.6905886832644029 0.009364004062238807 0.013244336655626965
1 0.2943152846518659 0.705485767872042 0.008373442268767572 0.010446349085636797
1 0.286724644220579 0.7048626531762985 0.005706336076171603 0.0103412132020404
1 0.4746205207626175 0.6937665648028339 0.006460033118490027 0.006692257351622044
1 0.1981640389843496 0.7055866634279877 0.006527722149943488 0.008534258706725084
0 0.1399490817544864 0.7083426621981302 0.007450594911961567 0.009490244921612101
1 0.2352620232538916 0.7096582231215919 0.0221826133917431 0.02386591182261033
1 0.82090014561672 0.6801164092778884 0.009330176624676056 0.012323396126586061
1 0.811002333795215 0.6772784377641076 0.009093371435063169 0.005876455054061314
0 0.6378263144373473 0.6891777479589509 0.009465490750485084 0.016007277365828965
0 0.3451304052042756 0.6951817202261876 0.009127139311086163 0.00679739323521833
0 0.41582572236915993 0.6928560860535768 0.008339610455646906 0.00952528943351627
1 0.380962495628203 0.7011478480427514 0.02218258361097314 0.023865910648668498
1 0.49650339673202293 0.6956709545759103 0.022182583610973194 0.02386591064866861
0 0.9398280522986615 0.6698943933502414 0.009194858123309335 0.008639395764263424
0 0.8962483643931196 0.671151144083052 0.007382876099738311 0.007648242392567117
0 0.8660718645134617 0.6737241560175018 0.009262517373992751 0.010481395945424743
0 0.5762460072564872 0.6851489345570281 0.009262517373992751 0.010481395945424743
0 0.5597312030783854 0.6839552719333974 0.008238183328940663 0.006762351071197714
0 0.5477799387750567 0.6858098549386242 0.009228685560872085 0.009560336293303995
0 0.5193307862001864 0.6869313051462809 0.009228685560872196 0.009560336293304217
0 0.9260479540022992 0.6704375973720593 0.01015153291767823 0.010516440457328913
0 0.7504464202209471 0.6768985778647193 0.009228685560872196 0.009560336293304106
0 0.7339822998254284 0.6770863879440735 0.010083873666994703 0.008674440276167594
0 0.6921976162875781 0.6787335175697122 0.010083873666994814 0.008674440276167705
0 0.15269261244604002 0.6916995699503252 0.009194828342539485 0.00863939459032148
0 0.21128443527522645 0.6870841077176382 0.009228655780102263 0.009560335119362273
0 0.169482808237825 0.6882707682526983 0.009262487593222846 0.01048139477148291
0 0.5014194691000708 0.6719578667083479 0.00827195120496349 0.007683289252354841
0 0.3725261211267107 0.677499909767111 0.00652769236917361 0.008534257532783251
0 0.7498544050591358 0.6607811656218675 0.009127198872625919 0.006797395583101995
0 0.41603815196934835 0.6744012184146788 0.006493860556052999 0.007613197880662836
0 0.6907334419271022 0.6631116820127086 0.008305842579623857 0.008604351252359255
0 0.8351511194396235 0.6560353446437966 0.007382876099738422 0.007648242392567006
0 0.5755863350317716 0.6671895816945548 0.011006716648242931 0.009630425317112556
1 0.9387069585833219 0.6514920924791997 0.00652769236917361 0.00853425753278314
0 0.9058633525110682 0.654170240297246 0.013741541653062184 0.011577563729754159
0 0.7200378399818559 0.6610341848546835 0.010151532917678119 0.010516440457328913
0 0.6759798146791294 0.6613874577528656 0.009296344811555612 0.011402336474465646
0 0.1384220198324404 0.6788884203886314 0.008339610455646962 0.00952528943351616
0 0.1685646878989776 0.6753943488020611 0.008305783018084156 0.008604348904475367
0 0.15252819352506908 0.6751042247485407 0.008238123767400768 0.00676234872331416
0 0.21117077458876354 0.6718702322839838 0.008238123767400823 0.00676234872331416
1 0.23411182693116883 0.6783445178495486 0.022182613391743128 0.02386591182261044
0 0.31467583841979 0.6659454513766878 0.007349108223715484 0.006727304211409879
0 0.3853203824597814 0.6622383480229178 0.008238123767400796 0.00676234872331416
1 0.3505079288437174 0.6719115791932517 0.022182583610973194 0.02386591064866861
0 0.48887622160347977 0.657695095858321 0.00922862599933233 0.009560333945420552
0 0.8337884935167124 0.6431765070106512 0.0056725042630511036 0.009420153549919763
0 0.7622041586203638 0.6455371261336265 0.00652769236917361 0.008534257532783251
0 0.5741898794835189 0.6534097439708286 0.0074505353504217275 0.009490242573728325
1 0.5522176737459201 0.6611932892364334 0.02218258361097314 0.02386591064866861
1 0.011806741805226569 0.6737339158185731 0.008204305171004095 0.005841408542787252
0 0.9239918262293307 0.6386984067858601 0.010117701104557564 0.009595380805208609
0 0.8644433286057758 0.6415069133492901 0.008373501830307384 0.010446351433520351
0 0.7483733169798783 0.6446988598003434 0.00916102631018878 0.007718336112142898
0 0.7324045094496442 0.6462506751925027 0.0074505353504217275 0.009490242573728436
0 0.7194965703519467 0.6462983025284725 0.010083873666994814 0.008674440276167705
0 0.6897814941506919 0.6493143220330306 0.011108207712046902 0.012393485150394512
0 0.661709190096981 0.6485762498035736 0.010083873666994814 0.008674440276167705
0 0.19861059629522726 0.6571469321948675 0.009160996529418874 0.007718334938201066
1 0.01629049040412584 0.6624892845360438 0.010939068565348254 0.007788425576179536
0 0.3843007754326878 0.6465989878620784 0.009194798561769524 0.00863939341637976
0 0.49982476281772636 0.6406616241307168 0.009160966748648913 0.007718333764259122
0 0.3727263916190673 0.6465941068177898 0.009228625999332274 0.00956033394542044
0 0.35672375446349147 0.6472249221193684 0.007450594911961594 0.00949024492161199
0 0.7300513195454827 0.6306638841474033 0.011006716648242931 0.009630425317112667
0 0.8753918422270313 0.6244735023571677 0.010151532917678119 0.010516440457328802
0 0.7584835584015717 0.6290819636752263 0.011040548461363486 0.010551484969233083
0 0.7011407454799885 0.6313423863464916 0.01015153291767823 0.010516440457328802
0 0.660672669351106 0.6324764193782138 0.009228685560872085 0.009560336293304217
1 0.28327675594876744 0.6473531621683541 0.008339610455646962 0.00952528943351627
0 0.9349403972243474 0.6216649338843141 0.011963391442611826 0.011507470010178267
0 0.9215709770744862 0.6212696155595994 0.010117701104557564 0.009595380805208498
0 0.8917883011840877 0.6224436325351124 0.0074505353504217275 0.009490242573728325
0 0.7464308647837579 0.6281735440608276 0.008339670017186829 0.009525291781400047
0 0.572179708475175 0.6350424303980352 0.006561519806736471 0.009455198061824044
1 0.017814841809206575 0.6555117229811375 0.007349096125277644 0.006727303734496148
0 0.13898223782978097 0.6456625645891656 0.008271951204963546 0.007683289252354952
1 0.4715833128250859 0.6353186110098965 0.008542588207697044 0.015051289977000226
1 0.1752419223067697 0.651150699885257 0.0221826133917431 0.02386591182261044
0 0.19889070003648399 0.64053406415016 0.009093341654293319 0.005876453880119481
0 0.15091657352394333 0.6433475119063893 0.009160996529418902 0.007718334938200844
1 0.008653843789995584 0.6484942351271532 0.007349095659953115 0.006727303716153044
1 0.8167878305092432 0.6166380304533736 0.009262517373992862 0.010481395945424743
0 0.6342093100073761 0.6270633148857013 0.008610307019920382 0.01689329250604521
0 0.5416141733735351 0.6270240901946571 0.00656151980673636 0.009455198061823933
0 0.3709023122369832 0.6332922627884783 0.006527692369173499 0.008534257532783251
1 0.32005336205923185 0.6426753103437518 0.02218258361097314 0.023865910648668498
0 0.48512657615106547 0.6283284670894957 0.007450594911961539 0.00949024492161199
1 0.0179210662178755 0.6462842589590332 0.006595377678030626 0.010376258741143785
0 0.9362448179324925 0.608700962715456 0.00833967001718705 0.009525291781399936
1 0.5222076467018262 0.6319395565185795 0.021293568067287882 0.023830866136764328
0 0.8334934809245544 0.6109066975745832 0.007382876099738311 0.007648242392566895
0 0.7010608973407033 0.617049452028849 0.009228685560872196 0.009560336293303995
0 0.6592593000840719 0.6182361113899675 0.0074167079128588664 0.008569302044687421
0 0.5850078589951273 0.6207018663965391 0.008272010766503413 0.007683291600238618
0 0.21122353769115165 0.6248294948358588 0.006527722149943488 0.008534258706725084
0 0.34230565445992334 0.6182788380588707 0.009160966748648913 0.007718333764259233
0 0.24054482187169587 0.6232125286778356 0.008339610455646851 0.00952528943351627
0 0.19518705601984923 0.6245393106338277 0.006527722149943516 0.008534258706725084
0 0.4129502282806846 0.6145717335311589 0.00827195120496349 0.007683289252354952
0 0.87384787928881 0.5945587301346378 0.007382876099738311 0.007648242392567117
0 0.8618289579225769 0.5945713725202431 0.008238183328940663 0.006762351071197936
0 0.7453652414304998 0.599162309234466 0.008238183328940663 0.006762351071197825
0 0.6889452736779436 0.6023086874844077 0.010972889210680181 0.008709484788071875
0 0.5835775142599928 0.606001030930116 0.008272010766503413 0.007683291600238618
0 0.48578354111608757 0.6098560164591638 0.008271951204963546 0.007683289252354952
0 0.7004350547413294 0.6000110992569564 0.0074167079128589775 0.008569302044687532
0 0.7164038622715636 0.5984592838647971 0.012953898050101054 0.01430557435536417
0 0.4607551939639108 0.6071533454705369 0.008407269706330434 0.01136728961467759
1 0.28142833075802887 0.609149508253678 0.009127139311086163 0.00679739323521833
1 0.16720406684394654 0.6141133039526605 0.006493890336822905 0.007613199054604558
0 0.18189008170016965 0.6139955858319694 0.009262487593222846 0.0104813947714828
1 0.14567640084673938 0.621879385349911 0.022182613391743072 0.02386591182261033
0 0.2254021125428073 0.6108968944795374 0.007450594911961594 0.00949024492161199
1 0.8010024073455753 0.5868235118962096 0.004749661281802875 0.008464168508974801
1 0.8143548542151156 0.5867583623042876 0.006629179057419665 0.011297198242985362
1 0.80678112750261 0.5865957178730645 0.005706336076171659 0.01034121320204029
0 0.6317424445263669 0.5962626489939185 0.009465490750485084 0.016007277365829076
0 0.32533412384060717 0.6046517647286528 0.010083873666994814 0.008674440276167594
0 0.23733644604919074 0.6085817822352211 0.010117701104557564 0.009595380805208609
1 0.3771350537633176 0.6090661355406553 0.02129356806728777 0.023830866136764217
0 0.3986458060417433 0.6008395838788845 0.007484426725082094 0.010411304573732516
1 0.9039952765610848 0.5790743137991863 0.00652769236917361 0.008534257532783251
1 0.8746401925359688 0.5797702786926868 0.006493860556052944 0.007613197880662725
1 0.5490790067131335 0.5999823339978123 0.022148751797852584 0.022944850996548083
1 0.006906894817701154 0.613053522335393 0.006426231739101113 0.005771317849780244
1 0.9186136448692306 0.5771145353488231 0.007382876099738422 0.007648242392567006
0 0.8603648431236407 0.5789495346153558 0.008238183328940663 0.006762351071197825
0 0.7284105969369741 0.5859957669042501 0.009262517373992751 0.010481395945424632
0 0.7154688282139348 0.5851223941496393 0.008272010766503413 0.007683291600238618
0 0.5710173828253904 0.591277788641627 0.0074167079128589775 0.008569302044687532
0 0.8435069604881813 0.5805363968673031 0.01015153291767823 0.010516440457328802
0 0.9310263328509623 0.5757029599137042 0.011006716648242931 0.009630425317112667
0 0.8919086959441682 0.5772449560036303 0.014562897946064135 0.00977060806049701
1 0.006010417403372661 0.588647228400395 0.006392399925980513 0.004850258197659607
1 0.4671157899331898 0.5621698205765945 0.0047496612818028194 0.008464168508974801
1 0.44311183419982614 0.5631160435289624 0.008305783018084212 0.008604348904475478
1 0.37819526478496746 0.5652138229429465 0.004715829468682264 0.007543108856854275
1 0.24661788200984502 0.5704005322077565 0.006629208838189682 0.011297199416927195
1 0.42705842173157843 0.562365330087842 0.006629179057419776 0.011297198242985362
0 0.6305800571272635 0.552497950023854 0.006629179057419887 0.011297198242985362
1 0.36245104377497456 0.5607616464450912 0.009194798561769524 0.00863939341637976
1 0.706525015895654 0.5476596331999084 0.005740163513734298 0.011262153731081193
0 0.16723993330571718 0.566612155214584 0.010083873666994786 0.008674440276167594
0 0.1379017354063916 0.5677686511080866 0.008305783018084156 0.008604348904475478
0 0.2383290000079362 0.562887529017891 0.0083057830180841 0.008604348904475478
0 0.1512203653531961 0.5667824412770733 0.010117701104557536 0.009595380805208498
0 0.3240533360344763 0.5576636547838658 0.00926245781245294 0.010481393597541078
0 0.9155716801329703 0.5306569870402487 0.008238183328940551 0.006762351071197714
0 0.8275571162157636 0.5341264735468149 0.008238183328940663 0.006762351071197825
0 0.753767098805222 0.5370352361234947 0.008238183328940663 0.006762351071197714
1 0.6385861622845499 0.5401921357147599 0.009093371435063169 0.005876455054061203
0 0.5812940331455498 0.54383403108901 0.008305842579623857 0.008604351252359144
0 0.8408757334599619 0.5331403238643122 0.008339670017186829 0.009525291781399936
0 0.7115040204964265 0.5377789498239284 0.009194858123309557 0.008639395764263424
0 0.8999628074051141 0.5298888097307741 0.0074505353504217275 0.009490242573728325
0 0.8706246392865585 0.5310453044503349 0.0074505353504217275 0.009490242573728325
0 0.7403977404046793 0.536639975012436 0.008373501830307384 0.010446351433520351
1 0.4680819761372367 0.5399959057155859 0.010016214416311453 0.006832440095006498
0 0.1667324911133708 0.552797213417414 0.008305783018084184 0.008604348904475478
0 0.15030223231174267 0.5539060819749467 0.009228655780102207 0.009560335119362495
0 0.1369666864583779 0.5544317619798999 0.007450594911961567 0.009490244921612101
1 0.20206931553094748 0.5573993937217996 0.022148781578622462 0.022944852170489916
1 0.6303142088918073 0.5331396022024439 0.0056725042630509925 0.009420153549919763
1 0.3748854022742162 0.54782013579013 0.02125973625416716 0.02290980648464369
0 0.3395147333409128 0.5422969559821345 0.009194798561769524 0.00863939341637976
0 0.4092702618372188 0.5386248971402687 0.0083057830180841 0.008604348904475478
0 0.39725134047098565 0.5386375395258741 0.009160966748648969 0.007718333764259233
0 0.3519612487602073 0.5418063210760564 0.009262457812452884 0.010481393597541078
0 0.9000013640484145 0.5188194055109336 0.006561519806736138 0.009455198061824266
0 0.5817094978715491 0.5309051020841726 0.00652769236917361 0.008534257532783251
0 0.553260285735139 0.5320265546397129 0.00652769236917361 0.008534257532783251
0 0.5248280490668291 0.5336085346734296 0.00656151980673636 0.009455198061824044
0 0.5105865866536036 0.533708728777256 0.008305842579624079 0.008604351252359144
1 0.48950342842823913 0.5414572879185542 0.02125973625416705 0.022909806484643913
0 0.8697234348542714 0.5186294148257578 0.006527692369173721 0.008534257532783251
0 0.7105859001575792 0.524902530373291 0.00652769236917361 0.00853425753278314
0 0.9137645464382165 0.5178156716630553 0.011108207712046902 0.012393485150394512
0 0.8550374072954423 0.5187471930949596 0.0074505353504217275 0.009490242573728325
0 0.7518415029541218 0.5209704525579226 0.009093371435063169 0.005876455054061203
0 0.7394626467855108 0.523303087645162 0.0074505353504216165 0.009490242573728214
0 0.6816922398108662 0.5260415028368999 0.009262517373992751 0.010481395945424743
0 0.6674338063050983 0.5256812885856292 0.0074167079128588664 0.008569302044687643
0 0.17815938680296572 0.5366672784990072 0.009127169091856097 0.006797394409160273
0 0.2243385216504204 0.5334633917014389 0.009160996529418847 0.007718334938200844
0 0.3398455953166776 0.527065557705557 0.009160966748648913 0.007718333764259122
0 0.310507397417352 0.5282220535990597 0.007382935661278178 0.0076482447404506715
0 0.35138614950495645 0.5261494386592649 0.009194798561769524 0.00863939341637976
0 0.38026289613288805 0.5245499959311357 0.008339610455646906 0.009525289433516382
0 0.3677994945878032 0.5245800998372117 0.008305783018084156 0.008604348904475478
1 0.009005675613911215 0.5368789505015557 0.009059508445199135 0.004955394172970307
1 0.7388706338114785 0.50718573496385 0.007349048662175561 0.006727301863526103
0 0.681100226836834 0.5099241501555878 0.007382876099738422 0.007648242392566895
1 0.6268182845355662 0.5106804443322035 0.009059539621942614 0.0049553954019406765
0 0.9255683055393558 0.49982621372056435 0.0074167079128590885 0.008569302044687532
0 0.8957855700874175 0.501000233043961 0.010083873666994925 0.00867444027616765
0 0.7108659890084509 0.5082896629155544 0.010083873666994814 0.008674440276167705
0 0.5526344431357653 0.5149882018678202 0.008339670017186829 0.009525291781400047
1 0.01657939804467743 0.5370415354537816 0.006629204184944341 0.0112971992334987
0 0.8833052250427813 0.5005698678594583 0.008305842579623968 0.008604351252359033
1 0.12049515630856347 0.5301782315579535 0.010117686214172583 0.00959538021823736
1 0.6374359659618272 0.5088784304427167 0.009228685560872085 0.009560336293304217
1 0.687531157347941 0.5032143705480138 0.00471582946868232 0.007543108856854275
1 0.6586036673758864 0.5034323429210419 0.00909337143506328 0.005876455054061203
1 0.4550481725740897 0.512378724068391 0.009296285250015746 0.011402334126581759
1 0.14319941090654834 0.5302055757575082 0.02214878157862249 0.022944852170489916
1 0.5194356292790921 0.5079959380770792 0.004783488719365625 0.009385109038015704
1 0.8087662354201008 0.49520721143840407 0.00926251737399264 0.010481395945424576
1 0.6256078312712634 0.501966079673785 0.009228685560872085 0.009560336293304217
0 0.35227992184737034 0.5141239886629978 0.010219192168361535 0.012358440638490231
0 0.33884287222759557 0.5118866689831798 0.008238123767400796 0.006762348723314049
1 0.40264577782920885 0.5158278687574585 0.022114924360289778 0.02202391046750729
0 0.36775347826163873 0.5112082251716895 0.009228625999332274 0.009560333945420663
1 0.5732900387296724 0.5077176787442073 0.02214875289174212 0.022944880777317933
0 0.5508273088940666 0.502146871600242 0.009228686654761509 0.009560366074074178
0 0.5383807934747722 0.50263750650632 0.00922868665476162 0.009560366074074067
0 0.49439039600112494 0.5048327360884501 0.008373442268767461 0.010446349085636686
0 0.4810210354128034 0.504437415415852 0.0083057830180841 0.008604348904475478
0 0.823266203321219 0.49002402201331835 0.00652769236917361 0.008534257532783363
0 0.6810203808853278 0.49563127539948504 0.008305842579624079 0.008604351252359088
0 0.6654622515015947 0.49624456844511156 0.0074167079128590885 0.008569302044687588
0 0.9254715436812893 0.48507280913840134 0.008305842579623968 0.0086043512523592
0 0.9121529258901461 0.48605894393051896 0.010117702198447098 0.009595410585978181
0 0.8819425991198703 0.487711030226313 0.008373501830307495 0.010446351433520518
0 0.17752135531499008 0.5071779915906333 0.010083873666994814 0.008674440276167594
0 0.16593005559480922 0.5067125807202845 0.010083873666994758 0.008674440276167594
0 0.22368359133404836 0.5035136339415737 0.010083873666994758 0.008674440276167594
0 0.4347620535199531 0.4933483976765474 0.010905229959996765 0.006867484606910557
0 0.3960720691338708 0.49441236911734743 0.010050044041652995 0.007753440185586935
0 0.3494145660145723 0.4967127494734591 0.011040548461363486 0.010551484969233194
1 0.8934032764819835 0.47250200781709006 0.007349048662175561 0.006727301863526158
0 0.3662555040565909 0.4946653883501634 0.007450597099740441 0.009490304483151746
0 0.5506798031449324 0.48601198177259297 0.008305842579624079 0.008604351252359144
0 0.8355652124444345 0.47339848238920634 0.009161028497967516 0.007718395673682654
0 0.7200242804659551 0.4788753472492193 0.011006718836022 0.009630484878652645
0 0.6924303744648579 0.47904078028727726 0.007382878287517158 0.007648301954106762
0 0.5084336374610289 0.48721613595677715 0.0074505375382007966 0.009490302135268192
0 0.4799845146669285 0.48833758499049196 0.007450597099740497 0.009490304483152023
0 0.6808897894019197 0.4799568707267413 0.011040548461363486 0.010551484969233194
0 0.6506456313654679 0.48068791226079977 0.0074505375382005745 0.00949030213526808
0 0.8648695509376485 0.4713209875790648 0.009228687748650932 0.009560395854844084
0 0.8230848673997984 0.47296811720470366 0.009228687748650932 0.009560395854844084
0 0.7368483345699623 0.4763675146874613 0.009228687748651043 0.009560395854843973
0 0.7075101664514066 0.4775240094070222 0.0074505375382005745 0.009490302135268192
0 0.881299840613936 0.47021214762836006 0.010151532917678008 0.010516440457328857
1 0.8069976572747577 0.4712964620606006 0.009194858123309335 0.008639395764263369
1 0.6380976270701484 0.4784155468951359 0.0056725064508298395 0.00942021311145963
0 0.8505942599929708 0.47050021137308035 0.00933017443689732 0.012323336565046139
0 0.279422231234764 0.4939378374620301 0.008576417833038752 0.015972290067580885
1 0.46471866192877936 0.4847889149340932 0.009397774126040814 0.01416533439832357
1 0.4539994629396131 0.48382795950654983 0.00929628525001569 0.01140233412658187
0 0.13522921578829805 0.49501020978684285 0.006527722149943488 0.00853425870672514
1 0.2012039615761566 0.49748232616534704 0.023037799310086787 0.022979956243934063
0 0.33690514704943353 0.48337094893324295 0.00652769236917361 0.008534257532783307
1 0.31537747995833687 0.49113700054972353 0.022148753985631486 0.022944910558087894
1 0.37910053960844403 0.4807853255678993 0.007416767474398789 0.008569304392571087
0 0.47997232687221625 0.47588668063478057 0.008305783018084212 0.008604348904475423
0 0.705753716539236 0.4660641667328138 0.006527692369173499 0.008534257532783307
0 0.6781766646953803 0.4666900723832758 0.006493862743831791 0.007613257442202537
0 0.507960027081803 0.47432225381172766 0.0074505375382006855 0.009490302135268192
0 0.8950846052728276 0.45767851186323477 0.00652769236917361 0.00853425753278314
0 0.6919229344602904 0.4652258980516471 0.009161028497967738 0.00771839567368271
0 0.6497105973078392 0.4673510225456421 0.006527692369173388 0.008534257532783196
1 0.5717121893392932 0.4768819832309052 0.021225908816604466 0.0219888659556029
0 0.5492664327840087 0.47177164400357663 0.008339672204965676 0.009525351342939803
0 0.8803986372755384 0.45779628778455295 0.009228687748651154 0.009560395854844084
0 0.7203382574098189 0.4631834477534098 0.007382878287517269 0.007648301954106873
0 0.16527512418454773 0.47676279317964926 0.009160998717197777 0.007718394499740877
1 0.0092830786794397 0.4838342488806162 0.006561548052688941 0.009455258650563014
1 0.6439704337941048 0.4565094123489467 0.006460033118490194 0.0066922573516218775
1 0.33674072703457314 0.46677557395068847 0.007349108223715428 0.006727304211409879
1 0.4220374701019414 0.4620297220179059 0.00909330968574451 0.005876393144637726
0 0.851408155509219 0.4441818580138823 0.009093369247284433 0.005876395492521336
1 0.11802088107325844 0.4749362251648701 0.005672506450829895 0.009420213111459741
1 0.8616151576950895 0.4433183366901584 0.008238183328940663 0.00676235107119777
1 0.7620938372463966 0.44862488394599936 0.004783490907144583 0.009385168599555405
1 0.6491185843338069 0.4512336698643301 0.006493862743831791 0.007613257442202592
0 0.4922205926513086 0.45787967065556756 0.007416767474398733 0.008569304392571198
0 0.5486744198099764 0.45565429132226465 0.008373501830307273 0.010446351433520462
1 0.013834483177932112 0.47443155826356564 0.010871410571794742 0.00594648491987243
0 0.8917916564808578 0.44074529497493864 0.008339672204965787 0.009525351342939747
0 0.8206518304502413 0.44308842162273165 0.008305842579624079 0.008604351252359088
0 0.718874083049343 0.4475616121964062 0.009228687748651043 0.009560395854844084
0 0.6913140055796978 0.44864801554427486 0.0074505375382004635 0.009490302135268136
0 0.9082050313444744 0.43917595497894346 0.009228687748651154 0.009560395854843973
0 0.8339705061620901 0.44210223981157537 0.008339672204965565 0.009525351342939747
0 0.7339538750358916 0.4460448413161511 0.0074505375382006855 0.00949030213526808
1 0.6258683267366512 0.4484608777232411 0.004783490907144583 0.009385168599555405
0 0.9219343267351741 0.4372512829499081 0.010219189980582577 0.012358381076950364
1 0.48625581064878415 0.4530419939612888 0.004783490907144583 0.009385168599555405
0 0.2907354640501171 0.4625939675484293 0.0085425882076971 0.015051289977000282
1 0.45288309405445304 0.4534351947635474 0.00929628525001569 0.01140233412658187
0 0.1785646526178586 0.46286520872840414 0.006527722149943488 0.008534258706725084
0 0.14968789219343148 0.46446468182427414 0.007450597099740469 0.009490304483151801
0 0.46447439377463395 0.4539006056338961 0.007653572664011621 0.015016245465096001
1 0.6136464287122574 0.44294754934613245 0.005571017574804715 0.006657212839717652
1 0.22853676015625185 0.46596811062771704 0.021259738441946063 0.022909866046183613
1 0.7946837233163666 0.43903929501013794 0.010320678856607701 0.015121381348692453
0 0.6337850723449745 0.44584299962677004 0.008576477394578563 0.015972292415464606
0 0.35003027035826895 0.45287798891247233 0.00827195339274256 0.007683348813894819
0 0.32070898727161423 0.4544949848512654 0.008305783018084267 0.008604348904475478
0 0.30780104926780627 0.4545426419680052 0.009160968936427871 0.0077183933257991
1 0.8053352332740796 0.4381582514304619 0.008576477394578674 0.015972292415464606
0 0.37805182997396736 0.45223456100605824 0.009262457812452995 0.010481393597540967
1 0.4000192778189481 0.4564413914440466 0.02125973844194612 0.02290986604618367
0 0.5202130783465044 0.44432480739343994 0.0074505375382006855 0.009490302135268136
0 0.4793173805715698 0.44593689368111633 0.009228628187111232 0.009560393506960307
0 0.8770934995949669 0.42841213675977546 0.006493862743831902 0.007613257442202537
0 0.6761881961730951 0.43679288197823785 0.00652769236917361 0.008534257532783307
1 0.5697575493484603 0.447905763135678 0.021259738441946063 0.02290986604618367
0 0.9205886145310442 0.42485291558128313 0.008204353703599065 0.0058413509806171104
0 0.7343693397618911 0.43311591231131363 0.009161028497967738 0.007718395673682765
0 0.8619460483577346 0.42808690745886924 0.008339672204965787 0.009525351342939803
1 0.014626769134183985 0.4596431377212979 0.006561548052688949 0.00945525865056307
1 0.0030397186600428228 0.45276583115244207 0.0060794373200856455 0.009525349325227195
0 0.3494382562903473 0.4367606064503905 0.008305783018084212 0.008604348904475478
0 0.306764497647272 0.43844278293581723 0.0065276923691735544 0.008534257532783251
0 0.5467366350702746 0.4271385736202114 0.008238183328940663 0.006762351071197825
1 0.2791536470527339 0.43814771710252665 0.006493862743831902 0.007613257442202592
0 0.6769635350460432 0.42154393283888025 0.009161028497967849 0.007718395673682765
0 0.5333503596692822 0.42628275290232265 0.00827201295428237 0.007683351161778484
0 0.918713762024067 0.4101696023708123 0.009161028497967738 0.00771839567368271
0 0.7453855104460512 0.4179244419388127 0.011006718836021778 0.00963048487865259
0 0.7049174354110583 0.4190585047513048 0.010083873666994814 0.00867444027616765
0 0.5746905354352897 0.4246531455326359 0.009228687748651154 0.009560395854844084
1 0.29286605631764295 0.4357625140734892 0.005672506450829895 0.00942021311145963
0 0.9049168084765735 0.41025230399945634 0.00830584257962419 0.008604351252359088
0 0.8604818739972586 0.4124650719018656 0.008339672204965787 0.009525351342939747
0 0.6600042230960987 0.4203677924712018 0.009228687748651043 0.009560395854843973
0 0.6471131999049615 0.42087594963323194 0.010117703292336522 0.009595440366748254
0 0.8893417653740592 0.4104051267805624 0.009228687748650932 0.009560395854843973
0 0.7319992350450588 0.4170686212209239 0.009262517373992862 0.010481395945424687
1 0.46528834775853267 0.4275822201460446 0.005706336076171603 0.01034121320204029
1 0.8061153576326366 0.41091886585202964 0.004783490907144472 0.009385168599555349
1 0.11801817863005062 0.4385044513060922 0.010151525472485629 0.010516440163843455
1 0.28018273570873564 0.4298062079070423 0.007382937849057136 0.007648304301990483
1 0.619282428058822 0.4145944141658787 0.004715831656461167 0.007543168418394031
1 0.14169604035416683 0.4407992207057106 0.022148783766401448 0.022944911732029727
1 0.3705045007969304 0.4285515770445717 0.02122590881660441 0.021988865955602954
0 0.3187204878746698 0.42459776583939934 0.01011770329233641 0.009595440366748254
0 0.3484693937012663 0.422502746425422 0.009228628187111232 0.009560393506960363
0 0.7182577529535366 0.40654241867501784 0.007416707912858755 0.008569302044687477
1 0.48380588976121575 0.42270182694085445 0.022148753985631375 0.02294491055808784
0 0.8893126616727867 0.39749369259879075 0.00827201295428226 0.007683351161778484
0 0.8755326229379641 0.39803689427272515 0.007382878287517269 0.007648301954106873
0 0.7453225782133264 0.4040920374472303 0.008339672204965676 0.009525351342939803
1 0.6704236548821574 0.40104940350857987 0.004749661281802875 0.00846416850897469
1 0.6343838618760003 0.401547739020493 0.0056386768254882425 0.008499213020879026
0 0.5832304472579526 0.4026418453220805 0.010083873666994814 0.008674440276167594
1 0.7405053183362695 0.39413635070055775 0.004715831656461056 0.007543168418394086
1 0.6591246604944411 0.396421998581494 0.005604847200146423 0.007578212930298256
0 0.13492880794269582 0.3898769119012734 0.008238123767400796 0.006762348723314104
0 0.1473414937366486 0.38846527690461485 0.008305783018084212 0.008604348904475423
0 0.3459565394870835 0.3783301451326354 0.009160968936427871 0.0077183933257990445
0 0.23263823680401685 0.3837194249718321 0.008339612643425809 0.009525348995056138
0 0.176184424535734 0.3859448037181642 0.007450597099740497 0.009490304483151857
0 0.827217452616716 0.35520865851433525 0.008238183328940663 0.00676235107119777
0 0.6849716301808246 0.3608159119005019 0.008305842579623968 0.008604351252359144
0 0.6436483692274881 0.36290601931547894 0.009228687748651043 0.009560395854844084
0 0.9018458006944703 0.35088334894199646 0.00827201295428226 0.007683351161778484
0 0.5453929734990692 0.36631802705518846 0.008373501830307384 0.010446351433520462
0 0.8560604280869563 0.35268818356697185 0.009228687748651154 0.009560395854843973
0 0.871140220073505 0.3511714126867168 0.0074505375382006855 0.009490302135268192
1 0.4599947117749061 0.3683008798901709 0.008407269706330212 0.01136728961467759
1 0.6283994302081204 0.3598178195236006 0.0074505375382005745 0.009490302135268192
1 0.4487464618252022 0.365054975098956 0.00929628525001569 0.011402334126581815
1 0.19730141348032962 0.3791172744482163 0.02211495414105974 0.022023911641449068
0 0.1757446437818499 0.37397192166369525 0.007450597099740497 0.009490304483151801
1 0.3683394233711832 0.36960807752049796 0.02122590881660441 0.0219888659556029
0 0.3045534314883513 0.3661273480107397 0.009228628187111232 0.009560393506960363
1 0.4812131885016373 0.36423632111119514 0.021225908816604355 0.02198886595560301
0 0.5311561785422625 0.35442781919647726 0.009161028497967849 0.007718395673682765
0 0.40089544894115214 0.3591014598872278 0.010016214416311342 0.006832440095006276
0 0.7280777672686809 0.34666527667475805 0.008339672204965676 0.009525351342939747
0 0.7129303160314489 0.34634004737385177 0.00827201295428226 0.007683351161778429
0 0.6844980187077094 0.34792199997468237 0.008305842579623968 0.008604351252359144
0 0.6720177332246132 0.34749163244229603 0.008238183328940663 0.006762351071197825
0 0.8418236331301495 0.34079797570826065 0.006527692369173499 0.008534257532783196
0 0.8271883489154435 0.34229722433256354 0.009262517373992751 0.010481395945424743
0 0.5604436617843456 0.35188982199316177 0.010972889210680292 0.008709484788071875
0 0.16275687362303123 0.3597266736565914 0.009093339466514416 0.005876394318579503
0 0.13338484609836398 0.35996216945951337 0.009160998717197805 0.007718394499740877
0 0.2191260969375749 0.35519879527077863 0.01008387366699473 0.008674440276167705
1 0.2750508135741654 0.3506884689216879 0.009982384790969745 0.005911440004425672
0 0.3319660633173467 0.3489060673777233 0.0065276923691736655 0.008534257532783251
0 0.37460596255431045 0.34630289197565767 0.0065276923691735544 0.008534257532783307
0 0.8826056255474664 0.3239720157478426 0.009093369247284322 0.005876395492521447
0 0.711483057577533 0.3311787416429084 0.008238183328940774 0.006762351071197825
0 0.38883053884174557 0.3457421668718294 0.008373442268767517 0.010446349085636797
0 0.8127993823939178 0.3262625732798956 0.008238183328940663 0.00676235107119777
0 0.6430272525521834 0.3338772324523953 0.010083873666994703 0.008674440276167705
0 0.8696469431056458 0.3226381727287114 0.008339672204965787 0.009525351342939747
0 0.8540888137219127 0.32325146577433794 0.009228687748651043 0.009560395854844028
1 0.11264945502846369 0.35293977110147035 0.009330144656127304 0.012323335391104306
0 0.9122699584045981 0.3195745258881836 0.011997221067953201 0.012428470100758926
1 0.28455958798590925 0.34293502873610093 0.010185360355240869 0.01143738098636976
1 0.45744330201131245 0.33519771259799463 0.009296285250015746 0.01140233412658187
1 0.4476639225653839 0.3355832104465343 0.00929628525001569 0.01140233412658187
1 0.27563539445832436 0.34236448198215574 0.006629179057419776 0.011297198242985418
1 0.0024619146349615082 0.350448041634559 0.0049238292699230165 0.005876394300236731
1 0.196663381992354 0.34962798753984237 0.02122590881660444 0.02198886595560301
0 0.21904626478256423 0.34090589014693495 0.009160998717197777 0.007718394499740933
1 0.7956032056928206 0.3186394941875761 0.008373501830307384 0.010446351433520407
0 0.3323814673879168 0.3359771109399995 0.008305783018084156 0.008604348904475478
1 0.3104092925249775 0.3437606848124322 0.02125973844194612 0.022909866046183613
0 0.40123103684098604 0.33187962751945943 0.009160968936427871 0.0077183933257990445
0 0.34481106908842984 0.3350260057694011 0.00833961264342592 0.009525348995056027
0 0.5425708991397512 0.3258469197738485 0.009194858123309446 0.008639395764263369
1 0.480130649241819 0.3347645564587733 0.021225908816604355 0.02198886595560301
0 0.6976570003287671 0.31835000908978073 0.00827201295428237 0.007683351161778484
0 0.684338384178458 0.3193361885530533 0.006527692369173499 0.008534257532783251
0 0.7399031660126705 0.31714585490559644 0.009262517373992751 0.010481395945424687
0 0.8403135020050488 0.3118042631378512 0.009228687748651154 0.00956039585484414
0 0.30339104627702684 0.3223627086022151 0.008238123767400796 0.006762348723314049
0 0.2305069879097219 0.3256968957575692 0.008339612643425837 0.009525348995056138
0 0.21806047249042743 0.32618753066364714 0.008339612643425864 0.009525348995056138
0 0.33180636922655543 0.3203202583039778 0.010083873666994703 0.00867444027616765
0 0.3438083768740072 0.3198471456538521 0.009262457812452884 0.010481393597541022
0 0.6535191279806449 0.3044103774510901 0.00827201295428226 0.007683351161778484
0 0.5135297324969592 0.3108509875194232 0.0074505375382006855 0.009490302135268136
0 0.8113061649875986 0.29772933097400656 0.009194858123309335 0.008639395764263369
0 0.6979540028984202 0.3021976118965646 0.008305842579623857 0.0086043512523592
1 0.11385716599488956 0.325222393296051 0.008305797908469137 0.008604349491446395
0 0.7254803103042635 0.3001902061102315 0.008305842579623968 0.008604351252359144
1 0.4591970159769091 0.3102257827341097 0.0056725064508298395 0.00942021311145963
0 0.9107936547170603 0.291501753846815 0.007450537538200908 0.009490302135268136
0 0.8961076271582311 0.2916195321160169 0.00652769236917361 0.008534257532783196
0 0.8814385133181833 0.2921977806497391 0.009262517373992862 0.010481395945424743
1 0.6253960805828109 0.3022908348665322 0.007484367163542505 0.010411302225848795
1 0.44658138330556557 0.3061114457941124 0.00929628525001569 0.011402334126581815
1 0.284399893895118 0.31434921966235563 0.008542588207697044 0.015051289977000226
0 0.1882655790245469 0.3149106444573906 0.006527722149943516 0.008534258706725084
1 0.1671655197830071 0.32219867318565787 0.02122590881660444 0.021988865955602954
0 0.34466831849718993 0.3069006657862343 0.00652769236917361 0.008534257532783196
0 0.3019945598541146 0.308582842271661 0.0065276923691735544 0.008534257532783307
1 0.004109406902216196 0.318959079913428 0.008218813804432392 0.005876394300236676
1 0.39376828172730327 0.31049914378442445 0.02122590881660441 0.021988865955602954
0 0.3721776824034818 0.30443279090932274 0.008271953392742393 0.007683348813894764
0 0.47216045412356866 0.29956919048810815 0.009160968936427871 0.0077183933257990445
1 0.5626175068384709 0.3019985313811321 0.021225908816604577 0.021988865955602954
0 0.5286142515014666 0.29734381232874707 0.010117703292336522 0.009595440366748365
0 0.7254681214156617 0.28773927197375027 0.009228687748651154 0.009560395854844084
0 0.9094310287941489 0.27864291621366966 0.007382878287517158 0.007648301954106873
0 0.8814432988037924 0.2802073442106644 0.006527692369173499 0.008534257532783307
0 0.8667910997764154 0.28124609278967705 0.0074505375382005745 0.009490302135268247
0 0.8392309627452306 0.2823324984854294 0.009228687748651043 0.009560395854844028
0 0.8236728333614973 0.2829457915310559 0.008339672204965676 0.009525351342939803
1 0.012634902454661496 0.30846019230907756 0.008204301587251597 0.005841348926218903
0 0.17257685815740564 0.2998495328302734 0.008238123767400768 0.006762348723314104
0 0.13123668239139819 0.30147914019996 0.007416767474398761 0.008569304392571198
0 0.3587453895824355 0.2902050657451419 0.009160968936427871 0.0077183933257990445
0 0.34320417501137324 0.29127885883605875 0.008305783018084212 0.008604348904475478
0 0.3147211928111613 0.2914793089531347 0.008305783018084212 0.008604348904475423
0 0.30181325480735327 0.2915269660698744 0.011074375898926347 0.011472425498273986
0 0.6955548551357447 0.2732389140572894 0.009161028497967627 0.007718395673682821
1 0.6239536065206146 0.2751390629157442 0.009982384790969578 0.005911440004425672
0 0.8502133633655887 0.2662200256744641 0.009161028497967738 0.00771839567368271
0 0.6386565499860042 0.27548181447260256 0.0074505375382004635 0.00949030213526808
0 0.5248598801249831 0.27996761765111267 0.0056725064508297285 0.00942021311145963
0 0.908872844351569 0.26344653384216843 0.0074167079128589775 0.008569302044687532
0 0.8964432437449454 0.26439766879353666 0.012784749923392735 0.009700573902461096
0 0.7239701780852733 0.27119646375905215 0.009228687748650932 0.009560395854844028
0 0.8221748889372194 0.26640295353558796 0.01011770329233641 0.009595440366748309
0 0.1126393130501902 0.2920666579153337 0.010151525472485629 0.01051644016384351
1 0.44416529204333877 0.27669227886425873 0.008339612643425864 0.009525348995056138
0 0.21563220722998383 0.2843174290103413 0.00652772214994346 0.008534258706725029
1 0.19453213309805906 0.29160545832557944 0.02122590881660444 0.02198886595560301
1 0.3927195720928266 0.2819483792225833 0.02122590881660441 0.021988865955602954
0 0.3431581862781998 0.2779069234350549 0.007450597099740497 0.009490304483151912
1 0.47714418464841046 0.27769807302093713 0.02122590881660441 0.02198886595560301
0 0.5671615161709683 0.26815452951160845 0.009296344811555501 0.01140233647446559
0 0.539123041742599 0.26833745737273224 0.008339672204965676 0.009525351342939747
0 0.667931785871835 0.2604929152614594 0.010050044041653106 0.0077534401855869906
1 0.406178261355452 0.2726557350757307 0.005740163513734353 0.011262153731081193
0 0.8079380950743021 0.2545127754576467 0.009194858123309446 0.008639395764263313
0 0.9083823191596725 0.25009215165182846 0.0074505375382004635 0.009490302135268136
1 0.8776598237260363 0.2499197153512584 0.008238183328940663 0.0067623510711977974
0 0.8368148406083442 0.25291330294874764 0.008339672204965787 0.00952535134293983
0 0.8937301201322956 0.2511309002308411 0.010219189980582466 0.012358381076950448
1 0.7563232578717409 0.255163903969896 0.0074505375382005745 0.009490302135268136
1 0.4597281473511411 0.2640885517274413 0.008204294142059199 0.005841348632733445
0 0.19994348636284254 0.2692563173832241 0.008238123767400768 0.006762348723314104
0 0.17238336422204262 0.2703427224920054 0.008305783018084156 0.008604348904475423
0 0.18748007211515166 0.26928648143781064 0.008339612643425864 0.009525348995056082
0 0.15858638198766878 0.2704254550753613 0.007450597099740497 0.009490304483151857
1 0.0028360696356992694 0.27432597820849425 0.005672139271398539 0.004955394209656017
0 0.35766285032261724 0.2607333010927201 0.007382937849057081 0.007648304301990538
0 0.3416602131670414 0.2613641163942987 0.009228628187111232 0.009560393506960418
0 0.7060635858153373 0.24423256144915823 0.009161028497967738 0.007718395673682682
0 0.6371801878308159 0.2474090745598876 0.008305842579623968 0.008604351252359116
0 0.5527217456498903 0.2507383806709531 0.00652769236917361 0.008534257532783251
0 0.7349234760982485 0.24217258654708518 0.00827201295428237 0.007683351161778457
0 0.4002520362697002 0.2567486616068041 0.007484426178137382 0.010411289683347535
0 0.8198095112383458 0.23836525813477719 0.0074167079128590885 0.008569302044687532
0 0.8087134937822624 0.23926383141559784 0.010117702745391699 0.009595425476363328
0 0.27430115604837685 0.25756309818946255 0.008542588207697044 0.015051289977000282
0 0.15854037836411033 0.2570535202613284 0.008238123767400796 0.006762348723314049
1 0.13658510342345692 0.2652975947660223 0.02122590881660441 0.021988865955602954
0 0.18656193797980877 0.25641009235491424 0.007450596005851073 0.009490274702381951
0 0.17187592421747516 0.2565278402563752 0.008305783018084184 0.008604348904475423
1 0.4805237570427695 0.24851158115851696 0.012301745069789483 0.020717413702328796
0 0.38560459267368996 0.24579696747549135 0.009160968936427816 0.007718393325799072
0 0.5091636973871988 0.24046516757709313 0.009194858123309446 0.008639395764263369
0 0.49716174930128687 0.2409382778793353 0.010083873666994814 0.008674440276167567
0 0.7211481638344399 0.23072536902021348 0.008339671111076252 0.009525321562169897
0 0.6646943068950021 0.23295074952745826 0.007450536444311151 0.009490272354498258
0 0.6486240110356876 0.23173957953826052 0.009093369247284322 0.005876395492521419
0 0.8348940302428531 0.22485808294410106 0.010151531823788695 0.010516410676559063
0 0.8068724706271546 0.22550151085051523 0.00922868665476162 0.009560366074074095
0 0.8633093531923817 0.22281563264586382 0.00837350073641785 0.010446321652750501
1 0.3107780241895588 0.23260588591036818 0.00652769236917361 0.00853425753278328
1 0.47877206338238265 0.2250613181095607 0.0065276923691736655 0.008534257532783251
0 0.19344216174836754 0.2376923540523134 0.011963422317271072 0.011507500964890005
0 0.7000913419421697 0.21495354630797717 0.011828075129023952 0.007823529209395497
1 0.6733526213124714 0.2141629198531652 0.0047834898132551595 0.009385138818785527
1 0.816881223172823 0.20712161445365612 0.005638676825488131 0.008499213020878998
1 0.8435523446603226 0.20607025326980805 0.005706334982282013 0.010341183421270383
1 0.7301494386800764 0.20915704894687998 0.006696838308103081 0.013139198424146709
0 0.5580025372120356 0.21271483388191226 0.012683261047367611 0.006937573630719035
0 0.6997530484234765 0.20574361985409537 0.01182807512902384 0.007823529209395497
0 0.6837937528498652 0.18331457960637398 0.0065615209006258945 0.009455227842593977
0 0.6000890088051479 0.18292487062398255 0.0066291801513092 0.011297228023755324
1 0.5035609002730319 0.18488530409439757 0.005604847200146534 0.007578212930298339
1 0.6057324115547051 0.17901310601928483 0.005740164607623721 0.01126218351185107
1 0.763845553738695 0.16909106674998678 0.009093369247284322 0.005876395492521391
0 0.34952080255268864 0.18450120562827127 0.011142035149609653 0.013314425679435388
0 0.3237556704361404 0.18597800510723683 0.009397774126040759 0.01416533439832382
1 0.2120801261041221 0.1876132235801596 0.004749631501032914 0.008464167335032913
1 0.20773643193513608 0.19055142073944936 0.012064910099406634 0.014270471455862105
1 0.15966081709351515 0.1906018831143217 0.010151531823788668 0.010516410676559063
1 0.814385313552081 0.16340951203221799 0.005672505356940638 0.009420183330689724
1 0.4871522960046393 0.17446420823828895 0.005537217730233079 0.005736213923078826
1 0.39031498221777305 0.1801261351331797 0.007450596005851073 0.009490274702381896
1 0.7160283704799866 0.16405855162883914 0.00837350073641796 0.010446321652750501
1 0.8742768896329935 0.15782048059321013 0.008508818143895147 0.01413029223430326
1 0.8191566155706238 0.15999329198471485 0.008508818143895147 0.01413029223430326
1 0.002427412451584765 0.17889812207600223 0.00485482490316953 0.005876394318579559
0 0.11320832528102737 0.15000602584295042 0.009059510935062187 0.004955424008768805
1 0.8011194318172796 0.11735498500207725 0.009059540715832148 0.004955425182710679
1 0.9370405386788943 0.10923008112663188 0.009059540442359793 0.004955417737518161
1 0.38118986293842433 0.12560744586531486 0.007281449519976779 0.0048853189206335135
1 0.1247367071119237 0.13663901674436096 0.006460062899260113 0.006692258525563766
0 0.7820606510593469 0.10749952448788447 0.014495240883159566 0.0079286674408756
1 0.2224630364424753 0.13094204533756595 0.01015153182378864 0.010516410676559007
0 0.8068691083815263 0.10421576933966187 0.007416707365914266 0.008569287154302538
1 0.673001453591527 0.10764810752831072 0.006527691822228787 0.008534242642398299
1 0.16358366453260823 0.12772908125224225 0.010083873120050046 0.008674425385782655
1 0.6542471370004179 0.1060815808226116 0.010185361449130403 0.011437410767139708
1 0.8227025987777554 0.09897999081114231 0.013021554566060689 0.016147500084600877
0 0.13799242081027785 0.12182043161556422 0.0056725059038851555 0.009420198221074691
0 0.12691328783915065 0.12317949122523214 0.01196342231727103 0.011507500964890019
1 0.7010832693283884 0.08440531667269442 0.007349048662175561 0.006727301863526186
1 0.6415347129637106 0.08721384791958561 0.005604847200146534 0.007578212930298325
1 0.6814737069839236 0.08379482947217143 0.007315219583778454 0.00580631666333048
1 0.6508526998793679 0.08638537855295836 0.006527691822228787 0.008534242642398285
1 0.7232753050609722 0.08260819244663048 0.005638676278543531 0.008499198130494032
1 0.772599944427109 0.08020268247817294 0.006561521447570606 0.00945524273297893
1 0.7508185275529586 0.08106129415078028 0.005672505903885239 0.009420198221074705
1 0.378177001356492 0.09206131684812713 0.007382937849057081 0.0076483043019905245
1 0.18741105630713709 0.09773655486511826 0.008339612096481153 0.009525334104671143
1 0.22160512946794259 0.09546631681498663 0.00745059655279573 0.00949028959276689
1 0.4491476803542896 0.08511321952820072 0.007416766927454077 0.00856928950218623
1 0.4073798818483403 0.0872208503730717 0.007450596552795785 0.00949028959276689
1 0.3944719438445323 0.08726850748981146 0.006527691822228898 0.008534242642398285
1 0.12586457820467403 0.09462872666339098 0.009982385337914415 0.005911454894810597
1 0.42687104159799866 0.08460786703733232 0.009296286343905114 0.011402363907351748
1 0.006103134059793452 0.09427686029932936 0.009127169091856095 0.006797394409160204
1 0.6927991275939889 0.06490186391428196 0.0064262040400931975 0.0057712721514262336
1 0.7456629738837361 0.06189567350503341 0.007315219583778565 0.005806316663330466
1 0.08061303541853114 0.08672809684202598 0.009059510388117448 0.004955409118383852
1 0.8562972263277108 0.05615104556846955 0.006527691822228787 0.008534242642398285
1 0.5007889439843038 0.060941726114870476 0.005638676415279764 0.008499201853090284
0 0.8086708305650891 0.04419355962836219 0.008305842306151612 0.008604343807166646
0 0.7562346369327898 0.04672172911108084 0.006561521447570495 0.009455242732978951
0 0.5807007012681149 0.05502466932292902 0.009330175120577988 0.012323355178027393
1 0.10840252679973836 0.06764728960907165 0.00909333256826668 0.005876408915479053
1 0.09298444488035643 0.059954130166105915 0.007382922958672142 0.007648303715019594
1 0.24365918643513612 0.05355345025701825 0.006527692095701226 0.008534250087590775
1 0.6783472282927938 0.035034793479646636 0.008339671658020964 0.00952533645255483
1 0.8222526790845133 0.02613397681081283 0.006527692095701254 0.008534250087590772
0 0.1865240609319253 0.049349402741585086 0.008373441448350477 0.010446326750059319
1 0.1935517756959696 0.04676655857620049 0.006561551228340401 0.009455243906920797
1 0.7818062451281007 0.01573811488389489 0.008170524898674314 0.004920373225613917
1 0.8128887341052375 0.013590533799369978 0.00474966087159423 0.008464157341186024
1 0.7923563267284819 0.012094094742766803 0.006561521310834428 0.009455239010382711
0 0.8229942484406041 0.009964040123375827 0.009228687201706331 0.009560380964459075
1 0.8033846859594032 0.00935354920025658 0.007349048935647917 0.006727309308718656
1 0.8375448999875694 0.006162319678678609 0.008170524898674425 0.004920373225613925
1 0.7468801445537013 0.010197438391535373 0.006493862743832013 0.007613257442202591
1 0.7252726006706232 0.0036705875757341907 0.008204354182175466 0.005841364009703977
1 0.7159039294254379 0.0034533374417459067 0.005604847131778334 0.006906674883491813
1 0.6762572114013119 0.0033208655625974045 0.006527692027333276 0.006641731125194809
