1 0.5085881417181788 0.9938406819404909 0.008821031102936416 0.006979185486557515
1 0.6486542643148049 0.9871177234900472 0.016400699075576952 0.010657586344998138
1 0.5597005502868605 0.9886287751254477 0.010123894659286092 0.011359118297073478
1 0.3244963417931773 0.9979232345833033 0.010995381412844452 0.004153530833393426
1 0.41690098549646587 0.9938902141996995 0.009877456044863453 0.007042143723536953
1 0.5230696690415075 0.9875630319521524 0.008821031102936416 0.006979185486557404
1 0.5695823465515979 0.9853325563119018 0.010995440916333199 0.008184253689059173
1 0.8607892003917215 0.9430707978604498 0.010872165503263753 0.006025822359636335
1 0.6832515012391969 0.9525683096938181 0.010872195255008155 0.006025824132708024
0 0.36098631072492016 0.9706909972607829 0.01087213575151913 0.006025820586564312
1 0.38950924862554936 0.9689911567776317 0.010872135751519352 0.006025820586564312
1 0.5632879086323972 0.9586347200593471 0.00981577031308134 0.005962865895728475
1 0.4617497395083489 0.9625201100460057 0.014164656238625173 0.008373124853853775
1 0.8544067262510745 0.9055489776867157 0.008882620784223638 0.00805833898817232
0 0.8675193491905251 0.9031431628765758 0.010000642202699361 0.009200569733744168
0 0.45126490391418295 0.927408606560814 0.012175058811357942 0.010405756943224098
0 0.6984328859388221 0.9121370185660038 0.010000642202699472 0.00920056973374439
0 0.8357963828534571 0.9044922373836893 0.012175088563102343 0.01040575871629601
0 0.6360741947183909 0.915311905987573 0.010062268430992782 0.010279844015408934
0 0.6498382609142577 0.9150330425018303 0.010123894659286092 0.011359118297073478
0 0.7306532516327069 0.9102168277995684 0.013293109981578066 0.01154798946186808
0 0.7432993032053596 0.9089217655030465 0.009005843489065746 0.010216885778429496
0 0.8204168810064254 0.9043259001975328 0.006893053108700697 0.010090972850614444
0 0.08935370875710802 0.9473525465468788 0.011180260097724215 0.011422072987909315
0 0.15326622767391407 0.9435436441324974 0.01223668503965114 0.011485031224888531
0 0.1706968821947763 0.942504854499199 0.011180260097724215 0.011422072987908982
0 0.18446098154001855 0.9422260487438736 0.01335472941460969 0.012627144736554796
0 0.2658041549776867 0.9373783566961936 0.013354729414609912 0.012627144736554685
0 0.2789476025095255 0.935512118636861 0.010062327934481696 0.010279847561552646
1 0.9619443603457578 0.8953500172156688 0.011180301006372684 0.011422075425882916
0 0.13900472897185512 0.944393566147145 0.013416355642903222 0.01370641901821923
1 0.4659004934106142 0.9238290827731481 0.010123954162775006 0.011359121843217412
1 0.5865199540659578 0.9106846693537758 0.009005843489065857 0.010216885778429718
1 0.7767653316621028 0.9009712500553045 0.011303550386665862 0.013580505203867999
1 0.21286507010505473 0.9291625871987104 0.009877456044863564 0.007042143723536953
1 0.3866128906436424 0.9182665746161545 0.010872135751519463 0.006025820586564312
1 0.20093210968824554 0.933663993221736 0.011488377648667503 0.016818206382275935
1 0.22454713268058968 0.929549335058176 0.005898254395066971 0.011107288895299328
0 0.695052388733759 0.8993434762532678 0.009067469717359056 0.01129616006009404
1 0.865041185002542 0.8875885378992596 0.008882620784223638 0.008058338988172431
0 0.928487121716983 0.8848903289382757 0.009005858364938057 0.010216886664965341
1 0.11433768415857776 0.9393661100490017 0.024596615740627326 0.025128492006128544
0 0.2792337199835711 0.9219585889000084 0.010000701706188386 0.009200573279888102
0 0.7420007798688839 0.8954626136181743 0.010123894659285981 0.011359118297073478
0 0.9136666346194945 0.8852320907142407 0.011180304725340706 0.011422075647517183
0 0.13922922021760753 0.9297607621286277 0.011118633869430905 0.01034279870624455
1 0.1524342939777395 0.9289737983509596 0.010062327934481696 0.010279847561552868
0 0.16939836225593152 0.9290457621178156 0.012298304472682986 0.01256418649957547
1 0.2950181703667385 0.9199349587943709 0.01000070170618833 0.009200573279888102
0 0.48100707566834017 0.9099337925901342 0.010123954162775006 0.01135912184321719
0 0.51167367656697 0.9086476727738562 0.012298304472682875 0.01256418649957547
1 0.6731451927097721 0.9055221896673424 0.02465830147240955 0.0262077698339368
0 0.7282059005588705 0.8952018399630843 0.010123894659286092 0.011359118297073478
1 0.854353879910655 0.8860596196842468 0.010995411164588687 0.008184251915987373
0 0.08954732738522492 0.9321801089336731 0.011180260097724104 0.011422072987909315
0 0.18251099667362358 0.9266398869176504 0.013293109981578288 0.01154798946186808
1 0.3092487998487928 0.9185454626885238 0.009005902992554549 0.010216889324573097
0 0.4493149224454188 0.9118225042380801 0.012359930700976074 0.013643460781240013
0 0.49517613842559005 0.9074650186564787 0.011118633869430905 0.01034279870624455
0 0.636267843098252 0.9001394666012953 0.014411154356536948 0.012690102973534234
0 0.5451440858308986 0.8914920861572353 0.01099544091633331 0.008184253689059395
1 0.9249525474629452 0.8693986613114031 0.010000642202699472 0.00920056973374439
0 0.6776921037820577 0.8830513392135202 0.01211343258306452 0.009326482661559332
0 0.35698070781478036 0.9005399540572554 0.008882650535967929 0.008058340761244343
1 0.4805801053841733 0.8931739786302665 0.00888265053596804 0.00805834076124401
1 0.58420025177444 0.8886230385749605 0.011180319601213018 0.011422076534053027
0 0.6966765859992946 0.8813785345874093 0.01217505881135783 0.010405756943224098
1 0.9111268476008488 0.8685982509587489 0.007949463174755422 0.010153930201058037
1 0.10714090982466595 0.9154292969575382 0.010062327934481807 0.010279847561552868
1 0.37018578157491244 0.8997529902795873 0.01006232793448164 0.010279847561552868
1 0.7103482460020969 0.879480817409587 0.007949478050627623 0.010153931087593882
0 0.7399275790929085 0.8777180204625281 0.010062268430992782 0.010279844015408934
0 0.8810193020390736 0.8703925270242976 0.013354729414609912 0.012627144736554907
0 0.07488973101663454 0.9168098505831415 0.011180260097724215 0.011422072987909093
0 0.44885713904710534 0.8945230531373801 0.011180260097724215 0.011422072987909315
0 0.663804788527235 0.8811717136394226 0.007949478050627734 0.01015393108759366
1 0.7742607500430307 0.8756719158817414 0.01124190928250035 0.01250123003566772
0 0.18366860769648918 0.9097856986519464 0.011241879530755838 0.012501228262595698
0 0.2639554156957193 0.9050009612951022 0.011241879530755727 0.012501228262595698
0 0.27818610128363164 0.9036114021396227 0.01223668503965114 0.011485031224888531
0 0.32519611864705 0.9008098137861934 0.011180260097724215 0.011422072987909315
0 0.46305701491850193 0.892593916344557 0.010123954162774895 0.01135912184321719
0 0.5560514675693028 0.8875933332424385 0.010185514092317716 0.012438273571760083
0 0.0901151592123226 0.9142781219586504 0.012298304472682764 0.012564186499575136
0 0.12177649932109724 0.9118497731698723 0.012359930700976074 0.013643460781240013
1 0.3879289635629733 0.8949053805489511 0.010123954162775006 0.011359121843217412
1 0.5826508603484344 0.8800520387995074 0.008944217260772436 0.009137611496764952
1 0.7617731522862328 0.8704600922702779 0.010123894659286092 0.011359118297073478
1 0.2957135948702967 0.8949863919266494 0.01223668503965114 0.011485031224888531
1 0.38687694174204 0.8857632662872481 0.010872135751519352 0.006025820586564312
0 0.3982157232397184 0.8894191935570754 0.010432071713718183 0.016755255237584366
0 0.8951927236110379 0.8587186235264445 0.011488414838347838 0.016818208598615936
0 0.9093309397834286 0.8557102144466626 0.010185514092317716 0.012438273571760194
1 0.7248341764464193 0.8639980949225661 0.008944217260772325 0.00913761149676462
0 0.9251154010021628 0.853686643401246 0.010185514092317716 0.012438273571760305
1 0.12100619185321587 0.898359201669999 0.00782622559404099 0.007995382524264905
0 0.4786917467460717 0.8786670910857082 0.009067529220847859 0.011296163606237863
1 0.5181485210058745 0.8828132046676671 0.024596645492371727 0.025128493779200567
1 0.5409580649228136 0.8738734077024765 0.008944217260772547 0.009137611496765174
0 0.6778857853112943 0.8678789575576598 0.012359930700976185 0.013643460781240013
0 0.07564237862749246 0.9021456304957671 0.014411154356536823 0.012690102973534234
0 0.08987306421540481 0.9007560713402873 0.011180260097724326 0.011422072987908982
0 0.2767951420023468 0.8885333983357422 0.011057007641137595 0.009263524424580116
0 0.32442581117916874 0.8873192422863201 0.01124187953075595 0.01250122826259592
1 0.44849179499123176 0.878842513459177 0.010062327934481696 0.010279847561552646
1 0.46216345839166484 0.8769448557848436 0.009939075477895187 0.008121298998223558
0 0.5547221345163114 0.8735946037202229 0.011241939034244641 0.012501231808739743
0 0.664029250021243 0.8665389113939772 0.01223668503965114 0.011485031224888531
0 0.7373569789601162 0.860544543566204 0.010995440916333088 0.008184253689059395
1 0.031088488828153626 0.9015520634613868 0.005713375710187044 0.007869466050306029
0 0.10783193120723061 0.8996858025884993 0.01341635564290311 0.01370641901821923
0 0.18174949544772984 0.8947391704204121 0.0133547294146098 0.012627144736554685
0 0.2635900682422149 0.8893203621134103 0.012236685039651252 0.011485031224888531
0 0.4901273707071838 0.8747368572793497 0.013169857524991668 0.009389440898538992
0 0.8475092226483316 0.8404434804119842 0.011057037392882108 0.009263526197651917
1 0.08944609393123787 0.8839962573804198 0.009939075477895076 0.00812129899822378
1 0.26269651171537783 0.8736713015536968 0.009939075477895076 0.008121298998223891
0 0.6615202727191132 0.850444649275829 0.008944217260772436 0.009137611496764952
0 0.736586671492235 0.847053972066331 0.013293109981578288 0.01154798946186808
0 0.8606834684184447 0.83911688038002 0.010062268430992782 0.010279844015408934
0 0.9092781083188813 0.8362208555576578 0.010062268430992782 0.010279844015408934
1 0.9235395772691959 0.8353709353160819 0.009005858364938057 0.010216886664965341
1 0.3249935801051466 0.8694171993539523 0.010000701706188386 0.009200573279888324
1 0.3693626541207253 0.8667729995006843 0.010000701706188386 0.009200573279888435
1 0.03128217035739017 0.8863796818055263 0.005836628166773546 0.010028014613634895
0 0.10628691315047423 0.8819097320874355 0.01217505881135783 0.010405756943224098
0 0.12107662432349675 0.8810283309542983 0.01217505881135783 0.01040575694322432
1 0.34024988091847025 0.8674251043241499 0.00894427676426146 0.009137615042908886
0 0.35724475891317814 0.8680366457283489 0.0133547294146098 0.012627144736554685
0 0.47922876545902265 0.8602254669698532 0.012236685039651252 0.011485031224888753
0 0.6318793134000082 0.8511281719412231 0.011180319601213018 0.011422076534053027
1 0.7222019500853337 0.8457453437445775 0.008011104278921044 0.011233205369258314
0 0.15220975196130776 0.8786314612840098 0.011180260097724076 0.011422072987909093
0 0.6456125698793592 0.8503097308181372 0.011303565262538173 0.013580506090404176
0 0.8933395923649808 0.8355462999591337 0.010247140320611026 0.013517547853424738
0 0.27739372744010227 0.8711710520476954 0.01235993070097613 0.013643460781240013
0 0.6767149175523991 0.8473732817374335 0.012359930700976074 0.013643460781240013
1 0.2675779571270211 0.8663414131407344 0.012113432583064632 0.009326482661559554
1 0.3858645392772409 0.8587506441690118 0.012544802590594428 0.016881164619255373
1 0.861000380733134 0.8261029291670466 0.00794944829888311 0.010153929314521859
1 0.722488037807635 0.8321918157807967 0.009939015974406162 0.008121295452079735
1 0.8227805218550166 0.8343367518052485 0.024596645492371727 0.025128493779200345
0 0.88998989711716 0.8232923954521318 0.011118671059111462 0.010342800922584328
0 0.921712867173196 0.8219433207233842 0.011180304725340928 0.01142207564751685
1 0.5464689352404726 0.8497207488657388 0.023540250302189314 0.025065537315292707
1 0.699119483181458 0.8406234538371089 0.02459667524411635 0.025128495552272256
0 0.735693111567767 0.8314048520031286 0.011118693372919819 0.01034280225238815
0 0.9073589514425053 0.8211743299857313 0.010062268430992782 0.010279844015408934
1 0.08911150348602209 0.8688553583891927 0.00900590299255477 0.010216889324573208
0 0.10604481815355637 0.8683876814690726 0.011180260097724215 0.011422072987909093
0 0.13668054643455063 0.8665619280581062 0.011180260097724187 0.011422072987909315
0 0.15199847007853667 0.8656490478064791 0.010123954162775006 0.011359121843217301
1 0.17613730242085052 0.870707983023112 0.024596615740627326 0.025128492006128544
1 0.27709000621489116 0.856569727147668 0.008882650535967929 0.008058340761244343
1 0.30079312493217036 0.8632790493591438 0.02459661574062738 0.025128492006128544
0 0.3548282507052327 0.8535612932596255 0.01012395416277495 0.011359121843217412
0 0.44782272971014714 0.8485606488809463 0.012298304472682764 0.012564186499575247
0 0.477899435803662 0.8462267969511263 0.01118026009772416 0.011422072987909315
0 0.8476720579140462 0.8247314038848745 0.015467549546719472 0.012753059437441983
1 0.12021387751317542 0.8659188480319282 0.010062327934481696 0.010279847561552868
0 0.2638849324547592 0.8573566909253361 0.014287908695211904 0.010531673417183085
0 0.3241000235783095 0.853768138794239 0.010062327934481696 0.010279847561552868
0 0.4911045095637941 0.8454398331734583 0.012359930700976185 0.013643460781239791
0 0.6326628038767571 0.8370035872216093 0.014472780584830147 0.013769377255198556
0 0.0748808774015986 0.8702449139985287 0.014596033041416878 0.015927925818527533
1 0.8267376273774205 0.8108181639186685 0.008882620784223638 0.008058338988172431
1 0.6428923106944584 0.8212330552224583 0.008944217260772436 0.009137611496764841
0 0.16903296742937873 0.8483900813541454 0.010000701706188386 0.009200573279888102
0 0.5514208131223967 0.8250599897370756 0.010062268430992782 0.010279844015408934
0 0.9211934460683477 0.8035646557310447 0.010123894659286092 0.011359118297073478
0 0.6290358051561515 0.819893007285704 0.009067469717359056 0.01129616006009393
0 0.15200721681703527 0.8472389063552577 0.010123954162775034 0.011359121843217412
1 0.2776886511561355 0.8392073773134775 0.007949478050627679 0.010153931087593548
0 0.30677061464187483 0.8380156948526689 0.011180260097724215 0.011422072987908982
0 0.13718675203335495 0.847580666801419 0.012298304472682764 0.01256418649957547
0 0.36857028367482686 0.8343327089122463 0.01024719982409994 0.013517551399568672
1 0.20097602189120517 0.8416132753271972 0.006893053108700697 0.010090972850614333
1 0.9505262925194892 0.7974848202742806 0.0058982692709390605 0.011107289781835283
0 0.08958689597067976 0.8493344599916731 0.012421556929269495 0.014722735062904446
0 0.35421640513381675 0.833563715958253 0.01136513198734257 0.014659776825925008
1 0.5670820144466082 0.820877870571598 0.01043201221022938 0.016755251691440542
1 0.7681423527122204 0.805646845552786 0.00912910402626299 0.01237531622131649
1 0.21437037066194925 0.8348589428888624 0.006954679336994007 0.011170247132278877
0 0.9392491670018486 0.794908165513046 0.011550048504577415 0.01789748332354857
0 0.44404601583157466 0.8195469332953187 0.008072723711952667 0.012312360643944809
1 0.4914918097211475 0.815095013904392 0.007887851822334424 0.009074656805929338
0 0.7043882882539436 0.8029487426089362 0.009005843489065857 0.010216885778429496
1 0.7274707288037058 0.8080706937929658 0.023478624073895782 0.023986263033628163
0 0.8126698068069672 0.7964956447739664 0.010062268430992782 0.010279844015408934
0 0.8258132577364368 0.7946294662181228 0.010995411164588687 0.008184251915987484
1 0.8516291634364502 0.8012128159982945 0.024596645492371838 0.025128493779200234
0 0.9035514690774029 0.7916209745996632 0.01012389465928576 0.011359118297073478
0 0.9177205020829085 0.7891522024390797 0.010995426040460998 0.008184252802523329
1 0.3302315754611165 0.8312029104884364 0.02354030980567834 0.02506554086143664
0 0.690562566078039 0.8021483335860862 0.011057067144626509 0.00926352797072394
0 0.8865565427361104 0.7910094360767058 0.012175081125166187 0.01040575827302792
0 0.07362197342125715 0.8389152542571232 0.009067529220847859 0.011296163606237641
0 0.16764200814809394 0.833312077550265 0.00906752922084797 0.011296163606237863
0 0.26113388990745606 0.8277403764157529 0.012236685039651252 0.011485031224888531
0 0.2764517540479532 0.8268274997102697 0.00906752922084797 0.011296163606237863
0 0.30655926985798393 0.825033225417793 0.010123954162775006 0.01135912184321719
1 0.35453327621852027 0.8205498269083766 0.00888265053596804 0.008058340761244343
0 0.62870124446268 0.804752106521405 0.010000642202699583 0.009200569733744501
0 0.13744205639325402 0.8334874999237339 0.010062327934481807 0.010279847561552868
0 0.15123690595152312 0.8337482753518957 0.010185573595806602 0.012438277117904017
1 0.6666042059019806 0.8095322342096405 0.029130380351051532 0.030776573809247365
0 0.903652692348022 0.7748297423545987 0.009939015974406162 0.008121295452079624
1 0.7181919474518311 0.7847994325432215 0.008882591032479015 0.008058337215100408
0 0.9173551505890987 0.7734716632041446 0.007887836946462223 0.00907465591939327
1 0.26176328506172725 0.8109176077650495 0.00888265053596815 0.00805834076124412
0 0.3531731895548709 0.8060114566991846 0.010000701706188386 0.009200573279888102
0 0.6590332812702078 0.7883250264373391 0.011118693372919708 0.010342802252388261
0 0.8116838143353211 0.7792277322952452 0.012175088563102343 0.01040575871629601
1 0.825914470171489 0.7778381749128374 0.008944247012516948 0.009137613269836975
1 0.12067161014080968 0.8182431580471612 0.007826225594041003 0.007995382524264905
0 0.1819738798169449 0.8151312883660605 0.012113432583064715 0.009326482661559554
0 0.27444014635089575 0.8101621231058711 0.011118633869430683 0.010342798706244771
0 0.5496645097852383 0.7943014462549922 0.01223668503965114 0.011485031224888531
0 0.7308688087409996 0.7840439478840432 0.0133547294146098 0.012627144736554685
0 0.8412323491878583 0.776925297320818 0.012236714791395764 0.011485032997960554
0 0.1053536864968237 0.8191560382987881 0.011118633869430794 0.010342798706244882
0 0.16873799294266617 0.8153786150028965 0.011118633869431016 0.010342798706244882
0 0.367342192808632 0.803542686311673 0.011118633869430905 0.010342798706244438
1 0.45977764962606715 0.7980339434141404 0.007949478050627568 0.010153931087593882
0 0.6721458893337862 0.7859192125137351 0.010123894659285981 0.011359118297073478
0 0.030846343060556503 0.8230548717575568 0.00589825439506686 0.011107288895299328
0 0.29180923754458443 0.8080441151482536 0.012298304472682764 0.012564186499575247
1 0.5772587046756343 0.785617978796906 0.009005843489065746 0.010216885778429496
1 0.763745016771989 0.7750456958900791 0.0058982692709391715 0.011107289781835505
1 0.9380210612597816 0.7641181437990088 0.010432012210229269 0.016755251691440654
1 0.21311141057574973 0.8035293461970895 0.005898254395067082 0.011107288895299439
0 0.9182618867271726 0.7615055080408819 0.009067484593231256 0.011296160946629885
1 0.39440814547632 0.7948906997451484 0.009437273000084345 0.01777157128226925
0 0.8399338441248857 0.7634662040528988 0.011118663621175306 0.01034280047931646
1 0.8783649882834053 0.7682148543957165 0.024596645492371727 0.025128493779200234
0 0.9017643560237288 0.7603228534802364 0.010123894659286092 0.011359118297073478
1 0.5122281231103667 0.7884106255566272 0.023478653825640405 0.023986264806700186
0 0.5504788099785031 0.7807164391727216 0.011241939034244863 0.012501231808739632
1 0.634273767362746 0.781678660689771 0.026709465624481288 0.02525440848008753
0 0.6561501536702168 0.774960369638353 0.011303565262538062 0.013580506090404176
1 0.6702883735615757 0.7719519603369371 0.010000642202699583 0.00920056973374439
0 0.6862268861178454 0.772626456431972 0.010185514092317716 0.012438273571760416
0 0.7321496951769345 0.7693481874016184 0.009067469717359167 0.01129616006009404
0 0.809298086092147 0.7652919592369369 0.01124190928250024 0.01250123003566772
0 0.8235595550424615 0.7644420389953612 0.012298334224427165 0.012564188272647159
0 0.8536671006042367 0.7626477629298127 0.0133547294146098 0.012627144736555018
0 0.10455256591479567 0.8051258296580827 0.011118633869430905 0.01034279870624455
1 0.1435119225442787 0.8098430008824106 0.02354030980567834 0.02506554086143664
0 0.2608697285348901 0.7952685472053361 0.011057007641137595 0.009263524424580227
0 0.2752236665793891 0.7960375366131853 0.012298304472682764 0.01256418649957547
1 0.30526955616112655 0.7931639880390442 0.00900590299255477 0.010216889324573097
0 0.351782233671217 0.7909335123987933 0.00906752922084808 0.011296163606237752
0 0.7184164386975835 0.7701666285247042 0.013416355642903 0.013706419018219562
0 0.073388625162838 0.8069830621875389 0.01018557359580663 0.012438277117904017
1 0.08864486307504177 0.804990911200391 0.009005902992554549 0.01021688932457343
0 0.16896248418841853 0.8007458109843792 0.013293109981578066 0.01154798946186808
0 0.18275739664780738 0.8010066423698858 0.011303505759049065 0.013580502544260464
0 0.2909773038484099 0.7934742693667156 0.01223668503965114 0.011485031224888531
1 0.3294084480069293 0.7982229197095332 0.025714666910847783 0.026270724524772526
0 0.11763439061597192 0.8021803768205744 0.012175058811357845 0.01040575694322432
1 0.296893111223963 0.7671317036282089 0.007764606161009546 0.006916227249577966
0 0.8066482262281516 0.7188843551951403 0.013231483753284867 0.010468715180203536
0 0.6375001550216584 0.7267989952198566 0.008882591032479237 0.008058337215100408
0 0.7146485310609987 0.7227427679417113 0.011057067144626509 0.00926352797072394
1 0.8202890616385657 0.7164470612665104 0.008944247012516948 0.009137613269836864
0 0.8662734969259482 0.7142480665178211 0.012175088563102232 0.01040575871629601
0 0.8794785558102081 0.713461103626689 0.011118663621175418 0.010342800479316239
0 0.5159827495943562 0.7334994196916624 0.011057037392881996 0.009263526197652028
0 0.6971870336742453 0.7232419222072493 0.010062268430992782 0.010279844015408934
0 0.7283510041779475 0.7213846879047212 0.011118693372919708 0.010342802252388372
0 0.8350479150698249 0.7150260256521487 0.011118663621175418 0.010342800479316239
0 0.8498684096052497 0.7146842634329156 0.009067499469103568 0.01129616183316573
0 0.8963502293735768 0.7119141533114404 0.009067484593231145 0.011296160946629774
1 0.44147539467984764 0.7373983135404556 0.007949478050627679 0.010153931087593882
0 0.47263933543180536 0.7355410810109996 0.011118633869430905 0.01034279870624455
0 0.501690485803398 0.7338097614093586 0.010062327934481585 0.010279847561552868
1 0.11917935790204898 0.7549813062361713 0.010000701706188386 0.009200573279888102
0 0.1355844600986198 0.7545451084345408 0.011118633869430905 0.01034279870624455
0 0.2903477984199704 0.7453219004780958 0.010062327934481807 0.010279847561552646
0 0.45415225596901615 0.7366428288812774 0.012298304472682875 0.012564186499575247
0 0.14931768682622631 0.7537266690845269 0.01124187953075595 0.012501228262596031
0 0.27288633078496155 0.7458210529705619 0.011180260097724104 0.011422072987909093
0 0.6215000162370954 0.7250452248431571 0.009067469717359167 0.011296160060094151
1 0.10218442040385223 0.7543697683781159 0.007949478050627512 0.010153931087593882
0 0.4857519698494975 0.7331352058108349 0.012359930700976185 0.013643460781239791
0 0.2585940223663866 0.746131397347866 0.012421556929269384 0.014722735062904446
0 0.7485503434818322 0.7131419210132035 0.010493638438522579 0.017834525973105086
1 0.931651762690066 0.6989811678490554 0.009067484593231367 0.011296160946630107
0 0.8021496927287401 0.705074495951183 0.007949448298883222 0.010153929314522192
1 0.208045039106178 0.7426463301830803 0.009375646771791174 0.016692297000604817
0 0.8648825525205357 0.6991700618274048 0.008882620784223638 0.008058338988172431
0 0.8960465007104296 0.6973128288546808 0.009939015974406162 0.008121295452079957
0 0.9098722114080928 0.6981132982675557 0.012236699915523452 0.011485032111424376
1 0.21152678189566865 0.738648638920948 0.005898254395066971 0.01110728889529966
1 0.3799617836174524 0.7275277732901695 0.008944276764261239 0.009137615042908553
1 0.5388231066254419 0.7250992598673038 0.02453504901582293 0.024049221270607712
0 0.7133192277597515 0.7087440366464237 0.010123894659286203 0.011359118297073478
0 0.818431530990483 0.7024798099762484 0.011180289849468728 0.011422074760981005
0 0.8342776076019436 0.7015354541522755 0.011180289849468728 0.011422074760981005
1 0.8774977909790417 0.6973353623900509 0.008882620784223638 0.008058338988172209
0 0.11949628849024124 0.741967413640151 0.010000701706188386 0.009200573279888102
1 0.17538890028376963 0.7462169114905026 0.026709465624481288 0.02525440848008731
1 0.25785452461502123 0.7331804034853362 0.007826225594041114 0.007995382524264572
0 0.27264417628455484 0.7322990058983427 0.009939075477895187 0.00812129899822367
1 0.3570597854822012 0.7348486597193993 0.024534989512334127 0.024049217724464
0 0.4713100023788139 0.7215423514887838 0.010062327934481696 0.010279847561552646
1 0.4850124754957628 0.7201842714517936 0.010000701706188386 0.009200573279888102
0 0.5019457306598082 0.7197165980778174 0.010062327934481585 0.010279847561552646
0 0.5150891633157746 0.7178503609050209 0.008882620784223527 0.008058338988172098
0 0.727021671124956 0.7073859583825055 0.012298304472682875 0.012564186499575247
0 0.07301442409429754 0.744737526421234 0.012236685039651252 0.011485031224888642
1 0.10358858565048745 0.7418324951824593 0.007887851822334438 0.009074656805929338
0 0.13577808212436748 0.7393727303248241 0.00888265053596804 0.008058340761244343
1 0.14898315588449945 0.738585766547156 0.009939075477895076 0.00812129899822378
0 0.2890492784811256 0.7318628080967122 0.00906752922084797 0.011296163606237863
0 0.44169982642211125 0.7227655130680823 0.010123954162775062 0.01135912184321719
0 0.6339655956434928 0.711307326706448 0.01223668503965114 0.011485031224888531
1 0.5728569182413608 0.6992468200509039 0.00981577031308134 0.005962865895728697
1 0.681200074500919 0.6938729361075738 0.008882591032479237 0.008058337215100408
0 0.7140102788940605 0.6930005405043129 0.013231483753284867 0.010468715180203536
0 0.6939077489042341 0.6936570885892277 0.01118031960121324 0.011422076534053027
0 0.8026866816899467 0.6866328736084 0.011118663621175418 0.01034280047931646
0 0.8158917405742065 0.6858459107172679 0.010062268430992782 0.010279844015409045
0 0.9057478058927342 0.6815738350342404 0.014411139480664636 0.01269010208699839
0 0.13600257337011978 0.7247399263063068 0.008944276764261322 0.009137615042908553
0 0.3641860765751529 0.7111412024410966 0.00894427676426135 0.009137615042908886
0 0.10427960703305189 0.7260890008134205 0.011118633869430794 0.01034279870624455
1 0.14914602090195866 0.7228736882469742 0.010000701706188386 0.009200573279888102
0 0.30235559442805426 0.7142845512406868 0.01217505881135783 0.010405756943223987
0 0.34883739932050906 0.7115144420057475 0.007949478050627679 0.010153931087593882
0 0.4534215049561493 0.705281693567526 0.01006232793448164 0.010279847561552646
1 0.46976498092442676 0.7037662214842311 0.00894427676426135 0.009137615042908664
0 0.11851029262096424 0.7246994416579406 0.01223668503965114 0.011485031224888642
0 0.16654586570630503 0.7212953209763326 0.011118633869430905 0.01034279870624455
1 0.20818143802462613 0.7171896052930163 0.010123954162775006 0.01135912184321719
0 0.1806533022352615 0.7177472727610126 0.012483183157562833 0.0158020093445691
1 0.3801289922524164 0.7026106260374487 0.010123954162775006 0.01135912184321708
1 0.5607742953748119 0.6918449678710854 0.010123894659286092 0.011359118297073478
1 0.9289623057837448 0.6704440703339878 0.011241924158372552 0.012501230922203566
1 0.38969826444758615 0.7031232868247295 0.010370452280686449 0.01567609996289765
1 0.5712767137012085 0.6901361831346187 0.010123894659286092 0.011359118297073478
1 0.20833990331872226 0.7106826589950063 0.011180260097724104 0.011422072987909093
0 0.8162086562865267 0.6728320190077832 0.007949448298883444 0.01015392931452197
1 0.87045506394236 0.6760966763857958 0.027704234586370613 0.024238090662330514
0 0.4685589003280219 0.6919260405253445 0.010123954162775006 0.01135912184321719
1 0.5064002206631568 0.6956268948184513 0.024535019264078528 0.02404921949753569
0 0.6211786649066052 0.6822891065828103 0.01111869337291993 0.010342802252388483
0 0.710070756103887 0.6796988401692343 0.011426817719124682 0.015739054653733153
0 0.8330495167357488 0.6707454315517023 0.014411124604792436 0.012690101200462212
1 0.11929375334596881 0.7105748587113986 0.00894427676426135 0.009137615042908553
0 0.25668805997711963 0.7034696551664277 0.011180260097724215 0.011422072987909315
0 0.2713852757018441 0.7009694056604261 0.01099538141284434 0.008184250142915461
0 0.30208268631698987 0.7002228634814917 0.01111863386943096 0.010342798706244771
1 0.6854961174836746 0.6762902377631708 0.015221021677063407 0.008436079544689501
0 0.13517063967394521 0.710170080524769 0.01124187953075595 0.01250122826259592
0 0.1489347390191874 0.7098912747694436 0.013416355642903222 0.01370641901821923
0 0.16633458042590293 0.7083128479953129 0.014411154356536976 0.012690102973534456
1 0.3568308403447758 0.6937113951511321 0.010872135751519463 0.006025820586563979
0 0.5323789799023879 0.686498226688466 0.0133547294146098 0.012627144736555018
1 0.439701428088035 0.6784849189676359 0.008821031102936527 0.006979185486557404
1 0.7101103423106461 0.6618282745822842 0.008882591032479015 0.008058337215100408
0 0.8437764114320254 0.6544038436832542 0.010000642202699583 0.00920056973374439
0 0.8606788981095409 0.6533965305088376 0.010000642202699472 0.00920056973374439
0 0.723315416070778 0.661041310804616 0.010062268430992782 0.010279844015408934
0 0.9045197075886032 0.650783812876935 0.013293109981578288 0.01154798946186808
0 0.16593842325588282 0.6920926711762775 0.010995381412844285 0.008184250142915461
0 0.8299815172461398 0.6541430709147003 0.012236714791395653 0.011485032997960554
0 0.873853143879654 0.6520699304768733 0.01124190928250024 0.01250123003566772
1 0.36295798570895804 0.6803511798405235 0.007949478050627845 0.010153931087593882
0 0.6202234821514748 0.6655607717414325 0.01118031960121324 0.011422076534053027
0 0.6329003434406433 0.6648052870822541 0.011180319601213129 0.011422076534052916
0 0.2868660082574312 0.68434451015825 0.010123954162775006 0.011359121843217412
0 0.3021530592837817 0.6828919963119346 0.00900590299255477 0.01021688932457332
0 0.34922475898135147 0.6811696191905374 0.012298304472682875 0.01256418649957547
0 0.4532498424295122 0.6744287722334623 0.009067529220847859 0.011296163606237974
0 0.13468204655911586 0.6923310517867258 0.01223668503965114 0.011485031224888531
1 0.5570592374762774 0.6639105247940504 0.007887851822334424 0.009074656805929338
0 0.1488510498128769 0.6898622813992141 0.013477981871196532 0.014785693299883773
1 0.20738912708221657 0.6847493111584346 0.010123954162775117 0.01135912184321719
1 0.7445711539624762 0.6527356469526799 0.009313967835270609 0.0156131381797745
1 0.7551352025574714 0.6521060765511206 0.00931398271114281 0.015613139066310344
1 0.8064016773395608 0.6495922359899929 0.023478624073895893 0.023986263033628497
0 0.8430061039641442 0.6409132721833808 0.010062268430992782 0.010279844015408712
0 0.8885547776012446 0.6403646075856533 0.010308766548904447 0.014596822135089171
1 0.20686531433461602 0.6755756582747527 0.009815829816570143 0.005962869441872409
1 0.376726488175194 0.6708673015865152 0.009375646771791035 0.016692297000604706
1 0.6874944650470715 0.6555956907781502 0.0266478393961882 0.024175134198422987
1 0.7082528299360664 0.6478610819089752 0.009005843489065746 0.010216885778429385
0 0.859287942225887 0.6383185862084463 0.008944247012516837 0.009137613269836864
1 0.3019725871175264 0.6704491604717473 0.007887851822334424 0.009074656805929115
1 0.3458442022727993 0.6683760804239449 0.006893053108700697 0.010090972850614333
0 0.4372232936517963 0.6629302922172479 0.007949478050627623 0.01015393108759377
1 0.4514231066220731 0.6610010994670796 0.008882650535968095 0.008058340761244343
1 0.47667999013460727 0.6670763507283977 0.025591414454261052 0.024112175961443216
0 0.49849475021378487 0.6592787853953151 0.010062327934481807 0.010279847561552868
1 0.5127562340399716 0.6584288642672036 0.009005873240810147 0.010216887551501408
1 0.5423047688925089 0.6561264292927765 0.008944217260772436 0.009137611496764952
0 0.6622683946486838 0.6500600766576645 0.012236685039651252 0.011485031224888753
0 0.8307958174394044 0.6405580638324299 0.013354729414609912 0.012627144736554685
1 0.2653373656522994 0.6785885457544799 0.025591414454261052 0.024112175961443327
0 0.2876803348048096 0.6707594417994188 0.011118633869430683 0.01034279870624455
0 0.7203398525259781 0.6460578020866221 0.014411154356536726 0.012690102973534234
1 0.07105564511635565 0.6825864244642547 0.00900590299255466 0.01021688932457332
1 0.11104055407013008 0.6867010038569146 0.02559141445426094 0.02411217596144344
0 0.5305610537345671 0.6546604684282071 0.011057067144626398 0.00926352797072394
0 0.16507567984319238 0.6769832477573963 0.01124187953075581 0.01250122826259592
0 0.797681906696924 0.6268291336491272 0.010000642202699472 0.009200569733744168
0 0.6185596181567565 0.6364211396818458 0.011057067144626509 0.00926352797072394
0 0.8282868401372747 0.6244638017142814 0.010062268430992782 0.010279844015408934
0 0.8420201114924979 0.6236453597046595 0.007949448298883222 0.010153929314521859
0 0.1769206074361862 0.6616579173166803 0.011057007641137595 0.009263524424580005
1 0.29996098281809985 0.6537838433708377 0.009939075477895076 0.008121298998223558
0 0.5424367944417077 0.6398747751283234 0.008944217260772436 0.009137611496764952
0 0.11664389348197335 0.6641672546696017 0.011057007641137595 0.009263524424580005
1 0.13404379439217784 0.6625888243493274 0.007826225594041114 0.007995382524264683
1 0.2566175801337904 0.6558254443001501 0.010000701706188386 0.009200573279888102
0 0.26985346700806906 0.6555781176633144 0.011118633869431016 0.01034279870624455
0 0.28672515544731 0.6540311664615297 0.011057007641137484 0.009263524424580005
1 0.4964215791895538 0.6415341904665972 0.007887851822334313 0.009074656805929115
0 0.691389944341182 0.6309978286099056 0.009067469717359056 0.01129616006009404
0 0.10390540596451164 0.6638434650471157 0.00894427676426146 0.009137615042908553
0 0.4504987403787202 0.644812461270023 0.013354729414609912 0.012627144736554796
0 0.5117394284541786 0.6406213146476499 0.009067499469103568 0.011296161833165952
0 0.5687236929030159 0.6361423585131469 0.011057067144626509 0.00926352797072394
0 0.6765386400892415 0.6308000131917955 0.011180319601212907 0.011422076534053027
1 0.9442449084968744 0.613221487568437 0.00782620699920078 0.007995381416094682
1 0.7429997225149361 0.6252148073086122 0.009005843489065746 0.010216885778429496
1 0.7530663940669227 0.625156351836571 0.010123894659285981 0.011359118297073256
1 0.3774219126787523 0.6459187347187938 0.00900590299255477 0.01021688932457332
0 0.14871019700275573 0.6595489377024937 0.012298304472682875 0.012564186499575247
1 0.5677024841962293 0.6275398813922759 0.007887851822334313 0.009074656805929338
0 0.9850133432575943 0.6032114801359603 0.012175081125166187 0.01040575827302792
1 0.19525802784686686 0.6486529707470475 0.009067529220847942 0.011296163606237641
0 0.6906504499874474 0.6180468942508647 0.008944217260772325 0.009137611496764952
0 0.7957935663323255 0.6123223047215218 0.010062268430992782 0.010279844015408934
1 0.3238577796669847 0.645320724422964 0.023417057349091497 0.022906992298107443
0 0.45134388004024517 0.631767030052024 0.007949478050627679 0.010153931087593882
1 0.4962410475198096 0.6290913581725537 0.00900590299255466 0.01021688932457343
0 0.5400818793126804 0.6264786392108472 0.010062268430992782 0.010279844015408934
1 0.7142610996105422 0.6231373068129156 0.02459667524411624 0.025128495552272256
1 0.2859548479794288 0.6405405949616565 0.009005902992554549 0.01021688932457343
0 0.30027791000866133 0.6407698912713284 0.012298304472682764 0.01256418649957547
0 0.36055462736050503 0.6382606134218958 0.012421556929269384 0.014722735062904446
0 0.5262870000026668 0.6262178655557575 0.010062268430992782 0.010279844015408934
0 0.6167020726328014 0.6224538892781197 0.01341635564290311 0.013706419018219562
0 0.6773529402825063 0.6172150061095248 0.012175058811358053 0.010405756943224098
1 0.07970495079153528 0.6577053150523071 0.025529788225967742 0.023032901679778672
0 0.13277608756747966 0.6496693691087763 0.011241879530755727 0.012501228262595698
0 0.16390921520529078 0.6472724994384877 0.01223668503965114 0.011485031224888531
0 0.34626237504778823 0.6385708947495673 0.013539608099489842 0.015864967581548317
0 0.43810799316596655 0.6320143566888596 0.01341635564290311 0.013706419018219562
0 0.10419152343855725 0.650289935310263 0.0133547294146098 0.012627144736554685
0 0.11795556328031048 0.6500111331010812 0.011303505759049037 0.013580502544260464
0 0.14691427770709403 0.6466609615804324 0.010062327934481696 0.010279847561552646
1 0.4483682867437008 0.6167835231071016 0.007826225594041114 0.007995382524264683
1 0.8091614787558029 0.5958233239202327 0.008944247012516948 0.009137613269836642
1 0.8857508589617774 0.591258936846673 0.010000642202699472 0.009200569733744501
0 0.7509359329939671 0.5971274141169178 0.010933806607429264 0.007105097527836612
0 0.7965154271831503 0.5971183862167544 0.01335472941460969 0.012627144736554685
0 0.14400036674470096 0.6327566658675419 0.014164656238625506 0.008373124853853997
0 0.16460023658785533 0.6315290050694491 0.010995381412844396 0.008184250142915461
1 0.629977545713839 0.6043359970543338 0.007887851822334313 0.009074656805929338
0 0.7172234064193124 0.6007609514449797 0.015467519794974849 0.012753057664370071
0 0.29826630231160395 0.62410451466693 0.012236685039651252 0.011485031224888642
0 0.3463327446169493 0.6212399680765215 0.01118026009772416 0.011422072987908982
1 0.4809936158495933 0.6126733641623361 0.007949478050627734 0.010153931087593882
0 0.1777744972338407 0.6302024041509486 0.012236685039651252 0.011485031224888531
0 0.35897879618960205 0.6199449057799997 0.011241879530755838 0.012501228262595698
0 0.8993300607059622 0.5877423690796466 0.010308766548904336 0.014596822135089171
1 0.3861064311914415 0.612372130445507 0.009314027338759523 0.015613141725917878
1 0.6902278530725298 0.5920820095653863 0.00707792499831883 0.013328676688630359
1 0.8315660741366064 0.5890734942468361 0.023540250302189314 0.02506553731529293
1 0.19530205032399472 0.6215773903918318 0.008257602396832597 0.015550183488938885
1 0.2057428126703535 0.6187893331467721 0.010123954162775006 0.01135912184321719
0 0.869196097713098 0.5797919359489483 0.010185514092317716 0.012438273571760083
1 0.8849189252656029 0.5766890910651352 0.009939015974406273 0.008121295452079846
0 0.7180377066125772 0.5871759443627089 0.012236685039651363 0.011485031224888753
1 0.7940988892234604 0.582643035521103 0.010123894659286092 0.011359118297073478
1 0.3226605019149365 0.615070338963223 0.024473363284040706 0.022969943442799456
0 0.3582084887217208 0.6064543342801265 0.00894427676426146 0.009137615042908886
0 0.46596180967965306 0.6000327146771104 0.011057007641137595 0.009263524424580005
0 0.49401821744346996 0.5994435645444807 0.01012395416277495 0.01135912184321708
1 0.5318595229027326 0.6031444197241236 0.02453504901582293 0.024049221270607712
0 0.7052375962644529 0.5857729399620473 0.010000642202699472 0.00920056973374439
1 0.14683504772763534 0.6174268326618877 0.008882650535968262 0.008058340761244343
0 0.16382992911997396 0.6180384335695757 0.011180260097724215 0.011422072987909093
1 0.28624970879434225 0.6085768642700935 0.008821031102936527 0.006979185486557737
1 0.2990190094259506 0.6094402910334118 0.011118633869431072 0.01034279870624455
0 0.3455316274325522 0.6072098189393048 0.011180260097724104 0.011422072987909093
0 0.5076898362162863 0.5975459095297551 0.012236714791395653 0.011485032997960443
1 0.5162202776800009 0.5613011799423319 0.005775001938480351 0.00894874033197035
1 0.7017162130998932 0.5426659962221738 0.009877396541374539 0.00704214017739313
1 0.8628488100558469 0.5336046821904357 0.008882620784223527 0.008058338988172431
1 0.7143622646725458 0.541370933925652 0.009939015974406273 0.008121295452079846
1 0.7475773918903837 0.5383085128569122 0.010872180379136065 0.0060258232461720684
0 0.8047157259502594 0.5365276824798135 0.008944247012516948 0.009137613269836753
0 0.8496129380574405 0.5338520079407356 0.010000642202699472 0.00920056973374439
0 0.3434716028701828 0.5618499505571939 0.009877456044863453 0.007042143723536953
0 0.5225631114455789 0.55171836511406 0.008882591032479126 0.008058337215100408
1 0.734838911810858 0.537984722791158 0.010872195255008155 0.006025824132708135
0 0.7903926192934102 0.5362983888297496 0.010000642202699472 0.009200569733744501
0 0.13262631824120286 0.572791032870098 0.008882650535968262 0.008058340761244343
1 0.14635960447229834 0.5719725899739401 0.010995381412844285 0.008184250142915461
1 0.2963999626761019 0.5635723241324474 0.011057007641137595 0.009263524424580005
0 0.4332352437221426 0.5559589625651338 0.012175058811357997 0.010405756943223987
1 0.5076809940794917 0.5509809125551175 0.006831426880407276 0.009011698568949789
0 0.5357373423398198 0.5503917659686316 0.010123894659286092 0.01135911829707359
0 0.17385699004863603 0.5708753413224569 0.015405959865432223 0.011673905935827067
0 0.2541129254302306 0.5655509703709242 0.011118633869430766 0.01034279870624455
1 0.26781539854717956 0.5641928903339342 0.00894427676426146 0.009137615042908886
0 0.28422050074375027 0.5637566925323036 0.01217505881135783 0.010405756943223987
0 0.3576406656274326 0.5593811766235385 0.01111863386943085 0.01034279870624455
0 0.4923631001872502 0.5518937910336725 0.012236685039651252 0.011485031224888642
0 0.16161584238450222 0.5699804389867924 0.007949478050627734 0.010153931087593882
0 0.4479016463327205 0.5529190759183 0.01030882605239325 0.014596825681233105
1 0.9079044948950603 0.5244220609100796 0.01136517661495906 0.014659779485532765
1 0.37271203165001826 0.5541513217983749 0.01030882605239325 0.014596825681233105
1 0.3838042555262962 0.5534902744946657 0.009252401110466324 0.014533867444253445
1 0.7343151024608883 0.5288111294109652 0.010933821483301576 0.007105098414372679
1 0.203440696508697 0.5599074736497872 0.010062327934481557 0.010279847561552646
0 0.7896531215420447 0.5233473949672197 0.010000642202699472 0.009200569733744501
0 0.8023608108212321 0.5231315465623376 0.010062268430992671 0.010279844015408934
1 0.8861865552868453 0.5246334067716574 0.02347863151183205 0.023986263476896252
1 0.6172390108233288 0.5390371258498696 0.02447342278752973 0.02296994698894328
0 0.6702485247686107 0.5299219651281633 0.010062268430992893 0.010279844015408934
0 0.6993612979708659 0.5292698603046977 0.011241939034244752 0.012501231808739743
0 0.7141509793921439 0.5283884609446323 0.011241939034244641 0.012501231808739743
1 0.319799300664681 0.5556803249900393 0.023417057349091552 0.022906992298107554
1 0.523254162579888 0.5359748689719495 0.009877396541374539 0.00704214017739313
0 0.536520829418938 0.5362671217455288 0.008944217260772325 0.009137611496764841
0 0.25231706563805784 0.5526629907027188 0.011118633869430794 0.01034279870624455
0 0.26654769172248144 0.5512734350933828 0.010000701706188386 0.009200573279888213
0 0.2961578676791841 0.5500502735140843 0.010062327934481696 0.010279847561552646
0 0.49317743013225945 0.5383087821783301 0.011118633869430905 0.01034279870624466
0 0.13288162260110187 0.558697865992413 0.011118633869431016 0.01034279870624455
0 0.14720474753145424 0.55892721825943 0.01018557359580663 0.012438277117904128
0 0.1619635860868412 0.5575061835316042 0.012236685039651252 0.011485031224888642
0 0.17725063711319167 0.5560536696852888 0.00900590299255466 0.01021688932457332
1 0.34674206377690237 0.5448698458175307 0.014164656238625395 0.008373124853853997
1 0.4692190070550812 0.5456926268445395 0.022607130525076014 0.027161012180808464
1 0.49243793238089395 0.5253577883158004 0.008882650535968095 0.008058340761244231
0 0.5208992474508606 0.5225787330544733 0.008882591032479015 0.00805833721510052
0 0.6535088882326822 0.5152172008889337 0.010000642202699472 0.00920056973374439
0 0.6973189103090371 0.512064904289884 0.009005843489065524 0.010216885778429496
0 0.8304567635618222 0.5046718930058547 0.011180289849468616 0.01142207476098106
0 0.8610925067186886 0.5028461387083523 0.011180289849468616 0.011422074760981116
0 0.46115074256998045 0.5250565317854162 0.010062327934481752 0.010279847561552646
0 0.6391857964517051 0.5149879063523337 0.009067469717359056 0.01129616006009393
0 0.7437390889731985 0.5082155207732801 0.011118693372919819 0.010342802252388372
0 0.10132152467912398 0.5443349217028337 0.010995381412844174 0.008184250142915572
1 0.13142904048915466 0.5425406474103571 0.007826225594041003 0.007995382524264683
1 0.14621875166217718 0.5416592462772197 0.007826225594041003 0.007995382524264683
0 0.25297727390647573 0.5363798591928477 0.010062327934481585 0.010279847561552757
0 0.4748531561834403 0.52369845529457 0.010123954162775006 0.011359121843217301
0 0.504463317264271 0.5224752946018074 0.010185543844062173 0.012438275344832106
0 0.26661812079513125 0.5339425048741933 0.010123954162775062 0.01135912184321708
0 0.11496231546192148 0.5418976304338119 0.011180260097724215 0.011422072987909093
1 0.7317489054490898 0.5024325800159586 0.011118693372919708 0.010342802252388428
1 0.5616060470072043 0.5114893921692942 0.011241939034244863 0.012501231808739743
1 0.38257616466010136 0.5227002518940926 0.010370452280686449 0.01567609996289765
1 0.2029256934007147 0.532323735272229 0.012483183157562805 0.01580200934456899
1 0.7941692377736866 0.5003369659895183 0.02236060265542017 0.022844032288056204
0 0.8165430234379744 0.49304755867877814 0.010062268430992782 0.010279844015408934
0 0.8455941589336948 0.491316239963673 0.009005873240810147 0.010216887551501408
1 0.4375400631951411 0.5199661209964375 0.023355437916059985 0.021827837023420726
0 0.6532667932357644 0.5016951502705709 0.006893053108700586 0.010090972850614333
0 0.6981023973881552 0.4979402600667812 0.009939015974406162 0.008121295452079846
1 0.4598830357452822 0.5121370765448651 0.009005902992554493 0.01021688932457332
0 0.3250989154536826 0.5185451913992101 0.010000701706188386 0.009200573279888213
1 0.3546782782962386 0.5167823926790793 0.010000701706188386 0.009200573279888213
0 0.47246745769201076 0.5097626804631898 0.013169857524991557 0.009389440898538992
0 0.49117022555619577 0.5124383330752491 0.012544802590594428 0.016881164619255706
0 0.146038219992433 0.5292164139831763 0.011180260097724326 0.011422072987909093
1 0.1690590640656462 0.5332590891124693 0.023417057349091497 0.022906992298107443
1 0.25214534021030105 0.5218100134113101 0.010000701706188386 0.009200573279888102
0 0.310868289369259 0.5199347470085461 0.011241879530755727 0.01250122826259581
0 0.07094104125453982 0.5320675117822591 0.011118633869430905 0.01034279870624466
0 0.10104861656805952 0.5302732339436386 0.012175058811357817 0.010405756943224098
0 0.11419200799404011 0.5284070589339386 0.010995381412844396 0.008184250142915461
0 0.2652887877421399 0.5199437753519774 0.011057007641137484 0.009263524424580005
0 0.13274076979098082 0.5283845222956927 0.012298304472682764 0.012564186499575358
1 0.7405830532621434 0.4807891762150987 0.009877393143743696 0.007042080673904216
0 0.7992443647145665 0.47783469592069516 0.009005873240810258 0.010216887551501352
1 0.2645801065025518 0.5075324781337687 0.008882653933598883 0.008058400264733145
0 0.4595176899905932 0.4964565071149175 0.010000701706188386 0.009200573279888158
1 0.5324096126515677 0.49211247209771386 0.010000642202699472 0.00920056973374439
0 0.47325091671819985 0.49563806776490343 0.012236681642020297 0.011484971721399728
1 0.6364347241526576 0.4853715936158225 0.009005843489065746 0.010216885778429441
0 0.6506961931029722 0.48452167337424684 0.010062268430992893 0.010279844015408934
0 0.7098857004516712 0.4815356850961451 0.012236681642020408 0.011484971721399784
0 0.8736592965399855 0.4723169792397362 0.012298330184121964 0.012564247332868206
1 0.02841191071056609 0.5205241371541174 0.00583662816677355 0.010028014613634895
0 0.0816987341890909 0.516265561941179 0.015344333637139052 0.010594631654162523
0 0.1620163536036523 0.5120204319734227 0.011180256700093372 0.01142201348442018
0 0.1751906159484531 0.5106938608066668 0.010062327934481557 0.010279847561552646
0 0.3120258986933092 0.5030805289910976 0.011180256700093372 0.01142201348442029
0 0.35521523920451614 0.4983408018611126 0.01142675481800498 0.015738991604100583
1 0.7297108894576949 0.4760225235237896 0.010370389379566802 0.015676036913264968
1 0.9050741496877527 0.4655716516663758 0.012483194635804162 0.015801950727615977
1 0.5594755950710002 0.4834604837581174 0.010185517489948559 0.012438333075249108
1 0.7395310611929544 0.4716470601803236 0.009005843489065746 0.010216885778429496
1 0.7979766710669252 0.4649152100418635 0.010062268430992671 0.010279844015408934
0 0.8740070256877895 0.45984266494596115 0.010000642202699472 0.009200569733744446
1 0.4961220868634322 0.4877775450813774 0.02341703099497794 0.0229070500285245
1 0.6714853694072982 0.47732667189415956 0.025529791623598697 0.023032961183267753
0 0.8559865192906136 0.45983369005436503 0.010000642202699472 0.00920056973374439
0 0.4587165694085653 0.482426298474212 0.010000701706188275 0.009200573279888213
0 0.6964385316946213 0.4688005982554502 0.012175058811357942 0.010405756943224043
0 0.26598421224569807 0.494995208484256 0.009190774882173014 0.013454593162589013
1 0.28841521931847 0.4979901182021187 0.02447336668167155 0.022970002946288315
1 0.3107273787544644 0.4896214366097141 0.007826228991671846 0.007995442027753707
1 0.323404240043633 0.4888659519505357 0.009939078875525864 0.008121358501712583
1 0.33977852912605705 0.48789011700807305 0.008882653933598994 0.00805840026473309
0 0.09848238810570115 0.5038946565699594 0.01024719982409994 0.013517551399568506
1 0.13781589673186057 0.5058822522268696 0.02341706074672234 0.022907051801596467
0 0.16071783366480746 0.49856133959203913 0.012175058811357942 0.010405756943223987
0 0.17442030678175624 0.49720325955504907 0.010000701706188275 0.009200573279888158
0 0.07033360220174845 0.502864921485693 0.011118633869430683 0.010342798706244605
0 0.08353867596188047 0.5020779577080248 0.010062327934481585 0.010279847561552757
0 0.11523082918480176 0.500189246060079 0.010062327934481571 0.010279847561552813
1 0.02811259260634874 0.49671773975540723 0.005713379107817995 0.007869525553794665
1 0.647632593336726 0.45871418073507325 0.008882594430109969 0.008058396718589322
0 0.7960267044740332 0.4493291068325936 0.010000642202699472 0.009200569733744501
0 0.8551854004074011 0.44580351116540395 0.010000642202699472 0.009200569733744446
0 0.8847647409361489 0.44404071377507714 0.010000642202699472 0.009200569733744501
0 0.7082834609864307 0.4534752975664784 0.010000642202699472 0.009200569733744335
0 0.7838472276658094 0.4495134761189859 0.011118663621175306 0.010342800479316572
0 0.8715288577808382 0.44428804019027895 0.009005865802874102 0.01021688710823343
0 0.5186279112539756 0.4642364529679036 0.013231483753284867 0.01046871518020348
0 0.6342734574034914 0.45680301831206893 0.007887851822334313 0.009074656805929227
0 0.1413680090905124 0.48455363429169135 0.013108234694329202 0.008310226120363362
1 0.44197693627026763 0.4677215937384715 0.010062327934481696 0.010279847561552757
0 0.605191525368312 0.45799472875155023 0.009005843489065635 0.010216885778429496
1 0.25806995043021086 0.4770572431719491 0.007887851822334424 0.009074656805929282
0 0.3246542853124922 0.473630585852095 0.010062327934481807 0.010279847561552757
0 0.619950363923699 0.4565736940237245 0.011180316203582286 0.011422017030563947
0 0.4281820255096942 0.46746079210470926 0.012421556929269384 0.01472273506290439
0 0.08360904722985696 0.4847470607867234 0.012298307870313607 0.012564246003064272
0 0.7248469970265378 0.44653212548816534 0.010432015607860112 0.016755311194929512
0 0.9017948649177416 0.43598681804835415 0.011488425673914948 0.016818268545372994
0 0.5451656812024446 0.4556159437467969 0.010370389379566802 0.015676036913264912
1 0.8188978729204501 0.441468554397323 0.023417001243233426 0.0229070482554527
0 0.8397486588783822 0.4353527983336919 0.01018551748994867 0.012438333075249053
0 0.8851124589270487 0.43156640014620395 0.010062268430992671 0.010279844015408879
0 0.7963128053733913 0.43577554823053244 0.010062268430992782 0.01027984401540899
1 0.4939300384506793 0.4586693606154641 0.02447339643341606 0.02297000471936017
0 0.5300370640196305 0.45056148331642965 0.010062268430992782 0.010279844015408934
0 0.6039854413742763 0.4461544882891746 0.010062268430992782 0.01027984401540899
1 0.6345903879916838 0.4437891257160485 0.010000642202699472 0.00920056973374439
0 0.7069541279334393 0.4394765680442627 0.008944217260772547 0.009137611496764897
0 0.8533278697593183 0.43183625987514207 0.01223671139376481 0.011484973494471584
0 0.8712867479080483 0.430765990458452 0.012236703955828654 0.011484973051203606
0 0.293838086564058 0.4630135331746185 0.008944276764261239 0.009137615042908775
1 0.35352496521664495 0.4594564601620111 0.007887851822334313 0.009074656805929338
0 0.3228584238215039 0.4607425764321452 0.012175058811357942 0.010405756943224098
0 0.339914987547994 0.4624333885718653 0.014596029643785702 0.015927866315038952
0 0.43160654519188535 0.45317875406222974 0.014164659636256127 0.008373184357342855
0 0.46969875358886876 0.4519915446146147 0.012175058811357942 0.010405756943224098
0 0.15958218044223715 0.4693901986622183 0.011118633869430905 0.010342798706244605
0 0.0834285767624171 0.4723042546982805 0.011057007641137595 0.00926352442458006
0 0.12941304010272858 0.4701052284247749 0.010062327934481571 0.010279847561552757
0 0.7051274235765599 0.4260489232565526 0.010995444313964042 0.00818431319254831
1 0.7938654526007394 0.4207605306423041 0.00888262418185437 0.008058398491661234
1 0.6754864362045259 0.42673247744676324 0.008882594430109969 0.008058396718589267
1 0.734086108251599 0.42269875350897557 0.009877393143743696 0.007042080673904272
0 0.8693367982111813 0.4151798563892677 0.010062268430992782 0.01027984401540899
0 0.280267667049237 0.44811992752233903 0.010995384810475128 0.008184309646404375
0 0.44037469510621174 0.4396611764570605 0.010062327934481585 0.010279847561552702
1 0.5010563444195033 0.4349619024506254 0.009005843489065746 0.010216885778429552
1 0.15918602327221693 0.45317002184318295 0.00993907887552592 0.008121358501712583
0 0.09996573256111563 0.4556163712073806 0.010062327934481585 0.010279847561552757
1 0.11369895928872231 0.45479793185736656 0.010062327934481585 0.010279847561552757
0 0.173447521974276 0.4523200998285354 0.013354732812240644 0.01262720424004371
0 0.32398522003140745 0.4433487212738644 0.010185576993437473 0.012438336621392931
0 0.3535645828739637 0.44158592255373363 0.010185576993437473 0.012438336621392931
1 0.5563327389711817 0.4284189234769599 0.010062268430992782 0.010279844015408934
0 0.2932570558056041 0.4435556227658229 0.012483179759932073 0.015801949841080076
1 0.3787642449780135 0.43737685678644894 0.01024719982409994 0.01351755139956845
1 0.8999769370511054 0.4041490300363506 0.008944232136644636 0.009137612383300853
1 0.20007769981462514 0.4453184740512529 0.01030882605239325 0.01459682568123305
1 0.3673946503661885 0.4331812923757893 0.00900590299255477 0.010216889324573264
0 0.794741377323482 0.4082547680899537 0.010123891261655249 0.011359058793584564
0 0.8094694193394101 0.40629412508650414 0.010000642202699472 0.00920056973374439
0 0.8221770937427251 0.40607827756815806 0.010062268430992893 0.010279844015408879
0 0.8685973038574466 0.40222892203022675 0.009939019372037006 0.00812135495556876
0 0.7059109123544934 0.41192430878519426 0.010062268430992782 0.01027984401540899
0 0.4406607530767685 0.42610765026635167 0.007887851822334313 0.009074656805929282
0 0.47089157744924387 0.4264718614875713 0.011303505759049037 0.013580502544260353
0 0.48409665120937595 0.42568489770990325 0.010247199824099829 0.013517551399568561
1 0.5218455207238295 0.42776690097053816 0.0223605763013065 0.02284409001847315
1 0.3222509252652237 0.4315399896817229 0.007826228991671957 0.007995442027753707
1 0.3381278727955045 0.431135237700694 0.007887851822334424 0.009074656805929338
0 0.42639931387819835 0.42695756873485535 0.009067525823217237 0.01129610410274895
0 0.49926046975145827 0.4220739236689561 0.011118663621175418 0.010342800479316572
0 0.4569734176297147 0.42405257079396885 0.013293106583947334 0.01154792995837911
1 0.13660095572515807 0.4474770156763923 0.02341706074672234 0.022907051801596412
1 0.15844652721966684 0.44021905773239756 0.007949478050627623 0.010153931087593826
1 0.2560055261444785 0.4409025067920097 0.023478683577384696 0.023986266579772042
0 0.27946654816602445 0.43408974863337796 0.011241882928386682 0.012501287766084723
0 0.31010227644701877 0.43226399522241155 0.015467582696094717 0.012753120714002697
0 0.11295946323617223 0.4418469677465811 0.010062327934481585 0.010279847561552757
1 0.06902622525023688 0.4428408330162078 0.00894427676426146 0.00913761504290872
0 0.09969276494656226 0.4415546869943291 0.011118633869431016 0.010342798706244605
0 0.6321385813273588 0.3730040395410359 0.010995444313964042 0.008184313192548254
0 0.5227698115412048 0.37898048911043325 0.01211343258306452 0.009326482661559554
1 0.33671925365719624 0.38790244230956616 0.00987745264723272 0.007042084220048095
0 0.6716921483265326 0.36956390545118345 0.010062268430992782 0.010279844015408934
1 0.775219843896118 0.3633941143634055 0.007949448298883222 0.010153929314521914
0 0.8047991918628019 0.36163131652981073 0.007949448298883222 0.01015392931452197
0 0.8185324632180251 0.36081287452018884 0.010062268430992782 0.01027984401540899
0 0.46771350681310037 0.3800957663160086 0.010000701706188386 0.009200573279888158
0 0.6589844756220329 0.369779782721274 0.010123891261655249 0.011359058793584509
0 0.3493653018322181 0.3866073205095556 0.010062327934481474 0.010279847561552757
0 0.4539802205820049 0.38091420921216645 0.012236681642020186 0.011484971721399728
0 0.10154585657884424 0.3997518688112709 0.013169857524991557 0.009389440898539048
0 0.2478579738752455 0.3910323161122301 0.010000701706188386 0.009200573279888269
0 0.319724314460184 0.3872908746997663 0.010062327934481752 0.010279847561552813
0 0.5986461354395267 0.371209845792531 0.010123891261655138 0.011359058793584564
0 0.43804170632691974 0.38023968336538705 0.012298307870313607 0.012564246003064217
0 0.5103746629062729 0.37538748677969713 0.009067466319728101 0.011296100556605071
0 0.2615296355768632 0.3891346286861522 0.010123950765144163 0.011359062339728387
1 0.11350963180861556 0.39579012968082194 0.007887851822334313 0.009074656805929282
0 0.17372472293216584 0.3922015775497248 0.01024719982409994 0.013517551399568561
1 0.8404088478266806 0.35409455371702636 0.023355375014940227 0.0218277739737881
1 0.02660714143623183 0.39609599056059897 0.005836628166773772 0.010028014613634895
1 0.3762772518302927 0.3752572041962148 0.010062327934481807 0.010279847561552757
1 0.6935069084057099 0.3617663401181008 0.02335537501494034 0.021827773973788045
0 0.7755367579096226 0.35038019290217665 0.009939019372037006 0.00812135495556876
1 0.48955906343173694 0.3728378092585498 0.02335540476668463 0.021827775746860012
0 0.4532099114153082 0.3674236079605488 0.009939078875525975 0.008121358501712583
0 0.46588677270447665 0.3666681233013704 0.009939078875525864 0.008121358501712583
1 0.5118404246294569 0.36392948963877697 0.00888259443011008 0.008058396718589322
0 0.5256353056382859 0.3641902930456111 0.011118693372919708 0.010342802252388428
1 0.6000502411826729 0.3586725761430183 0.009939019372037006 0.008121354955568816
0 0.6133477525864295 0.3595044940361025 0.009067466319728212 0.011296100556605071
1 0.8061108765370112 0.34747519407475413 0.012175088563102454 0.010405758716295954
1 0.28343683329966524 0.3829559450238219 0.02335543451842914 0.021827777519931868
1 0.3200720564637077 0.3748165894928337 0.007887851822334313 0.009074656805929282
0 0.4252151859856425 0.3690919693252103 0.013354732812240866 0.01262720424004371
0 0.15688824902924997 0.38508306364191464 0.00925240111046613 0.014533867444253556
0 0.3067437336446199 0.3734450642106616 0.011057007641137484 0.009263524424580005
1 0.0751709252937206 0.3926603610087567 0.02341706074672234 0.022907051801596467
0 0.09710893443185398 0.3870212847355142 0.012359930700976296 0.013643460781239847
0 0.1123343609287265 0.38448952635927863 0.00900590299255466 0.01021688932457332
1 0.14132388677084134 0.3816789622277175 0.009939078875525947 0.008121358501712583
0 0.24808246681981327 0.37639954184545726 0.01217505881135783 0.010405756943224098
0 0.12808800159537803 0.3819263186162978 0.011057007641137595 0.00926352442458006
1 0.45349602888935386 0.3538700782236961 0.010000701706188386 0.009200573279888158
0 0.5982235385246091 0.3452449611070526 0.010000642202699361 0.009200569733744335
1 0.6109003998137775 0.34448947644787425 0.010000642202699472 0.00920056973374439
0 0.8021097292173598 0.3330942492097555 0.007887822070589912 0.00907465503285737
0 0.8158738136867298 0.3328154443409659 0.012175088563102121 0.010405758716295954
0 0.8608018372092421 0.3306793771909757 0.009067496071472725 0.011296102329676927
0 0.4946650000891326 0.3508751168270701 0.010062298182737184 0.010279845788480846
0 0.6700282826329987 0.34042424363985235 0.01229830787031383 0.012564246003064217
1 0.10994866243729695 0.37055375152789854 0.009939078875525795 0.008121358501712583
1 0.1717483909737379 0.3668707620413322 0.008882653933598772 0.008058400264733034
1 0.24728134623778536 0.36236933320475184 0.00993907887552592 0.008121358501712528
1 0.27633249660937803 0.36063801360311076 0.008882653933598772 0.00805840026473309
1 0.0982666015605776 0.37016703342017737 0.009939078875525933 0.008121358501712583
1 0.15795348021316447 0.3666099604075699 0.008882653933598883 0.008058400264733145
0 0.33496295032003787 0.35714389882748276 0.010062327934481807 0.010279847561552757
0 0.3492244490220969 0.35629397681283526 0.011241882928386682 0.012501287766084723
0 0.26095294843591416 0.3604716493248177 0.010185576993437473 0.012438336621392987
1 0.8941754388579277 0.3211100391327022 0.011180301327710085 0.011422016144028102
0 0.14198415454274804 0.3653958271717027 0.01124188292838671 0.012501287766084723
1 0.7283506434480136 0.33153390444155206 0.009375590665933076 0.016692352957949963
1 0.7801144837948701 0.32844900934093113 0.022298979824757592 0.021764817509880574
1 0.8014318576942877 0.3212225296288901 0.0078878220705898 0.009074655032857482
1 0.8162215391155658 0.3203411302688247 0.007887822070590023 0.009074655032857482
0 0.8442162645452314 0.3186727689041632 0.011057037392882108 0.009263526197652028
1 0.10420447191414783 0.36277418677023543 0.01223668164202052 0.011484971721399673
1 0.43743866869630676 0.3418319908183939 0.0068314268804074985 0.009011698568949789
0 0.6551197552737587 0.3299420814413949 0.011180316203582286 0.011422017030564058
1 0.1881270236736669 0.3566898581463307 0.009067525823217015 0.011296104102749005
0 0.4496181306286584 0.3416476224185375 0.008072727109583455 0.012312420147433945
0 0.4949511026873061 0.3373215879767534 0.007887851822334313 0.009074656805929338
1 0.5169771760998148 0.34250646409987395 0.0223605763013065 0.02284409001847315
0 0.5974532310567278 0.3317543896071793 0.010062268430992671 0.01027984401540899
0 0.6122737238933371 0.3314125976362018 0.010123891261655249 0.011359058793584675
1 0.3114447085888233 0.3536723697092562 0.02341706074672245 0.022907051801596412
0 0.33481329296674456 0.3452407298798722 0.01111863386943096 0.01034279870624455
1 0.09746548097854962 0.35613682477947184 0.00993907887552592 0.008121358501712639
0 0.1556601598618706 0.354293070793086 0.010123950765143941 0.011359062339728276
0 0.1714754250579999 0.35280910758002515 0.010062327934481724 0.010279847561552702
1 0.24694681359724308 0.34722840091563645 0.008882653933598772 0.008058400264733145
0 0.12654738496079998 0.35494514586480685 0.011180256700093372 0.011422013484420235
0 0.7841948383762299 0.3070889105141913 0.011057037392881996 0.009263526197651917
1 0.4814423391525228 0.3235072548330665 0.00993907887552592 0.008121358501712583
0 0.4211656234994945 0.3260165624342436 0.01006232793448164 0.010279847561552813
0 0.4507449268385618 0.3242537672602566 0.012175058811358053 0.010405756943224098
0 0.6393440796820189 0.3135555385709946 0.011180316203582286 0.011422017030564058
1 0.30486858436949954 0.3313229591700554 0.010000701706188386 0.009200573279888158
1 0.31807365812963156 0.33053599539238726 0.008944276764261239 0.009137615042908664
1 0.4353654381685869 0.32408739943581977 0.00900590299255477 0.010216889324573264
0 0.46444739995551065 0.32289568722326656 0.012236681642020297 0.011484971721399673
0 0.24512008118743472 0.3338007876527427 0.011180256700093483 0.011422013484420235
0 0.25832515494756675 0.3330138238750746 0.012236681642020408 0.011484971721399673
1 0.09604371198074912 0.34051924333824823 0.00894427676426135 0.00913761504290872
0 0.1098077518225023 0.34024044112906643 0.013354732812240644 0.01262720424004371
0 0.2873146807896815 0.33020325974351356 0.01565245458571307 0.01599082455201839
0 0.08165896421973429 0.33921067629305557 0.012359930700976074 0.013643460781239902
1 0.5490874408954207 0.3108125405719497 0.011241942431875374 0.012501291312228546
0 0.8914859836504219 0.29257297136937893 0.009375605541805387 0.016692353844485974
0 0.7993630451634338 0.29427286486109744 0.011180286451837773 0.011422015257492202
1 0.6627742605364892 0.30620317479634696 0.025468165395305165 0.021953686901603264
1 0.18556085471479739 0.33031127722650766 0.009252401110466102 0.014533867444253612
0 0.4500362439001585 0.3118424402903035 0.010000701706188275 0.009200573279888158
0 0.47964641815804576 0.3106192489592605 0.010062327934481585 0.010279847561552702
0 0.4933796746373968 0.30980080783617464 0.007949478050627623 0.01015393108759377
0 0.5958201784773406 0.3031543649366805 0.010000642202699472 0.00920056973374439
0 0.6090252522374726 0.3023674011590125 0.011057067144626398 0.009263527970723773
0 0.6249021402642645 0.30196265272412737 0.009005843489065857 0.010216885778429441
0 0.6956812725448738 0.2977445306347388 0.009005843489065746 0.010216885778429441
1 0.43409772964507326 0.3111679144435241 0.00993907887552592 0.008121358501712583
0 0.30307266507383784 0.31843498304799384 0.007887851822334313 0.009074656805929338
1 0.34041663067977257 0.3227069509408149 0.023417060746722618 0.022907051801596412
0 0.42089265588494124 0.31195487822119217 0.011118633869431016 0.010342798706244605
1 0.16443271289719052 0.33157042068923415 0.02441174045337835 0.021890728664623715
0 0.2744881009449154 0.31905554924948065 0.010000701706188275 0.009200573279888213
1 0.3173033506617502 0.31704542389251406 0.00900590299255466 0.010216889324573208
0 0.12547335626770767 0.3268532494649062 0.007887851822334313 0.009074656805929338
0 0.24543701007681162 0.3207868653049778 0.011180256700093372 0.011422013484420235
0 0.2580522468365024 0.31895213611587936 0.011057007641137595 0.00926352442458006
0 0.28654437332180027 0.3167126882436403 0.010995384810475073 0.008184309646404486
0 0.06625306555660643 0.32929959882910376 0.010000701706188386 0.009200573279888158
1 0.09688879383760057 0.32747384541813734 0.010000701706188386 0.009200573279888213
0 0.11003224306825471 0.3256076371105492 0.011057007641137498 0.00926352442458006
0 0.8111463482269499 0.27786828989046125 0.011118663621175418 0.010342800479316572
0 0.4618811714931523 0.29651710984958735 0.012051809752402165 0.008247267883383869
1 0.6240393951527585 0.28685319955350175 0.008882594430110191 0.008058396718589267
0 0.7815361888449346 0.2790914803349682 0.013293106583947334 0.011547929958379222
1 0.4332966090630453 0.2971377058028186 0.00993907887552592 0.008121358501712639
0 0.49090152532528586 0.2942461819723226 0.011057037392881996 0.009263526197651917
1 0.8606741379775813 0.27275081932271716 0.01758035076265152 0.012879032312013872
1 0.244076865608489 0.3062485283936742 0.00993907887552592 0.008121358501712694
0 0.25784090545024235 0.3059697261844925 0.010000701706188386 0.009200573279888213
0 0.15633357749326965 0.310394721787167 0.00993907887552592 0.008121358501712639
1 0.30217910684818533 0.302785892736536 0.007949478050627623 0.010153931087593826
0 0.33175846969074146 0.30102309401640526 0.007949478050627845 0.01015393108759377
0 0.637649402573154 0.28387626937057564 0.011241942431875485 0.01250129131222849
0 0.31588158166394953 0.30142784245129034 0.012236681642020353 0.011484971721399728
0 0.09658507431120489 0.31287255026985433 0.011118633869430905 0.01034279870624466
1 0.37168621673952085 0.2948533528343188 0.010000701706188386 0.009200573279888158
0 0.17096922649318974 0.30681519445335725 0.01024719982409994 0.013517551399568506
0 0.7823813004535307 0.2660460806417855 0.007887822070589912 0.00907465503285737
1 0.5353365526119751 0.28347615858297176 0.010432015607860112 0.016755311194929456
0 0.6661459321794455 0.27243174899965394 0.010062268430992782 0.010279844015408934
0 0.7675300093786469 0.26584823458539486 0.010000642202699472 0.009200569733744446
0 0.8394579893689356 0.2631860368163152 0.010185517489948559 0.012438333075249108
1 0.37240364811523813 0.2888545681047949 0.010062327934481696 0.010279847561552757
1 0.4336443510665689 0.28466342059588595 0.007887851822334313 0.009074656805929227
1 0.5137418823563716 0.2858460221479642 0.02229895007301308 0.021764815736808607
1 0.6009261151347363 0.28119167250520083 0.023417001243233426 0.022907048255452644
0 0.6222742872724283 0.27450483082052807 0.011180316203582286 0.011422017030564002
1 0.6359459489740459 0.2726071433944502 0.008944217260772325 0.009137611496764952
0 0.4473468241835178 0.2833053405588959 0.010062327934481585 0.010279847561552702
0 0.6528176076615424 0.2710601939657374 0.011118693372919819 0.010342802252388372
1 0.2801530648862367 0.29760104459208786 0.022299009576502105 0.021764819282952486
0 0.48851579708211196 0.2803104089140144 0.014349501774129858 0.011610886422286693
0 0.33257279963575065 0.2874380851610628 0.011057007641137484 0.009263524424580116
1 0.13272295762191938 0.3053043074520443 0.023478683577384918 0.023986266579772042
1 0.15609148249635185 0.296872671168804 0.011057007641137595 0.00926352442458006
1 0.24433211046489905 0.292155365062133 0.010062327934481724 0.010279847561552813
0 0.30460882611792744 0.289646057460956 0.014411157754167792 0.012690162477023148
0 0.7683443095719117 0.25226322750312435 0.011118663621175306 0.010342800479316516
0 0.8259183829682613 0.24883206830486793 0.012175088563102232 0.010405758716295926
0 0.5073197905584059 0.2661947395825076 0.011057067144626509 0.009263527970723884
0 0.6927497000266418 0.2556854135828565 0.010062268430992782 0.010279844015408934
1 0.5933551922017789 0.259984494484644 0.010000642202699472 0.009200569733744335
0 0.6345549913915765 0.2575291693423143 0.010000642202699361 0.00920056973374439
0 0.4195457207795998 0.2698013238138407 0.011118633869430794 0.010342798706244605
1 0.43268917001025387 0.2679351155062525 0.007826228991671957 0.007995442027753652
0 0.6060012420756161 0.25868940243637784 0.010062268430992782 0.01027984401540899
0 0.6213191062161132 0.2577765257308946 0.009005843489065746 0.010216885778429496
0 0.34447935345703795 0.2731920290020112 0.011118633869430905 0.01034279870624455
0 0.8400257897454734 0.24528402186261988 0.009190745130428501 0.013454591389517129
0 0.09712643664166076 0.28522585720146043 0.011057007641137595 0.00926352442458006
1 0.16949023608690506 0.2809132959835309 0.007887851822334424 0.009074656805929282
0 0.2429412123859187 0.27707738746385346 0.00900590299255466 0.010216889324573264
0 0.256705252227672 0.2767985852546717 0.011180256700093483 0.011422013484420235
1 0.3700531641601336 0.26625332816381997 0.010062327934481696 0.010279847561552702
1 0.5458213357366463 0.25361249123095203 0.011241942431875485 0.012501291312228546
0 0.7945431437588446 0.23770685849158493 0.007949448298883222 0.010153929314521914
1 0.6574569580762679 0.250208254934412 0.025468165395305165 0.02195368690160321
0 0.6793333426849233 0.24348993413124945 0.010062268430992893 0.010279844015408934
0 0.8082456032740328 0.2363488016549391 0.012236712243172465 0.01148498837034384
0 0.8251172623862333 0.23480185966416245 0.010062268430992782 0.010279844015408907
1 0.45403734044913047 0.26124824406983527 0.02229900957650205 0.021764819282952486
0 0.5915593009590463 0.2470964868377661 0.007887851822334313 0.009074656805929282
0 0.634871890529209 0.24451524876762132 0.007887851822334202 0.00907465680592931
0 0.691948579444614 0.24165520494215104 0.010062268430992782 0.010279844015408907
1 0.3081301865647369 0.2677778285905461 0.022299009576502105 0.02176481928295243
0 0.4869443690322027 0.25278962877343564 0.014411128002423168 0.012690160703951237
1 0.025141249694056345 0.2776037296174653 0.005898251846843894 0.011107244267682725
1 0.13264366983778714 0.27607021183138775 0.02441174045337824 0.021890728664623715
0 0.27237085837169267 0.26341142334225587 0.010185576993437473 0.012438336621392876
0 0.24577583641358736 0.2617476024319596 0.012051808053586743 0.008247238131639467
1 0.0656279632491607 0.2719421574418013 0.011057007641137706 0.009263524424580116
1 0.07883303700929262 0.2711551936641332 0.010000701706188386 0.009200573279888213
1 0.8580286746460513 0.2171381581013779 0.01211345659568841 0.009326513743107945
1 0.6532753402891767 0.22338450398097032 0.011365191490831261 0.014659780372068748
1 0.24534886697882813 0.24498780334796413 0.007077926697134473 0.013328706440374594
1 0.06924176049018699 0.2516927953662716 0.00819597616853919 0.014470909207274146
1 0.4541913518515535 0.1989712291850407 0.011990183524108855 0.00716799360171938
1 0.7938256186836468 0.1787305345469941 0.013169857524991557 0.009389440898539048
0 0.64114424360205 0.1872882081972 0.01006226843099256 0.01027984401540899
1 0.31089438855374973 0.20480379939448667 0.013108232995513891 0.008310196368618905
1 0.620949307419159 0.1863259025900349 0.009939017673221584 0.008121325203824303
1 0.023987935340350985 0.22027777478658866 0.005898252696251553 0.011107259143554954
1 0.28224820159416475 0.2043451508177978 0.00900590299255466 0.010216889324573292
1 0.7793792761448985 0.1763427211988095 0.012359962151536119 0.013643492306056243
1 0.6340311321203351 0.18338044975252665 0.01347798187119642 0.014785693299883829
1 0.07447969464385246 0.21347848029515498 0.010062327934481682 0.01027984756155273
1 0.6021541053089803 0.1820314278107123 0.011118693372919819 0.010342802252388372
1 0.5922106836653571 0.18424838721846593 0.008257600698017065 0.015550153737194233
1 0.12618193936356797 0.2093143240156698 0.010185576993437473 0.012438336621392904
1 0.9761655141283102 0.13266902144927345 0.008072707585001115 0.012312418983855516
1 0.2569120319963139 0.16903583368756775 0.01087213405270393 0.0060257908348198275
1 0.8196722735500708 0.12087841102081148 0.005775031690224863 0.008948742105042248
1 0.8761899517562377 0.11751020828646269 0.008944232136644636 0.009137612383300894
1 0.8344311278307376 0.11945739028232204 0.010185517489948559 0.012438333075249136
1 0.8444053617390996 0.11778005313952844 0.006893053108700586 0.010090972850614346
1 0.7919592475975847 0.11819831603383893 0.008134321887316776 0.013391662904282162
1 0.18747981465151886 0.15043238220164112 0.007826227292856425 0.007995412276009195
0 0.809266681961828 0.11500102069175633 0.011180288150653306 0.011422045009236562
1 0.29458167407953195 0.1418837526572747 0.006769802350929499 0.007932454039029757
1 0.7979587426929848 0.11188471763278515 0.00807269693313517 0.012312410936425947
1 0.8353070527658322 0.10695163144893963 0.01739546931157787 0.009641290841049505
1 0.14019242740196114 0.14837737371657367 0.013539606400674309 0.015864937829803943
1 0.26836080305634336 0.1374903375847204 0.007887852247038252 0.00907466424386541
1 0.15632021730471413 0.14308454205959037 0.007887852247038252 0.00907466424386541
1 0.1779457593285454 0.14125429721341415 0.006769802775633299 0.007932461476965857
1 0.18639698035349478 0.14075064195600984 0.006769802775633216 0.00793246147696583
0 0.8898395698207195 0.09666274837646321 0.015221039101158795 0.00843612505884224
1 0.02191030999974325 0.14676310383315033 0.00589825184684389 0.011107244267682753
1 0.687291465932691 0.10440204046355056 0.005713378258410118 0.007869510677922492
0 0.6770399513934229 0.10122277544863187 0.010933818935078499 0.007105053786755938
1 0.32404653417692697 0.1195523159881462 0.008882653084191172 0.00805838538886089
1 0.16070872577167117 0.1271206901421554 0.007702979083308525 0.005836938092041291
1 0.751736585565582 0.09135658731853265 0.011057038242289763 0.0092635410735242
1 0.8504180362333846 0.08385123529653056 0.009815769463673463 0.0059628510198563855
1 0.1696265343134023 0.12550630379840516 0.00689305225929282 0.010090957974742132
0 0.142564925263219 0.1249532214123909 0.01205180890299451 0.008247253007511654
1 0.9189303089472941 0.07706090781548885 0.005775025101696363 0.008948756537646527
1 0.7998998533349696 0.08090584334879364 0.010933789183334097 0.0071050520136840545
1 0.518926897105892 0.09819204281656443 0.013231482903877101 0.010468700304331308
1 0.5791419882294424 0.09460349068546725 0.009005842639657868 0.010216870902557254
1 0.850514864991691 0.07626503025763001 0.010872172091792143 0.0060258079270319315
1 0.02161093366614847 0.12295673229439236 0.005898251846843894 0.011107244267682781
1 0.30985546624633337 0.10307133753534853 0.007949477201219968 0.010153916211721584
1 0.239978667407508 0.10452838439809314 0.009877453496640265 0.007042099095920282
1 0.29857836835691787 0.10049464381136133 0.010872134902111696 0.00602580571069207
0 0.2532145538570828 0.10428105032332122 0.013231482903877101 0.01046870030433128
1 0.1765635486969266 0.10776618542902486 0.012175057961950203 0.010405742067351856
0 0.21813749903399293 0.10258126984340529 0.013046609315443547 0.0072309667145710604
1 0.09130726118812621 0.1090568644673326 0.006831427729815043 0.009011713444822045
1 0.25250587049397555 0.09186971591543194 0.006954676788770708 0.011170202504662205
1 0.26030568906779067 0.08923903973259731 0.007887852671741968 0.00907467168180151
1 0.21273664696866984 0.0915324849395561 0.007949477201219968 0.010153916211721584
1 0.9102457448176737 0.04563236323292161 0.01111867392867183 0.01034278626834624
1 0.2060636840020711 0.07676930055848202 0.006893052471644845 0.010090961693710182
0 0.22560712890329854 0.07560459799736857 0.010062327297425955 0.010279836404648579
1 0.16526878840226444 0.07703465549017349 0.007949477201220079 0.010153916211721584
0 0.796717393073417 0.043734795616085315 0.011734909128306104 0.021135249497485374
1 0.9659050731104379 0.017949639033056984 0.01105704800458085 0.009263541655313413
0 0.15449349384006722 0.06468178788405388 0.010995383961067334 0.008184294770532216
1 0.24316989833476887 0.05831415073988534 0.008882653084191228 0.00805838538886089
1 0.2590775994757074 0.05844903944583249 0.009005902143147004 0.010216874448701063
1 0.38264618478036133 0.050543441753883506 0.008944277613669116 0.00913762991878097
0 0.06519644008018532 0.06946203735183204 0.008011101730697856 0.01123316074164167
1 0.14178582028615988 0.0648976502782722 0.006954676788770819 0.011170202504662226
1 0.2419946272425279 0.047013543699373946 0.005775002787888117 0.00894875520784258
1 0.34651710813633824 0.03970154701226441 0.007887852671741968 0.00907467168180151
0 0.21543041808004143 0.045889354351457814 0.010062327297425955 0.010279836404648572
1 0.8997344737801416 0.002418431359483391 0.009939018310277326 0.004836862718966782
1 0.8329652658403066 0.002782709935462416 0.010000643052107239 0.005565419870924832
1 0.8124578031458005 0.005570773115829934 0.011365161526734946 0.011141546231659869
1 0.2209369161963865 0.030941786694655193 0.005898252059195808 0.011107247986650803
1 0.12048601387148478 0.035303836146996385 0.007949477307395938 0.010153918071205626
1 0.18707034795744626 0.03187716488101208 0.00801110194304977 0.011233164460609731
0 0.35600274802737525 0.0201851653258133 0.009939077919942307 0.00812134176635633
