1 0.6301587301587301 0.9967567567567568 0.01164021164021164 0.006486486486486486
1 0.7777777777777778 0.9962162162162163 0.014814814814814815 0.0075675675675675675
1 0.7470899470899471 0.9956756756756757 0.008465608465608466 0.008648648648648649
1 0.9063492063492063 0.994054054054054 0.01164021164021164 0.0075675675675675675
1 0.8777777777777778 0.9951351351351352 0.01164021164021164 0.00972972972972973
1 0.5195767195767196 0.9935135135135135 0.008465608465608466 0.006486486486486486
1 0.37936507936507935 0.9951351351351352 0.015873015873015872 0.00972972972972973
1 0.9947089947089947 0.9891891891891892 0.010582010582010581 0.006486486486486486
1 0.8878306878306879 0.9897297297297297 0.008465608465608466 0.0075675675675675675
1 0.46825396825396826 0.9913513513513513 0.009523809523809525 0.010810810810810811
1 0.7037037037037037 0.9886486486486487 0.010582010582010581 0.0075675675675675675
1 0.6111111111111112 0.9881081081081081 0.009523809523809525 0.006486486486486486
1 0.5047619047619047 0.9881081081081081 0.008465608465608466 0.006486486486486486
1 0.4582010582010582 0.9886486486486487 0.010582010582010581 0.0075675675675675675
1 0.16507936507936508 0.9637837837837838 0.010582010582010581 0.005405405405405406
1 0.34285714285714286 0.9627027027027028 0.010582010582010581 0.005405405405405406
0 0.6656084656084656 0.9616216216216216 0.010582010582010581 0.005405405405405406
1 0.6370370370370371 0.9616216216216216 0.010582010582010581 0.005405405405405406
1 0.46296296296296297 0.9616216216216216 0.009523809523809525 0.005405405405405406
1 0.5645502645502646 0.9594594594594594 0.013756613756613757 0.0075675675675675675
1 0.013756613756613757 0.9378378378378378 0.010582010582010581 0.011891891891891892
1 0.1693121693121693 0.9259459459459459 0.008465608465608466 0.0075675675675675675
0 0.15608465608465608 0.9243243243243243 0.009523809523809525 0.008648648648648649
0 0.573015873015873 0.9237837837837838 0.01164021164021164 0.00972972972972973
0 0.3253968253968254 0.9232432432432433 0.009523809523809525 0.008648648648648649
0 0.18783068783068782 0.9237837837837838 0.01164021164021164 0.00972972972972973
0 0.3878306878306878 0.9227027027027027 0.009523809523809525 0.00972972972972973
0 0.37407407407407406 0.9232432432432433 0.009523809523809525 0.010810810810810811
0 0.2931216931216931 0.9232432432432433 0.012698412698412698 0.010810810810810811
0 0.2804232804232804 0.9227027027027027 0.008465608465608466 0.00972972972972973
0 0.20317460317460317 0.9227027027027027 0.006349206349206349 0.00972972972972973
0 0.9354497354497354 0.9221621621621622 0.010582010582010581 0.010810810810810811
0 0.8714285714285714 0.9221621621621622 0.01164021164021164 0.010810810810810811
0 0.8539682539682539 0.9221621621621622 0.010582010582010581 0.010810810810810811
0 0.8402116402116402 0.9227027027027027 0.012698412698412698 0.011891891891891892
0 0.7587301587301587 0.9227027027027027 0.012698412698412698 0.011891891891891892
0 0.7455026455026456 0.9216216216216216 0.009523809523809525 0.00972972972972973
1 0.061375661375661375 0.9221621621621622 0.010582010582010581 0.010810810810810811
0 0.8857142857142857 0.9221621621621622 0.012698412698412698 0.012972972972972972
1 0.5582010582010583 0.9210810810810811 0.009523809523809525 0.010810810810810811
1 0.43703703703703706 0.9151351351351351 0.008465608465608466 0.00972972972972973
1 0.24656084656084656 0.9167567567567567 0.010582010582010581 0.012972972972972972
1 0.8111111111111111 0.9113513513513514 0.009523809523809525 0.006486486486486486
1 0.6370370370370371 0.9108108108108108 0.010582010582010581 0.005405405405405406
1 0.8232804232804233 0.9151351351351351 0.010582010582010581 0.016216216216216217
1 0.7994708994708994 0.9124324324324324 0.005291005291005291 0.010810810810810811
0 0.328042328042328 0.9102702702702703 0.008465608465608466 0.010810810810810811
1 0.15767195767195769 0.9086486486486487 0.008465608465608466 0.0075675675675675675
0 0.09417989417989418 0.9097297297297298 0.008465608465608466 0.00972972972972973
1 0.91005291005291 0.9156756756756756 0.02328042328042328 0.023783783783783784
0 0.7444444444444445 0.9081081081081082 0.009523809523809525 0.008648648648648649
0 0.28095238095238095 0.9091891891891892 0.009523809523809525 0.010810810810810811
0 0.10899470899470899 0.9091891891891892 0.010582010582010581 0.010810810810810811
0 0.8846560846560847 0.9075675675675675 0.010582010582010581 0.00972972972972973
1 0.8714285714285714 0.9075675675675675 0.009523809523809525 0.00972972972972973
0 0.8544973544973545 0.9086486486486487 0.01164021164021164 0.011891891891891892
1 0.7285714285714285 0.907027027027027 0.009523809523809525 0.008648648648648649
0 0.5423280423280423 0.9081081081081082 0.009523809523809525 0.010810810810810811
0 0.5116402116402117 0.9086486486486487 0.01164021164021164 0.011891891891891892
1 0.3502645502645503 0.9151351351351351 0.02328042328042328 0.024864864864864864
0 0.2947089947089947 0.9081081081081082 0.009523809523809525 0.010810810810810811
1 0.16825396825396827 0.9064864864864864 0.010582010582010581 0.0075675675675675675
0 0.9343915343915344 0.907027027027027 0.010582010582010581 0.010810810810810811
0 0.8412698412698413 0.907027027027027 0.012698412698412698 0.010810810810810811
1 0.7142857142857143 0.9064864864864864 0.008465608465608466 0.00972972972972973
0 0.5740740740740741 0.9081081081081082 0.01164021164021164 0.012972972972972972
0 0.5280423280423281 0.9064864864864864 0.010582010582010581 0.00972972972972973
0 0.38677248677248677 0.9075675675675675 0.013756613756613757 0.011891891891891892
0 0.47724867724867726 0.8935135135135135 0.010582010582010581 0.0075675675675675675
1 0.09682539682539683 0.894054054054054 0.009523809523809525 0.008648648648648649
0 0.34444444444444444 0.892972972972973 0.01164021164021164 0.008648648648648649
0 0.6656084656084656 0.8913513513513514 0.008465608465608466 0.0075675675675675675
1 0.5417989417989418 0.8913513513513514 0.008465608465608466 0.0075675675675675675
1 0.4380952380952381 0.892972972972973 0.010582010582010581 0.010810810810810811
0 0.3253968253968254 0.8924324324324324 0.01164021164021164 0.00972972972972973
1 0.11058201058201059 0.8924324324324324 0.007407407407407408 0.00972972972972973
1 0.9158730158730158 0.8913513513513514 0.009523809523809525 0.00972972972972973
1 0.6523809523809524 0.8913513513513514 0.009523809523809525 0.00972972972972973
1 0.31164021164021166 0.8913513513513514 0.007407407407407408 0.00972972972972973
0 0.282010582010582 0.8913513513513514 0.009523809523809525 0.00972972972972973
0 0.14074074074074075 0.8924324324324324 0.012698412698412698 0.011891891891891892
0 0.9481481481481482 0.8908108108108108 0.010582010582010581 0.010810810810810811
0 0.5735449735449736 0.8908108108108108 0.010582010582010581 0.010810810810810811
0 0.3582010582010582 0.8902702702702703 0.007407407407407408 0.00972972972972973
1 0.24761904761904763 0.8913513513513514 0.010582010582010581 0.011891891891891892
0 0.8391534391534392 0.8902702702702703 0.010582010582010581 0.011891891891891892
0 0.7587301587301587 0.8902702702702703 0.010582010582010581 0.011891891891891892
0 0.7444444444444445 0.8897297297297297 0.01164021164021164 0.010810810810810811
0 0.6973544973544974 0.8897297297297297 0.010582010582010581 0.010810810810810811
0 0.5592592592592592 0.8897297297297297 0.009523809523809525 0.010810810810810811
0 0.46613756613756613 0.8902702702702703 0.009523809523809525 0.011891891891891892
0 0.9328042328042329 0.8891891891891892 0.01164021164021164 0.011891891891891892
0 0.9010582010582011 0.8886486486486487 0.01164021164021164 0.012972972972972972
1 0.6343915343915344 0.8875675675675676 0.009523809523809525 0.010810810810810811
1 0.43915343915343913 0.8843243243243243 0.008465608465608466 0.008648648648648649
1 0.2597883597883598 0.8854054054054054 0.009523809523809525 0.010810810810810811
1 0.7264550264550265 0.8821621621621621 0.01164021164021164 0.010810810810810811
1 0.6349206349206349 0.8783783783783784 0.010582010582010581 0.005405405405405406
0 0.6238095238095238 0.8827027027027027 0.009523809523809525 0.016216216216216217
0 0.1259259259259259 0.8816216216216216 0.010582010582010581 0.016216216216216217
0 0.11164021164021164 0.8794594594594595 0.009523809523809525 0.011891891891891892
1 0.2962962962962963 0.8767567567567568 0.008465608465608466 0.008648648648648649
0 0.09576719576719576 0.8783783783783784 0.009523809523809525 0.011891891891891892
1 0.9010582010582011 0.8751351351351352 0.007407407407407408 0.0075675675675675675
0 0.5428571428571428 0.8767567567567568 0.008465608465608466 0.010810810810810811
1 0.5037037037037037 0.8832432432432432 0.02328042328042328 0.023783783783783784
1 0.4804232804232804 0.8756756756756757 0.008465608465608466 0.008648648648648649
0 0.3433862433862434 0.8778378378378379 0.01164021164021164 0.012972972972972972
0 0.9465608465608466 0.8762162162162163 0.013756613756613757 0.011891891891891892
0 0.9322751322751323 0.8756756756756757 0.010582010582010581 0.010810810810810811
0 0.744973544973545 0.8745945945945945 0.010582010582010581 0.008648648648648649
0 0.6973544973544974 0.8762162162162163 0.010582010582010581 0.011891891891891892
1 0.573015873015873 0.8751351351351352 0.009523809523809525 0.00972972972972973
1 0.5592592592592592 0.874054054054054 0.009523809523809525 0.0075675675675675675
0 0.4666666666666667 0.8762162162162163 0.010582010582010581 0.011891891891891892
0 0.35714285714285715 0.8756756756756757 0.01164021164021164 0.010810810810810811
0 0.28359788359788357 0.874054054054054 0.010582010582010581 0.0075675675675675675
1 0.991005291005291 0.8729729729729729 0.005291005291005291 0.0075675675675675675
0 0.9142857142857143 0.8756756756756757 0.012698412698412698 0.012972972972972972
0 0.8402116402116402 0.8751351351351352 0.012698412698412698 0.011891891891891892
0 0.7582010582010582 0.8745945945945945 0.01164021164021164 0.010810810810810811
0 0.5312169312169313 0.8735135135135135 0.012698412698412698 0.008648648648648649
0 0.1724867724867725 0.8605405405405405 0.010582010582010581 0.008648648648648649
1 0.9317460317460318 0.8589189189189189 0.009523809523809525 0.0075675675675675675
1 0.7582010582010582 0.8589189189189189 0.009523809523809525 0.0075675675675675675
0 0.35873015873015873 0.8594594594594595 0.008465608465608466 0.008648648648648649
0 0.28359788359788357 0.8605405405405405 0.012698412698412698 0.010810810810810811
0 0.15925925925925927 0.86 0.009523809523809525 0.00972972972972973
0 0.11058201058201059 0.86 0.009523809523809525 0.00972972972972973
1 0.0962962962962963 0.86 0.008465608465608466 0.00972972972972973
1 0.6957671957671958 0.8583783783783784 0.009523809523809525 0.008648648648648649
1 0.6513227513227513 0.8583783783783784 0.009523809523809525 0.008648648648648649
1 0.9899470899470899 0.8578378378378378 0.005291005291005291 0.00972972972972973
0 0.9148148148148149 0.8578378378378378 0.01164021164021164 0.00972972972972973
0 0.9 0.8578378378378378 0.01164021164021164 0.00972972972972973
1 0.6804232804232804 0.8572972972972973 0.008465608465608466 0.008648648648648649
0 0.6634920634920635 0.8589189189189189 0.012698412698412698 0.011891891891891892
0 0.5412698412698412 0.8583783783783784 0.01164021164021164 0.010810810810810811
0 0.38835978835978835 0.8583783783783784 0.010582010582010581 0.010810810810810811
1 0.29788359788359786 0.8583783783783784 0.007407407407407408 0.010810810810810811
0 0.8687830687830688 0.8572972972972973 0.010582010582010581 0.010810810810810811
0 0.3746031746031746 0.8583783783783784 0.010582010582010581 0.012972972972972972
0 0.12645502645502646 0.8583783783783784 0.009523809523809525 0.012972972972972972
0 0.7433862433862434 0.8572972972972973 0.01164021164021164 0.012972972972972972
0 0.3433862433862434 0.8572972972972973 0.01164021164021164 0.012972972972972972
1 0.7529100529100529 0.8518918918918919 0.01164021164021164 0.008648648648648649
1 0.6343915343915344 0.8513513513513513 0.01164021164021164 0.016216216216216217
1 0.1582010582010582 0.847027027027027 0.007407407407407408 0.00972972972972973
1 0.2968253968253968 0.8448648648648649 0.009523809523809525 0.0075675675675675675
1 0.19682539682539682 0.8529729729729729 0.02328042328042328 0.023783783783783784
0 0.1291005291005291 0.845945945945946 0.010582010582010581 0.00972972972972973
0 0.09735449735449736 0.8464864864864865 0.010582010582010581 0.010810810810810811
1 0.47354497354497355 0.8518918918918919 0.022222222222222223 0.023783783783783784
1 0.32063492063492066 0.8518918918918919 0.02328042328042328 0.023783783783783784
0 0.28359788359788357 0.8448648648648649 0.010582010582010581 0.00972972972972973
0 0.11164021164021164 0.8448648648648649 0.009523809523809525 0.00972972972972973
1 0.9312169312169312 0.8437837837837838 0.008465608465608466 0.00972972972972973
0 0.9142857142857143 0.8443243243243244 0.010582010582010581 0.010810810810810811
0 0.8835978835978836 0.8443243243243244 0.010582010582010581 0.010810810810810811
0 0.8682539682539683 0.8443243243243244 0.009523809523809525 0.010810810810810811
1 0.8444444444444444 0.8508108108108108 0.02328042328042328 0.023783783783783784
1 0.7428571428571429 0.8427027027027028 0.008465608465608466 0.0075675675675675675
1 0.7195767195767195 0.8508108108108108 0.02328042328042328 0.023783783783783784
0 0.665079365079365 0.8443243243243244 0.009523809523809525 0.010810810810810811
0 0.571957671957672 0.8448648648648649 0.01164021164021164 0.011891891891891892
0 0.5417989417989418 0.8443243243243244 0.010582010582010581 0.010810810810810811
0 0.17142857142857143 0.8448648648648649 0.014814814814814815 0.011891891891891892
1 0.9 0.8427027027027028 0.009523809523809525 0.00972972972972973
0 0.7560846560846561 0.8427027027027028 0.013756613756613757 0.00972972972972973
0 0.6957671957671958 0.8427027027027028 0.009523809523809525 0.00972972972972973
0 0.5285714285714286 0.8443243243243244 0.01164021164021164 0.012972972972972972
0 0.38677248677248677 0.8443243243243244 0.013756613756613757 0.012972972972972972
0 0.9455026455026455 0.8443243243243244 0.013756613756613757 0.015135135135135135
1 0.19153439153439153 0.8297297297297297 0.008465608465608466 0.0075675675675675675
1 0.37566137566137564 0.8291891891891892 0.008465608465608466 0.008648648648648649
0 0.8502645502645503 0.8281081081081081 0.009523809523809525 0.008648648648648649
0 0.4671957671957672 0.8275675675675676 0.009523809523809525 0.00972972972972973
0 0.09682539682539683 0.8281081081081081 0.009523809523809525 0.010810810810810811
0 0.38941798941798944 0.827027027027027 0.008465608465608466 0.010810810810810811
0 0.8671957671957672 0.825945945945946 0.009523809523809525 0.010810810810810811
1 0.7412698412698413 0.8254054054054054 0.007407407407407408 0.00972972972972973
0 0.7121693121693121 0.825945945945946 0.010582010582010581 0.010810810810810811
0 0.882010582010582 0.8254054054054054 0.01164021164021164 0.011891891891891892
0 0.6502645502645502 0.825945945945946 0.009523809523809525 0.012972972972972972
1 0.817989417989418 0.8232432432432433 0.006349206349206349 0.00972972972972973
1 0.0671957671957672 0.8237837837837838 0.005291005291005291 0.010810810810810811
0 0.9296296296296296 0.8243243243243243 0.01164021164021164 0.014054054054054054
0 0.6645502645502646 0.8243243243243243 0.010582010582010581 0.014054054054054054
1 0.45132275132275135 0.8243243243243243 0.009523809523809525 0.016216216216216217
1 0.24973544973544973 0.8210810810810811 0.008465608465608466 0.011891891891891892
1 0.8042328042328042 0.8172972972972973 0.006349206349206349 0.010810810810810811
0 0.07830687830687831 0.8205405405405405 0.010582010582010581 0.017297297297297298
0 0.5740740740740741 0.8156756756756757 0.007407407407407408 0.011891891891891892
1 0.5264550264550265 0.8140540540540541 0.007407407407407408 0.008648648648648649
0 0.31322751322751324 0.8145945945945946 0.008465608465608466 0.00972972972972973
1 0.2904761904761905 0.8210810810810811 0.022222222222222223 0.022702702702702703
0 0.20476190476190476 0.8145945945945946 0.009523809523809525 0.00972972972972973
0 0.19153439153439153 0.8135135135135135 0.010582010582010581 0.0075675675675675675
1 0.16613756613756614 0.8216216216216217 0.02328042328042328 0.023783783783783784
0 0.11375661375661375 0.8151351351351351 0.009523809523809525 0.010810810810810811
0 0.09947089947089947 0.8135135135135135 0.010582010582010581 0.0075675675675675675
1 0.6883597883597884 0.8205405405405405 0.022222222222222223 0.023783783783783784
0 0.326984126984127 0.812972972972973 0.010582010582010581 0.008648648648648649
0 0.1306878306878307 0.8135135135135135 0.01164021164021164 0.00972972972972973
0 0.944973544973545 0.812972972972973 0.008465608465608466 0.010810810810810811
0 0.8507936507936508 0.812972972972973 0.008465608465608466 0.010810810810810811
0 0.7571428571428571 0.812972972972973 0.01164021164021164 0.010810810810810811
0 0.7417989417989418 0.812972972972973 0.008465608465608466 0.010810810810810811
0 0.7116402116402116 0.812972972972973 0.009523809523809525 0.010810810810810811
1 0.6634920634920635 0.8113513513513514 0.008465608465608466 0.0075675675675675675
0 0.3888888888888889 0.8118918918918919 0.009523809523809525 0.008648648648648649
0 0.8809523809523809 0.8113513513513514 0.009523809523809525 0.00972972972972973
0 0.8671957671957672 0.8124324324324325 0.009523809523809525 0.011891891891891892
1 0.3513227513227513 0.8189189189189189 0.027513227513227514 0.02918918918918919
0 0.1126984126984127 0.7983783783783783 0.009523809523809525 0.0075675675675675675
1 0.2984126984126984 0.7972972972972973 0.008465608465608466 0.0075675675675675675
0 0.09894179894179894 0.7978378378378378 0.007407407407407408 0.008648648648648649
1 0.7555555555555555 0.7962162162162162 0.008465608465608466 0.0075675675675675675
0 0.6640211640211641 0.7967567567567567 0.009523809523809525 0.008648648648648649
0 0.3576719576719577 0.7972972972972973 0.010582010582010581 0.00972972972972973
0 0.20476190476190476 0.7972972972972973 0.01164021164021164 0.00972972972972973
1 0.19047619047619047 0.7967567567567567 0.008465608465608466 0.008648648648648649
1 0.8968253968253969 0.7951351351351351 0.007407407407407408 0.0075675675675675675
0 0.8354497354497354 0.7956756756756757 0.01164021164021164 0.008648648648648649
0 0.7428571428571429 0.7962162162162162 0.010582010582010581 0.00972972972972973
0 0.4671957671957672 0.7967567567567567 0.01164021164021164 0.010810810810810811
0 0.2857142857142857 0.7972972972972973 0.012698412698412698 0.011891891891891892
0 0.17513227513227514 0.7967567567567567 0.01164021164021164 0.010810810810810811
0 0.9121693121693122 0.7951351351351351 0.010582010582010581 0.00972972972972973
0 0.8486772486772487 0.7951351351351351 0.010582010582010581 0.00972972972972973
0 0.6497354497354497 0.7951351351351351 0.010582010582010581 0.00972972972972973
1 0.5571428571428572 0.7951351351351351 0.007407407407407408 0.00972972972972973
0 0.34444444444444444 0.7956756756756757 0.009523809523809525 0.010810810810810811
0 0.9867724867724867 0.7945945945945946 0.005291005291005291 0.010810810810810811
0 0.7253968253968254 0.7951351351351351 0.01164021164021164 0.011891891891891892
1 0.43915343915343913 0.7897297297297298 0.008465608465608466 0.00972972972972973
1 0.2523809523809524 0.7902702702702703 0.005291005291005291 0.010810810810810811
1 0.07777777777777778 0.7897297297297298 0.009523809523809525 0.016216216216216217
1 0.8037037037037037 0.7859459459459459 0.005291005291005291 0.010810810810810811
0 0.09735449735449736 0.7859459459459459 0.008465608465608466 0.010810810810810811
1 0.6222222222222222 0.7881081081081082 0.008465608465608466 0.017297297297297298
0 0.17566137566137566 0.7832432432432432 0.010582010582010581 0.00972972972972973
1 0.13756613756613756 0.7902702702702703 0.02328042328042328 0.023783783783783784
0 0.11375661375661375 0.7837837837837838 0.009523809523809525 0.010810810810810811
1 0.5042328042328043 0.7886486486486487 0.022222222222222223 0.022702702702702703
0 0.4656084656084656 0.7832432432432432 0.010582010582010581 0.011891891891891892
1 0.382010582010582 0.7891891891891892 0.025396825396825397 0.023783783783783784
0 0.35978835978835977 0.7837837837837838 0.010582010582010581 0.012972972972972972
1 0.3455026455026455 0.7816216216216216 0.009523809523809525 0.008648648648648649
0 0.3296296296296296 0.7832432432432432 0.009523809523809525 0.011891891891891892
0 0.28359788359788357 0.7827027027027027 0.008465608465608466 0.010810810810810811
0 0.20634920634920634 0.7832432432432432 0.010582010582010581 0.011891891891891892
0 0.19206349206349208 0.7832432432432432 0.01164021164021164 0.011891891891891892
0 0.1619047619047619 0.7832432432432432 0.012698412698412698 0.011891891891891892
0 0.9121693121693122 0.7810810810810811 0.010582010582010581 0.00972972972972973
1 0.8735449735449735 0.7881081081081082 0.022222222222222223 0.023783783783783784
0 0.7555555555555555 0.7805405405405406 0.010582010582010581 0.008648648648648649
0 0.7412698412698413 0.7821621621621622 0.01164021164021164 0.011891891891891892
1 0.7111111111111111 0.7810810810810811 0.008465608465608466 0.00972972972972973
0 0.6645502645502646 0.7816216216216216 0.008465608465608466 0.010810810810810811
0 0.29735449735449737 0.7827027027027027 0.012698412698412698 0.012972972972972972
0 0.9433862433862434 0.7810810810810811 0.009523809523809525 0.011891891891891892
1 0.928042328042328 0.78 0.008465608465608466 0.00972972972972973
0 0.8476190476190476 0.7805405405405406 0.012698412698412698 0.010810810810810811
0 0.8338624338624339 0.7816216216216216 0.010582010582010581 0.012972972972972972
0 0.7253968253968254 0.7805405405405406 0.01164021164021164 0.010810810810810811
1 0.6873015873015873 0.7875675675675675 0.02433862433862434 0.024864864864864864
0 0.8989417989417989 0.778918918918919 0.01164021164021164 0.00972972972972973
1 0.717989417989418 0.7545945945945945 0.007407407407407408 0.006486486486486486
0 0.20634920634920634 0.7367567567567568 0.012698412698412698 0.00972972972972973
0 0.37566137566137564 0.7345945945945946 0.008465608465608466 0.0075675675675675675
0 0.2984126984126984 0.7351351351351352 0.010582010582010581 0.008648648648648649
1 0.1925925925925926 0.7351351351351352 0.008465608465608466 0.008648648648648649
0 0.14656084656084656 0.7356756756756757 0.01164021164021164 0.00972972972972973
0 0.13333333333333333 0.7356756756756757 0.010582010582010581 0.00972972972972973
0 0.4973544973544973 0.7340540540540541 0.010582010582010581 0.008648648648648649
0 0.31587301587301586 0.7345945945945946 0.009523809523809525 0.00972972972972973
0 0.28465608465608466 0.7345945945945946 0.010582010582010581 0.00972972972972973
0 0.17777777777777778 0.7345945945945946 0.010582010582010581 0.00972972972972973
0 0.16296296296296298 0.7351351351351352 0.008465608465608466 0.010810810810810811
0 0.1164021164021164 0.7351351351351352 0.008465608465608466 0.010810810810810811
1 0.571957671957672 0.7335135135135135 0.007407407407407408 0.00972972972972973
0 0.5407407407407407 0.7335135135135135 0.010582010582010581 0.00972972972972973
0 0.5116402116402117 0.7335135135135135 0.009523809523809525 0.00972972972972973
1 0.8947089947089947 0.7318918918918919 0.009523809523809525 0.008648648648648649
0 0.8783068783068783 0.7324324324324324 0.010582010582010581 0.00972972972972973
0 0.7232804232804233 0.7324324324324324 0.009523809523809525 0.00972972972972973
0 0.5592592592592592 0.7335135135135135 0.01164021164021164 0.011891891891891892
0 0.8645502645502645 0.7324324324324324 0.010582010582010581 0.011891891891891892
0 0.7407407407407407 0.7318918918918919 0.010582010582010581 0.010810810810810811
0 0.3915343915343915 0.7318918918918919 0.008465608465608466 0.010810810810810811
1 0.9116402116402117 0.7302702702702702 0.007407407407407408 0.00972972972972973
0 0.5275132275132275 0.7318918918918919 0.01164021164021164 0.012972972972972972
0 0.755026455026455 0.7313513513513513 0.01164021164021164 0.014054054054054054
0 0.26402116402116405 0.7275675675675676 0.009523809523809525 0.017297297297297298
1 0.08042328042328042 0.7243243243243244 0.008465608465608466 0.010810810810810811
0 0.21005291005291005 0.7227027027027026 0.007407407407407408 0.00972972972972973
1 0.8052910052910053 0.7248648648648649 0.008465608465608466 0.016216216216216217
0 0.14708994708994708 0.7205405405405405 0.008465608465608466 0.0075675675675675675
0 0.11587301587301588 0.7205405405405405 0.009523809523809525 0.0075675675675675675
0 0.10211640211640212 0.7221621621621621 0.01164021164021164 0.010810810810810811
1 0.8015873015873016 0.721081081081081 0.005291005291005291 0.010810810810810811
1 0.6328042328042328 0.72 0.008465608465608466 0.008648648648648649
1 0.4740740740740741 0.727027027027027 0.02328042328042328 0.022702702702702703
0 0.29894179894179895 0.721081081081081 0.009523809523809525 0.010810810810810811
0 0.19365079365079366 0.721081081081081 0.010582010582010581 0.010810810810810811
0 0.17777777777777778 0.721081081081081 0.010582010582010581 0.010810810810810811
1 0.1343915343915344 0.7194594594594594 0.008465608465608466 0.0075675675675675675
0 0.8936507936507937 0.7189189189189189 0.009523809523809525 0.008648648648648649
1 0.8380952380952381 0.7264864864864865 0.025396825396825397 0.023783783783783784
1 0.755026455026455 0.7183783783783784 0.007407407407407408 0.0075675675675675675
0 0.7402116402116402 0.7183783783783784 0.009523809523809525 0.0075675675675675675
1 0.656084656084656 0.725945945945946 0.02328042328042328 0.022702702702702703
0 0.5412698412698412 0.7194594594594594 0.009523809523809525 0.00972972972972973
1 0.5275132275132275 0.7189189189189189 0.009523809523809525 0.008648648648648649
0 0.5105820105820106 0.7194594594594594 0.009523809523809525 0.00972972972972973
0 0.4973544973544973 0.7183783783783784 0.008465608465608466 0.0075675675675675675
0 0.2851851851851852 0.7205405405405405 0.01164021164021164 0.011891891891891892
0 0.9402116402116402 0.7189189189189189 0.01164021164021164 0.010810810810810811
1 0.9095238095238095 0.7178378378378378 0.007407407407407408 0.008648648648648649
0 0.8772486772486773 0.7172972972972973 0.008465608465608466 0.0075675675675675675
1 0.864021164021164 0.7172972972972973 0.009523809523809525 0.0075675675675675675
0 0.7238095238095238 0.7189189189189189 0.008465608465608466 0.010810810810810811
0 0.5708994708994709 0.7189189189189189 0.009523809523809525 0.010810810810810811
0 0.3783068783068783 0.7189189189189189 0.01164021164021164 0.010810810810810811
1 0.43862433862433864 0.7032432432432433 0.009523809523809525 0.005405405405405406
1 0.33015873015873015 0.7043243243243243 0.008465608465608466 0.0075675675675675675
0 0.29735449735449737 0.7054054054054054 0.012698412698412698 0.00972972972972973
0 0.31746031746031744 0.7048648648648649 0.010582010582010581 0.010810810810810811
0 0.20846560846560847 0.7043243243243243 0.010582010582010581 0.00972972972972973
0 0.19523809523809524 0.7043243243243243 0.009523809523809525 0.00972972972972973
0 0.1052910052910053 0.7054054054054054 0.013756613756613757 0.011891891891891892
0 0.8761904761904762 0.7027027027027027 0.008465608465608466 0.008648648648648649
0 0.6476190476190476 0.7027027027027027 0.008465608465608466 0.008648648648648649
0 0.9079365079365079 0.7021621621621622 0.010582010582010581 0.00972972972972973
1 0.8629629629629629 0.7016216216216217 0.009523809523809525 0.008648648648648649
0 0.7095238095238096 0.7021621621621622 0.01164021164021164 0.00972972972972973
0 0.662962962962963 0.7021621621621622 0.007407407407407408 0.00972972972972973
0 0.5582010582010583 0.7021621621621622 0.009523809523809525 0.00972972972972973
1 0.5417989417989418 0.7016216216216217 0.008465608465608466 0.008648648648648649
0 0.8936507936507937 0.7016216216216217 0.01164021164021164 0.010810810810810811
0 0.8455026455026455 0.701081081081081 0.010582010582010581 0.00972972972972973
1 0.8037037037037037 0.6994594594594594 0.009523809523809525 0.010810810810810811
0 0.8312169312169312 0.6983783783783784 0.01164021164021164 0.015135135135135135
1 0.6312169312169312 0.6951351351351351 0.009523809523809525 0.010810810810810811
1 0.45026455026455026 0.6951351351351351 0.009523809523809525 0.010810810810810811
1 0.08148148148148149 0.6956756756756757 0.010582010582010581 0.011891891891891892
1 0.6216931216931217 0.6962162162162162 0.009523809523809525 0.015135135135135135
1 0.4396825396825397 0.6940540540540541 0.009523809523809525 0.010810810810810811
1 0.8031746031746032 0.692972972972973 0.010582010582010581 0.010810810810810811
0 0.19417989417989417 0.6913513513513514 0.007407407407407408 0.00972972972972973
1 0.1402116402116402 0.6978378378378378 0.026455026455026454 0.022702702702702703
0 0.5423280423280423 0.6897297297297297 0.009523809523809525 0.010810810810810811
1 0.5047619047619047 0.6956756756756757 0.02328042328042328 0.022702702702702703
0 0.38941798941798944 0.6891891891891891 0.010582010582010581 0.00972972972972973
0 0.30052910052910053 0.6918918918918919 0.010582010582010581 0.015135135135135135
0 0.17724867724867724 0.6902702702702703 0.013756613756613757 0.011891891891891892
1 0.8920634920634921 0.6875675675675675 0.008465608465608466 0.008648648648648649
0 0.7544973544973544 0.6886486486486486 0.010582010582010581 0.010810810810810811
0 0.7396825396825397 0.687027027027027 0.010582010582010581 0.0075675675675675675
0 0.708994708994709 0.6881081081081081 0.010582010582010581 0.00972972972972973
1 0.32486772486772486 0.687027027027027 0.014814814814814815 0.0075675675675675675
0 0.8761904761904762 0.6881081081081081 0.010582010582010581 0.011891891891891892
0 0.8624338624338624 0.6886486486486486 0.012698412698412698 0.012972972972972972
0 0.8449735449735449 0.6881081081081081 0.013756613756613757 0.011891891891891892
1 0.653968253968254 0.6848648648648649 0.010582010582010581 0.005405405405405406
0 0.4783068783068783 0.6881081081081081 0.012698412698412698 0.011891891891891892
1 0.5703703703703704 0.6745945945945946 0.008465608465608466 0.006486486486486486
1 0.29947089947089944 0.674054054054054 0.008465608465608466 0.0075675675675675675
0 0.16560846560846562 0.6745945945945946 0.009523809523809525 0.008648648648648649
0 0.14867724867724869 0.6745945945945946 0.009523809523809525 0.008648648648648649
0 0.28624338624338624 0.674054054054054 0.009523809523809525 0.00972972972972973
0 0.10476190476190476 0.6745945945945946 0.012698412698412698 0.010810810810810811
0 0.8444444444444444 0.6718918918918919 0.010582010582010581 0.0075675675675675675
0 0.17936507936507937 0.6735135135135135 0.01164021164021164 0.010810810810810811
0 0.13544973544973546 0.674054054054054 0.010582010582010581 0.011891891891891892
1 0.647089947089947 0.6718918918918919 0.007407407407407408 0.00972972972972973
0 0.38941798941798944 0.6724324324324324 0.010582010582010581 0.010810810810810811
0 0.37671957671957673 0.6724324324324324 0.010582010582010581 0.010810810810810811
0 0.7232804232804233 0.6713513513513514 0.009523809523809525 0.010810810810810811
0 0.707936507936508 0.6708108108108108 0.008465608465608466 0.00972972972972973
0 0.6608465608465608 0.6718918918918919 0.01164021164021164 0.011891891891891892
0 0.5566137566137566 0.6713513513513514 0.008465608465608466 0.010810810810810811
0 0.8756613756613757 0.6702702702702703 0.01164021164021164 0.010810810810810811
1 0.4523809523809524 0.667027027027027 0.007407407407407408 0.008648648648648649
0 0.8613756613756614 0.6686486486486487 0.012698412698412698 0.014054054054054054
1 0.8026455026455026 0.667027027027027 0.009523809523809525 0.010810810810810811
1 0.26455026455026454 0.667027027027027 0.008465608465608466 0.015135135135135135
1 0.25396825396825395 0.667027027027027 0.008465608465608466 0.015135135135135135
1 0.20264550264550266 0.6675675675675675 0.022222222222222223 0.022702702702702703
0 0.16560846560846562 0.6610810810810811 0.009523809523809525 0.00972972972972973
0 0.1201058201058201 0.6632432432432432 0.009523809523809525 0.014054054054054054
1 0.8026455026455026 0.6578378378378379 0.009523809523809525 0.005405405405405406
1 0.6328042328042328 0.6632432432432432 0.008465608465608466 0.016216216216216217
1 0.3216931216931217 0.6664864864864865 0.025396825396825397 0.022702702702702703
1 0.30052910052910053 0.66 0.008465608465608466 0.00972972972972973
0 0.1492063492063492 0.6594594594594595 0.008465608465608466 0.008648648648648649
1 0.7074074074074074 0.6583783783783784 0.007407407407407408 0.008648648648648649
1 0.6634920634920635 0.658918918918919 0.006349206349206349 0.00972972972972973
0 0.571957671957672 0.658918918918919 0.007407407407407408 0.00972972972972973
1 0.5576719576719577 0.6578378378378379 0.008465608465608466 0.0075675675675675675
1 0.5328042328042328 0.6654054054054054 0.02433862433862434 0.022702702702702703
0 0.5105820105820106 0.658918918918919 0.009523809523809525 0.00972972972972973
1 0.4962962962962963 0.658918918918919 0.008465608465608466 0.00972972972972973
1 0.4666666666666667 0.6583783783783784 0.008465608465608466 0.008648648648648649
0 0.34656084656084657 0.6594594594594595 0.01164021164021164 0.010810810810810811
0 0.17777777777777778 0.66 0.012698412698412698 0.011891891891891892
1 0.7444444444444445 0.6643243243243243 0.02433862433862434 0.022702702702702703
0 0.7216931216931217 0.6578378378378379 0.010582010582010581 0.00972972972972973
0 0.28835978835978837 0.658918918918919 0.013756613756613757 0.011891891891891892
1 0.9386243386243386 0.6567567567567567 0.008465608465608466 0.00972972972972973
1 0.8989417989417989 0.6632432432432432 0.02433862433862434 0.022702702702702703
0 0.4783068783068783 0.6562162162162162 0.010582010582010581 0.008648648648648649
0 0.8444444444444444 0.6567567567567567 0.010582010582010581 0.011891891891891892
0 0.21005291005291005 0.6443243243243243 0.009523809523809525 0.008648648648648649
0 0.38941798941798944 0.6432432432432432 0.010582010582010581 0.008648648648648649
0 0.17936507936507937 0.6437837837837838 0.009523809523809525 0.00972972972972973
0 0.16560846560846562 0.6437837837837838 0.007407407407407408 0.00972972972972973
0 0.8317460317460318 0.6421621621621622 0.010582010582010581 0.008648648648648649
1 0.7084656084656085 0.6416216216216216 0.009523809523809525 0.0075675675675675675
0 0.4656084656084656 0.6421621621621622 0.008465608465608466 0.008648648648648649
0 0.8920634920634921 0.6410810810810811 0.010582010582010581 0.008648648648648649
1 0.8746031746031746 0.6405405405405405 0.007407407407407408 0.0075675675675675675
1 0.7518518518518519 0.6410810810810811 0.009523809523809525 0.008648648648648649
0 0.7386243386243386 0.6416216216216216 0.010582010582010581 0.00972972972972973
0 0.7216931216931217 0.6410810810810811 0.010582010582010581 0.008648648648648649
1 0.5116402116402117 0.6410810810810811 0.007407407407407408 0.008648648648648649
0 0.3164021164021164 0.6421621621621622 0.008465608465608466 0.010810810810810811
0 0.9047619047619048 0.64 0.008465608465608466 0.008648648648648649
0 0.5576719576719577 0.6416216216216216 0.012698412698412698 0.011891891891891892
0 0.4962962962962963 0.6410810810810811 0.008465608465608466 0.010810810810810811
0 0.43915343915343913 0.64 0.010582010582010581 0.008648648648648649
0 0.33121693121693124 0.6410810810810811 0.010582010582010581 0.010810810810810811
1 0.06296296296296296 0.6394594594594595 0.007407407407407408 0.0075675675675675675
1 0.26455026455026454 0.6394594594594595 0.008465608465608466 0.00972972972972973
1 0.2544973544973545 0.64 0.009523809523809525 0.010810810810810811
1 0.6306878306878307 0.6383783783783784 0.008465608465608466 0.00972972972972973
0 0.8597883597883598 0.6383783783783784 0.01164021164021164 0.011891891891891892
1 0.4396825396825397 0.6313513513513513 0.007407407407407408 0.008648648648648649
0 0.021693121693121695 0.6318918918918919 0.01164021164021164 0.00972972972972973
1 0.8126984126984127 0.6302702702702703 0.008465608465608466 0.010810810810810811
0 0.3164021164021164 0.6291891891891892 0.008465608465608466 0.008648648648648649
0 0.2111111111111111 0.6297297297297297 0.009523809523809525 0.00972972972972973
1 0.6841269841269841 0.6345945945945946 0.022222222222222223 0.021621621621621623
0 0.5560846560846561 0.6286486486486487 0.007407407407407408 0.00972972972972973
1 0.5111111111111111 0.6286486486486487 0.008465608465608466 0.00972972972972973
0 0.4671957671957672 0.6286486486486487 0.009523809523809525 0.00972972972972973
1 0.2931216931216931 0.6356756756756756 0.02328042328042328 0.023783783783783784
1 0.7216931216931217 0.6275675675675676 0.008465608465608466 0.00972972972972973
0 0.7074074074074074 0.6286486486486487 0.01164021164021164 0.011891891891891892
0 0.647089947089947 0.6297297297297297 0.01164021164021164 0.014054054054054054
0 0.48095238095238096 0.6275675675675676 0.009523809523809525 0.00972972972972973
0 0.3904761904761905 0.6291891891891892 0.012698412698412698 0.012972972972972972
0 0.3296296296296296 0.6275675675675676 0.01164021164021164 0.00972972972972973
1 0.9285714285714286 0.6324324324324324 0.02433862433862434 0.021621621621621623
0 0.8751322751322751 0.6275675675675676 0.010582010582010581 0.011891891891891892
0 0.843915343915344 0.6270270270270271 0.01164021164021164 0.010810810810810811
0 0.6613756613756614 0.6291891891891892 0.012698412698412698 0.015135135135135135
0 0.5693121693121693 0.6281081081081081 0.012698412698412698 0.012972972972972972
0 0.9037037037037037 0.6264864864864865 0.012698412698412698 0.011891891891891892
0 0.8899470899470899 0.6270270270270271 0.010582010582010581 0.012972972972972972
0 0.8608465608465609 0.6254054054054055 0.009523809523809525 0.00972972972972973
1 0.5582010582010583 0.6135135135135135 0.007407407407407408 0.0075675675675675675
1 0.19682539682539682 0.614054054054054 0.008465608465608466 0.008648648648648649
1 0.1201058201058201 0.614054054054054 0.009523809523809525 0.008648648648648649
0 0.25502645502645505 0.6118918918918919 0.010582010582010581 0.006486486486486486
0 0.20952380952380953 0.6145945945945946 0.012698412698412698 0.011891891891891892
0 0.8629629629629629 0.6113513513513513 0.013756613756613757 0.0075675675675675675
0 0.8423280423280424 0.6113513513513513 0.010582010582010581 0.0075675675675675675
1 0.3761904761904762 0.6118918918918919 0.007407407407407408 0.008648648648648649
0 0.28888888888888886 0.6135135135135135 0.014814814814814815 0.011891891891891892
0 0.7084656084656085 0.6118918918918919 0.01164021164021164 0.010810810810810811
0 0.6603174603174603 0.6118918918918919 0.010582010582010581 0.010810810810810811
1 0.5253968253968254 0.6113513513513513 0.007407407407407408 0.00972972972972973
0 0.8291005291005291 0.6108108108108108 0.01164021164021164 0.010810810810810811
0 0.6476190476190476 0.6113513513513513 0.010582010582010581 0.011891891891891892
0 0.10634920634920635 0.6113513513513513 0.009523809523809525 0.014054054054054054
1 0.6201058201058202 0.6054054054054054 0.008465608465608466 0.015135135135135135
1 0.31534391534391537 0.6032432432432432 0.006349206349206349 0.012972972972972972
1 0.17407407407407408 0.6086486486486486 0.022222222222222223 0.023783783783783784
1 0.8111111111111111 0.6032432432432432 0.007407407407407408 0.015135135135135135
1 0.8005291005291005 0.601081081081081 0.009523809523809525 0.010810810810810811
0 0.13597883597883598 0.6016216216216216 0.009523809523809525 0.011891891891891892
1 0.1201058201058201 0.5994594594594594 0.009523809523809525 0.0075675675675675675
0 0.2873015873015873 0.6 0.01164021164021164 0.010810810810810811
1 0.2111111111111111 0.6 0.009523809523809525 0.010810810810810811
1 0.6835978835978836 0.6043243243243244 0.02328042328042328 0.021621621621621623
0 0.6476190476190476 0.5978378378378378 0.008465608465608466 0.008648648648648649
0 0.5396825396825397 0.5978378378378378 0.010582010582010581 0.008648648648648649
0 0.5116402116402117 0.5989189189189189 0.009523809523809525 0.010810810810810811
1 0.4740740740740741 0.6048648648648649 0.02328042328042328 0.022702702702702703
0 0.3 0.5978378378378378 0.009523809523809525 0.008648648648648649
1 0.8592592592592593 0.5962162162162162 0.008465608465608466 0.0075675675675675675
0 0.8423280423280424 0.5978378378378378 0.010582010582010581 0.010810810810810811
1 0.7195767195767195 0.5956756756756757 0.008465608465608466 0.006486486486486486
1 0.7068783068783069 0.5972972972972973 0.010582010582010581 0.00972972972972973
0 0.6603174603174603 0.5978378378378378 0.010582010582010581 0.010810810810810811
0 0.4978835978835979 0.5978378378378378 0.01164021164021164 0.010810810810810811
1 0.4873015873015873 0.5621621621621622 0.005291005291005291 0.008648648648648649
1 0.3010582010582011 0.5545945945945946 0.009523809523809525 0.006486486486486486
1 0.13968253968253969 0.5551351351351351 0.008465608465608466 0.0075675675675675675
1 0.28835978835978837 0.5540540540540541 0.009523809523809525 0.0075675675675675675
1 0.25502645502645505 0.552972972972973 0.010582010582010581 0.005405405405405406
0 0.19788359788359788 0.5545945945945946 0.008465608465608466 0.008648648648648649
0 0.1529100529100529 0.5545945945945946 0.009523809523809525 0.008648648648648649
0 0.6597883597883598 0.5524324324324325 0.009523809523809525 0.006486486486486486
0 0.4804232804232804 0.552972972972973 0.008465608465608466 0.0075675675675675675
1 0.2677248677248677 0.5518918918918919 0.010582010582010581 0.005405405405405406
0 0.21216931216931217 0.5535135135135135 0.009523809523809525 0.008648648648648649
0 0.870899470899471 0.5508108108108108 0.008465608465608466 0.0075675675675675675
1 0.8571428571428571 0.5508108108108108 0.010582010582010581 0.0075675675675675675
1 0.7068783068783069 0.5513513513513514 0.010582010582010581 0.008648648648648649
0 0.5698412698412698 0.5518918918918919 0.01164021164021164 0.00972972972972973
1 0.49523809523809526 0.5513513513513514 0.006349206349206349 0.008648648648648649
0 0.4671957671957672 0.5524324324324325 0.009523809523809525 0.010810810810810811
0 0.8296296296296296 0.5513513513513514 0.014814814814814815 0.010810810810810811
0 0.7492063492063492 0.5508108108108108 0.010582010582010581 0.00972972972972973
1 0.7354497354497355 0.5502702702702703 0.008465608465608466 0.008648648648648649
0 0.719047619047619 0.5508108108108108 0.01164021164021164 0.00972972972972973
0 0.6455026455026455 0.5508108108108108 0.010582010582010581 0.00972972972972973
0 0.5105820105820106 0.5513513513513514 0.01164021164021164 0.010810810810810811
0 0.8417989417989418 0.5497297297297298 0.007407407407407408 0.00972972972972973
0 0.555026455026455 0.5497297297297298 0.009523809523809525 0.014054054054054054
1 0.09417989417989418 0.5486486486486486 0.010582010582010581 0.014054054054054054
1 0.6301587301587301 0.5464864864864865 0.009523809523809525 0.014054054054054054
1 0.6190476190476191 0.5464864864864865 0.008465608465608466 0.014054054054054054
1 0.2677248677248677 0.5427027027027027 0.010582010582010581 0.006486486486486486
1 0.7994708994708994 0.5421621621621622 0.009523809523809525 0.00972972972972973
0 0.21216931216931217 0.5405405405405406 0.009523809523809525 0.008648648648648649
0 0.19947089947089947 0.5410810810810811 0.009523809523809525 0.00972972972972973
1 0.11587301587301588 0.5475675675675675 0.022222222222222223 0.022702702702702703
1 0.3851851851851852 0.5459459459459459 0.02328042328042328 0.021621621621621623
0 0.33174603174603173 0.54 0.009523809523809525 0.00972972972972973
0 0.30264550264550266 0.5410810810810811 0.010582010582010581 0.011891891891891892
0 0.2878306878306878 0.5410810810810811 0.010582010582010581 0.011891891891891892
1 0.683068783068783 0.5448648648648649 0.022222222222222223 0.021621621621621623
1 0.47883597883597884 0.5372972972972972 0.009523809523809525 0.006486486486486486
0 0.4656084656084656 0.5383783783783784 0.008465608465608466 0.008648648648648649
0 0.7502645502645503 0.5378378378378378 0.010582010582010581 0.00972972972972973
0 0.735978835978836 0.5372972972972972 0.009523809523809525 0.008648648648648649
0 0.7063492063492064 0.5378378378378378 0.009523809523809525 0.00972972972972973
0 0.508994708994709 0.5378378378378378 0.010582010582010581 0.00972972972972973
0 0.8698412698412699 0.5367567567567567 0.010582010582010581 0.00972972972972973
0 0.8555555555555555 0.5378378378378378 0.009523809523809525 0.011891891891891892
0 0.8407407407407408 0.5372972972972972 0.01164021164021164 0.010810810810810811
0 0.8253968253968254 0.5367567567567567 0.008465608465608466 0.00972972972972973
1 0.6555555555555556 0.5356756756756756 0.013756613756613757 0.0075675675675675675
1 0.5333333333333333 0.5437837837837838 0.021164021164021163 0.025945945945945945
1 0.508994708994709 0.5248648648648648 0.008465608465608466 0.0075675675675675675
0 0.4804232804232804 0.5237837837837838 0.008465608465608466 0.0075675675675675675
0 0.3476190476190476 0.5243243243243243 0.009523809523809525 0.008648648648648649
0 0.3037037037037037 0.5237837837837838 0.008465608465608466 0.00972972972972973
0 0.17037037037037037 0.5243243243243243 0.010582010582010581 0.010810810810810811
0 0.13968253968253969 0.5243243243243243 0.010582010582010581 0.010810810810810811
0 0.5402116402116403 0.5227027027027027 0.009523809523809525 0.00972972972972973
0 0.3619047619047619 0.5232432432432432 0.008465608465608466 0.010810810810810811
0 0.2571428571428571 0.5227027027027027 0.010582010582010581 0.00972972972972973
0 0.9005291005291005 0.5205405405405406 0.010582010582010581 0.0075675675675675675
1 0.8703703703703703 0.5205405405405406 0.007407407407407408 0.0075675675675675675
1 0.8555555555555555 0.5205405405405406 0.007407407407407408 0.0075675675675675675
0 0.7486772486772487 0.5216216216216216 0.009523809523809525 0.00972972972972973
0 0.5264550264550265 0.5221621621621622 0.009523809523809525 0.010810810810810811
0 0.49682539682539684 0.5227027027027027 0.009523809523809525 0.011891891891891892
0 0.734920634920635 0.52 0.009523809523809525 0.010810810810810811
0 0.8867724867724868 0.518918918918919 0.010582010582010581 0.010810810810810811
1 0.2687830687830688 0.5162162162162162 0.010582010582010581 0.00972972972972973
1 0.43915343915343913 0.5151351351351351 0.010582010582010581 0.011891891891891892
1 0.6185185185185185 0.5156756756756756 0.009523809523809525 0.015135135135135135
1 0.7984126984126985 0.5145945945945946 0.01164021164021164 0.015135135135135135
1 0.20634920634920634 0.5178378378378379 0.021164021164021163 0.021621621621621623
0 0.1835978835978836 0.5118918918918919 0.009523809523809525 0.00972972972972973
0 0.1544973544973545 0.5118918918918919 0.008465608465608466 0.00972972972972973
1 0.5634920634920635 0.5162162162162162 0.022222222222222223 0.02054054054054054
0 0.3470899470899471 0.5108108108108108 0.006349206349206349 0.00972972972972973
0 0.3021164021164021 0.5097297297297297 0.009523809523809525 0.0075675675675675675
1 0.5407407407407407 0.5097297297297297 0.008465608465608466 0.00972972972972973
0 0.6756613756613756 0.5081081081081081 0.009523809523809525 0.008648648648648649
1 0.6460317460317461 0.5081081081081081 0.009523809523809525 0.008648648648648649
0 0.5280423280423281 0.5081081081081081 0.012698412698412698 0.008648648648648649
0 0.5095238095238095 0.5118918918918919 0.01164021164021164 0.016216216216216217
0 0.855026455026455 0.5081081081081081 0.010582010582010581 0.010810810810810811
1 0.8322751322751323 0.5135135135135135 0.022222222222222223 0.021621621621621623
1 0.7486772486772487 0.5070270270270271 0.009523809523809525 0.008648648648648649
0 0.68994708994709 0.5086486486486487 0.010582010582010581 0.011891891891891892
0 0.9301587301587302 0.5064864864864865 0.010582010582010581 0.00972972972972973
0 0.9 0.5064864864864865 0.01164021164021164 0.00972972972972973
0 0.8867724867724868 0.5054054054054054 0.010582010582010581 0.0075675675675675675
0 0.7354497354497355 0.505945945945946 0.010582010582010581 0.008648648648648649
0 0.8682539682539683 0.5064864864864865 0.01164021164021164 0.011891891891891892
1 0.25873015873015875 0.49513513513513513 0.009523809523809525 0.006486486486486486
0 0.2 0.49567567567567566 0.008465608465608466 0.00972972972972973
1 0.7354497354497355 0.4935135135135135 0.008465608465608466 0.0075675675675675675
0 0.5402116402116403 0.49405405405405406 0.009523809523809525 0.008648648648648649
1 0.4671957671957672 0.49405405405405406 0.009523809523809525 0.008648648648648649
0 0.5264550264550265 0.49405405405405406 0.01164021164021164 0.010810810810810811
1 0.362962962962963 0.4935135135135135 0.008465608465608466 0.00972972972972973
0 0.3486772486772487 0.4935135135135135 0.009523809523809525 0.00972972972972973
0 0.2894179894179894 0.49405405405405406 0.01164021164021164 0.010810810810810811
0 0.1253968253968254 0.4945945945945946 0.01164021164021164 0.011891891891891892
1 0.9719576719576719 0.49243243243243245 0.005291005291005291 0.00972972972972973
0 0.9185185185185185 0.49135135135135133 0.014814814814814815 0.00972972972972973
0 0.8380952380952381 0.4918918918918919 0.010582010582010581 0.010810810810810811
0 0.8248677248677249 0.49135135135135133 0.009523809523809525 0.00972972972972973
0 0.6878306878306878 0.4918918918918919 0.010582010582010581 0.010810810810810811
0 0.6444444444444445 0.4897297297297297 0.010582010582010581 0.015135135135135135
1 0.26931216931216934 0.4897297297297297 0.009523809523809525 0.015135135135135135
1 0.09365079365079365 0.4897297297297297 0.01164021164021164 0.015135135135135135
1 0.4396825396825397 0.48702702702702705 0.009523809523809525 0.011891891891891892
1 0.25925925925925924 0.4859459459459459 0.008465608465608466 0.00972972972972973
1 0.20052910052910053 0.4827027027027027 0.009523809523809525 0.00972972972972973
0 0.12433862433862433 0.4821621621621622 0.009523809523809525 0.008648648648648649
1 0.5031746031746032 0.4875675675675676 0.022222222222222223 0.021621621621621623
1 0.32751322751322753 0.4875675675675676 0.02433862433862434 0.021621621621621623
0 0.14232804232804233 0.4810810810810811 0.009523809523809525 0.008648648648648649
0 0.5402116402116403 0.48 0.009523809523809525 0.008648648648648649
0 0.3021164021164021 0.4805405405405405 0.01164021164021164 0.00972972972972973
0 0.7333333333333333 0.4810810810810811 0.008465608465608466 0.012972972972972972
1 0.7111111111111111 0.4854054054054054 0.02328042328042328 0.021621621621621623
1 0.6883597883597884 0.4783783783783784 0.007407407407407408 0.0075675675675675675
1 0.6756613756613756 0.4783783783783784 0.009523809523809525 0.0075675675675675675
1 0.6592592592592592 0.4783783783783784 0.008465608465608466 0.0075675675675675675
0 0.9010582010582011 0.48 0.009523809523809525 0.012972972972972972
1 0.861904761904762 0.4843243243243243 0.022222222222222223 0.021621621621621623
0 0.8386243386243386 0.4783783783783784 0.01164021164021164 0.00972972972972973
0 0.8248677248677249 0.47783783783783784 0.009523809523809525 0.008648648648648649
0 0.9291005291005291 0.4772972972972973 0.010582010582010581 0.00972972972972973
0 0.9158730158730158 0.4772972972972973 0.009523809523809525 0.00972972972972973
0 0.8841269841269841 0.4772972972972973 0.009523809523809525 0.00972972972972973
1 0.9708994708994709 0.46864864864864864 0.005291005291005291 0.0075675675675675675
1 0.3502645502645503 0.46756756756756757 0.008465608465608466 0.0075675675675675675
0 0.2015873015873016 0.46702702702702703 0.009523809523809525 0.008648648648648649
0 0.14232804232804233 0.46702702702702703 0.009523809523809525 0.008648648648648649
0 0.1126984126984127 0.46702702702702703 0.009523809523809525 0.008648648648648649
0 0.2894179894179894 0.46594594594594596 0.009523809523809525 0.008648648648648649
0 0.21375661375661376 0.4664864864864865 0.010582010582010581 0.00972972972972973
0 0.1259259259259259 0.4664864864864865 0.008465608465608466 0.00972972972972973
0 0.4793650793650794 0.4654054054054054 0.012698412698412698 0.00972972972972973
0 0.3634920634920635 0.4648648648648649 0.007407407407407408 0.008648648648648649
0 0.8571428571428571 0.46324324324324323 0.012698412698412698 0.0075675675675675675
1 0.5560846560846561 0.4643243243243243 0.009523809523809525 0.00972972972972973
0 0.3925925925925926 0.4643243243243243 0.008465608465608466 0.00972972972972973
1 0.7402116402116402 0.4627027027027027 0.007407407407407408 0.008648648648648649
0 0.6735449735449736 0.46324324324324323 0.009523809523809525 0.00972972972972973
0 0.37777777777777777 0.46378378378378377 0.010582010582010581 0.010810810810810811
0 0.5698412698412698 0.46324324324324323 0.01164021164021164 0.014054054054054054
0 0.9148148148148149 0.46 0.01164021164021164 0.011891891891891892
0 0.2724867724867725 0.46 0.009523809523809525 0.016216216216216217
0 0.09523809523809523 0.46 0.010582010582010581 0.016216216216216217
0 0.4523809523809524 0.45837837837837836 0.009523809523809525 0.015135135135135135
1 0.1783068783068783 0.46054054054054056 0.022222222222222223 0.021621621621621623
0 0.15714285714285714 0.4556756756756757 0.009523809523809525 0.011891891891891892
0 0.11164021164021164 0.4545945945945946 0.009523809523809525 0.00972972972972973
0 0.20052910052910053 0.4535135135135135 0.009523809523809525 0.00972972972972973
1 0.5037037037037037 0.45837837837837836 0.02328042328042328 0.021621621621621623
0 0.4671957671957672 0.4524324324324324 0.009523809523809525 0.00972972972972973
0 0.3931216931216931 0.4524324324324324 0.009523809523809525 0.00972972972972973
1 0.36243386243386244 0.4518918918918919 0.009523809523809525 0.008648648648648649
0 0.28994708994708995 0.4518918918918919 0.008465608465608466 0.008648648648648649
0 0.1433862433862434 0.45297297297297295 0.01164021164021164 0.010810810810810811
0 0.1253968253968254 0.45297297297297295 0.01164021164021164 0.010810810810810811
0 0.7037037037037037 0.4508108108108108 0.008465608465608466 0.008648648648648649
1 0.6439153439153439 0.4508108108108108 0.007407407407407408 0.008648648648648649
0 0.6746031746031746 0.4502702702702703 0.01164021164021164 0.00972972972972973
0 0.6576719576719576 0.45297297297297295 0.013756613756613757 0.015135135135135135
0 0.5656084656084656 0.4491891891891892 0.013756613756613757 0.0075675675675675675
0 0.5275132275132275 0.4502702702702703 0.01164021164021164 0.00972972972972973
0 0.8380952380952381 0.4491891891891892 0.010582010582010581 0.00972972972972973
0 0.9142857142857143 0.44756756756756755 0.010582010582010581 0.008648648648648649
0 0.8682539682539683 0.4481081081081081 0.009523809523809525 0.00972972972972973
0 0.291005291005291 0.4383783783783784 0.010582010582010581 0.0075675675675675675
1 0.2021164021164021 0.4383783783783784 0.008465608465608466 0.0075675675675675675
1 0.32063492063492066 0.43729729729729727 0.008465608465608466 0.0075675675675675675
1 0.2619047619047619 0.43675675675675674 0.009523809523809525 0.006486486486486486
0 0.12645502645502646 0.43729729729729727 0.009523809523809525 0.00972972972972973
0 0.7164021164021164 0.43513513513513513 0.010582010582010581 0.0075675675675675675
0 0.5560846560846561 0.4362162162162162 0.009523809523809525 0.00972972972972973
1 0.49523809523809526 0.43513513513513513 0.008465608465608466 0.00972972972972973
1 0.8375661375661375 0.432972972972973 0.009523809523809525 0.0075675675675675675
0 0.8968253968253969 0.43189189189189187 0.009523809523809525 0.00972972972972973
1 0.8830687830687831 0.43189189189189187 0.009523809523809525 0.00972972972972973
0 0.8232804232804233 0.432972972972973 0.012698412698412698 0.011891891891891892
0 0.6724867724867725 0.432972972972973 0.009523809523809525 0.011891891891891892
0 0.6428571428571429 0.432972972972973 0.009523809523809525 0.011891891891891892
1 0.4396825396825397 0.43189189189189187 0.009523809523809525 0.00972972972972973
0 0.7031746031746032 0.43135135135135133 0.01164021164021164 0.015135135135135135
1 0.6174603174603175 0.43027027027027026 0.009523809523809525 0.012972972972972972
1 0.09523809523809523 0.4281081081081081 0.008465608465608466 0.008648648648648649
1 0.7962962962962963 0.4275675675675676 0.009523809523809525 0.014054054054054054
1 0.6285714285714286 0.4254054054054054 0.008465608465608466 0.00972972972972973
0 0.20052910052910053 0.4259459459459459 0.009523809523809525 0.010810810810810811
0 0.18571428571428572 0.42486486486486486 0.009523809523809525 0.008648648648648649
0 0.173015873015873 0.4254054054054054 0.009523809523809525 0.00972972972972973
0 0.12645502645502646 0.4243243243243243 0.009523809523809525 0.0075675675675675675
0 0.2894179894179894 0.4243243243243243 0.009523809523809525 0.00972972972972973
0 0.555026455026455 0.4227027027027027 0.007407407407407408 0.008648648648648649
0 0.5248677248677248 0.42486486486486486 0.010582010582010581 0.012972972972972972
0 0.5116402116402117 0.42486486486486486 0.009523809523809525 0.012972972972972972
1 0.4740740740740741 0.4291891891891892 0.021164021164021163 0.021621621621621623
1 0.6735449735449736 0.42108108108108105 0.007407407407407408 0.0075675675675675675
1 0.6576719576719576 0.42162162162162165 0.007407407407407408 0.008648648648648649
0 0.5693121693121693 0.4227027027027027 0.008465608465608466 0.010810810810810811
0 0.4962962962962963 0.4221621621621622 0.010582010582010581 0.00972972972972973
0 0.5386243386243387 0.42162162162162165 0.012698412698412698 0.010810810810810811
1 0.8597883597883598 0.4259459459459459 0.022222222222222223 0.021621621621621623
1 0.8375661375661375 0.42 0.007407407407407408 0.00972972972972973
1 0.7402116402116402 0.42648648648648646 0.022222222222222223 0.022702702702702703
0 0.7164021164021164 0.42108108108108105 0.010582010582010581 0.011891891891891892
0 0.6857142857142857 0.42108108108108105 0.014814814814814815 0.011891891891891892
0 0.8830687830687831 0.4189189189189189 0.009523809523809525 0.00972972972972973
1 0.926984126984127 0.4172972972972973 0.008465608465608466 0.008648648648648649
0 0.8962962962962963 0.41783783783783784 0.010582010582010581 0.00972972972972973
0 0.36084656084656086 0.3810810810810811 0.010582010582010581 0.0075675675675675675
0 0.4703703703703704 0.38054054054054054 0.01164021164021164 0.008648648648648649
1 0.6566137566137566 0.3783783783783784 0.009523809523809525 0.006486486486486486
0 0.32116402116402115 0.38 0.009523809523809525 0.00972972972972973
1 0.21746031746031746 0.38 0.007407407407407408 0.00972972972972973
0 0.18783068783068782 0.38 0.007407407407407408 0.00972972972972973
0 0.17407407407407408 0.38 0.009523809523809525 0.00972972972972973
0 0.5253968253968254 0.3783783783783784 0.009523809523809525 0.008648648648648649
0 0.33386243386243386 0.37945945945945947 0.009523809523809525 0.010810810810810811
0 0.6439153439153439 0.37783783783783786 0.009523809523809525 0.00972972972972973
0 0.5391534391534392 0.3783783783783784 0.01164021164021164 0.010810810810810811
0 0.8920634920634921 0.3762162162162162 0.012698412698412698 0.008648648648648649
0 0.7455026455026456 0.3762162162162162 0.009523809523809525 0.008648648648648649
0 0.6735449735449736 0.37675675675675674 0.009523809523809525 0.00972972972972973
0 0.3941798941798942 0.3772972972972973 0.009523809523809525 0.010810810810810811
0 0.555026455026455 0.37675675675675674 0.01164021164021164 0.011891891891891892
0 0.48253968253968255 0.3762162162162162 0.008465608465608466 0.010810810810810811
0 0.7317460317460317 0.37513513513513513 0.009523809523809525 0.010810810810810811
1 0.8798941798941798 0.372972972972973 0.007407407407407408 0.008648648648648649
0 0.8195767195767196 0.372972972972973 0.009523809523809525 0.012972972972972972
1 0.15185185185185185 0.3745945945945946 0.022222222222222223 0.02054054054054054
1 0.9666666666666667 0.3681081081081081 0.005291005291005291 0.00972972972972973
1 0.6164021164021164 0.3681081081081081 0.009523809523809525 0.00972972972972973
1 0.29894179894179895 0.37351351351351353 0.022222222222222223 0.02054054054054054
0 0.2164021164021164 0.36702702702702705 0.009523809523809525 0.0075675675675675675
1 0.5031746031746032 0.37243243243243246 0.022222222222222223 0.02054054054054054
0 0.5391534391534392 0.36486486486486486 0.009523809523809525 0.0075675675675675675
0 0.5264550264550265 0.36486486486486486 0.009523809523809525 0.0075675675675675675
1 0.4804232804232804 0.36486486486486486 0.008465608465608466 0.0075675675675675675
0 0.4666666666666667 0.3659459459459459 0.010582010582010581 0.00972972972972973
1 0.39206349206349206 0.36486486486486486 0.009523809523809525 0.0075675675675675675
0 0.37883597883597886 0.36648648648648646 0.008465608465608466 0.010810810810810811
1 0.18571428571428572 0.3659459459459459 0.01164021164021164 0.00972972972972973
1 0.7095238095238096 0.37027027027027026 0.022222222222222223 0.02054054054054054
1 0.6724867724867725 0.3643243243243243 0.007407407407407408 0.008648648648648649
0 0.5671957671957671 0.36486486486486486 0.012698412698412698 0.011891891891891892
0 0.8359788359788359 0.36486486486486486 0.008465608465608466 0.014054054054054054
0 0.6857142857142857 0.3621621621621622 0.010582010582010581 0.008648648648648649
1 0.917989417989418 0.3675675675675676 0.022222222222222223 0.021621621621621623
0 0.8957671957671958 0.36324324324324325 0.01164021164021164 0.012972972972972972
0 0.8804232804232804 0.36162162162162165 0.008465608465608466 0.00972972972972973
1 0.8513227513227514 0.3605405405405405 0.009523809523809525 0.0075675675675675675
0 0.7444444444444445 0.36162162162162165 0.01164021164021164 0.00972972972972973
0 0.8645502645502645 0.36 0.010582010582010581 0.008648648648648649
1 0.5380952380952381 0.35135135135135137 0.009523809523809525 0.008648648648648649
0 0.3931216931216931 0.35135135135135137 0.009523809523809525 0.008648648648648649
1 0.38042328042328044 0.35135135135135137 0.009523809523809525 0.008648648648648649
0 0.18888888888888888 0.35135135135135137 0.007407407407407408 0.008648648648648649
0 0.17513227513227514 0.3518918918918919 0.01164021164021164 0.00972972972972973
0 0.13015873015873017 0.35243243243243244 0.008465608465608466 0.010810810810810811
0 0.49682539682539684 0.35081081081081084 0.009523809523809525 0.00972972972972973
0 0.32116402116402115 0.35081081081081084 0.01164021164021164 0.011891891891891892
1 0.882010582010582 0.34756756756756757 0.009523809523809525 0.0075675675675675675
1 0.8201058201058201 0.34756756756756757 0.008465608465608466 0.0075675675675675675
1 0.7444444444444445 0.34756756756756757 0.009523809523809525 0.0075675675675675675
1 0.7153439153439154 0.34756756756756757 0.008465608465608466 0.0075675675675675675
1 0.8936507936507937 0.3464864864864865 0.009523809523809525 0.0075675675675675675
1 0.8338624338624339 0.3464864864864865 0.008465608465608466 0.0075675675675675675
0 0.6566137566137566 0.34756756756756757 0.009523809523809525 0.00972972972972973
0 0.6423280423280423 0.34756756756756757 0.010582010582010581 0.011891891891891892
0 0.7306878306878307 0.3464864864864865 0.009523809523809525 0.011891891891891892
1 0.0962962962962963 0.34486486486486484 0.010582010582010581 0.010810810810810811
0 0.8497354497354498 0.3443243243243243 0.010582010582010581 0.011891891891891892
1 0.2624338624338624 0.34540540540540543 0.008465608465608466 0.016216216216216217
1 0.2105820105820106 0.34540540540540543 0.021164021164021163 0.02054054054054054
1 0.18888888888888888 0.33945945945945943 0.007407407407407408 0.008648648648648649
1 0.17407407407407408 0.33945945945945943 0.007407407407407408 0.008648648648648649
0 0.14603174603174604 0.33945945945945943 0.010582010582010581 0.008648648648648649
1 0.8873015873015873 0.33945945945945943 0.01164021164021164 0.010810810810810811
1 0.5534391534391534 0.33837837837837836 0.006349206349206349 0.008648648648648649
0 0.33544973544973544 0.33945945945945943 0.010582010582010581 0.010810810810810811
1 0.8031746031746032 0.33837837837837836 0.008465608465608466 0.010810810810810811
0 0.5412698412698412 0.3389189189189189 0.007407407407407408 0.011891891891891892
0 0.49576719576719575 0.3372972972972973 0.007407407407407408 0.008648648648648649
1 0.4740740740740741 0.34378378378378377 0.021164021164021163 0.021621621621621623
0 0.3931216931216931 0.33783783783783783 0.009523809523809525 0.00972972972972973
0 0.3783068783068783 0.33837837837837836 0.009523809523809525 0.010810810810810811
1 0.6798941798941799 0.3427027027027027 0.022222222222222223 0.021621621621621623
0 0.656084656084656 0.3356756756756757 0.010582010582010581 0.00972972972972973
1 0.8936507936507937 0.3324324324324324 0.009523809523809525 0.0075675675675675675
0 0.8354497354497354 0.33405405405405403 0.009523809523809525 0.010810810810810811
0 0.8195767195767196 0.3335135135135135 0.009523809523809525 0.00972972972972973
1 0.7439153439153439 0.3324324324324324 0.008465608465608466 0.0075675675675675675
0 0.8645502645502645 0.33297297297297296 0.010582010582010581 0.010810810810810811
0 0.2052910052910053 0.32432432432432434 0.010582010582010581 0.008648648648648649
1 0.5084656084656085 0.3227027027027027 0.009523809523809525 0.0075675675675675675
0 0.5687830687830688 0.3216216216216216 0.009523809523809525 0.00972972972972973
0 0.5391534391534392 0.3216216216216216 0.01164021164021164 0.00972972972972973
0 0.3502645502645503 0.32216216216216215 0.010582010582010581 0.010810810810810811
1 0.6851851851851852 0.32 0.009523809523809525 0.008648648648648649
1 0.671957671957672 0.32 0.008465608465608466 0.008648648648648649
1 0.5544973544973545 0.32054054054054054 0.008465608465608466 0.00972972972972973
0 0.5253968253968254 0.3210810810810811 0.01164021164021164 0.010810810810810811
0 0.744973544973545 0.31891891891891894 0.010582010582010581 0.010810810810810811
0 0.7317460317460317 0.31891891891891894 0.01164021164021164 0.010810810810810811
1 0.8941798941798942 0.31675675675675674 0.008465608465608466 0.008648648648648649
0 0.8804232804232804 0.3172972972972973 0.012698412698412698 0.011891891891891892
0 0.7026455026455026 0.3178378378378378 0.014814814814814815 0.015135135135135135
0 0.9084656084656084 0.3145945945945946 0.01164021164021164 0.012972972972972972
1 0.4402116402116402 0.31405405405405407 0.010582010582010581 0.011891891891891892
0 0.09735449735449736 0.3162162162162162 0.008465608465608466 0.016216216216216217
0 0.18941798941798943 0.3124324324324324 0.010582010582010581 0.010810810810810811
1 0.32645502645502644 0.3162162162162162 0.02433862433862434 0.02054054054054054
1 0.8042328042328042 0.31189189189189187 0.008465608465608466 0.014054054054054054
0 0.5391534391534392 0.3091891891891892 0.009523809523809525 0.008648648648648649
0 0.5095238095238095 0.30972972972972973 0.009523809523809525 0.00972972972972973
0 0.49576719576719575 0.30972972972972973 0.007407407407407408 0.00972972972972973
0 0.3931216931216931 0.3091891891891892 0.009523809523809525 0.008648648648648649
0 0.3798941798941799 0.3091891891891892 0.010582010582010581 0.008648648648648649
0 0.364021164021164 0.30972972972972973 0.008465608465608466 0.00972972972972973
0 0.2931216931216931 0.30972972972972973 0.008465608465608466 0.00972972972972973
1 0.555026455026455 0.3075675675675676 0.009523809523809525 0.0075675675675675675
0 0.6862433862433862 0.307027027027027 0.007407407407407408 0.008648648648648649
1 0.6492063492063492 0.31351351351351353 0.022222222222222223 0.021621621621621623
0 0.5682539682539682 0.3075675675675676 0.010582010582010581 0.00972972972972973
1 0.8253968253968254 0.31189189189189187 0.02328042328042328 0.02054054054054054
0 0.7148148148148148 0.30594594594594593 0.009523809523809525 0.008648648648648649
1 0.671957671957672 0.30648648648648646 0.008465608465608466 0.00972972972972973
0 0.864021164021164 0.30486486486486486 0.007407407407407408 0.008648648648648649
0 0.7439153439153439 0.30594594594594593 0.010582010582010581 0.010810810810810811
0 0.7312169312169312 0.30486486486486486 0.010582010582010581 0.008648648648648649
0 0.7026455026455026 0.3043243243243243 0.010582010582010581 0.0075675675675675675
0 0.9232804232804233 0.3037837837837838 0.009523809523809525 0.008648648648648649
1 0.8925925925925926 0.3037837837837838 0.009523809523809525 0.008648648648648649
0 0.8793650793650793 0.3027027027027027 0.010582010582010581 0.008648648648648649
0 0.17671957671957672 0.2967567567567568 0.010582010582010581 0.00972972972972973
0 0.5264550264550265 0.2945945945945946 0.01164021164021164 0.0075675675675675675
1 0.364021164021164 0.2945945945945946 0.008465608465608466 0.0075675675675675675
0 0.20634920634920634 0.29621621621621624 0.012698412698412698 0.010810810810810811
1 0.555026455026455 0.2935135135135135 0.009523809523809525 0.0075675675675675675
0 0.4973544973544973 0.29405405405405405 0.010582010582010581 0.008648648648648649
1 0.12698412698412698 0.2945945945945946 0.016931216931216932 0.011891891891891892
1 0.7444444444444445 0.2913513513513514 0.009523809523809525 0.0075675675675675675
0 0.7306878306878307 0.2918918918918919 0.009523809523809525 0.008648648648648649
0 0.8322751322751323 0.29027027027027025 0.009523809523809525 0.0075675675675675675
1 0.6862433862433862 0.2913513513513514 0.007407407407407408 0.00972972972972973
0 0.6566137566137566 0.2913513513513514 0.007407407407407408 0.00972972972972973
0 0.3502645502645503 0.29243243243243244 0.010582010582010581 0.011891891891891892
0 0.6724867724867725 0.29081081081081084 0.01164021164021164 0.010810810810810811
0 0.8920634920634921 0.2891891891891892 0.010582010582010581 0.00972972972972973
1 0.6164021164021164 0.2875675675675676 0.009523809523809525 0.008648648648648649
0 0.8174603174603174 0.2875675675675676 0.009523809523809525 0.012972972972972972
0 0.20476190476190476 0.28324324324324324 0.007407407407407408 0.008648648648648649
1 0.4523809523809524 0.28594594594594597 0.009523809523809525 0.016216216216216217
0 0.32116402116402115 0.2827027027027027 0.009523809523809525 0.00972972972972973
0 0.21957671957671956 0.28216216216216217 0.009523809523809525 0.008648648648648649
0 0.14761904761904762 0.28378378378378377 0.009523809523809525 0.011891891891891892
1 0.6153439153439153 0.28162162162162163 0.009523809523809525 0.00972972972972973
1 0.553968253968254 0.2810810810810811 0.007407407407407408 0.008648648648648649
1 0.4740740740740741 0.28702702702702704 0.021164021164021163 0.02054054054054054
1 0.38677248677248677 0.2875675675675676 0.022222222222222223 0.021621621621621623
0 0.36507936507936506 0.28216216216216217 0.010582010582010581 0.010810810810810811
1 0.3513227513227513 0.2810810810810811 0.008465608465608466 0.008648648648648649
0 0.5402116402116403 0.28054054054054056 0.009523809523809525 0.00972972972972973
0 0.3343915343915344 0.28054054054054056 0.010582010582010581 0.00972972972972973
1 0.707936507936508 0.28486486486486484 0.021164021164021163 0.02054054054054054
0 0.49894179894179896 0.28 0.013756613756613757 0.010810810810810811
0 0.6550264550264551 0.27783783783783783 0.010582010582010581 0.008648648648648649
1 0.8555555555555555 0.28378378378378377 0.022222222222222223 0.022702702702702703
1 0.8317460317460318 0.27675675675675676 0.010582010582010581 0.008648648648648649
1 0.7433862433862434 0.2772972972972973 0.009523809523809525 0.00972972972972973
0 0.683068783068783 0.27837837837837837 0.013756613756613757 0.011891891891891892
0 0.21798941798941798 0.2686486486486486 0.010582010582010581 0.00972972972972973
0 0.16031746031746033 0.2686486486486486 0.01164021164021164 0.00972972972972973
0 0.4793650793650794 0.267027027027027 0.010582010582010581 0.008648648648648649
0 0.29365079365079366 0.26756756756756755 0.009523809523809525 0.00972972972972973
1 0.3931216931216931 0.26594594594594595 0.009523809523809525 0.008648648648648649
0 0.35185185185185186 0.26594594594594595 0.009523809523809525 0.008648648648648649
0 0.5671957671957671 0.2654054054054054 0.010582010582010581 0.00972972972972973
1 0.553968253968254 0.26432432432432434 0.007407407407407408 0.0075675675675675675
0 0.38042328042328044 0.2654054054054054 0.009523809523809525 0.00972972972972973
0 0.36507936507936506 0.2654054054054054 0.008465608465608466 0.00972972972972973
0 0.6423280423280423 0.26432432432432434 0.010582010582010581 0.00972972972972973
0 0.14603174603174604 0.26594594594594595 0.008465608465608466 0.012972972972972972
0 0.8899470899470899 0.2616216216216216 0.010582010582010581 0.008648648648648649
1 0.8174603174603174 0.2616216216216216 0.007407407407407408 0.008648648648648649
0 0.7439153439153439 0.26216216216216215 0.008465608465608466 0.00972972972972973
0 0.7301587301587301 0.2627027027027027 0.010582010582010581 0.010810810810810811
1 0.6164021164021164 0.25891891891891894 0.009523809523809525 0.00972972972972973
1 0.4402116402116402 0.25675675675675674 0.010582010582010581 0.011891891891891892
0 0.191005291005291 0.2556756756756757 0.007407407407407408 0.00972972972972973
1 0.32857142857142857 0.26 0.02433862433862434 0.02054054054054054
0 0.30634920634920637 0.2545945945945946 0.009523809523809525 0.00972972972972973
0 0.17724867724867724 0.25513513513513514 0.01164021164021164 0.010810810810810811
0 0.16031746031746033 0.2545945945945946 0.009523809523809525 0.00972972972972973
1 0.5322751322751322 0.25891891891891894 0.021164021164021163 0.02054054054054054
0 0.3941798941798942 0.252972972972973 0.007407407407407408 0.008648648648648649
0 0.35079365079365077 0.252972972972973 0.007407407407407408 0.008648648648648649
0 0.29365079365079366 0.25351351351351353 0.009523809523809525 0.00972972972972973
1 0.6783068783068783 0.25675675675675674 0.021164021164021163 0.02054054054054054
0 0.49894179894179896 0.2524324324324324 0.013756613756613757 0.011891891891891892
1 0.9613756613756613 0.24972972972972973 0.005291005291005291 0.010810810810810811
1 0.8539682539682539 0.2545945945945946 0.02328042328042328 0.02054054054054054
0 0.7137566137566138 0.25027027027027027 0.009523809523809525 0.011891891891891892
0 0.7402116402116402 0.24702702702702703 0.01164021164021164 0.0075675675675675675
1 0.9206349206349206 0.2464864864864865 0.010582010582010581 0.008648648648648649
1 0.9074074074074074 0.2464864864864865 0.009523809523809525 0.008648648648648649
1 0.12645502645502646 0.23891891891891892 0.01164021164021164 0.008648648648648649
1 0.33121693121693124 0.23297297297297298 0.010582010582010581 0.014054054054054054
1 0.7396825396825397 0.23027027027027028 0.006349206349206349 0.012972972972972972
1 0.9158730158730158 0.22648648648648648 0.007407407407407408 0.014054054054054054
1 0.5285714285714286 0.19675675675675675 0.01164021164021164 0.006486486486486486
1 0.18835978835978837 0.19675675675675675 0.012698412698412698 0.008648648648648649
0 0.3412698412698413 0.1962162162162162 0.009523809523809525 0.00972972972972973
1 0.671957671957672 0.19405405405405404 0.012698412698412698 0.0075675675675675675
1 0.36137566137566135 0.19405405405405404 0.009523809523809525 0.0075675675675675675
1 0.9592592592592593 0.19243243243243244 0.005291005291005291 0.010810810810810811
1 0.7005291005291006 0.1918918918918919 0.008465608465608466 0.00972972972972973
1 0.20264550264550266 0.1935135135135135 0.01164021164021164 0.012972972972972972
1 0.34814814814814815 0.1918918918918919 0.012698412698412698 0.014054054054054054
1 0.9084656084656084 0.18864864864864864 0.009523809523809525 0.00972972972972973
1 0.3798941798941799 0.18864864864864864 0.010582010582010581 0.00972972972972973
1 0.38994708994708993 0.19027027027027027 0.007407407407407408 0.015135135135135135
1 0.8566137566137566 0.18756756756756757 0.009523809523809525 0.011891891891891892
1 0.003703703703703704 0.1616216216216216 0.007407407407407408 0.011891891891891892
1 0.7238095238095238 0.15513513513513513 0.010582010582010581 0.005405405405405406
1 0.15925925925925927 0.14054054054054055 0.005291005291005291 0.008648648648648649
1 0.10264550264550265 0.14054054054054055 0.008465608465608466 0.008648648648648649
1 0.14444444444444443 0.14 0.009523809523809525 0.011891891891891892
1 0.1343915343915344 0.13891891891891892 0.006349206349206349 0.00972972972972973
1 0.18677248677248678 0.1362162162162162 0.007407407407407408 0.012972972972972972
1 0.792063492063492 0.13243243243243244 0.007407407407407408 0.0075675675675675675
0 0.1693121693121693 0.13405405405405404 0.010582010582010581 0.010810810810810811
1 0.6846560846560846 0.13027027027027027 0.006349206349206349 0.0075675675675675675
1 0.18042328042328043 0.13027027027027027 0.007407407407407408 0.011891891891891892
1 0.14285714285714285 0.12756756756756757 0.016931216931216932 0.008648648648648649
1 0.8391534391534392 0.12756756756756757 0.012698412698412698 0.015135135135135135
1 0.7105820105820105 0.12432432432432433 0.007407407407407408 0.008648648648648649
1 0.8227513227513228 0.12324324324324325 0.007407407407407408 0.008648648648648649
1 0.801058201058201 0.1227027027027027 0.006349206349206349 0.0075675675675675675
1 0.7925925925925926 0.1227027027027027 0.006349206349206349 0.0075675675675675675
0 0.08783068783068783 0.12054054054054054 0.014814814814814815 0.0075675675675675675
1 0.9571428571428572 0.11891891891891893 0.005291005291005291 0.010810810810810811
1 0.2904761904761905 0.11621621621621622 0.005291005291005291 0.0075675675675675675
0 0.30052910052910053 0.11243243243243244 0.010582010582010581 0.006486486486486486
1 0.653968253968254 0.10972972972972973 0.008465608465608466 0.0075675675675675675
1 0.8174603174603174 0.10756756756756757 0.007407407407407408 0.005405405405405406
1 0.2253968253968254 0.10702702702702703 0.010582010582010581 0.008648648648648649
1 0.12645502645502646 0.10540540540540541 0.009523809523809525 0.005405405405405406
1 0.8084656084656084 0.10648648648648648 0.006349206349206349 0.00972972972972973
0 0.8354497354497354 0.10432432432432433 0.01164021164021164 0.0075675675675675675
1 0.05767195767195767 0.10270270270270271 0.005291005291005291 0.008648648648648649
1 0.17671957671957672 0.09945945945945946 0.010582010582010581 0.006486486486486486
1 0.4582010582010582 0.1 0.012698412698412698 0.00972972972972973
1 0.3978835978835979 0.1 0.008465608465608466 0.00972972972972973
1 0.1259259259259259 0.09783783783783784 0.010582010582010581 0.005405405405405406
1 0.9560846560846561 0.09513513513513513 0.005291005291005291 0.010810810810810811
1 0.6671957671957672 0.09243243243243243 0.007407407407407408 0.00972972972972973
1 0.737037037037037 0.08972972972972973 0.009523809523809525 0.006486486486486486
1 0.6783068783068783 0.0891891891891892 0.010582010582010581 0.005405405405405406
0 0.7238095238095238 0.09027027027027026 0.012698412698412698 0.00972972972972973
1 0.8005291005291005 0.0891891891891892 0.01164021164021164 0.00972972972972973
0 0.7587301587301587 0.08648648648648649 0.012698412698412698 0.006486486486486486
1 0.8857142857142857 0.08540540540540541 0.006349206349206349 0.008648648648648649
1 0.7238095238095238 0.07783783783783783 0.006349206349206349 0.010810810810810811
1 0.7158730158730159 0.07567567567567568 0.007407407407407408 0.008648648648648649
1 0.9962962962962963 0.07513513513513513 0.007407407407407408 0.00972972972972973
1 0.7634920634920634 0.07513513513513513 0.007407407407407408 0.00972972972972973
1 0.06455026455026455 0.07081081081081081 0.010582010582010581 0.00972972972972973
1 0.7693121693121693 0.06 0.006349206349206349 0.00972972972972973
0 0.7497354497354497 0.06 0.009523809523809525 0.00972972972972973
1 0.81005291005291 0.05783783783783784 0.007407407407407408 0.00972972972972973
0 0.17777777777777778 0.062162162162162166 0.010582010582010581 0.02054054054054054
1 0.007407407407407408 0.046486486486486484 0.010582010582010581 0.008648648648648649
0 0.8201058201058201 0.044864864864864865 0.010582010582010581 0.0075675675675675675
1 0.7312169312169312 0.04378378378378378 0.008465608465608466 0.0075675675675675675
1 0.7153439153439154 0.044864864864864865 0.008465608465608466 0.00972972972972973
1 0.5915343915343916 0.04432432432432432 0.008465608465608466 0.008648648648648649
0 0.9095238095238095 0.04432432432432432 0.007407407407407408 0.010810810810810811
1 0.8328042328042328 0.04432432432432432 0.006349206349206349 0.010810810810810811
1 0.9957671957671957 0.04216216216216216 0.008465608465608466 0.010810810810810811
1 0.7317460317460317 0.032432432432432434 0.005291005291005291 0.008648648648648649
1 0.626984126984127 0.03135135135135135 0.007407407407407408 0.008648648648648649
0 0.7582010582010582 0.02972972972972973 0.009523809523809525 0.00972972972972973
1 0.07248677248677249 0.025405405405405406 0.009523809523809525 0.0075675675675675675
1 0.13915343915343914 0.021621621621621623 0.009523809523809525 0.008648648648648649
1 0.15978835978835979 0.023243243243243242 0.010582010582010581 0.014054054054054054
1 0.7518518518518519 0.015135135135135135 0.005291005291005291 0.010810810810810811
1 0.8523809523809524 0.013513513513513514 0.007407407407407408 0.00972972972972973
1 0.7857142857142857 0.014054054054054054 0.007407407407407408 0.010810810810810811
0 0.6164021164021164 0.012432432432432432 0.009523809523809525 0.0075675675675675675