1 0.4451745735014315 0.9907324983440469 0.009340126430427753 0.007737534556590542
1 0.3063817740173749 0.9703414125242251 0.017147082073821873 0.01210419872264501
1 0.3947853226876232 0.9805455396343337 0.011035641115258898 0.01217655830100528
1 0.5364359653396473 0.9978986985215386 0.010385799491067327 0.004202602956922763
1 0.43134782527348636 0.9830673327153436 0.00934012643042792 0.007737534556590431
1 0.3852577953709946 0.976297982757497 0.01159387534738976 0.009137680249794888
1 0.09934872338472227 0.9057491825207751 0.011268904595375606 0.00700121367339579
1 0.27518099362454174 0.9325669425790515 0.011268934044318446 0.007001218348159033
0 0.5942677696357415 0.9821251685955802 0.011268875146432822 0.0070012089986324355
1 0.566035127079445 0.9776434823790376 0.011268875146432822 0.0070012089986326576
1 0.39402511853900973 0.9503383910172972 0.010223260983678872 0.006835226853259879
1 0.49473282733804547 0.9641367592180241 0.014730835631422468 0.009635645384966085
1 0.1092179702855777 0.8690239321376343 0.009502558675053521 0.008805701934759269
0 0.09639101779988468 0.8653467023117112 0.0107106818962531 0.010039978603598732
0 0.5084597278735921 0.9302119815897117 0.012964448729149258 0.011440242092574104
0 0.26385806552377333 0.8908365561219911 0.010710681896253071 0.010039978603598843
0 0.12784186044496562 0.8697922087390735 0.012964478178092223 0.011440246767337459
0 0.3256328289905771 0.9000957813040538 0.010873161505756068 0.01110826845230195
0 0.31195811339596435 0.8984720199696982 0.011035641115258898 0.012176558301005391
0 0.23196562615312413 0.8857739090228276 0.014172601399291884 0.01267452343617681
0 0.21949901586377657 0.8832479624556759 0.009827488445116439 0.010942276957402686
0 0.14316631071081765 0.8711308100540447 0.007736201221723055 0.010610303317130643
0 0.8668397472399552 0.9854606268715311 0.012081255278012737 0.01234254044637828
0 0.8035777050289764 0.9754183284206535 0.013126928338652366 0.012508531941277545
0 0.7863244529157379 0.9726795248519742 0.012081255278012737 0.01234254044637828
0 0.7726496989142152 0.9710558177407409 0.014335063092860256 0.013742695489109003
0 0.692134404589998 0.958274715721184 0.014335063092860256 0.013742695489109003
0 0.6792262065330493 0.9551315695843454 0.01087322040364147 0.011108277801828659
1 0.004585315535748304 0.8483542211592889 0.009170631071496608 0.012342546874177796
0 0.8176940557560675 0.9776591762036881 0.014497542702363142 0.014810985337812221
1 0.4942267895798568 0.9252174816848813 0.011035700013144467 0.012176567650531989
1 0.3753930732346492 0.9003363933267068 0.009827488445116495 0.010942276957402686
1 0.18693172364967803 0.87206085758552 0.012406240754498365 0.014479009360158668
1 0.7456002198955104 0.9552743279569058 0.010385799491067438 0.007903526051489806
1 0.5736714716508022 0.9274351552434625 0.011268875146432822 0.0070012089986326576
1 0.7570565548260295 0.9609221483227179 0.012893617493658471 0.017683754098352655
1 0.7339355722105152 0.954516748759823 0.0068530077705865056 0.011512601670934708
0 0.2684218908437179 0.8784324007125861 0.009989968054619325 0.012010566806106127
1 0.10031538957392255 0.8501058943582973 0.009502558675053521 0.00880570193475938
0 0.03741370587949219 0.8412148214369963 0.009827503169587914 0.01094227929478453
1 0.8427189157508072 0.9750673433915966 0.02657879798037599 0.027153525784190613
0 0.6802114748433927 0.9416123083679675 0.010710740794138918 0.010039987953125329
0 0.2220528027230464 0.8699776295837613 0.01103564111525887 0.01217655830100528
0 0.05213409613047597 0.8430045141996747 0.012081299451427031 0.012342547458522923
0 0.8188418036759136 0.9630716251386071 0.011918775668509962 0.011274250597674729
1 0.8057711260094621 0.9609967688504717 0.010873220403641692 0.011108277801828659
0 0.7888782308170406 0.9594092508779453 0.013289390032220738 0.013576703994209738
1 0.6646891530327308 0.9380541928434072 0.010710740794138696 0.010039987953125218
0 0.48049168972592343 0.9099085312118975 0.011035700013144467 0.012176567650531878
0 0.4500864612435964 0.905629006929908 0.013289390032220794 0.013576703994209627
1 0.28964947250512 0.8867253431821799 0.026741336487764555 0.02822182498242043
0 0.2358087581224106 0.8710672459937653 0.011035641115258926 0.012176558301005391
1 0.1110968790232281 0.849629258121808 0.011593845898446933 0.009137675575031423
0 0.8680687938624383 0.9703389402316249 0.012081255278012848 0.01234254044637828
0 0.7760512725648433 0.9557319598167551 0.014172601399291773 0.012674523436176921
1 0.6506540920503096 0.935279268383433 0.009827547343002063 0.010942286306929394
0 0.5118612925662529 0.9148881825636115 0.013451869641723735 0.014644993842913068
0 0.46661904945511945 0.9060653075536934 0.011918775668509907 0.01127425059767484
0 0.3268618461641175 0.8849740899893841 0.01538073615349983 0.01390868698400849
0 0.4183773954347909 0.8852786816959387 0.01159387534738976 0.009137680249794666
1 0.0423837359896982 0.8261400026411001 0.010710681896253113 0.010039978603598843
0 0.28722913984047826 0.8639129968418381 0.012801969119646595 0.010371952243870775
0 0.604828675514413 0.9126880953664293 0.009502588123996403 0.008805706609522623
1 0.482487224437128 0.8932674550947448 0.009502588123996292 0.008805706609522623
1 0.37976946821945023 0.8786029683293943 0.012081314175898417 0.012342549795904767
0 0.2684886089830648 0.8603911200043437 0.012964448729149425 0.011440242092574215
1 0.05622093855604954 0.826695475295443 0.008781859557891195 0.010776292474648508
1 0.8521257014226963 0.95194434529752 0.010873220403641692 0.011108277801828659
1 0.5917579978479615 0.9106132390782942 0.010873220403641581 0.011108277801828659
1 0.25505757439579635 0.8571649781200553 0.008781874282362545 0.010776294812030018
0 0.2257792882278031 0.8525173050833768 0.010873161505755957 0.011108268452302061
0 0.08602206125436256 0.8314261440795714 0.014335063092860312 0.013742695489109225
0 0.884099380598097 0.9564728474723319 0.012081255278012848 0.01234254044637828
0 0.5139380670822089 0.8977129615221071 0.012081255278012848 0.01234254044637828
0 0.30122880569612953 0.8634002373766725 0.008781874282362545 0.010776294812030018
1 0.19179554690928904 0.8471226820065594 0.01224374642052406 0.013410717174073494
0 0.776478347625007 0.9388419647046655 0.01224371697158122 0.013410712499310362
0 0.6970086674635436 0.9262268448304813 0.012243716971581331 0.013410712499310362
0 0.6829735565412042 0.9234518521230952 0.013126928338652366 0.012508531941277545
0 0.6364419888110298 0.9160653708429738 0.012081255278012848 0.01234254044637817
0 0.4999841870066536 0.8944038827882548 0.011035700013144523 0.012176567650531989
0 0.4078854553532498 0.8803310519724998 0.011198102808827326 0.013244730353937695
0 0.8691811261645391 0.9524636416687551 0.01328939003222085 0.013576703994209738
0 0.837892763128961 0.9469498453926894 0.013451869641723846 0.014644993842913068
1 0.5745505699217289 0.9040525430874744 0.011035700013144467 0.0121765676505321
1 0.3821149128753013 0.8702228719514458 0.009665008835613609 0.009873987108699467
1 0.20471417721793672 0.8431561316629652 0.011035641115258926 0.012176558301005502
1 0.6663347982902645 0.9131522005596993 0.013126928338652366 0.012508531941277545
1 0.5764544473009545 0.8950553107124879 0.011268875146432822 0.0070012089986324355
0 0.5648251563358191 0.8975854696636669 0.01184806222878998 0.017517781302506585
0 0.07300767475240813 0.8184196440813953 0.012893654304836896 0.01768375994180671
0 0.059216307416416286 0.8140422807579483 0.01119810280882736 0.013244730353937584
1 0.2420890304864371 0.8403365886214662 0.009665008835613609 0.009873987108699356
0 0.0436939692855515 0.8104842229625827 0.011198102808827347 0.013244730353937584
1 0.8399237044999439 0.933596575671211 0.008456915063356774 0.008639715114623359
0 0.4857263184782532 0.8790118870194623 0.009990026952505004 0.012010576155632724
1 0.44606224754366397 0.8792799328615736 0.026578827429318885 0.027153530458953856
1 0.4241951976118839 0.8681503355105893 0.009665008835613609 0.009873987108699356
0 0.2884581186071087 0.8487913597502907 0.01345186964172379 0.014644993842913068
0 0.8847243419275418 0.9418023689072132 0.015380736153499885 0.013908686984008267
0 0.8706892310052022 0.9390273761998269 0.012081255278012737 0.01234254044637828
0 0.6857710538567612 0.9085791433760112 0.011756296059007076 0.01020596074897151
0 0.6384729301820125 0.9027121011214954 0.012243716971581331 0.013410712499310251
1 0.5157711221839105 0.8821401752536577 0.010873220403641581 0.011108277801828659
1 0.5023400786386749 0.8789140922672551 0.01054826118463581 0.008971698104421777
0 0.4105204730593039 0.8665266330741194 0.012243775869466789 0.013410721848836848
0 0.3023765830649186 0.8488126909863546 0.013126928338652366 0.012508531941277656
0 0.22994737045812808 0.8356741212547933 0.011593875347389676 0.009137680249794666
1 0.9291292157745445 0.9455690701513882 0.006365568942077848 0.008307732124824607
0 0.8529131423616441 0.9362055768836979 0.014497542702363253 0.014810985337812443
0 0.779798622572998 0.9240522423555046 0.014335063092860367 0.013742695489109003
0 0.6988417315232125 0.9106539996641464 0.013126928338652366 0.012508531941277434
0 0.4747115124174496 0.8739812568738106 0.013847642180286057 0.01053794373877004
0 0.12218468716348632 0.8048920694649343 0.011756325507949847 0.010205965423734753
1 0.8726847657164067 0.9223863000826743 0.010548261184635699 0.008971698104421888
1 0.7011976231552339 0.8951642091431469 0.01054826118463581 0.008971698104421999
0 0.3063821946437079 0.833037738108589 0.009665008835613609 0.009873987108699467
0 0.23197831182911097 0.8223208515333149 0.014172601399291829 0.01267452343617681
0 0.10919526402625762 0.802283070589829 0.01087316150575604 0.011108268452302172
0 0.06109520142959527 0.7946476044047404 0.010873161505756027 0.011108268452302172
1 0.046978880151446994 0.7924067612964691 0.009827503169587887 0.010942279294784307
1 0.639585330339966 0.8848367530102665 0.010710740794138696 0.010039987953125329
1 0.5956678274656191 0.8778652317683404 0.010710740794138696 0.010039987953125329
1 0.930358194541175 0.9304474330598409 0.00669052816108362 0.010444311822231267
0 0.8561168207850237 0.9186622613106268 0.012964448729149591 0.011440242092574104
0 0.8414776335276128 0.9163384177801426 0.012964448729149591 0.011440242092574215
1 0.6245857772037711 0.8813616827815149 0.009665067733499177 0.009873996458226064
0 0.6076116511645653 0.8803082508354545 0.014335063092860256 0.013742695489109003
0 0.48691989058510543 0.8606024435322408 0.013126928338652366 0.012508531941277545
0 0.3358229604212041 0.8366171212965642 0.012081314175898528 0.012342549795904878
1 0.24641959232626504 0.8224251149441795 0.008944353891865514 0.01184458466073346
0 0.8107121070223546 0.9109076172515267 0.012081255278012959 0.012342540446378059
0 0.32222947567337556 0.8344592739357426 0.01240625547896973 0.0144790116975404
0 0.07702372226401435 0.7955349953075423 0.011360582418330253 0.014313020202641025
0 0.686802205251996 0.8912379990870197 0.013451869641723624 0.014644993842913179
0 0.2915451505659587 0.8284943827058971 0.013451869641723735 0.014644993842913179
1 0.6970254662356747 0.8873905630447882 0.012801969119646484 0.010371952243870664
1 0.5799934935126004 0.8682657755220813 0.013939290554297878 0.01784974559325192
1 0.11009931621428815 0.789297897737299 0.008781844833419802 0.010776290137266775
1 0.24740489008555117 0.8089058584025648 0.010548202286750241 0.00897168875489529
1 0.14737205621667182 0.8012319514789026 0.026578827429318802 0.027153530458953856
0 0.08150631882256106 0.7836649865755252 0.011918812479688429 0.011274256441128894
0 0.05005547249636226 0.7792194795638174 0.012081299451427031 0.012342547458523256
1 0.4209729317918325 0.8435696264749422 0.02553318381762204 0.026987543638817835
1 0.26987600162793113 0.8195843042392654 0.026578856878261614 0.02715353513371721
0 0.2343342124190996 0.8068310021144296 0.011918834566395475 0.011274259947201437
0 0.06441552055100058 0.7798578890677246 0.01087316150575602 0.011108268452302172
1 0.8744366399112425 0.9073476680881033 0.009827547343001841 0.010942286306929505
0 0.8576249256256867 0.9052259958416986 0.012081255278012848 0.01234254044637817
0 0.8273009958459968 0.900412335984884 0.012081255278012737 0.01234254044637817
0 0.8121389720582662 0.8980054967069501 0.011035700013144467 0.0121765676505321
1 0.7876369485938461 0.9006803252664912 0.0265787979803761 0.027153525784190724
1 0.688472789702162 0.8767334437693881 0.009502588123996292 0.008805706609522623
1 0.6642498244559216 0.8810936934999075 0.0265787979803761 0.027153525784190613
0 0.6113735138801575 0.8661357280559807 0.01103570001314469 0.012176567650531989
0 0.5192747617357782 0.8520628336675768 0.01328939003222085 0.013576703994209738
0 0.4895548993331922 0.8467980835317459 0.012081255278012903 0.01234254044637817
0 0.12349494414177825 0.7892362332259131 0.016426379765196494 0.0140746738041444
1 0.84375229431285 0.901382713285609 0.010873220403641692 0.011108277801828548
0 0.7015434673686135 0.8788083000575235 0.015055794850428406 0.011772225082372745
0 0.6419412219719874 0.8693469624892669 0.010873220403641692 0.011108277801828548
0 0.4764842216667407 0.8447232272436107 0.013451869641723735 0.014644993842913179
0 0.33636665249695463 0.8224807829810339 0.015543215763002716 0.014976976832711819
0 0.8884716919356965 0.910122651445963 0.015868174982008543 0.01711355653011848
1 0.14563700128494267 0.7774343652604295 0.00950255867505348 0.00880570193475938
1 0.3276619522880766 0.8057822005134005 0.009665008835613553 0.009873987108699356
0 0.7968000148514809 0.8791597619454696 0.010710740794138696 0.010039987953125551
0 0.4183547038999422 0.8185378224855151 0.010873161505756013 0.01110826845230195
0 0.05229473238832534 0.760976029908877 0.011035641115258912 0.012176558301005391
0 0.3415803872969437 0.805803527074701 0.00998996805461938 0.012010566806106238
0 0.8138554395933237 0.8796790583167049 0.011035700013144578 0.0121765676505321
1 0.6895038821995112 0.85939229013087 0.008781874282362545 0.010776294812030018
0 0.6606671633081433 0.8553617530912296 0.012081255278012848 0.01234254044637828
0 0.8285758077576004 0.8814687475733108 0.013289390032220738 0.013576703994209627
0 0.5994964672184437 0.8456514376301507 0.011360641316215947 0.014313029552167511
1 0.7656387158076603 0.8692899283229122 0.007736201221723027 0.010610303317130754
1 0.02366634097590503 0.7520552540378889 0.006853022495057846 0.01151260400831633
0 0.8757926916275975 0.8878699347521783 0.01361434925122651 0.015713283691616398
0 0.6138564784619036 0.8462898412906035 0.01256867619058688 0.015547292196717133
1 0.4031573323503189 0.8128431861614336 0.011848003330904466 0.017517771952979877
1 0.20444773841562242 0.778017642484257 0.010152444472659283 0.013078741196420163
1 0.7529388215472204 0.86125659991523 0.007898680831225913 0.011678593165834084
0 0.0351331228825946 0.7505933802606498 0.013056141276575499 0.01875205095920096
0 0.5257529408600615 0.8235517564148975 0.009106815585433914 0.01291275671366554
1 0.4789422470558544 0.814479903512157 0.00861939467285966 0.009708004963326577
0 0.2681618111996 0.7815673250599267 0.009827488445116495 0.010942276957402797
1 0.24470542238890952 0.7844081993374896 0.025370704208119182 0.025919253790114394
0 0.1609823397366314 0.7645535170540312 0.01087316150575604 0.011108268452302172
0 0.14807413272171552 0.7614104298150781 0.01159384589844692 0.009137675575031312
1 0.12175988921004907 0.7654386470074399 0.026578827429318816 0.027153530458953967
0 0.07097489530662113 0.7508126598785484 0.011035641115258898 0.012176558301005613
0 0.05710228448475997 0.7469694408951078 0.01159386062291836 0.009137677912412934
1 0.6379523707584192 0.8462856878044618 0.02553324271550772 0.026987552988344543
0 0.28199903585265845 0.7821228012203422 0.011756354956892534 0.010205970098497996
0 0.08794906920035896 0.751866099421099 0.012964470815856555 0.011440245598646648
0 0.8926606476273868 0.8790600157586284 0.00999002695250506 0.012010576155632724
0 0.7995975121670379 0.8642870531983858 0.00999002695250506 0.012010576155632835
0 0.7070571543391231 0.8495970770360664 0.013126928338652477 0.012508531941277545
0 0.6918951894492782 0.847190247107659 0.009990026952505171 0.012010576155632835
0 0.6620940961999078 0.842459582998294 0.011035700013144578 0.0121765676505321
1 0.614760565865381 0.8333047343481041 0.00950258812399618 0.008805706609522734
0 0.34333223204283664 0.7907648904053667 0.010710681896253127 0.010039978603598732
0 0.8296423158726953 0.8674153414325814 0.010873220403641581 0.011108277801828659
0 0.8158863899222738 0.8663257296973408 0.01119816170671295 0.013244739703464292
1 0.305155425127951 0.7918160071789113 0.031573811456628575 0.03315881386200692
0 0.0724476066162458 0.7340886504179042 0.010548202286750213 0.00897168875489518
1 0.25612228492838335 0.7621513244828 0.009502529226110723 0.008805697259996137
0 0.05893534694869733 0.7313966557953493 0.008619379948388288 0.009708002625944956
1 0.7080070748875738 0.832790018773541 0.009502588123996403 0.008805706609522623
0 0.6174767644783009 0.8189661611758452 0.010710740794138696 0.010039987953125329
0 0.31467885726436984 0.7714466705561571 0.011918834566395475 0.011274259947201548
0 0.1635819418249399 0.7474613506578621 0.012964478178092237 0.011440246767337348
1 0.14954686035154313 0.7446863626252391 0.009665038284556365 0.009873991783462821
1 0.8477642487296329 0.853881231663087 0.008456915063356663 0.008639715114623359
0 0.7870351493655015 0.8447880568738095 0.012801969119646595 0.010371952243870886
0 0.695459233751442 0.8307981582328554 0.011918775668510073 0.01127425059767484
0 0.42298525631720085 0.7880923274699819 0.01312692833865231 0.012508531941277434
0 0.24357444379225154 0.7601594639421144 0.014335063092860312 0.013742695489109114
0 0.1343848807372267 0.7422795303594503 0.01312695778759515 0.012508536616040788
0 0.8629262725173634 0.856288070941021 0.011918775668509962 0.01127425059767495
0 0.8001870668367044 0.846328768237593 0.011918775668510073 0.011274250597675062
0 0.6036041831053827 0.8151229468671678 0.011918775668510073 0.01127425059767484
1 0.5121094983381074 0.8005989621997477 0.008781874282362545 0.01077629481203024
0 0.3018519195031482 0.7677694430676157 0.011035641115258898 0.012176558301005391
0 0.9367260495479464 0.8674561020184338 0.0068530077705863945 0.011512601670934597
0 0.6783683933918536 0.8269911143638317 0.01328939003222096 0.013576703994209849
1 0.39633151143014844 0.7767499250032106 0.00982748844511655 0.010942276957402686
1 0.21169244403553703 0.7479871215312088 0.00685302249505787 0.01151260400831633
1 0.03924085349400484 0.7200648918350486 0.011848003330904473 0.017517771952979766
1 0.7571278271788291 0.8301940324753077 0.006853007770586617 0.011512601670934708
0 0.0591540977213766 0.7193967793814545 0.0099899827790908 0.012010569143487748
1 0.5774733041975926 0.8038635448226095 0.010964868777653458 0.01842007965631065
0 0.1369386439140579 0.7290092540480397 0.011918805117452719 0.011274255272438305
1 0.09823902991779539 0.7299773797488981 0.02657882742931883 0.027153530458953856
0 0.07568667857066397 0.7198330788365491 0.011035641115258912 0.012176558301005613
1 0.46080171207777376 0.7858899863355515 0.02537073365706205 0.02591925846487786
0 0.4234477175461673 0.7744900751809178 0.012243775869466844 0.01341072184883707
1 0.33994746612230686 0.7672524076457738 0.028670144101655082 0.027485508773989142
0 0.31880111530768895 0.758425379149714 0.012406255478969785 0.01447901169754029
1 0.30500974429057925 0.7540480152419216 0.010710681896253127 0.010039978603598843
0 0.2890812324141274 0.7531605654412341 0.011198102808827326 0.013244730353937695
0 0.24367654810040104 0.7454059260568973 0.00998996805461938 0.012010566806106238
0 0.1672626031426907 0.7338229185796177 0.01224374642052406 0.013410717174073827
0 0.15314628186454246 0.7315820754713463 0.013289419481163578 0.013576708668973092
0 0.1233451591662294 0.726851406687218 0.014335063092860298 0.013742695489109114
0 0.8650384536930977 0.8424006562951908 0.011918775668509962 0.01127425059767484
1 0.8258160031665154 0.8432857862485994 0.02553324271550783 0.026987552988344432
0 0.7103629665195952 0.8173002282525414 0.011756296059007076 0.010205960748971399
0 0.6960028963782497 0.8166618152425618 0.01328939003222085 0.013576703994209738
1 0.6663642827383824 0.8108628612844935 0.009827547343002174 0.010942286306929394
0 0.6202742528358907 0.804093511326647 0.009990026952504949 0.012010576155632613
0 0.2572700328482296 0.7475637734177188 0.014497542702363253 0.014810985337812443
0 0.8958852200031074 0.8472973118994551 0.01119816170671295 0.013244739703464403
1 0.8808857347227654 0.8438221921223443 0.009827547343001952 0.010942286306929394
0 0.8013348147565507 0.8317412171725118 0.014172601399291773 0.012674523436176921
0 0.7875788209502765 0.8306516549856302 0.012406196581084217 0.014479002348013803
0 0.6805618143723393 0.8125695547936498 0.013126928338652477 0.012508531941277545
1 0.6418622003760768 0.8135376804945081 0.027786950650518394 0.02838780712779343
0 0.8522927262876847 0.8381892792075344 0.01296444872914937 0.011440242092574104
1 0.6771416827739823 0.7857693927836806 0.008294453369788402 0.007571543061691055
0 0.1742490471919707 0.6878876330430848 0.014010121789788943 0.01160623358747348
0 0.34187855084292373 0.7123092535651654 0.009502529226110668 0.008805697259996026
0 0.2654646206096848 0.7007262484252675 0.011756354956892645 0.010205970098498218
1 0.16089925817595796 0.6841274074697121 0.009665038284556421 0.009873991783462821
0 0.11533209425272874 0.6774410579340786 0.012964478178092237 0.011440246767337459
0 0.10226143131074857 0.6753662039833249 0.011918805117452747 0.011274255272438083
0 0.46220993977709535 0.7308637729348444 0.01175632550794986 0.010205965423734864
0 0.28279914197661743 0.7029309117443585 0.010873161505756013 0.011108268452302061
0 0.25195234621766494 0.6980342514653309 0.011918834566395475 0.011274259947201548
0 0.14634135489671274 0.6812694260270211 0.011918805117452719 0.011274255272438194
0 0.13162095728349327 0.6794797320956518 0.009989997503562192 0.01201057148086948
0 0.08561221135916716 0.6721762442255985 0.009989982779090786 0.01201056914348786
1 0.5360097225741824 0.7420318652475245 0.008781874282362545 0.010776294812030018
0 0.5051629562641727 0.7371352096432602 0.011918775668509962 0.01127425059767495
0 0.4764074771775565 0.732570527679268 0.010873220403641637 0.011108277801828659
1 0.8551777767970437 0.7910558921165791 0.010710740794138696 0.010039987953125329
0 0.8388888990418079 0.7890172156176243 0.011918775668509962 0.01127425059767484
0 0.685700681654513 0.7646999197416755 0.01087322040364147 0.011108277801828659
0 0.5234618814380507 0.740040004706839 0.01328939003222085 0.013576703994209738
0 0.8252954437429221 0.7868593729315658 0.01224371697158122 0.013410712499310584
0 0.7030351735725029 0.7669045783860032 0.012081255278012848 0.01234254044637817
0 0.35796954232887845 0.7121284135171495 0.009989968054619436 0.012010566806106238
1 0.8721519617341351 0.792109333412166 0.008781874282362545 0.010776294812030018
0 0.4923359980119756 0.73345791858207 0.01345186964172368 0.014644993842912957
0 0.7172327551463782 0.7686113401425716 0.013614349251226399 0.01571328369161651
0 0.2326181949593179 0.6878537707638017 0.01201048294040738 0.018586061801683318
1 0.05168474120382943 0.6558500345835898 0.00998998277909078 0.01201056914348786
0 0.18002101045758634 0.6745811769424941 0.008781844833419788 0.010776290137266886
1 0.7678761429016685 0.7700861652614153 0.010802389168150683 0.01735178980760721
0 0.11812957684381428 0.662568346849613 0.009502558675053535 0.00880570193475938
0 0.08728280317156885 0.6576716900766579 0.010548202286750241 0.008971688754895402
0 0.07344558428501459 0.6571162751515096 0.013126943063123758 0.012508534278659167
1 0.7647850068046415 0.7657663077041037 0.0068530077705863945 0.011512601670934708
1 0.5981657458721111 0.7382229288417521 0.009665067733499288 0.009873996458226064
1 0.44026165004056383 0.7202683205082119 0.02641637726875873 0.02608524528501388
0 0.26809960886679607 0.6869218248521237 0.011035641115258954 0.012176558301005391
0 0.16405709768786036 0.6704059819813997 0.012081284726955632 0.012342545121141524
0 0.14837229626769563 0.6679161563055427 0.012081284726955632 0.012342545121141413
1 0.10574420635921816 0.6595082553581098 0.009502558675053521 0.008805701934759269
0 0.8560818053026356 0.778070775824553 0.010710740794138807 0.01003998795312544
1 0.8000476993883832 0.7768342428810836 0.028670144101655026 0.027485508773989364
1 0.7191824656705768 0.7557921564475593 0.008456915063356885 0.008639715114623359
0 0.7045433373110517 0.7534683222666017 0.01054826118463581 0.008971698104421999
1 0.6202765299426171 0.747750093757063 0.026416318370872993 0.026085235935487283
0 0.5077979739702267 0.7233307907448796 0.010873220403641581 0.011108277801828659
1 0.494285699578207 0.7206387937849432 0.010710740794138751 0.010039987953125329
0 0.47747404419053685 0.7185171308880651 0.010873220403641581 0.011108277801828659
0 0.4645658608580596 0.7153739870886081 0.009502558675053507 0.00880570193475938
0 0.254587363923719 0.6842298325669505 0.013289390032220766 0.013576703994209738
0 0.902090595400376 0.7853742707067513 0.013126928338652477 0.012508531941277545
1 0.8719290863323034 0.7794923116517067 0.00861939467285966 0.009708004963326577
0 0.8401179367063238 0.7738955878756035 0.009502588123996403 0.008805706609522734
1 0.8270472590398723 0.7718207315874683 0.010548261184635921 0.008971698104421999
0 0.6882544595558157 0.7514296457676466 0.00999002695250506 0.012010576155632613
0 0.5371575293919144 0.7274443235319699 0.011035700013144356 0.012176567650531878
0 0.34684856622865834 0.6972344324318874 0.01312692833865231 0.012508531941277434
1 0.40880673270624857 0.6912059841539078 0.010223260983678761 0.006835226853259768
1 0.30146477586727294 0.6752604047614483 0.009502529226110668 0.008805697259995915
0 0.268887020356801 0.6711830517635384 0.014010121789789054 0.011606233587473591
0 0.2888356949263896 0.6738026891451145 0.012081314175898472 0.012342549795904767
0 0.1812146120133813 0.656171738130036 0.011918805117452719 0.011274255272438194
0 0.16814394907140115 0.6540968841792822 0.010873161505756013 0.011108268452302172
0 0.07910092317280754 0.6410561610856689 0.015380721429028396 0.013908684646626757
0 0.8412656846261701 0.7593080368105223 0.009665067733499177 0.009873996458225842
0 0.6154045441757978 0.7234545470781818 0.0096650677334994 0.009873996458225953
0 0.8727165272712512 0.7637535432378846 0.011918775668509851 0.011274250597674729
1 0.8283574865692214 0.7561648906736838 0.010710740794138807 0.010039987953125329
0 0.6766564800702489 0.732630717614909 0.01296444872914937 0.011440242092574104
0 0.6306477488703942 0.7253272320822374 0.008781874282362434 0.010776294812030018
0 0.5271280594973069 0.7088943826215814 0.010873220403641581 0.011108277801828659
1 0.5110016613515738 0.705787416273923 0.009665067733499177 0.009873996458225953
0 0.8586814163489114 0.7609785505304985 0.013126928338652255 0.012508531941277434
0 0.8111854653027673 0.7528920010785383 0.011918775668509962 0.01127425059767495
1 0.7701258644942734 0.7447330238008053 0.011035700013144467 0.012176567650531878
0 0.7974753046414662 0.7479804875716309 0.013776828860729617 0.016781573540319727
1 0.6003342366179318 0.7134038734076085 0.01103570001314469 0.012176567650531989
1 0.4215274709791109 0.6850198560280756 0.011035641115258954 0.012176558301005502
1 0.05703599433398189 0.6277070483564047 0.012243761144995473 0.013410719511455449
1 0.5907608761563301 0.7129782678507977 0.011685600535221607 0.016449609249574393
1 0.411233417166851 0.6822917428516075 0.011035641115258843 0.012176558301005391
1 0.7705778787470694 0.7382404656547923 0.012081255278012848 0.01234254044637828
0 0.16904799230146442 0.6411117702246378 0.008781844833419816 0.010776290137266775
1 0.1147448166897886 0.6390559253252875 0.029553308103848902 0.026583205745421834
0 0.5133117198386221 0.6941195770729494 0.011035700013144578 0.012176567650531989
1 0.47529740725771075 0.6941024063351722 0.02641634781981589 0.026085240610250415
0 0.36229600003052936 0.6696001052381575 0.01191883456639553 0.011274259947201437
0 0.2740549220118168 0.6583277471772313 0.012731214697975557 0.01661559139494695
0 0.15248001215463447 0.6373876655425599 0.01538070670455699 0.013908682309245135
1 0.8592251378736048 0.7468422168897313 0.009665067733499288 0.009873996458225953
0 0.7231277019480128 0.7263319555332797 0.012081255278012737 0.01234254044637828
0 0.7087322840447747 0.7224057454771526 0.01159381644950408 0.009137670900268069
0 0.6782458247156635 0.7186603072216291 0.011918775668509851 0.011274250597674729
1 0.2988361009992122 0.6573382949150726 0.015776449794176528 0.009801627530338974
0 0.8434591056066558 0.7448864772403405 0.012243716971581331 0.013410712499310362
0 0.8297843516051331 0.7432627701291072 0.014497542702363253 0.014810985337812332
0 0.8126123392966461 0.7399898216360763 0.015380736153499663 0.01390868698400849
1 0.6243593066369237 0.7068241660280038 0.011268875146432822 0.0070012089986324355
0 0.45029339704189764 0.6824748438490166 0.014335063092860312 0.013742695489109114
1 0.543296186649836 0.6835625630475086 0.009340126430427809 0.007737534556590542
1 0.2756901292511473 0.640535390138689 0.009502529226110723 0.008805697259996026
0 0.14333372098669223 0.6200720036383923 0.0107106818962531 0.010039978603598732
0 0.12660326123035934 0.6174161888050176 0.010710681896253127 0.010039978603598843
0 0.2626194515846957 0.6384605338505538 0.010873161505755957 0.01110826845230195
0 0.08320864642198211 0.610527671491377 0.014172601399291843 0.01267452343617681
0 0.8145266342030992 0.7238828904432753 0.011593816449503969 0.009137670900268069
0 0.15708969111052778 0.6211616223857777 0.013126957787595123 0.012508536616040788
0 0.11361383809313064 0.6148071899299123 0.012243746420524088 0.013410717174073716
1 0.6195122600627366 0.692926056315199 0.008781874282362656 0.010776294812030018
0 0.3648143712720537 0.6530420248684545 0.012081314175898417 0.012342549795904656
0 0.3522665301359219 0.6510501643277691 0.012081314175898361 0.012342549795904656
0 0.6948805377263115 0.7043431335328463 0.011035700013144467 0.012176567650531989
0 0.6797998126412181 0.7014021586800873 0.009827547343002063 0.010942286306929283
0 0.6331057153616223 0.6950838990012572 0.01328939003222085 0.013576703994209849
0 0.5301900933656389 0.6781999592615848 0.009990026952504949 0.012010576155632724
0 0.8456171109693961 0.72717717017237 0.013126928338652366 0.012508531941277434
1 0.4278431410449485 0.657577063949336 0.00861939467285966 0.009708004963326688
0 0.8317445295964777 0.7233339558636925 0.014660022311866028 0.01587927518651555
1 0.7739544453492124 0.712519220313089 0.011035700013144467 0.012176567650531878
1 0.24223964775668477 0.6281141252267741 0.01063986857669652 0.01628360840514842
1 0.23178311593065348 0.6264542418324329 0.010639883301167913 0.01628361074252993
1 0.1809876766467866 0.6189378887800163 0.025370704208119238 0.025919253790114616
0 0.14536466235767506 0.6067187339169138 0.010873161505756013 0.011108268452302061
0 0.10007660978400708 0.6017177536665177 0.011523062027833125 0.015381310051344355
1 0.7753354951560854 0.7034389332927673 0.010223319881564552 0.0068352362027862545
1 0.6066957103797999 0.6821391253340798 0.010802389168150683 0.0173517898076071
1 0.2987861726740293 0.6365433527355076 0.028507664492152196 0.026417218925285924
1 0.2788479450806111 0.6268140212108804 0.009827488445116495 0.010942276957402797
0 0.12940074958794903 0.6025435389558194 0.00966503828455638 0.00987399178346271
1 0.6811454468303455 0.689034124161977 0.00861939467285966 0.009708004963326688
1 0.6376695995794525 0.6826797529413788 0.007736201221723027 0.010610303317130865
0 0.5472205289749311 0.6683217504193313 0.008781874282362434 0.01077629481203013
1 0.5332667167552286 0.66501262213712 0.009502588123996292 0.008805706609522623
1 0.5075565406206661 0.6685897490504653 0.027461991431512678 0.02625122743038677
0 0.4865726694155512 0.6586944307057021 0.010873220403641526 0.01110827780182877
1 0.4724563334129315 0.6564535852600492 0.009827517894059279 0.010942281632166262
1 0.44325927232521833 0.6512717649616373 0.009665008835613553 0.009873987108699578
0 0.3244151090038403 0.6335003707465139 0.013126928338652366 0.012508531941277545
0 0.15755215233949416 0.6075593700967135 0.014335063092860284 0.013742695489109003
1 0.7168496772417698 0.7007191906612318 0.02746199143151251 0.026251227430386437
0 0.6953429784643024 0.6907408176711334 0.011918775668509962 0.011274250597674729
0 0.2669854200843019 0.6238368665689411 0.01538073615349983 0.013908686984008378
1 0.9098644214907181 0.7237002074068699 0.009827547343002174 0.010942286306929172
1 0.8696775966061334 0.7238852102905541 0.027461991431512733 0.026251227430386326
0 0.45508642011069195 0.6509611178826656 0.011756354956892645 0.010205970098497996
0 0.8168012860303693 0.7089272448466273 0.012243716971581331 0.013410712499310473
0 0.19180047757566066 0.5971321654396103 0.010710681896253127 0.010039978603598732
0 0.369201204275058 0.6241989646259765 0.011756354956892645 0.010205970098498107
0 0.16155776391828353 0.5917844172189479 0.01087316150575604 0.011108268452302061
0 0.1479642644459836 0.5896265675207446 0.008781844833419733 0.010776290137266664
0 0.8064468658747233 0.6925138247357598 0.011756296059007076 0.01020596074897151
1 0.6847094821745421 0.6726420941850588 0.01054826118463581 0.008971698104421999
0 0.4446507601502945 0.63508184269615 0.009665008835613553 0.009873987108699356
0 0.8662115819228848 0.7009069313531986 0.011756296059007187 0.010205960748971288
1 0.8490395107165123 0.6976339735106409 0.008456915063356885 0.008639715114623248
1 0.7276624928951153 0.6789134696582075 0.010710740794138696 0.010039987953125329
0 0.7145105754239124 0.677372758294424 0.011918775668509962 0.01127425059767495
0 0.6978613407478595 0.6741827961993159 0.011756296059007076 0.010205960748971399
1 0.4902991254713651 0.6412341015305542 0.008619394672859604 0.009708004963326466
0 0.29721359735180297 0.611677476668331 0.009989968054619436 0.012010566806106127
0 0.8789219026685196 0.7018305020451807 0.009665067733499177 0.009873996458225953
0 0.5357038392340343 0.6489887455896542 0.014335063092860367 0.013742695489109114
0 0.4751371753059915 0.6388272739395284 0.00998999750356222 0.01201057148086948
0 0.4188343550784299 0.6287956093203582 0.01175635495689259 0.010205970098498107
0 0.31201522581180674 0.6129330845732341 0.012081314175898417 0.012342549795904878
1 0.047185788341364374 0.5692525938329872 0.008456896657767547 0.008639712192896276
1 0.24638277926136914 0.6008733819615797 0.009827488445116495 0.010942276957402686
1 0.23636782207419907 0.5998306357329676 0.011035641115258898 0.012176558301005391
1 0.6083413556373336 0.6572371330503719 0.009827547343002174 0.010942286306929283
0 0.8347253326180255 0.6931736185301621 0.013289390032220738 0.013576703994209627
1 0.4206569926529039 0.6203325218697233 0.008619394672859548 0.0097080049633268
0 0.00754262056191062 0.5553012528498598 0.012964470815856544 0.011440245598646759
1 0.7894123350852211 0.6777751400784223 0.00999002695250506 0.012010576155632613
0 0.2991632989180344 0.5988583518712043 0.009665008835613664 0.009873987108699356
0 0.1950395479343473 0.5828766539248318 0.010873161505756013 0.011108268452302172
1 0.6617155046528995 0.6618806479261454 0.025208283496501838 0.024850973290937772
0 0.5360850401672737 0.6359205746522929 0.008781874282362545 0.010776294812030018
1 0.49164481855837805 0.6288660763619703 0.009827547343002008 0.010942286306929283
0 0.4482501816632938 0.6219775555422571 0.010873161505755957 0.011108268452302061
1 0.2751840825349914 0.6016161715034317 0.026578856878261614 0.0271535351337171
1 0.6998922821188422 0.6608295264778374 0.009827547343002174 0.010942286306929283
0 0.6856135196381012 0.6596569189951471 0.013289390032220627 0.013576703994209627
0 0.6258487946319723 0.651263871275594 0.01361434925122662 0.015713283691616398
0 0.462006137062658 0.6230671719522609 0.010873161505756013 0.011108268452302172
0 0.3723590585114318 0.6104775414750456 0.014497542702363253 0.014810985337812443
0 0.3124776870407731 0.5993308322841701 0.01296444872914948 0.011440242092574104
1 0.9035863967844753 0.6980874425348217 0.027299511822009737 0.025182937581683218
0 0.8515120488130634 0.6848978444609637 0.012243716971581331 0.013410712499310473
0 0.8207465223078052 0.6794670439323478 0.013126928338652255 0.012508531941277545
0 0.6400463262659292 0.6529705647847504 0.014822501921368803 0.016947565035219214
0 0.5492369576384766 0.6374612860160764 0.014497542702363142 0.014810985337812443
0 0.8799071709788628 0.688311240828803 0.014335063092860256 0.013742695489109003
0 0.8662324758752257 0.6866875430670963 0.012406196581084217 0.014479002348013692
0 0.8377207072448964 0.6805204852279347 0.010873220403641581 0.011108277801828659
1 0.5404510381158225 0.6212969120454436 0.008456915063356774 0.008639715114623137
1 0.1832791182882204 0.5651460202955608 0.009665038284556421 0.00987399178346271
1 0.10746923494110988 0.5531118613039976 0.010710681896253113 0.01003997860359862
0 0.24111502831822312 0.5721388033574478 0.011431398929349856 0.008069505859480852
0 0.195745728577568 0.5676719668627126 0.014335063092860284 0.013742695489109225
0 0.8419241756440243 0.6669650442223767 0.014730835631422745 0.009635645384966085
0 0.8215339632467529 0.6637282755185258 0.01159381644950419 0.00913767090026818
1 0.3608423482795593 0.5911444730727196 0.008619394672859604 0.0097080049633268
0 0.2743322210543988 0.5790528666285613 0.01642635031625378 0.014074669129381157
0 0.6891775639402651 0.6432648301203435 0.013126928338652255 0.012508531941277434
0 0.641600323149451 0.6357123573453229 0.012081255278012737 0.01234254044637817
1 0.5083607124758921 0.6140147483993091 0.008781874282362656 0.010776294812030018
0 0.8085445253850528 0.6611192743060388 0.013126928338652366 0.012508531941277545
0 0.6291337128601036 0.6331864107781712 0.012243716971581331 0.013410712499310362
0 0.09428193289683569 0.5482833470506123 0.011523062027833153 0.015381310051344355
1 0.6028403044028923 0.6229952303349041 0.01063992747458209 0.016283617754675017
1 0.3020170673967677 0.5730540565589289 0.008223622134297337 0.013815055067469606
1 0.16160993990125005 0.5562359371541657 0.025533183817622124 0.026987543638817835
1 0.7919057082362276 0.6508196133931163 0.009594254413942682 0.016117626259775752
1 0.7817741634824134 0.6470232150427082 0.011035700013144467 0.012176567650531989
0 0.12502250708072182 0.5433166482091939 0.011198102808827368 0.013244730353937584
1 0.10966265592159564 0.5386903017338158 0.010548202286750213 0.008971688754895402
0 0.27479468228336523 0.5654506143394971 0.01312692833865231 0.012508531941277656
1 0.199507620742103 0.5534994487580018 0.011035641115258926 0.012176558301005502
1 0.6657419807350871 0.6318863020875143 0.02625383876137033 0.025016946086783842
0 0.6311646542310863 0.6198331410566926 0.009665067733499177 0.009873996458226064
0 0.5245080045739661 0.6029023264608653 0.011756296059007076 0.01020596074897151
0 0.4966356689985679 0.5995718575930635 0.011035700013144412 0.012176567650531989
1 0.4586213711421281 0.5995546891926682 0.026416377268758673 0.02608524528501377
0 0.2876674736805356 0.5653059540806615 0.010710681896253127 0.01003997860359862
1 0.8405390396149087 0.651428378845222 0.009502588123996292 0.008805706609522734
0 0.8235649046177358 0.6503750057970472 0.012081255278012848 0.01234254044637828
1 0.7025940269222104 0.6289837679733288 0.009340126430427809 0.007737534556590542
1 0.6898024663718243 0.6285943422056982 0.01191877566850974 0.01127425059767484
0 0.6437124953672182 0.6218250015973783 0.012081255278012848 0.01234254044637828
0 0.4832046696267466 0.5963457816188058 0.01312695778759515 0.012508536616040788
1 0.4781098231825668 0.5594332155168469 0.0065280485515806785 0.009376021973528048
1 0.29521214042893806 0.5227414071146037 0.01038574059318187 0.007903516701963098
1 0.13566874794435457 0.4979623235552822 0.009502558675053535 0.008805701934759269
1 0.28274553013959053 0.520215460547452 0.01054820228675013 0.008971688754895402
1 0.24996993412898313 0.5139185379481398 0.011268919319847026 0.007001216010777522
0 0.1932609164733958 0.5065575378841516 0.009665038284556393 0.009873991783462599
0 0.14882065069108613 0.49950303258168416 0.0107106818962531 0.010039978603598787
0 0.6500136322346428 0.5768749512642135 0.010385799491067327 0.007903526051489806
0 0.47269410693308683 0.549274061376618 0.009502529226110723 0.008805697259996026
1 0.2626802475123821 0.5148421074714311 0.01126893404431839 0.007001218348159255
0 0.20753972312755115 0.5077301523789868 0.0107106818962531 0.010039978603598732
0 0.8588652310280638 0.6083872615527053 0.009502588123996292 0.008805706609522623
1 0.8452717168312924 0.6062294095171205 0.01159381644950408 0.00913767090026818
1 0.6967076706163529 0.5831932015935171 0.011756296059006965 0.010205960748971399
0 0.5612143110258321 0.5622317910601635 0.01296444872914937 0.011440242092574104
1 0.48757697519784193 0.5499955243571697 0.007573721612220197 0.009542013468427313
0 0.4597046985203296 0.5466650648388944 0.011035641115258843 0.012176558301005391
0 0.8180034486329985 0.6024478503703024 0.01626394752057081 0.013006506425975561
0 0.7386150671741722 0.5892985949212929 0.011918775668509851 0.01127425059767484
1 0.7251027927821523 0.5866065979613564 0.009665067733499177 0.009873996458226064
0 0.7088139150269164 0.5845679214624013 0.01296444872914948 0.011440242092574215
0 0.6361409919638388 0.5730317276060095 0.011918775668509962 0.01127425059767495
0 0.5027389695366298 0.5524023589603402 0.013126928338652255 0.012508531941277545
0 0.8302722315509503 0.6027542897400098 0.008781874282362323 0.010776294812030018
0 0.5469001329273455 0.5577714360796847 0.011523120925718833 0.015381319400870952
1 0.09168048905260515 0.48441525893811066 0.012568720364001279 0.015547299208862053
1 0.6216289275960709 0.56635185607856 0.01152312092571861 0.015381319400870952
1 0.6106495960508984 0.5646089827802234 0.010477447865079204 0.015215327905971687
1 0.26406128836128784 0.505761879348995 0.011431413653821276 0.008069508196862696
1 0.7895833962325338 0.5886369581385009 0.010873220403641581 0.011108277801828659
0 0.20948943365174977 0.49491096868397444 0.0107106818962531 0.010039978603598732
0 0.19686033798639516 0.4934532507302588 0.010873161505756013 0.011108268452302117
1 0.1132788725256082 0.4867497322098845 0.02537071157035492 0.02591925495880526
1 0.37964138899996547 0.5273913999985611 0.026253897659255843 0.02501695543631033
0 0.32772951168008935 0.5131335709738853 0.010873161505755957 0.011108268452302061
0 0.29881156194193736 0.5096371199607108 0.012243775869466789 0.01341072184883696
0 0.28417240413346934 0.5073132811049899 0.012243775869466844 0.01341072184883696
1 0.6741553487181642 0.5730489053559316 0.02520828349650206 0.024850973290937772
1 0.4734815184230918 0.5335352882880328 0.010385740593181758 0.007903516701963209
0 0.4602483995540473 0.5325286676254786 0.009665008835613553 0.009873987108699356
0 0.7416103829031575 0.5766454522695388 0.01191877566850974 0.01127425059767495
0 0.7275753308787034 0.5738704689116791 0.010710740794138696 0.010039987953125329
0 0.698215775457016 0.569756936124589 0.01087322040364147 0.011108277801828548
0 0.5032014013166534 0.5388001019965127 0.011918775668509907 0.01127425059767484
0 0.8599317391431586 0.5943338554119758 0.011918775668509962 0.01127425059767484
0 0.8456529088065645 0.5931612974776446 0.01119816170671295 0.013244739703464181
0 0.8310950202517908 0.5903033183723353 0.013126928338652255 0.012508531941277434
0 0.8160142951666973 0.5873623435195763 0.009827547343002174 0.010942286306929394
1 0.6483493611735274 0.5596529731623254 0.014730835631422523 0.009635645384966085
1 0.5263578584477988 0.5484932584067228 0.02481251095793946 0.02895802339508069
1 0.505151111840852 0.5259809183015003 0.00950258812399618 0.008805706609522734
0 0.47708093993609113 0.52043100113414 0.009502529226110723 0.008805697259996137
0 0.34577021369024274 0.5001335472308571 0.010710681896253127 0.010039978603598787
0 0.3024568076419426 0.49271094038467783 0.009827488445116439 0.010942276957402797
0 0.17062324486577454 0.4723304907339453 0.012081284726955632 0.012342545121141524
0 0.14029930036161314 0.46751682853974896 0.012081284726955605 0.012342545121141468
0 0.5363228284119003 0.5287410531062435 0.010873220403641692 0.011108277801828659
0 0.3600490056199267 0.5013061593883106 0.00998996805461938 0.012010566806106127
0 0.25661055605159083 0.4843391650033029 0.01191883456639553 0.011274259947201493
0 0.8926928003596214 0.5831235798234391 0.01159381644950419 0.009137670900268069
1 0.8628917071102512 0.5783929157140741 0.008456915063356885 0.008639715114623359
1 0.8482525198528403 0.5760690721835899 0.008456915063356885 0.008639715114623359
0 0.7424790636468567 0.5603725389313652 0.01087322040364147 0.011108277801828659
0 0.522810612917766 0.5260490654958334 0.011035700013144467 0.012176567650531989
0 0.49345107222054996 0.521935535046125 0.011198132257770166 0.013244735028700938
0 0.7291292688643398 0.5566122521227251 0.011035700013144578 0.0121765676505321
0 0.8793430555170229 0.5793633612622114 0.012081255278012737 0.01234254044637817
1 0.2690875749101988 0.4797554716505257 0.01191883456639553 0.011274259947201382
1 0.4376002662457842 0.5054113122809416 0.012243775869466844 0.01341072184883696
1 0.6147573119378373 0.5340804920172406 0.011685600535221607 0.016449609249574282
1 0.7926808457186115 0.561230282276293 0.013776828860729395 0.01678157354031984
1 0.2071503171094208 0.47156453397978493 0.02416258098691959 0.024684977121275098
0 0.18556236956923466 0.46212036481192376 0.010873161505755985 0.011108268452302172
0 0.15680690520708976 0.4575556851853132 0.009827517894059279 0.010942281632166095
1 0.5603020742438861 0.5259832381487792 0.025045821802933466 0.02378280123800547
0 0.34727831853090585 0.4866972817619289 0.0077362012217230824 0.010610303317130643
0 0.30300050867566053 0.47857454317126197 0.010548202286750297 0.008971688754895402
1 0.5387953665084515 0.5160049240565664 0.009827547343002174 0.010942286306929283
0 0.6723599274430488 0.535566012203059 0.010710740794138696 0.010039987953125329
1 0.6430816118261129 0.5309183344916171 0.010710740794138696 0.010039987953125329
0 0.5264912447865739 0.5124106287428256 0.013847642180286113 0.01053794373877015
0 0.5076236499374032 0.5132447892518232 0.013939290554297878 0.01784974559325203
0 0.8495982129398534 0.5637010470150061 0.012081255278012848 0.01234254044637828
1 0.8263042742897229 0.5654736267691023 0.025208283496501838 0.024850973290937772
1 0.7446724846273425 0.5459509793611832 0.010710740794138585 0.010039987953125329
0 0.686394979467503 0.5383409955609186 0.012243716971581331 0.013410712499310473
0 0.9240832971522918 0.5738838428890509 0.011918775668509962 0.011274250597674729
0 0.8942821450050359 0.5691531694301593 0.01296444872914937 0.011440242092574215
0 0.8813739968880057 0.5660100915407329 0.01159381644950408 0.009137670900268069
0 0.7317642865703938 0.5428078332243447 0.011756296059006965 0.01020596074897151
0 0.8629125421647064 0.5641735180784453 0.013289390032220738 0.013576703994209627
1 0.26232215874032444 0.4573474632035799 0.010385731635214501 0.007903457804077585
0 0.204207138956492 0.44866925078987907 0.009827517894059307 0.01094228163216604
1 0.7336327483318738 0.5305228533515696 0.009502597081963549 0.008805765507408192
0 0.5406284260891367 0.5004321083391742 0.010710740794138807 0.010039987953125384
1 0.4684783690053217 0.48897891490499545 0.010710681896253071 0.010039978603598732
0 0.5270349707902511 0.49827426565311594 0.01312691938068522 0.012508473043392032
1 0.3655627220393791 0.4720949410416168 0.009827488445116495 0.010942276957402797
0 0.3514464007612308 0.46985409793334554 0.010873161505755957 0.011108268452302061
0 0.29280856365053376 0.46109286266063393 0.01312691938068511 0.012508473043391977
0 0.13065105109335487 0.4358988102979361 0.013289421076895139 0.013576766398167739
1 0.9674987940717905 0.5665530001968413 0.006690528161083509 0.010444311822231378
0 0.9148557809040694 0.5571023282466168 0.016101467911067924 0.01193821657727201
0 0.8353048654168385 0.5450213238478412 0.012081246320045591 0.012342481548492601
0 0.8223154230761547 0.5424123520842972 0.010873220403641692 0.011108277801828659
0 0.6868220590066503 0.5214509709998864 0.012081246320045702 0.012342481548492712
0 0.6442752383518671 0.512508929802865 0.012731146842122842 0.016615523147534894
1 0.2735910588567164 0.45366604343042727 0.011685532679368782 0.016449541002162116
1 0.10001257753650039 0.426111970669792 0.013776834627233642 0.016781516979815836
1 0.442347460648589 0.4777195081856738 0.011198111766794583 0.013244789251823263
1 0.26422600667060714 0.44835022615383 0.009827488445116495 0.010942276957402741
1 0.2066796668075554 0.4359330899538775 0.010873161505756013 0.011108268452302117
0 0.13147385979551607 0.42344778178541226 0.0107106818962531 0.010039978603598732
1 0.5050054412489678 0.48821295815083504 0.02520826300552631 0.024851027514059987
1 0.3314269378420448 0.4606588818841273 0.027299520779976938 0.02518299647956873
0 0.14941243829406492 0.42520132303916236 0.010710681896253155 0.010039978603598732
0 0.5427406072648711 0.4865446936933441 0.010710740794138807 0.010039987953125218
0 0.30738734615764834 0.44973145347984106 0.01296444872914948 0.011440242092574215
0 0.7334099318279275 0.5179058409406367 0.010314968255576318 0.014147038057268357
1 0.7108013048386361 0.518693156042422 0.026253847719337364 0.02501700498466941
1 0.6893758369079528 0.5081806970258576 0.00845692402132392 0.008639774012508816
1 0.676827995771821 0.5061888364851719 0.010548270142602956 0.008971757002307679
1 0.6606203578213365 0.5036160150618653 0.009502597081963438 0.008805765507408303
0 0.8993084654818733 0.5431467369575105 0.011360641316215947 0.014313029552167511
1 0.8599693640117776 0.5412782348885395 0.025208292454469206 0.02485103218882334
0 0.837858643318141 0.5317510498738125 0.01296444872914948 0.011440242092574104
0 0.8243463689261211 0.5290590529138759 0.010710740794138696 0.010039987953125218
0 0.9274244570946566 0.5448747911516734 0.011918775668509851 0.01127425059767484
0 0.914353779428205 0.5427999348635382 0.010873220403641692 0.011108277801828659
0 0.8829841765878754 0.5378202835118242 0.010873220403641581 0.011108277801828659
1 0.9700275828405425 0.5428852210093239 0.006365577900044994 0.008307791022710287
1 0.3569142929936774 0.4444647720087921 0.009502538184077869 0.00880575615788165
0 0.21008121677574493 0.42060928859039554 0.010710681896253127 0.010039978603598732
0 0.15152461499081565 0.411313937842275 0.0107106818962531 0.010039978603598732
0 0.12224632146058664 0.4066662636369056 0.010710681896253113 0.010039978603598732
0 0.2970329215230187 0.4333180628179164 0.010710681896253127 0.010039978603598787
0 0.22218747591077986 0.42198401079666137 0.011918805117452719 0.011274255272438138
0 0.1353982352506718 0.4082069744163438 0.009827510531823569 0.010942280463475229
0 0.48480897128837014 0.4625788349311621 0.014010121789788998 0.01160623358747348
0 0.37039116072591893 0.44386896257305447 0.00861939467285966 0.009708004963326688
0 0.8584322247982725 0.5197001698918005 0.013685171528750373 0.0094697127879525
1 0.5607813003170572 0.4735447288482014 0.01087322040364147 0.011108277801828659
0 0.3992278456893603 0.4478995243868745 0.00982748844511655 0.010942276957402741
1 0.7429687706241246 0.5008243107135567 0.00861939467285966 0.009708004963326688
0 0.6770113648546812 0.4909011877993091 0.010873220403641692 0.011108277801828659
0 0.3846699571345865 0.44504154528156514 0.01208130521793116 0.012342490898019254
0 0.5745372896443477 0.47463432048402576 0.01361434925122651 0.015713283691616398
0 0.9159077718327431 0.5255417568730535 0.013289398990187995 0.013576762892095307
0 0.2811960919485051 0.42478680339876884 0.011848012288871779 0.0175178308508655
0 0.10604913048627257 0.3969837480705478 0.012893670625039835 0.017683820008383144
0 0.4592008994619572 0.4514024239592901 0.011685532679368837 0.01644954100216206
1 0.18805169171344546 0.4105479516391719 0.025208233556583526 0.024851022839296744
0 0.16786976838821155 0.4024209983270958 0.011198111766794583 0.013244789251823263
0 0.1230691412061014 0.394215236877418 0.010873161505756013 0.011108268452302117
0 0.21106650428954327 0.40709000026245656 0.010873161505756013 0.011108268452302117
1 0.5099150858123327 0.45945285953210047 0.02625387716828026 0.02501700965943271
0 0.4747336727277731 0.44785081589185655 0.010873161505755957 0.011108268452302061
0 0.40153791313437576 0.4362316262880151 0.010873161505756013 0.011108268452302061
1 0.37129518923151084 0.4308838462810283 0.010710681896253182 0.010039978603598732
0 0.29966793922907276 0.41951364391953594 0.009665008835613664 0.009873987108699411
0 0.15468245450271803 0.39759251235396253 0.013126948829627894 0.01250847771815522
0 0.13690635481580632 0.39477071128479724 0.013126941467392211 0.012508476549464353
0 0.708680924344515 0.48334684258695615 0.009665067733499066 0.009873996458226009
1 0.6496015154782087 0.47396850076614927 0.00861939467285977 0.009708004963326688
0 0.68000668506265 0.4782480156986123 0.01296444872914937 0.01144024209257416
0 0.6628700205160558 0.47826286425172876 0.015868166024041286 0.0171134976322328
0 0.5724668374754096 0.46008294920812487 0.01473084458938978 0.00963570428285171
0 0.5346608389364949 0.4551756279858287 0.01296444872914948 0.011440242092574104
0 0.8417226442698091 0.502824964434942 0.011918775668509851 0.011274250597674895
0 0.917253401542887 0.5131737518038859 0.011756296059007076 0.01020596074897151
0 0.8716862126496986 0.5064873681445463 0.010873220403641692 0.011108277801828659
0 0.30274452869073587 0.40632633156925063 0.01159388430535696 0.009137739147680235
1 0.21490964073781332 0.3923833077844515 0.009502567633020736 0.008805760832644949
1 0.3321853194381913 0.40990574888093195 0.00950253818407798 0.008805756157881595
1 0.27423278950934954 0.4001592784048522 0.010385731635214612 0.00790345780407764
0 0.1403078908573902 0.37944687755064543 0.010873161505755985 0.011108268452302061
0 0.7235846615916518 0.46984888315769935 0.011593825407471448 0.009137729798153693
0 0.5650056626685258 0.44576989955654106 0.010873220403641581 0.011108277801828659
1 0.505043085321042 0.4351573105158376 0.009827488445116606 0.010942276957402741
1 0.8436369391762621 0.4867180332421409 0.010548270142602845 0.008971757002307623
0 0.902355986642768 0.4949451189157375 0.010873220403641581 0.011108277801828659
1 0.8887625313438823 0.4927872762296792 0.01087322040364147 0.01110827780182877
0 0.8295205884491711 0.48447718545910634 0.014335072050827513 0.013742754386994627
0 0.6805150044065488 0.46082384621322825 0.011198170664680207 0.01324479860134986
0 0.6512366887896127 0.4561761685017863 0.011198170664680207 0.013244798601349805
1 0.4506337057420232 0.4232381394510565 0.010873161505755957 0.011108268452302117
0 0.7110826446425259 0.4640351301948734 0.013776819902762139 0.016781514642434214
1 0.6265471921041557 0.4495218111454852 0.011360641316215614 0.014313029552167622
1 0.11084215803405048 0.3654699926552541 0.009665023560085001 0.009873989446081088
1 0.8036688311364302 0.4749031844861099 0.01152312092571861 0.015381319400870952
1 0.6382577228740423 0.4464575072699544 0.009827547343002174 0.010942286306929283
0 0.21520962683626044 0.3798493158951478 0.011035632157291642 0.012176499403119878
0 0.20073295888278309 0.37645721897704804 0.0107106818962531 0.010039978603598732
0 0.1881038779418998 0.3749995033607141 0.010873161505755985 0.011108268452302061
0 0.1422575924236216 0.36662775275351867 0.010548211244717443 0.008971747652781026
0 0.3032882252454701 0.39218996380477755 0.010873161505756013 0.011108268452302172
0 0.5659909898767547 0.4322506476896898 0.00861939467285966 0.009708004963326633
0 0.5358648874684603 0.42965649503031944 0.012406196581084217 0.014479002348013803
0 0.5227942098020089 0.4275816387421842 0.011360641316215836 0.014313029552167511
1 0.485023622401856 0.42596209446661937 0.024162560495944008 0.024685031344397423
1 0.6833479039029005 0.44923897331076135 0.00845692402132392 0.008639774012508872
1 0.6675818082590823 0.4472832537607867 0.008619394672859548 0.009708004963326688
0 0.5801072817059603 0.4344914861231978 0.009990017994537692 0.012010517257747155
0 0.5080384157744988 0.42250417020146513 0.011918805117452691 0.011274255272438138
0 0.5499458270567894 0.4286095658666226 0.014172592441324516 0.012674464538291186
1 0.86665175175236 0.4832600818654256 0.025208292454469095 0.02485103218882334
1 0.8455866452214772 0.4738988789960713 0.008781874282362656 0.010776294812030018
1 0.7484116942149959 0.46503754314816353 0.025370763106004612 0.025919263139641102
0 0.7256968382884024 0.455961497960812 0.012243725929548588 0.013410771397195986
0 0.6953729085087125 0.4511478381039973 0.01642641817210655 0.014074737376793267
0 0.8907122373890972 0.4799681219836096 0.010873220403641581 0.011108277801828659
1 0.9343505552915259 0.48525426225338997 0.009665067733499177 0.009873996458226009
0 0.9039453901860681 0.48097471787198426 0.011918775668509851 0.011274250597674729
0 0.38036885029393364 0.36066367500888286 0.01159388430535696 0.00913773914768029
0 0.4886752448677811 0.37730936137165044 0.012801969119646484 0.010371952243870775
1 0.673035208275067 0.40438679672710565 0.01038579053310007 0.007903467153604182
0 0.3413193218740411 0.3533708504194798 0.010873161505756068 0.011108268452302061
1 0.23884529083712186 0.3371039901163414 0.008781844833419788 0.01077629013726672
0 0.20956698994465722 0.33245631474228116 0.00878184483341976 0.010776290137266664
0 0.1959734904723573 0.3302984650440779 0.010873161505755985 0.011108268452302117
0 0.5433741635690765 0.383804234690179 0.010710740794138807 0.010039987953125384
0 0.3539483983359407 0.35482859548475654 0.011035632157291697 0.012176499403119878
0 0.6605686069436866 0.40186079126206836 0.010873220403641692 0.011108277801828659
0 0.5569676777658478 0.38596208672576393 0.01312691938068511 0.012508473043391921
0 0.906018060563847 0.43918266222877467 0.01384764218028589 0.010537943738770206
0 0.7611950509680117 0.4161932702634408 0.010710740794138696 0.010039987953125329
0 0.6900093976911419 0.4054402085737497 0.010873220403641692 0.011108277801828659
0 0.4138755939936053 0.36215341225349196 0.011035632157291642 0.012176499403119878
0 0.5728961941212833 0.38684950707750865 0.013289398990187995 0.013576762892095251
0 0.5013501544746539 0.3749451551169013 0.009989959096652234 0.012010507908220502
0 0.7477640119017597 0.4129671578280953 0.011035691055177432 0.01217650875264642
1 0.8944804813495929 0.43406901623625704 0.00861939467285966 0.009708004963326633
0 0.834878235952967 0.42460767866800053 0.011360641316215836 0.014313029552167511
1 0.1748271441367231 0.3214714070990753 0.02504575394708064 0.023782732990593303
1 0.9809551635080651 0.44287287050786356 0.006690528161083509 0.010444311822231378
1 0.634843859203801 0.3879307141441106 0.01087322040364136 0.011108277801828659
1 0.3203354506689261 0.34347553207471665 0.02504575394708064 0.023782732990593414
0 0.23974933854616878 0.32411884671275415 0.010548211244717443 0.008971747652780915
1 0.5223090717626651 0.3744430341582064 0.02504578339602348 0.023782737665356657
0 0.5589986236158143 0.37260878755534266 0.010548270142602956 0.008971757002307568
0 0.5464507824796825 0.3706169270146571 0.010548270142602956 0.008971757002307568
1 0.5009648289122619 0.36339642787990856 0.009502538184077924 0.00880575615788165
0 0.487208869033914 0.36230684091884746 0.011918834566395475 0.011274259947201437
1 0.4136527774896591 0.34953639984255913 0.010548211244717443 0.008971747652781026
0 0.4003383848879368 0.3490639488785361 0.009989959096652179 0.012010507908220502
1 0.20958786917252667 0.3182369241187972 0.012964478178092265 0.011440246767337459
1 0.726536425761374 0.4046742448074444 0.025045812844966098 0.023782742340119956
1 0.690832190870966 0.3929892077571324 0.00861939467285977 0.009708004963326633
0 0.586708429641791 0.37700747802443557 0.014335072050827513 0.013742754386994627
0 0.852304439621838 0.41916853236863155 0.010477447865079204 0.015215327905971576
0 0.7042278187984561 0.3929275432457465 0.011756296059007076 0.01020596074897151
1 0.9329363804105848 0.43470329585951095 0.025208292454469095 0.024851032188823285
0 0.9116275589444311 0.42694449831426895 0.013451869641723624 0.014644993842913179
0 0.896709308989857 0.42293526306174933 0.009827547343002063 0.010942286306929339
1 0.8681163050337599 0.41730232069799655 0.010548270142602956 0.008971757002307568
0 0.7623427944088743 0.4016057486473024 0.01296444872914948 0.011440242092574104
0 0.8812682180259794 0.4188430615107229 0.011756296059007076 0.010205960748971454
1 0.5599838919261577 0.35908952633896485 0.010710740794138585 0.010039987953125329
0 0.41672936247233866 0.33634911694121666 0.010710681896253127 0.010039978603598732
1 0.40418152133620683 0.3343572564005311 0.010710681896253127 0.010039978603598732
0 0.21491824595806175 0.3043133591327296 0.008619365223916847 0.00970800028856339
0 0.2012435066810104 0.302689654358878 0.01296447817809221 0.011440246767337459
0 0.15672200557293292 0.29616926453181935 0.009989988545594936 0.012010512582983912
0 0.5192846627629522 0.3520818369947667 0.010873190954698742 0.01110827312706536
0 0.345706159356029 0.3245277607280589 0.01328939899018805 0.013576762892095251
1 0.900389940858665 0.4092968263087416 0.010548270142602956 0.008971757002307457
1 0.8392191858710796 0.399586501498136 0.00950259708196366 0.008805765507408247
1 0.7644549755846086 0.38771833400147226 0.010548270142603178 0.008971757002307512
1 0.7356994964979924 0.38315365203748 0.009502597081963438 0.008805765507408247
1 0.9120545840646764 0.41005443495476734 0.010548270142602956 0.008971757002307623
1 0.8529751751983703 0.4006760931339604 0.009502597081963549 0.008805765507408192
0 0.6776657606923255 0.37394130171157247 0.010873220403641581 0.011108277801828659
0 0.6635494099652345 0.3717004539285379 0.012243725929548477 0.013410771397195986
0 0.7510239954162422 0.3844922309156533 0.011198170664680207 0.01324479860134986
1 0.12439841197390217 0.28337981206674606 0.012081290493459795 0.012342488560637577
0 0.8689849268795735 0.40102939801029625 0.012243725929548588 0.013410771397195986
1 0.2884847697540158 0.30997410372858525 0.01080233922823226 0.017351839355966125
1 0.23724776159779193 0.30184067474570686 0.024000110335383962 0.023616746170457337
1 0.2167054768727575 0.2925624652864206 0.008619365223916875 0.00970800028856339
1 0.20206631906428946 0.29023862643069964 0.008619365223916875 0.00970800028856339
0 0.1743565130383127 0.28583993596160673 0.011756325507949805 0.010205965423734809
1 0.9068367540844777 0.4021147973615094 0.01312691938068511 0.012508473043391977
1 0.5770955628612177 0.34867720202130253 0.00757372161222003 0.009542013468427313
0 0.3615284717441215 0.3155518549143728 0.01208130521793116 0.01234249089801931
1 0.8238698111370666 0.3878504655544701 0.009990017994537692 0.012010517257747155
0 0.564989318450654 0.3473024821524183 0.00910682454340106 0.012912815611551165
0 0.5202699457977669 0.33856257811577045 0.00861939467285977 0.009708004963326577
1 0.4978591756288139 0.3415694050897633 0.02416256049594412 0.024685031344397423
0 0.4187603038433215 0.3229958472197382 0.010873161505756124 0.011108268452302117
0 0.4040399107090856 0.3212061238394261 0.011035632157291697 0.012176499403119934
1 0.7014012915890406 0.37278589207822044 0.025208292454469206 0.02485103218882323
0 0.6789301505977179 0.36210744156675656 0.011918775668509851 0.01127425059767484
1 0.9141667652404107 0.39616702030893713 0.010548270142603178 0.008971757002307568
0 0.8564121510297931 0.3886400710545915 0.011035691055177321 0.012176508752646531
0 0.8408085849353961 0.3856161299033256 0.010873220403641692 0.011108277801828714
1 0.7662067953605425 0.3726796632084318 0.009502597081963549 0.008805765507408136
0 0.8853301052469287 0.3921364926188231 0.012081246320045591 0.012342481548492656
0 0.23518775640502415 0.2801796093267549 0.011756325507949833 0.010205965423734809
1 0.535011173986458 0.32613290386045374 0.010548270142603067 0.008971757002307568
0 0.5947758945136032 0.3345259810289497 0.010873220403641581 0.011108277801828714
0 0.5654976377945529 0.3298783126670344 0.01296444872914948 0.01144024209257416
0 0.3787672361198817 0.3007834979249819 0.01208130521793116 0.01234249089801931
1 0.7100415257953392 0.3511823035608064 0.010710740794138696 0.010039987953125273
1 0.6969708481288877 0.3491074472726711 0.009665067733499177 0.009873996458225953
1 0.5808220778149171 0.33121688219568113 0.009827547343002174 0.010942286306929339
0 0.5519853634025329 0.3271863157070978 0.01312691938068522 0.012508473043391977
0 0.7692834097921648 0.35949238498185265 0.012081246320045702 0.012342481548492656
0 0.7562127321257133 0.35741752869371735 0.01312691938068522 0.012508473043391977
1 0.9170454934027519 0.38076022553538724 0.009665067733499177 0.009873996458226009
0 0.9033707982991148 0.3791365277736805 0.014335072050827513 0.013742754386994571
0 0.7276197281696162 0.3517845863299646 0.016913839084680693 0.017279489127132175
0 0.9314867943908816 0.3808645525189006 0.013451869641723735 0.014644993842913123
1 0.46886636285183025 0.30688054548200466 0.012243784827434046 0.013410780746722528
0 0.12974966062507104 0.25523685528850365 0.010802353952703583 0.017351841693347803
0 0.22129018142057155 0.2659389192535316 0.012081275768988431 0.012342486223255955
1 0.3561336449679988 0.2911733419369847 0.027137041170474108 0.024114706630865457
1 0.8288960727160184 0.36184402373229474 0.010477447865079315 0.015215327905971632
0 0.5673661040350164 0.31759330334531644 0.010710740794138696 0.010039987953125218
0 0.5380065530923125 0.31347974110928345 0.01087322040364147 0.011108277801828714
0 0.5244130683444839 0.31132189374846175 0.008781874282362545 0.010776294812029963
0 0.4230659015205579 0.29468690245266893 0.010710681896253127 0.010039978603598676
0 0.40999522385410636 0.2926120461645336 0.011756354956892534 0.010205970098498052
0 0.3942291871081738 0.2906563359640856 0.009827488445116495 0.010942276957402797
0 0.3241704172477522 0.2795351161701788 0.00982748844511655 0.010942276957402741
1 0.5832946203904519 0.31848072369706115 0.010548270142603067 0.008971757002307568
0 0.7130369004222101 0.33852917025857887 0.00861939467285966 0.009708004963326688
1 0.6754641403934529 0.33912913318045823 0.025208292454469206 0.02485103218882334
0 0.5963652980569034 0.32055557998519646 0.011918775668509962 0.011274250597674895
1 0.8498091805414953 0.3651637975331218 0.02609136810983459 0.02394871513596608
0 0.7414320225880096 0.3419425666264181 0.010710740794138918 0.010039987953125329
1 0.6990017894998706 0.33575417755119263 0.009827547343002174 0.010942286306929394
0 0.8890316310680775 0.36427866757971317 0.00861939467285966 0.009708004963326688
0 0.7701874427767403 0.3465072392408837 0.012081246320045591 0.012342481548492601
0 0.7578020767711278 0.3434471183004376 0.011756296059007076 0.010205960748971565
0 0.7296506695405991 0.33843131660848613 0.011593825407471225 0.009137729798153693
0 0.9477506785345834 0.3725057532533098 0.010710740794138696 0.010039987953125273
1 0.9174267487548933 0.3676920933964951 0.010710740794138696 0.010039987953125329
0 0.9045185462189611 0.36454897670859926 0.011756296059007187 0.01020596074897151
0 0.21109823639544478 0.24845723874290357 0.011918805117452747 0.011274255272438138
0 0.5570116838793704 0.301179883234449 0.012639498468110966 0.009303721293053013
1 0.3965038434144274 0.2757006609184949 0.00950253818407798 0.008805756157881595
0 0.2404577726136773 0.25257079864155496 0.014172592441324655 0.012674464538291269
1 0.5854068015661862 0.304593309051231 0.010548270142603178 0.008971757002307457
0 0.5283374253940505 0.29608108345766626 0.011756325507949805 0.010205965423734698
1 0.1622774767670064 0.23851926435381238 0.018517683308792887 0.014406707510992905
1 0.7729036958085622 0.33216870486709427 0.010548270142603178 0.008971757002307512
0 0.759229000704925 0.33054500710538764 0.010710740794138696 0.010039987953125329
0 0.8598554447292501 0.3448774861067601 0.010548270142602956 0.008971757002307568
1 0.7153927965332152 0.3230393502886364 0.008781874282362545 0.010776294812030018
0 0.6861144809162791 0.31839167257719453 0.008781874282362434 0.010776294812030018
0 0.3832353089276374 0.2714062927581521 0.012243784827434046 0.013410780746722528
0 0.7018805176622117 0.32034738277764263 0.01312691938068511 0.012508473043391921
0 0.9190973287260756 0.3531875675278064 0.011918775668509962 0.01127425059767484
1 0.646948276582914 0.3083451818417058 0.010710740794138585 0.010039987953125273
0 0.8456224475376293 0.33988297685240304 0.011360641316215836 0.014313029552167622
0 0.24083899851687585 0.23950266182789964 0.008619365223916903 0.009708000288563418
1 0.48511572533012726 0.281014610432523 0.011848012288871779 0.017517830850865446
0 0.3559421060156947 0.2572272671963147 0.010873161505756013 0.011108268452302117
0 0.2556406167313917 0.24075823794647835 0.010710681896253071 0.010039978603598787
0 0.1842924735995313 0.23107343431916616 0.011198111766794583 0.013244789251823236
1 0.6467962733985243 0.30230378222212123 0.01087322040364147 0.011108277801828659
1 0.5862295947460102 0.29214230823461373 0.00861939467285966 0.009708004963326688
1 0.5063891356575189 0.2854856310310337 0.024000080886441122 0.023616741495694038
1 0.4200414925208449 0.27232570528922917 0.02520823355658358 0.024851022839296688
0 0.3994179827155305 0.2635816430916762 0.01208130521793116 0.012342490898019198
1 0.38598694364927844 0.26035553065633077 0.009665008835613553 0.009873987108699356
0 0.5727173203539904 0.28945031127467713 0.010873220403641692 0.011108277801828659
0 0.36933773842216844 0.2571655732359861 0.011918834566395475 0.011274259947201382
1 0.7378035327742417 0.3200325480888231 0.02400013978432658 0.02361675084522069
0 0.5320180867118012 0.2824426513794217 0.015218236053021417 0.012840451358427318
0 0.6865769126963027 0.30478941561336703 0.011756296059006965 0.01020596074897151
1 0.8838346316633504 0.3421196617997692 0.025370763106004945 0.025919263139641102
1 0.8613635495699132 0.33144122063783193 0.011756296059007076 0.01020596074897151
1 0.7739702628215426 0.3181153080758914 0.010873220403641581 0.011108277801828659
0 0.7142055422943974 0.30972223090739537 0.015380745111467031 0.013908745881893891
0 0.25610307796035814 0.22715598565741418 0.011918805117452747 0.011274255272438138
0 0.19911497104191667 0.21810961981426102 0.012964478178092237 0.011440246767337459
0 0.5146232092469702 0.2665527129122558 0.011756354956892645 0.010205970098498052
0 0.3310297928262912 0.23795589742908074 0.010873161505756068 0.011108268452302061
1 0.42956492017828013 0.2519563981154178 0.010710681896253127 0.010039978603598732
0 0.3887844364858518 0.24548285135818965 0.010710681896253071 0.010039978603598732
0 0.6016561640444833 0.2787273740017494 0.011918775668509851 0.011274250597674895
1 0.5887479615085509 0.2755842573138535 0.00845692402132392 0.008639774012508872
0 0.4170983143679161 0.24943042209932337 0.010873161505756013 0.01110826845230209
0 0.40193634947807116 0.24702359217091602 0.009827488445116495 0.010942276957402769
0 0.6760600129311538 0.2894442853512029 0.011918775668509851 0.011274250597674784
0 0.1854048398295584 0.21319811098211694 0.010314938806633533 0.014147033382504975
0 0.9211491640493994 0.3256149095202257 0.011756296059007076 0.01020596074897151
1 0.8495218551490757 0.3142446978092066 0.008619394672859881 0.009708004963326633
0 0.7767676967602304 0.3032426194282237 0.009827547343001952 0.010942286306929339
0 0.7630930016565931 0.3016189216665171 0.012081246320045813 0.012342481548492601
1 0.6512538742601505 0.28003623707463654 0.01087322040364147 0.011108277801828714
1 0.4774775582063031 0.2502626559478662 0.01224378482743399 0.013410780746722556
0 0.2313886215912931 0.21010412776238768 0.008781844833419788 0.010776290137266775
1 0.36667368634327224 0.23595566166869936 0.027137041170474052 0.024114706630865457
0 0.3455273400076381 0.22712860372369675 0.010873161505755957 0.01110826845230209
0 0.2178763585645069 0.20741215522653986 0.013126951069119708 0.01250849244262664
0 0.20122715221765097 0.20422220516843084 0.01087316150575604 0.011108268452302061
1 0.5681244561822201 0.2668401656673578 0.0240001397843268 0.023616750845220635
0 0.43256026983519186 0.23930323068948423 0.00861939467285966 0.009708004963326688
0 0.3896884989193701 0.23249771029198402 0.008619394672859604 0.00970800496332666
0 0.3331419740020255 0.2240684827832506 0.010873161505756013 0.011108268452302145
1 0.7127495795087744 0.28761004108572086 0.02400013978432669 0.02361675084522058
0 0.5361612092585184 0.25520196701211306 0.015380715662524302 0.013908741207130676
1 0.9935179730256397 0.32506821917827405 0.006853001052111063 0.011512557497520559
1 0.8866530184522645 0.31302759421552584 0.02609136810983459 0.023948715135966137
0 0.7487538299465721 0.2867610909214925 0.011198170664680207 0.013244798601349805
0 0.775382612910525 0.28770600757400994 0.012639493989127448 0.009303691844110173
1 0.953747750135343 0.3154728943314496 0.011756296059006965 0.01020596074897151
1 0.9406770724688913 0.3133980380433143 0.010710740794138807 0.010039987953125329
1 0.17012213025761633 0.1834207708405559 0.012801995685337297 0.010371985198886075
1 0.37334969283895114 0.20966409161346408 0.012568735088472671 0.015547301546243675
1 0.7773781453822377 0.27106494618132865 0.008223626613281021 0.013815084516412446
1 0.9520480746539411 0.2949630951094159 0.009431774804439685 0.015049336411072312
1 0.5738069950491689 0.2048341287272043 0.012477018858607969 0.008235431444349628
1 0.23762939340285205 0.15146886117903358 0.013847642180286085 0.010537943738770122
0 0.38880757585648446 0.17492005555221163 0.010873161505756013 0.011108268452302117
1 0.7158992321872695 0.22465490455796538 0.013685167049766855 0.00946968333900955
1 0.4089999314334174 0.1759373123838549 0.010548206765733925 0.008971718203838158
1 0.9983056891955859 0.2681183633660992 0.003388621608828246 0.011512572221991868
1 0.7444568250046046 0.2270000699749868 0.009827547343002174 0.010942286306929394
1 0.2522331400725582 0.15050492308802316 0.013451903569650092 0.01464502796661915
1 0.3962542040280044 0.1717259352961985 0.014660022311866083 0.015879275186515746
1 0.9504151784492634 0.2564120098041949 0.010873220403641692 0.011108277801828603
1 0.4281112322598918 0.17350080544863078 0.011918834566395475 0.01127425994720141
1 0.4378012369465315 0.17668008720123551 0.009594249934958998 0.016117596810832885
1 0.8993406182141078 0.24721030102232122 0.011198170664680207 0.013244798601349778
1 0.06044331616000223 0.08778536650501381 0.009106805217532432 0.012912812543737759
1 0.7729853834490976 0.194330904926341 0.011268870667449193 0.007001179549689762
1 0.21732264926466077 0.09135455241804508 0.006528078000523491 0.009376026648291305
1 0.16138018595791603 0.08247417339502797 0.009665023560085001 0.009873989446081047
1 0.20276474374592376 0.08849658569982549 0.011198111766794638 0.013244789251823236
1 0.19299350149402444 0.08585143414710106 0.007736201221723055 0.01061030331713067
1 0.2451595340068663 0.09139720787802769 0.009269270224977672 0.013981071336548467
1 0.8438419845662437 0.1826036380893766 0.008456919542340402 0.008639744563566087
0 0.22823120494521548 0.08652186411059248 0.012081280247972004 0.012342515672198712
1 0.7380331217004816 0.16361929844147766 0.007411246481700995 0.008473753068666795
1 0.23977922833627532 0.08452583436564826 0.009106793974712424 0.01291280357455217
1 0.20306472928449792 0.07596259749163972 0.01803024943525347 0.011201917780784651
1 0.8911047492816404 0.1851829569201019 0.014822497442385285 0.01694753558627632
1 0.7645452565202859 0.1618105646660261 0.008619395792605622 0.00970801232556237
1 0.8755470146525979 0.17833707549216377 0.008619395792605622 0.00970801232556237
1 0.854192307862061 0.1744001757440068 0.0074112476014468465 0.008473760430902422
1 0.8458271000706017 0.1730722718333919 0.0074112476014468465 0.00847376043090245
0 0.14974683102501996 0.06038748150124883 0.01577647123712342 0.009801674041134682
1 0.35063939112581044 0.08790121128694467 0.006365575660553235 0.008307776298238853
0 0.36114174201610383 0.08573918636598327 0.01143140693534589 0.008069464023448311
1 0.7107962249993875 0.13850865417803376 0.009502594842471734 0.008805750782936828
1 0.8726746004391803 0.16201733316507622 0.00813197152079359 0.006503238488516333
1 0.28771273142756937 0.06861269555611318 0.01175632774744173 0.010205980148206159
1 0.1901878387880071 0.05149039001870938 0.01022325874418703 0.0068352121287884385
1 0.8639490323676663 0.15953816574501545 0.007736198982231324 0.010610288592659306
0 0.8909381744919278 0.16163435326921444 0.012639496228619151 0.009303706568581621
1 0.12262655245925871 0.03803048667212841 0.006528072877779553 0.009376040204071873
1 0.24074999586428786 0.0534993992104649 0.011431377486403077 0.00806945934868504
1 0.518812579966264 0.09818643962046342 0.014010119550297184 0.011606218863002074
1 0.459210334569638 0.08872510205220688 0.009827486205624736 0.010942262232931349
1 0.1908023414541677 0.043929558501500585 0.011268909718119474 0.007001200117615278
1 0.7264665092331313 0.12349131462105711 0.00878187204287073 0.01077628008755864
1 0.7958858244279003 0.13177588923319072 0.010385792772591995 0.007903481878075574
1 0.7379332672896075 0.12202939935787632 0.011268872906941008 0.0070011942741611405
0 0.7827339080764433 0.13023517050717145 0.014010119550297184 0.01160621886300206
1 0.8587062676738189 0.14120106173673835 0.012964446489657555 0.011440227368102796
0 0.8178091352773691 0.1319738682326591 0.013522694158739301 0.008401437663720424
1 0.9434500228889522 0.1508242058775187 0.007573723851711844 0.009542028192898733
1 0.7846023754366527 0.11795015382321782 0.007898674112750581 0.011678548992419824
1 0.7770848966584119 0.11456870814876918 0.008619396912351474 0.009708019687798067
1 0.8242205384841659 0.12150405497645987 0.00878187204287073 0.010776280087558626
1 0.1342163282245078 0.007595678484816095 0.011918813921314497 0.011274242301002966
1 0.8322462779883562 0.10746131997543903 0.0077361995421041385 0.010610292273777147
0 0.8129017386517242 0.10439054276648756 0.010873218724022582 0.011108266758475122
1 0.8728289351491982 0.11171535401354618 0.008781872042870842 0.01077628008755864
0 0.24740105656102088 0.01681033647556277 0.013543556982518468 0.021956862951161657
0 0.8847122985592004 0.10047308893314955 0.011593823167979522 0.009137715073682287
1 0.7970398857367971 0.08546180474858987 0.009502594842471734 0.008805750782936828
1 0.7811926091861131 0.08404023947249348 0.00982754510351036 0.010942271582457946
1 0.6589323956740878 0.06408546900092872 0.009665069972991103 0.009874011182697373
0 0.9731512606077024 0.113964978265518 0.008944347173389988 0.011844540487319172
1 0.8973413772605919 0.10193081927395484 0.00789867411275047 0.011678548992419838
1 0.7992687139369341 0.07432804789296432 0.006528050791072437 0.009376036697999399
1 0.6959115002542391 0.05682693435142983 0.008619396912351474 0.009708019687798053
0 0.8258162579359449 0.07580710394815662 0.010873218724022693 0.011108266758475122
1 0.8217357552690634 0.060389634353780156 0.006853001611983989 0.011512561178638386
1 0.9213165244131619 0.07455613382388626 0.00878187232280725 0.010776281928117568
1 0.8553591207432422 0.06463299710544669 0.008944347733262914 0.011844544168437054
0 0.68829826574454 0.03647246008598412 0.010548267623174512 0.008971740437277241
