1 0.6409346923900043 0.9936783009289971 0.011778445203460275 0.006749262774881526
1 0.7885055292445896 0.9897857440853612 0.014975842948020013 0.007902077098074112
1 0.7578134815993756 0.9899421960528327 0.00865172777270884 0.00883873861613882
1 0.9169981115013185 0.984704466949593 0.011801964716890101 0.007829985534067663
1 0.8884572645406847 0.9864340611930096 0.011849008931114291 0.00999166941211338
1 0.5303094559251316 0.9929470363978667 0.00860468615216714 0.006677173917929435
1 0.39016773787045833 0.996354164583134 0.016080786982702655 0.007291670833732167
1 0.9999350117775551 0.9778342854175519 0.0001299764448898788 0.006725232253545932
1 0.8983900922276297 0.9808016847856269 0.008628205665596633 0.007757896677115794
1 0.478952335043174 0.9919508707380731 0.009756671807391482 0.011024451661992507
1 0.7142850902270841 0.9839021346443115 0.010744005306513205 0.007805955012732402
1 0.6217036088732022 0.9854643450393623 0.009662645562543704 0.006701204439264918
1 0.5153807141875717 0.9878793664136493 0.00860468615216714 0.006677173917929435
1 0.46884309544341163 0.9894771113725394 0.010744064896431593 0.00780595636625947
1 0.17525284174071842 0.9712747318111483 0.0106969934809307 0.005644390991286885
1 0.35296317843893726 0.9661568377469127 0.010697023275889839 0.005644391668050308
0 0.6756112294168355 0.9577468837735095 0.010696963685971506 0.00564439031452324
1 0.6470468616459307 0.9583956956678217 0.010696963685971506 0.005644390314523351
1 0.4730157862895201 0.9623486426602693 0.00963906386551322 0.005620361146714936
1 0.5745309696858685 0.9578801309600464 0.013917883537643227 0.007878046576738407
1 0.023402956548169516 0.9487714811067229 0.010838132109348302 0.012129204519536807
1 0.17866133699788192 0.9333500973289908 0.008628175870637522 0.007757896000351927
0 0.16540181576149965 0.9320292697745773 0.009709627593167208 0.00886276778394679
0 0.5822182561170443 0.9220210007109653 0.011849008931114291 0.00999166941211349
0 0.33464864104898073 0.9271036161588255 0.009709627593167125 0.008862767783946901
0 0.1971282411200599 0.9307679467002746 0.011849038726073485 0.009991670088876914
0 0.3970552947061219 0.9251454810909854 0.009733149700279276 0.009943609722969593
0 0.3833138502825727 0.9259982331570669 0.009756671807391426 0.011024451661992729
0 0.30238147493167605 0.9278365335242844 0.01293049044860306 0.011096541872471777
0 0.2896744406101147 0.9275845329866078 0.008675190289902601 0.009919579201633999
0 0.21244484870813846 0.9293387282210603 0.006559331059067697 0.009871519512490656
0 0.9445272790565317 0.9121694981370617 0.010814571627849823 0.01104848082980081
0 0.8805219265271107 0.9136233176073119 0.011872531038226497 0.011072511351136183
0 0.863065953795406 0.9140198130881834 0.010814571627849934 0.01104848082980081
0 0.8493244808737388 0.9148726254209468 0.012954009962032886 0.012177264631657803
0 0.767863155612613 0.9167229403720685 0.012954009962032886 0.012177264631657914
0 0.754615379235466 0.9159424745356299 0.009733209290197609 0.009943611076496883
1 0.07066918027766131 0.9320183368362399 0.01081461259591869 0.01104848176035067
0 0.8948041402075222 0.9132989109833922 0.012977532069144981 0.013258106570680828
1 0.5673483183504235 0.9196553759843867 0.009756731397309815 0.011024453015519686
1 0.4460848625806 0.9164623673483905 0.008675190289902712 0.009919579201634332
1 0.2556910036255096 0.9224089838033265 0.010861657940830383 0.013210046543155163
1 0.819984156460333 0.90418485057586 0.009662645562543815 0.00670120443926514
1 0.6459413511421667 0.9075974355119509 0.010696963685971506 0.00564439031452324
1 0.8322327773980426 0.9076913921912728 0.010932176976045538 0.016452452165241715
1 0.8083703634129753 0.9055300228354639 0.0055248937558032285 0.010928330930178198
0 0.3370112224807056 0.9140737954802498 0.008698712397014863 0.011000421140657135
1 0.16664766360686795 0.9163214336829346 0.008628175870637494 0.00775789600035226
0 0.10319480414416637 0.9188440204108126 0.008675205187382282 0.009919579540016099
1 0.9189956011746894 0.9062613469565125 0.023792103696994804 0.024306587400481527
0 0.7532634012672348 0.9024563383586897 0.009709687183085514 0.00886276913747408
0 0.28990940046060726 0.9140622914377461 0.009756671807391482 0.011024451661992618
0 0.11799419923251117 0.9179671784026682 0.010814616320288586 0.011048481844946223
0 0.8934286401321788 0.8987319328674291 0.010791049520737728 0.009967638890777897
1 0.880204385862144 0.8990323089700134 0.00973320929019772 0.009943611076496883
0 0.8633009149427396 0.9004976311292401 0.011896050551656101 0.01215323411032232
1 0.7373707859540644 0.9017359474720625 0.009709687183085514 0.00886276913747397
0 0.5511969676400669 0.9070460813080181 0.009756731397309926 0.011024453015519797
0 0.520528442101965 0.9082833752145125 0.011896050551656101 0.01215323411032232
1 0.35933379985750924 0.9184328335526621 0.023815685394025232 0.02538743069303151
0 0.30363908383060034 0.9126691184021533 0.009756671807391482 0.011024451661992396
1 0.17718002112601683 0.9139195085804164 0.010744035101472482 0.007805955689495714
0 0.9431400775175506 0.89706209769806 0.010814571627849823 0.011048480829801033
0 0.8500413775120366 0.89917674432329 0.012930490448603282 0.011096541872471777
1 0.7230768721068564 0.9015199913628618 0.008675249879821045 0.0099195805551614
0 0.5829351540521832 0.9063251792032269 0.011919572658768418 0.013234076049345234
0 0.5368794720958284 0.9057492846133217 0.010791049520737728 0.009967638890778008
0 0.39566806337218163 0.9100380813287472 0.014011969372409394 0.012201295152993286
0 0.48581611503530264 0.8939329226623052 0.010744064896431704 0.00780595636625947
1 0.10549859650243168 0.9031121541362164 0.009709627593167194 0.008862767783946901
0 0.3530329507560463 0.8964082752722492 0.011825486824002196 0.008910827473090466
0 0.6740823313597826 0.887493945434574 0.008628205665596633 0.007757896677115794
1 0.5503034043525289 0.8903054636432599 0.008628205665596633 0.007757896677115905
1 0.4466606006717895 0.8942816140631151 0.010814631217768211 0.011048482183328212
0 0.3339782791520617 0.8963004551555307 0.011849008931114346 0.00999166941211349
1 0.11921652626760851 0.9011785599619211 0.007617275571964774 0.009895549695444261
1 0.9242850243103132 0.8818108340673911 0.009733209290197609 0.009943611076496772
1 0.6608580770897476 0.8877943215371584 0.009733209290197498 0.009943611076496883
1 0.32020152306972627 0.8955320045797599 0.007617290469444371 0.00989555003382614
0 0.2905792256834041 0.8962048463186438 0.009733149700279387 0.009943609722969815
0 0.14936780335911903 0.9004937029623694 0.012954009962032775 0.012177264631657914
0 0.9565404293740618 0.8805374957324208 0.010814571627849712 0.01104848082980081
0 0.5820298297110891 0.8890441405689573 0.010814571627849823 0.011048480829800922
0 0.36672735226221237 0.8933938989180403 0.007617290469444371 0.009895550033825917
1 0.2561961854377849 0.8969858237116283 0.010838120936238593 0.012129204265750593
0 0.8475609359956932 0.8824722306769262 0.010838091141279538 0.012129203588987059
0 0.7671575105550257 0.8842985164602397 0.010838091141279316 0.012129203588987059
0 0.7528635358210581 0.8840825021146479 0.011872531038226386 0.011072511351136183
0 0.7057852359080719 0.885151840011167 0.010814571627849712 0.01104848082980081
0 0.5677240952204067 0.8882877648437724 0.009756731397309926 0.011024453015519797
0 0.4746371860634079 0.8909428317617503 0.009780191320821141 0.012105174421178866
0 0.9411650340093649 0.8792647282055328 0.01189605055165599 0.01215323411032243
0 0.9094150865436925 0.8794452093408125 0.011919572658768196 0.013234076049345345
1 0.6427907998716446 0.8844200046719544 0.009756731397309926 0.011024453015519797
1 0.44753035861767465 0.8856110870660336 0.008651668182790506 0.008838737262611418
1 0.26823312749632955 0.8907650258971269 0.009756671807391537 0.011024451661992507
1 0.7347139325249036 0.8769252980527822 0.011872531038226608 0.011072511351136183
1 0.6431198468537445 0.8752210712892656 0.010696963685971506 0.005644390314523351
0 0.6321055376493108 0.879796636278961 0.00987433674550564 0.016428424350960702
0 0.13432143505783142 0.8900219428858517 0.010932214219744552 0.016452453011196244
0 0.1199922119793659 0.888184724460285 0.009780191320821141 0.012105174421178755
1 0.30454386890388985 0.8812894317341893 0.008651668182790562 0.008838737262611418
0 0.10409959051429707 0.8874643933327669 0.009780191320821127 0.012105174421178644
1 0.909121067985838 0.8659350426425368 0.00757024625522007 0.007733866155780422
0 0.5510438230979389 0.875690424484626 0.00869877198693314 0.011000422494184425
1 0.5120411551445334 0.8830644703243931 0.02379213349195386 0.024306588077245284
1 0.4886018292838936 0.8760274171772956 0.008651668182790506 0.008838737262611307
0 0.3516456909239881 0.881300935776693 0.011919572658768196 0.013234076049345345
0 0.9546360104802898 0.8659825911135166 0.01401196937240945 0.012201295152993286
0 0.9403420357463221 0.8657665767679248 0.010814571627849823 0.01104848082980081
0 0.7530632138077237 0.8689390572471702 0.010767527413625633 0.008886796951755094
0 0.7054912173502175 0.8716416733128913 0.010838091141279427 0.012129203588987059
1 0.5811597885306632 0.873384364843222 0.009733209290197609 0.009943611076496661
1 0.5673830337451691 0.8726159738573693 0.00968616507597353 0.007781927198451166
0 0.4748603861571856 0.8768802288332955 0.010838150731197815 0.012129204942514238
0 0.3653518819818283 0.8788269201253137 0.011872531038226608 0.011072511351136072
0 0.2917897916649454 0.8788758069083853 0.010744064896431649 0.007805956366259359
1 0.9981358713577619 0.8617308619396586 0.003728257284476011 0.007685805113109456
0 0.922357083309429 0.866175087509464 0.012977532069144981 0.013258106570680717
0 0.8482895340976288 0.8673167719023079 0.012954009962032886 0.012177264631657803
0 0.7662874680777585 0.8686386811445859 0.011872531038226497 0.011072511351136183
0 0.5393358846258967 0.8727123495215023 0.01288344623437876 0.008934857994425949
0 0.18041210576720415 0.8678887979152607 0.010767557208584688 0.008886797628518739
1 0.9394484724587842 0.8490259591031667 0.009686165075973308 0.007781927198451166
1 0.765946406602521 0.8529668901581829 0.009686165075973308 0.007781927198451166
0 0.3665859687736404 0.8625786630641596 0.008651668182790506 0.008838737262611418
0 0.2914957731070909 0.8653656402101098 0.012930490448603171 0.011096541872471888
0 0.16717610534109278 0.8676487527099517 0.009733149700279359 0.009943609722969704
0 0.11851088121002122 0.8687541360500921 0.009733149700279331 0.009943609722969815
1 0.10422869732456887 0.8690785419972482 0.008675205187382268 0.009919579540016099
1 0.7035162321351088 0.8538442428769184 0.009709687183085514 0.00886276913747408
1 0.6590827115682276 0.8548535071771535 0.009709687183085514 0.00886276913747408
1 0.9974304803881768 0.8466235224441024 0.0051390392236462246 0.009847488991155284
0 0.9224979586219967 0.848329656974266 0.011849008931114291 0.00999166941211349
0 0.9076867652363969 0.8486660788588533 0.011849008931114402 0.00999166941211338
1 0.6881525382340498 0.8531118976730692 0.00865172777270895 0.008838738616138486
0 0.6712608270713603 0.855117581211889 0.012954009962032886 0.012177264631657914
0 0.5490570185361972 0.8573526340225872 0.011872531038226497 0.011072511351136072
0 0.3961847440528504 0.8608249793862528 0.0108146312177681 0.01104848218332799
1 0.3057309127783189 0.8628795503849078 0.007640812576556466 0.010976391972848831
0 0.8764657974759127 0.8488345447334653 0.010814571627849934 0.011048480829800922
0 0.3824315398725864 0.8611373700727412 0.01086167283830991 0.013210046881537152
0 0.13434469125541112 0.8667724220891623 0.009803713427933347 0.013186016360201558
0 0.7510999909430125 0.8516821073706271 0.011919572658768307 0.013234076049345234
0 0.35119878256042836 0.8607654752445237 0.011919572658768252 0.013234076049345123
1 0.760503838924769 0.8460617462239122 0.011825486824001974 0.008910827473090688
1 0.6420028300328471 0.8482127531533821 0.011990136386422212 0.0164764826865772
1 0.16583590202705606 0.8547029775742228 0.007617260674485232 0.009895549357062383
1 0.3043789646050469 0.849393413531204 0.00968610548605503 0.007781925844923987
1 0.20458007442221837 0.8597703912725946 0.023792133491953943 0.02430658807724506
0 0.1367190449138018 0.8542830221263118 0.01079108676443663 0.009967639736732425
0 0.10499261583087166 0.8555443452852098 0.010814616320288586 0.011048481844946112
1 0.48120776870318616 0.8524056854228385 0.022734203876536463 0.024282558232673335
1 0.32833549421983943 0.8558780307865042 0.023792163286913137 0.024306588754008596
0 0.29115471033501206 0.8496937896337882 0.01079110911065595 0.009967640244305298
0 0.11923952400439554 0.8535986762603285 0.009733149700279359 0.009943609722969593
1 0.9385902519218328 0.8339066029934155 0.008675249879821156 0.0099195805551614
0 0.9216749603589539 0.834831505536658 0.010814571627849823 0.01104848082980081
0 0.8909947333572142 0.8355283771201139 0.010814571627849823 0.01104848082980081
0 0.8756545602664261 0.8358768142653688 0.009756731397309926 0.011024453015519797
1 0.8519920790044472 0.8429023630315808 0.023792103696994804 0.024306587400481527
1 0.7502534705728575 0.8371031139939964 0.008628205665596633 0.007757896677115683
1 0.7271551925868169 0.8457379117616021 0.023792103696994693 0.024306587400481527
0 0.6725301672288815 0.8404905877360327 0.009756731397310037 0.011024453015519575
0 0.5794432269800824 0.8431455957408558 0.011896050551656212 0.012153234110322542
0 0.5492802199268161 0.8432900906840508 0.010814571627849934 0.01104848082980081
0 0.17901311337970782 0.8522409771835112 0.015069898987826902 0.012225324997565012
1 0.9073574635178742 0.8335346492520432 0.009733209290197609 0.009943611076496883
0 0.7634777248428923 0.8368027378914121 0.01396492775186764 0.010039730454784346
0 0.7031751706598713 0.8381724518905154 0.009733209290197609 0.009943611076496883
0 0.5360559656567813 0.843590466786635 0.011919572658768196 0.013234076049345345
0 0.39429205641767534 0.8468104964136236 0.014035491479521545 0.01328213709201631
0 0.9528841670658819 0.8341226186925345 0.014082535693745957 0.015443820970061806
1 0.19878465442071364 0.8366530360591731 0.008628175870637522 0.00775789600035226
1 0.38285438945491185 0.8319313825434906 0.008651668182790617 0.008838737262611307
0 0.8573167853007393 0.8200731130509937 0.009709687183085403 0.00886276913747408
0 0.47433089827599306 0.8282315777048843 0.009733149700279387 0.009943609722969815
0 0.1040637855769862 0.8371825239634539 0.009756671807391523 0.011024451661992618
0 0.3965605507177928 0.829457367568875 0.008698712397014918 0.011000421140657246
0 0.8741967949997911 0.8175270071891353 0.009756731397309815 0.011024453015519686
1 0.7482901881182279 0.8198461654709805 0.00761729046944426 0.009895550033826028
0 0.719208601695691 0.8210474135954717 0.010814571627849823 0.01104848082980081
0 0.8889961677419164 0.8166501656885636 0.011896050551656101 0.012153234110322542
0 0.6573191679870233 0.8224531720230511 0.009803773017851736 0.013186017713728848
1 0.8249437722951123 0.8159423608706864 0.006559331059067808 0.009871519512490434
1 0.07434738616157702 0.8335320578745464 0.005524908653282812 0.010928331268559854
0 0.9365799252529787 0.814487970592354 0.011943094765880513 0.014314917988368259
0 0.6715660389168482 0.8205075038441243 0.010885135355503728 0.014290887467032665
1 0.45839124004543963 0.8253495625301297 0.009874277155587252 0.016428422997433523
1 0.256783155357148 0.8266848851042765 0.008722246807924106 0.01208114423822515
1 0.8110611693244547 0.8103102407491494 0.006582853166179903 0.01095236145151346
0 0.08538518767816378 0.8300373355006376 0.010955743775596508 0.01753329511940993
0 0.5809240657677437 0.8139155770135063 0.007664332089985959 0.012057114732034968
1 0.5332815042857422 0.8133757268520772 0.007593768362332276 0.008814708094803336
0 0.32011840558113 0.8187581482712027 0.008675190289902657 0.009919579201634332
1 0.29751385523140994 0.8257597267827612 0.0227106817694242 0.02320171629365053
0 0.21167960697222576 0.8212212303497788 0.009733149700279359 0.009943609722969815
0 0.19843183189191999 0.8204408241032586 0.010744035101472482 0.007805955689495936
1 0.1732176933782031 0.8291236219700895 0.02379213349195397 0.024306588077245173
0 0.12070855704606195 0.823828237578613 0.009756671807391482 0.011024451661992618
0 0.10639109129678263 0.8225314402071531 0.010744049998952065 0.007805956027877703
1 0.6952873837396846 0.816183998982024 0.022734263466454685 0.024282559586200403
0 0.33383635769252623 0.8168245535893349 0.010767587003543855 0.008886798305282273
0 0.1376003166255601 0.8218225529400524 0.011849031277333694 0.00999166991968603
0 0.9516730631133772 0.8027909923904778 0.00869877198693314 0.011000422494184425
0 0.8575164632874048 0.8049296681835161 0.00869877198693303 0.011000422494184425
0 0.7638887835767025 0.8070563300694138 0.011872531038226497 0.011072511351136294
0 0.7485486700758326 0.8074047658611416 0.00869877198693303 0.011000422494184425
0 0.7183974227792813 0.8080896221839298 0.009756731397309704 0.011024453015519797
1 0.6702258815920915 0.8075617872831683 0.008628205665596633 0.007757896677115905
0 0.39570230038588217 0.8143380121358875 0.00970962759316718 0.008862767783947012
0 0.8876324287201292 0.8026236085421121 0.009733209290197498 0.009943611076496994
0 0.8739027751450953 0.8040167809009413 0.009780250910739419 0.012105175774705712
1 0.35829831640727705 0.8222163739116264 0.02814148969046143 0.02980679864757363
0 0.11928603769639622 0.8070996942568682 0.009686105486055002 0.007781925844923987
1 0.3049309284463839 0.8018015744972439 0.008628146075678245 0.007757895323588615
0 0.10552105756509654 0.8068716643122269 0.0075937534648526095 0.008814707756421347
1 0.7619373204687061 0.7903397415724638 0.008628205665596855 0.007757896677115572
0 0.6704372610423949 0.7929587647387293 0.009709687183085514 0.00886276913747408
0 0.36417552321902835 0.800455891019476 0.010791109110656005 0.009967640244304965
0 0.2113032636331612 0.8039282360447598 0.011849038726073485 0.009991670088876914
1 0.19700931869415278 0.8037122210224046 0.0086516979777497 0.008838737939374952
1 0.9031486993973937 0.7860509455338018 0.007570246255219848 0.007733866155780311
0 0.8418000064474704 0.7879851096702251 0.011825486824002307 0.008910827473090577
0 0.7492420459038596 0.7906281024143803 0.010791049520737728 0.009967638890777897
0 0.4736605350822327 0.7974283571116713 0.011872531038226442 0.011072511351136294
0 0.29223565388153744 0.8020899353391604 0.012954009962032664 0.012177264631657914
0 0.18166919029580336 0.8040606571525142 0.011872560833185636 0.011072512027899717
0 0.9184888724881819 0.7857025083885469 0.010791049520737617 0.009967638890778008
0 0.8550124996639492 0.7871443125981292 0.010791049520737839 0.009967638890778008
0 0.6561198250880746 0.7916619666905058 0.010791049520737617 0.009967638890778008
1 0.563550104787749 0.793764598055068 0.007617290469444482 0.009895550033826028
0 0.35091601688012564 0.7991350631266807 0.009756671807391537 0.011024451661992507
0 0.9930618197081401 0.7834679681495396 0.0055248937558032285 0.010928330930177865
0 0.7317624927719656 0.7899438168996746 0.011896050551656101 0.01215323411032243
1 0.4454722274158519 0.7910398605881857 0.008675190289902768 0.009919579201634332
1 0.2587576608943702 0.7958215888844886 0.005524908653282812 0.010928331268559854
1 0.0841858596766947 0.7992461298297107 0.00987427715558728 0.016428422997433523
1 0.8098501262587097 0.7789786726834838 0.0055248937558032285 0.010928330930177865
0 0.10367541155046321 0.7950187460378066 0.008698727294494446 0.011000421479038902
1 0.6284605269218413 0.7852614542295889 0.008839899442241284 0.017485235768648133
0 0.1819041365456576 0.7905384755319524 0.010791079315696839 0.009967639567541542
1 0.14397120265682328 0.7984288518915956 0.023792133491953943 0.024306588077245173
0 0.12002643409558683 0.7924846556058069 0.009756671807391495 0.011024451661992729
1 0.5105120334428582 0.7884812279091138 0.022710711564383368 0.023201716970413955
0 0.47177960720377243 0.7839542355186352 0.010838150731197815 0.012129204942514349
1 0.38833173082048644 0.7917970634072985 0.025908022517747986 0.024354648443152493
0 0.365997393686968 0.7868976639552929 0.010861672838309966 0.01321004688153693
1 0.3516681668841326 0.7850604456143218 0.009709627593167125 0.008862767783946901
0 0.3358343555419014 0.7870420999853334 0.009780191320821086 0.012105174421178644
0 0.28980222419077667 0.7875469870677692 0.008698712397014807 0.011000421140657135
0 0.21258439334235646 0.7898416032717333 0.010838120936238621 0.012129204265750704
0 0.19830220945690408 0.7901660092188892 0.011896080346615295 0.012153234787086076
0 0.16815093236539358 0.7908508662184409 0.012954009962032775 0.012177264631657803
0 0.9181830928767714 0.7716519207207597 0.010791049520737617 0.009967638890778008
1 0.8797211792827486 0.7795543123410704 0.022734263466454796 0.024282559586200625
0 0.7615962589934685 0.7746679505860607 0.01076752741362541 0.008886796951755205
0 0.7473493284737254 0.7766136201185148 0.011896050551656212 0.01215323411032243
1 0.7171745590700618 0.7762176345022799 0.008675249879821045 0.009919580555161511
0 0.6706369403259016 0.77781537946117 0.008698771986933251 0.011000422494184536
0 0.30355542837104066 0.7872345963812808 0.012977532069144926 0.013258106570680717
0 0.9493922995836992 0.7709430338766363 0.00978025091073953 0.012105175774706045
1 0.9340286639757174 0.7702106277293413 0.008675249879821156 0.009919580555161511
0 0.853636999588606 0.7725773344821663 0.012930490448603171 0.011096541872471666
0 0.8399072877204949 0.773970567784441 0.010861613248391522 0.01321004552800975
0 0.7314449521069988 0.7753528082623761 0.011872531038226497 0.011072511351136294
1 0.6935120182181645 0.783243184622019 0.024873585214483684 0.025411459860839702
0 0.9049117956893533 0.7697906725352166 0.011849008931114291 0.00999166941211349
1 0.7234748999955205 0.7495815263936141 0.007546726741790466 0.006653143396594063
0 0.21157296867335856 0.7433665916921172 0.012906968341490993 0.010015699933448863
0 0.38079625825308916 0.7373601560656426 0.008628146075678356 0.007757895323588504
0 0.30357844230214853 0.7396547719312249 0.010767587003543744 0.008886798305282273
1 0.19778446773178798 0.7420577793983714 0.008651697977749673 0.008838737939375063
0 0.15177585848777542 0.7436435084198301 0.011849038726073485 0.009991670088877025
0 0.13855161911522013 0.7439438841840325 0.010791079315696867 0.009967639567541542
0 0.5024475500784722 0.7340562769149709 0.010767557208584633 0.008886797628518517
0 0.32102268377525645 0.7387178548040783 0.009733149700279331 0.009943609722969704
0 0.2898134472733692 0.7394267423249654 0.010791109110656005 0.009967640244305298
0 0.1829615579850708 0.7418537792983019 0.010791079315696867 0.009967639567541653
0 0.16816215544798624 0.7427306214756371 0.008698742191974002 0.01100042181742078
0 0.12161282034270879 0.7437879444498703 0.008698727294494446 0.011000421479039013
1 0.5770205134927511 0.7318217959275002 0.007617290469444482 0.009895550033825917
0 0.545811306785823 0.7325306827716238 0.010791049520737617 0.009967638890777786
0 0.5167179593097301 0.7331915099266035 0.009733209290197609 0.009943611076496661
1 0.8996568319152111 0.7228713607179037 0.009709687183085514 0.00886276913747408
0 0.8832705200575206 0.7237842480004786 0.010791049520737839 0.009967638890778008
0 0.728282386343339 0.7273046530532877 0.009733209290197609 0.009943611076496772
0 0.5643252389279045 0.7321101567694167 0.011896050551656101 0.012153234110322542
0 0.8695173456722158 0.7240966380102032 0.010838091141279316 0.012129203588986948
0 0.7457265980214878 0.7263677366029047 0.010814571627849823 0.011048480829800922
0 0.3966065474882081 0.7342976597556081 0.008698712397014807 0.011000421140657246
1 0.916548602667819 0.7208656758255567 0.00761729046944426 0.009895550033826028
0 0.53255176935512 0.7312097959656736 0.011919572658768418 0.013234076049345123
0 0.7599970519451844 0.7255029685993919 0.011943094765880402 0.014314917988368259
0 0.2690307362997883 0.7328700348591861 0.009897799262699403 0.017509264936456326
1 0.0854076561895684 0.7337968455074575 0.008698727294494446 0.011000421479038791
0 0.21496997251086836 0.7292318988915649 0.007617260674485177 0.009895549357062383
1 0.8101080404503918 0.7178766080380934 0.008816377335128966 0.01640439382962533
0 0.15197552157696137 0.7285000638907342 0.008628175870637494 0.007757896000351927
0 0.12076630742129359 0.7292089509040486 0.009686105486055002 0.007781925844923876
0 0.10704837150421824 0.731142604837453 0.01187254593570608 0.011072511689518172
1 0.8063229173227817 0.7141778859024968 0.0055248937558031175 0.010928330930178087
1 0.637558028823106 0.7169298999694536 0.00865172777270884 0.008838738616138486
1 0.47901998527138834 0.7275596447373849 0.023768641179800987 0.023225746814985793
0 0.30380161260096716 0.7255921696795337 0.009756671807391537 0.011024451661992618
0 0.19853663263327448 0.7279831615476307 0.010814601422809017 0.011048481506564567
0 0.1826675394272163 0.7283436126000262 0.010814601422809045 0.011048481506564456
1 0.13925672620184396 0.7277076423835461 0.008628175870637467 0.007757896000352149
0 0.8983166150005361 0.709925645510475 0.009709687183085514 0.00886276913747397
1 0.842939469433553 0.7187529383205009 0.02590802251774804 0.024354648443152382
1 0.7597147931440448 0.7125331632807095 0.00757024625522007 0.007733866155780311
0 0.7449036593483633 0.7128695838117696 0.009686165075973308 0.007781927198451055
1 0.6609620864205572 0.722345689869635 0.023768581589882487 0.023225745461458724
0 0.5460345068796009 0.718468079843169 0.00973320929019772 0.009943611076496772
1 0.5322695118508216 0.7182400502369095 0.009709687183085625 0.00886276913747397
0 0.5153542798778612 0.7191649514266247 0.009733209290197609 0.009943611076496772
0 0.5021065183981938 0.7183844852518043 0.008628175870637467 0.007757896000351927
0 0.29003664736714707 0.7253641393965105 0.011896050551656046 0.01215323411032243
0 0.9448659947982523 0.7088683215210962 0.011872531038226497 0.011072511351136183
1 0.9141621860994821 0.7084843525190564 0.007593768362332165 0.008814708094803114
0 0.881883319815381 0.7086769071513952 0.008628205665596744 0.007757896677115794
1 0.8686590655453461 0.7089772832539792 0.009686165075973308 0.007781927198451166
0 0.728517347490673 0.7137824710943443 0.008698771986933251 0.011000422494184314
0 0.5756450730073261 0.7172548164580099 0.009756731397309815 0.011024453015519797
0 0.38310003571387485 0.7216282901294282 0.011872531038226497 0.011072511351136072
1 0.4430615582166175 0.7045867844671583 0.00963906386551322 0.005620361146715047
1 0.3346462655205046 0.7081306492332207 0.008628146075678356 0.007757895323588615
0 0.30187364180512377 0.7099564237983701 0.01290696834149102 0.010015699933448863
0 0.3219627520092141 0.7089594310446485 0.010814631217768267 0.01104848218332799
0 0.21298319774408586 0.7108941077527627 0.010791079315696811 0.009967639567541653
0 0.19975895837153057 0.7111944835169652 0.009733149700279359 0.009943609722969593
0 0.10985761401181993 0.7143178815323572 0.014011954474929852 0.012201294814611519
0 0.8805078197400376 0.694109929035432 0.00865172777270884 0.008838738616138597
0 0.6519928775728 0.6993004241899288 0.00865172777270895 0.008838738616138708
0 0.9122342450985979 0.6928486059611294 0.010791049520737617 0.009967638890778008
1 0.8672600433628905 0.6933294631989934 0.009709687183085514 0.008862769137473858
0 0.7138705502279117 0.6973542447928381 0.011849008931114402 0.00999166941211338
0 0.6673212300201138 0.6984115674286895 0.007617290469444482 0.00989555003382614
0 0.5625852148601298 0.7007905443745006 0.00973320929019772 0.009943611076496883
1 0.5461753808953274 0.7006225897180525 0.00865172777270895 0.008838738616138597
0 0.8979402703646302 0.6926325916155376 0.011872531038226608 0.011072511351136183
0 0.8497923108744709 0.6931855973002718 0.010791049520737728 0.009967638890778008
1 0.8079684056728631 0.6925135223886338 0.009756731397309926 0.011024453015519797
0 0.8354512932231203 0.6908079586665528 0.011966616872992608 0.01539575992739095
1 0.6354301538022922 0.6921071756995871 0.009756731397310037 0.011024453015519686
1 0.4545224614582699 0.6962163183736607 0.009756671807391537 0.011024451661992396
1 0.08584227297734845 0.705131219188609 0.010838135833718204 0.01212920460413247
1 0.6259322199857695 0.6934042882700474 0.009850817232076037 0.015347701591774454
1 0.4439195551089466 0.6953758365005653 0.009756671807391482 0.011024451661992729
1 0.8072982972155256 0.6860406647849194 0.010814571627849823 0.01104848082980081
0 0.19841875635433506 0.6982487679711544 0.0076172606744852045 0.009895549357062383
1 0.14460496820588653 0.7059591744136817 0.0269424300260534 0.023297836348701417
0 0.5464456252033294 0.6887216706676433 0.009756731397309704 0.011024453015519908
1 0.5090181340150917 0.6955191901659776 0.02376861138484182 0.02322574613822226
0 0.39356155987146746 0.6916535957385611 0.010791109110656005 0.009967640244305187
0 0.30475344188848086 0.6963741668896153 0.010908717052534267 0.015371730759582758
0 0.18146819652826768 0.6975524072674809 0.014011939577450255 0.012201294476229751
1 0.8960476125244143 0.6786181079661449 0.00865172777270884 0.008838738616138486
0 0.7585389723522084 0.682822799887187 0.010814571627849823 0.01104848082980081
0 0.7436925566926997 0.6815380170996312 0.010744005306513205 0.007805955012732291
0 0.7130357909113128 0.6833156723857188 0.010791049520737506 0.009967638890777897
1 0.32898021451443427 0.690957805504588 0.014975783358101624 0.007902075744546821
0 0.880190279075071 0.6795189203981336 0.010838091141279538 0.012129203588986948
0 0.8664488061534039 0.6803717327308969 0.01297753206914487 0.013258106570680828
0 0.848981072368143 0.680227807242257 0.014011969372409339 0.012201295152993397
1 0.6579524104626027 0.6813228284944401 0.010696963685971395 0.00564439031452324
0 0.4824049895132402 0.6885542272293592 0.01295400996203283 0.012177264631657803
1 0.574151711550523 0.6729534444271891 0.00860468615216703 0.006677173917929657
1 0.30330740658360145 0.6785647218697384 0.008628146075678356 0.007757895323588615
0 0.16948980500108063 0.6821449469400408 0.009709627593167208 0.008862767783947012
0 0.15256276728212542 0.68252942817539 0.009709627593167208 0.008862767783946901
0 0.29008315231356663 0.6788650979723228 0.009733149700279331 0.009943609722969815
0 0.10865827856161107 0.6835266760306209 0.012930490448603144 0.011096541872471777
0 0.848099270134161 0.6640276105470102 0.010744005306513316 0.007805955012732291
0 0.18321950326855335 0.6807517735660661 0.011872560833185636 0.01107251202790005
0 0.13932676685601406 0.682289382970081 0.010838120936238593 0.012129204265750593
1 0.6507935346738514 0.6685092188573836 0.007617290469444371 0.009895550033826028
0 0.3931969762891177 0.6749009628131353 0.010814631217768156 0.011048482183328101
0 0.3805017017242711 0.6751893236550517 0.0108146312177681 0.01104848218332799
0 0.7269534223062157 0.6662386924262915 0.009756731397309815 0.011024453015519797
0 0.7116015477517899 0.6660467072485079 0.008675249879821045 0.0099195805551614
0 0.6645467090591562 0.6681968288476587 0.011896050551656101 0.01215323411032243
0 0.5603279138476458 0.670023429153209 0.008698771986933251 0.011000422494184314
0 0.879273194977262 0.6616975203842708 0.011872531038226608 0.011072511351136183
1 0.4560267925580842 0.6680671422620976 0.0075937683623322205 0.008814708094803225
0 0.8649557590229418 0.6604007223360473 0.013001054176257187 0.01433894850970363
1 0.8062048025017405 0.6601131885880587 0.009756731397310037 0.011024453015519797
1 0.2682425130214095 0.6723324799410336 0.00879279823178103 0.015323669716911903
1 0.2576631200336173 0.6725727805862338 0.008792813129260613 0.015323670055293781
1 0.20636479437701788 0.6742786007633514 0.022710681769424285 0.02320171629365053
0 0.16919578644322614 0.6686347802417651 0.009733149700279359 0.009943609722969815
0 0.12375142387074928 0.6718296976595537 0.009827235535045498 0.014266858299224361
1 0.8060048684818109 0.6509262108761195 0.00963912345543172 0.005620362500242226
1 0.6363231493239077 0.6601871283287937 0.008816377335128966 0.016404393829625108
1 0.32535948750966276 0.6704944351828981 0.025884500410635947 0.02327380650412947
1 0.30405955788444966 0.6644901639472979 0.008675190289902712 0.009919579201634221
0 0.15276244656563226 0.6673860428978307 0.008651697977749673 0.008838737939374952
1 0.7108020702990179 0.6536293381600045 0.007593768362332276 0.008814708094803003
1 0.6669093500807994 0.655167006815556 0.006559331059067808 0.009871519512490545
0 0.5753975296009322 0.65724560901231 0.007617290469444371 0.009895550033826028
1 0.5610918534033267 0.6564891723436797 0.008628205665596744 0.007757896677115794
1 0.5363949348380834 0.6646195935702499 0.024826541000259272 0.023249775982793985
0 0.5140370755974528 0.6586393521792215 0.00973320929019772 0.009943611076496883
1 0.4997548768145208 0.6589637584647594 0.008675220084861823 0.009919579878397977
1 0.47012080347716295 0.6590961795725137 0.008651668182790506 0.008838737262611418
0 0.3500681671284622 0.6629044349258393 0.011872531038226497 0.011072511351136405
0 0.18133857539009304 0.6672776519730299 0.012954009962032775 0.012177264631657914
1 0.7479593035786153 0.6587327976403796 0.024826541000259272 0.023249775982793985
0 0.7250724633359551 0.6527645119201007 0.010791049520737617 0.009967638890777897
0 0.29186974091767925 0.6636856675895239 0.014011969372409394 0.012201295152993286
1 0.9419265695384518 0.6467575647370803 0.008675249879821045 0.009919580555161511
1 0.9023949950704148 0.6541435645556879 0.024826541000259272 0.023249775982794207
0 0.4817111055092089 0.6566702242870417 0.0107675870035438 0.008886798305282273
0 0.8477699697124794 0.6488962405301186 0.010838091141279538 0.012129203588986837
0 0.21326466383783926 0.6508728843696314 0.00970962759316718 0.008862767783946679
0 0.39256189625602567 0.6457190051284566 0.0107675870035438 0.008886798305282273
0 0.1825726621819052 0.651029394911876 0.009733149700279331 0.009943609722969704
0 0.16881944310416158 0.6513417859367461 0.007617260674485177 0.009895549357062272
0 0.8347571544826664 0.6345935927347366 0.0107675274136253 0.008886796951755094
1 0.7114954474238862 0.6368527343031616 0.009686165075973197 0.007781927198451166
0 0.46871005133295185 0.6429079974611711 0.008651668182790506 0.008838737262611418
0 0.8950361878554164 0.6321430963865288 0.01076752741362541 0.008886796951755205
1 0.8775683944802373 0.631999172251416 0.007570246255219959 0.007733866155780311
1 0.7548591879369162 0.6353270809082778 0.009709687183085403 0.00886276913747408
0 0.7416466947204374 0.6361678779803734 0.010791049520737617 0.009967638890778008
0 0.7247078810504466 0.636011938584593 0.01076752741362541 0.008886796951755205
1 0.5147068710252904 0.6407819077368828 0.007593768362332165 0.008814708094803225
0 0.31954054540104593 0.6462962380304536 0.008698712397014918 0.011000421140657246
0 0.9077079403131507 0.6307738936055893 0.00865172777270884 0.008838738616138486
0 0.5607390321713744 0.6402770199776835 0.012954009962032664 0.012177264631658025
0 0.4993667724219002 0.641130343190229 0.008698742191973974 0.01100042181742067
0 0.44221449987549905 0.6413471253782121 0.010767587003543855 0.008886798305282273
0 0.3343281881814157 0.6448790344735251 0.010814631217768267 0.01104848218332799
1 0.0661052168030698 0.6493493946465609 0.007570227633370535 0.007733865732803102
1 0.2676427135553031 0.6447716659850524 0.008675190289902657 0.009919579201634332
1 0.25760403898003603 0.6455403728466691 0.009756671807391537 0.011024451661992729
1 0.6336662958947468 0.6353764789095135 0.008675249879821156 0.0099195805551614
0 0.8627102177671726 0.6301739684943488 0.01189605055165599 0.012153234110322542
1 0.4425553079111551 0.632688612965035 0.007593768362332165 0.008814708094803114
0 0.02468091931834364 0.642720912296196 0.011849031277333697 0.00999166991968603
1 0.8154555059413691 0.6231371706179516 0.008698771986933251 0.011000422494184425
0 0.3192582878967475 0.6333264923016894 0.008651668182790506 0.008838737262611307
0 0.21400506898261096 0.6362579051392976 0.009733149700279331 0.009943609722969593
1 0.687009908308946 0.6303801329852927 0.022687219252230495 0.022120875708154908
0 0.5588698342546697 0.6273432604410041 0.007617290469444482 0.009895550033825917
1 0.5139074531624368 0.6283645372948523 0.008675249879820934 0.0099195805551614
0 0.47000294209570315 0.6293617856576559 0.009733149700279331 0.009943609722969815
1 0.2961247565449978 0.6403400264839971 0.02379216328691308 0.024306588754008596
1 0.7244138624925921 0.6225017718863174 0.008675249879821045 0.009919580555161511
0 0.7101552292123698 0.6239069595058144 0.011896050551656101 0.01215323411032243
0 0.6498761971364609 0.6263575154439406 0.011943094765880513 0.014314917988368148
0 0.4837326254656963 0.6279686126220629 0.009733149700279387 0.009943609722969815
0 0.3933140760549917 0.631644386939334 0.012977532069144926 0.013258106570680717
0 0.33244726030295535 0.631404912880489 0.011849008931114346 0.00999166941211338
1 0.9313469007648587 0.622667562490273 0.024803018893147066 0.022168934043771404
0 0.8778151166811271 0.6190174112619842 0.010838091141279538 0.012129203588986948
0 0.846594148920643 0.6191858771365962 0.011872531038226497 0.011072511351136294
0 0.664146590173398 0.6254926892040367 0.013024576283369282 0.015419790448726323
0 0.5720823274711485 0.6265024633689085 0.012977532069144981 0.013258106570680606
0 0.9063559623449196 0.6172877574286492 0.012954009962032775 0.012177264631657803
0 0.8926145490131708 0.6181405684078853 0.010861613248391633 0.01321004552800975
0 0.863485919673251 0.6171801922442492 0.00973320929019772 0.009943611076496883
1 0.5606564526537415 0.6121638293814415 0.00757024625522007 0.007733866155780311
1 0.19938182362192103 0.6209105201000507 0.0086516979777497 0.008838737939374841
1 0.12268119652765352 0.6226527004122173 0.009709627593167167 0.00886276778394679
0 0.25752146691114297 0.6174271820812363 0.010720530485522461 0.006725233268691677
0 0.21208885794348237 0.6211625206377273 0.012954009962032748 0.012177264631657803
0 0.8652959992926752 0.6030815448873185 0.013917883537643227 0.007878046576738518
0 0.8446662079197589 0.6035501305786692 0.010744005306513427 0.007805955012732291
1 0.3786555475336335 0.6146757389915527 0.0075937683623322205 0.008814708094803114
0 0.2914108180609819 0.6182794826882629 0.01506986919286779 0.01222532432080159
0 0.7108486050403966 0.6071302960590531 0.011872531038226497 0.011072511351136294
0 0.6627123457170339 0.6082236644769077 0.010814571627849823 0.011048480829800922
1 0.5278132639138655 0.6107471377194408 0.007617290469444371 0.009895550033826028
0 0.8314301925961678 0.6033100857117419 0.011872531038226497 0.011072511351136294
0 0.6500053113954725 0.6079716639392311 0.010838091141279427 0.012129203588987059
0 0.10886918092771057 0.6202630460102577 0.00982723553504547 0.014266858299224472
1 0.6223694744495918 0.602651935180946 0.00879285782169914 0.015323671070439193
1 0.3176358419758919 0.6074109710988143 0.006629894786721713 0.013113926149722621
1 0.176518505486373 0.6160230763187946 0.022734203876536463 0.024282558232673335
1 0.813280529710095 0.5961528830034034 0.007734898411322577 0.015299640549103488
1 0.8026541310486187 0.5942315585145217 0.009756731397309704 0.011024453015519575
0 0.1382797919861281 0.6098628650106506 0.009780191320821113 0.012105174421178755
1 0.12236365586268685 0.6080616917749189 0.009686105486054988 0.007781925844923987
0 0.2895298901825216 0.6048053610952268 0.011872531038226553 0.011072511351136294
1 0.21335822789596282 0.6065355264851076 0.00975667180739151 0.011024451661992507
1 0.6858223264635535 0.600129348622259 0.02374505948277028 0.02214490352243592
0 0.6497112928376181 0.5944614972409554 0.00865172777270884 0.008838738616138597
0 0.5418014590364225 0.5969125643972457 0.01076752741362541 0.008886796951755094
0 0.5137895321910587 0.5986301447335217 0.009756731397309926 0.011024453015519686
1 0.47636205590030056 0.6054276638934741 0.023768641179800987 0.023225746814985904
0 0.30217812182998505 0.602355375965183 0.00970962759316718 0.00886276778394679
1 0.8612638992277526 0.5880342207516553 0.008628205665596633 0.007757896677115794
0 0.8443721893619043 0.5900399638803935 0.010814571627849823 0.011048480829800922
1 0.7216041179608845 0.5906657690432253 0.00860468615216703 0.006677173917929546
1 0.7089441265567065 0.5925753927936761 0.010791049520737617 0.009967638890778008
0 0.6624065674024646 0.594173136399039 0.010814571627849712 0.011048480829800922
0 0.5000128220980034 0.5978617527325236 0.011872560833185719 0.011072512027899939
1 0.4886572115793889 0.5624351634079355 0.005477849541578872 0.008766647052132148
1 0.3022951905040586 0.5590987411782269 0.00966258597262537 0.006701203085737961
1 0.14097116566353018 0.5633037479598877 0.008628175870637494 0.007757896000352038
1 0.28958815618249734 0.5588467406405504 0.009686105486054974 0.007781925844924098
1 0.25623954579140273 0.5585228457423673 0.010697008378410311 0.005644391329668652
0 0.19914606976720098 0.5614416733571802 0.008651697977749673 0.008838737939375063
0 0.15418364398252937 0.5624629512261738 0.009709627593167125 0.008862767783946901
0 0.6608896838385494 0.5487909224291951 0.009662645562543815 0.006701204439265029
0 0.4815806618686889 0.5534044409675405 0.0086281460756783 0.007757895323588504
1 0.26891129080039733 0.557153643130619 0.010697023275889839 0.005644391668050308
0 0.213404747739862 0.5600364847225379 0.009709627593167153 0.008862767783946901
0 0.8719133714102552 0.5423757194369538 0.008628205665596744 0.007757896677115794
1 0.8581601374350318 0.5426881108002057 0.010744005306513427 0.00780595501273218
1 0.7079444629412646 0.5466408021835716 0.010767527413625522 0.008886796951755094
0 0.5709530414206909 0.5502930578744345 0.011849008931114402 0.00999166941211349
1 0.49635654359550263 0.5514468164411008 0.006535808951955491 0.008790677573467742
0 0.46834467634005716 0.5531643954238498 0.009756671807391482 0.011024451661992618
0 0.8306654305381416 0.5438533144962211 0.01504640926935652 0.01114460291514252
0 0.7502503036338364 0.545139177956496 0.010791049520737617 0.009967638890778008
1 0.7364853086050571 0.5449111483502365 0.00865172777270884 0.008838738616138597
0 0.7200989967473668 0.5458240356328112 0.011849008931114402 0.00999166941211338
0 0.6465721882943108 0.5474941257344987 0.010791049520737728 0.009967638890778008
0 0.5116966868913316 0.5510983799726092 0.011872531038226386 0.011072511351136183
0 0.8427965018270499 0.5419557046529109 0.00761729046944426 0.009895550033826028
0 0.5560948647076263 0.5484678541173673 0.00982729512496383 0.01426685965275154
1 0.09533862397278126 0.5578521683943578 0.010885180047942547 0.014290888482178299
1 0.6311379889586748 0.543519312949972 0.00982729512496383 0.014266859652751651
1 0.6200296535093932 0.5437716280098852 0.008769335714587267 0.014242829131416168
1 0.26871135807730895 0.547966725008598 0.0107205453830021 0.006725233607073333
1 0.8003142505185019 0.5353512526969884 0.00973320929019783 0.009943611076496883
0 0.21312248893872232 0.5470666794038552 0.009709627593167153 0.008862767783946901
0 0.20043896052995228 0.547895461553665 0.009733149700279331 0.009943609722969704
1 0.11700287127081167 0.5562787098196715 0.022710689218164076 0.023201716462841304
1 0.3862132128266347 0.5485418534480206 0.02374511907268878 0.02214490487596299
0 0.3326579079326321 0.5438109198706274 0.009733149700279387 0.009943609722969704
0 0.30358808126681 0.5455525293747117 0.01083815073119776 0.012129204942514238
0 0.2887769176761693 0.5458889505825355 0.010838150731197871 0.012129204942514127
1 0.6839997241749872 0.5406966052210193 0.022687219252230495 0.022120875708154797
1 0.4796526910728455 0.5377686950863771 0.00966258597262537 0.00670120308573785
0 0.4664519874080407 0.5391498528613021 0.008651668182790562 0.008838737262611418
0 0.7510259459499962 0.5321454030599235 0.010791049520737839 0.009967638890777897
0 0.736732030805947 0.5319293873608046 0.009709687183085514 0.00886276913747397
0 0.7071214646782218 0.5331426507459636 0.00973320929019772 0.009943611076496883
0 0.5098157292179122 0.5376242590563369 0.010791049520737617 0.009967638890778008
0 0.8705496323884678 0.5283491622905022 0.010791049520737728 0.009967638890777897
0 0.8562909408151684 0.5297544108534448 0.009780250910739419 0.012105175774705934
0 0.8414680459659309 0.5295504104149935 0.011872531038226497 0.011072511351136294
0 0.8261161714115048 0.5293584252372099 0.008675249879820934 0.0099195805551614
1 0.6562933235014525 0.5321344698255022 0.013917883537643339 0.007878046576738629
1 0.53427774622574 0.5430160184351828 0.021723345676619932 0.02642009376307386
1 0.5095334704167724 0.5246544537376543 0.008628205665596633 0.007757896677115794
0 0.4809455818355969 0.5242224832828619 0.0086281460756783 0.007757895323588504
0 0.3481859383666115 0.5277786182419104 0.009709627593167236 0.00886276778394679
0 0.30426966754316287 0.5282355052251209 0.008675190289902768 0.009919579201634332
0 0.17098104436898914 0.5318036554448371 0.010814601422809017 0.011048481506564345
0 0.14030080246976986 0.5325005273666746 0.010814601422809045 0.011048481506564345
0 0.5406956342063174 0.5217839426054034 0.009733209290197609 0.009943611076496772
0 0.3624446014417929 0.5263734299456498 0.008698712397014974 0.011000421140657135
0 0.2576968252282529 0.5282119859219494 0.010791109110656005 0.009967640244305076
0 0.9008770368614138 0.511440078751132 0.010744005306513316 0.00780595501273218
1 0.8707257895648626 0.5121249350739201 0.007570246255219959 0.0077338661557802
1 0.8559145961792627 0.5124613569585075 0.007570246255219959 0.007733866155780311
0 0.749086243895556 0.515969235532485 0.009733209290197609 0.009943611076496883
0 0.5269306987674565 0.5215559116456168 0.009756731397309926 0.011024453015519797
0 0.49732014753721077 0.5227691746923939 0.009780221115780252 0.012105175097942289
0 0.7352977267596645 0.5146603639872027 0.009756731397309815 0.011024453015519797
0 0.8870885806122819 0.5101312654422407 0.010814571627849712 0.01104848082980081
1 0.26919301163057363 0.5214627827369862 0.010791109110656005 0.009967640244305187
1 0.43949776653347206 0.5165130992766627 0.010838150731197815 0.012129204942514238
1 0.6188303106104447 0.51298042267734 0.009850817232075815 0.015347701591774454
1 0.7986564929388601 0.507814528852261 0.011966616872992608 0.015395759927391062
1 0.20680986518306493 0.524501760082231 0.021629230046894626 0.02209684451005578
0 0.1839347872908021 0.519073954921382 0.009733149700279359 0.009943609722969704
0 0.15484145471218863 0.5197347817379799 0.008675220084861851 0.009919579878397977
1 0.5638291953530262 0.514770407746332 0.02266369973880078 0.02104015294896855
0 0.3473629401035686 0.5142804668043024 0.006559331059067697 0.009871519512490545
0 0.30237697861114654 0.5142209626625733 0.009686105486054974 0.007781925844924098
1 0.5409423564072073 0.5088021816159713 0.008675249879821045 0.0099195805551614
0 0.6757943952929926 0.5041170840853109 0.009709687183085625 0.00886276913747397
1 0.6461720681117114 0.5047899265009583 0.009709687183085514 0.00886276913747408
0 0.5282117986816925 0.5074692795493536 0.01288344623437887 0.008934857994425949
0 0.5097801926176624 0.5116726927482222 0.011990136386422212 0.0164764826865772
0 0.855115178316409 0.5000439865164767 0.010814571627849823 0.011048480829800922
1 0.8324870760646176 0.505964723765776 0.022687219252230273 0.02212087570815474
1 0.7487687032305893 0.5013782268951865 0.009709687183085514 0.008862769137474136
0 0.6900883104370419 0.5043330997844298 0.010838091141279427 0.012129203588987003
0 0.9301935844312846 0.4967166486676974 0.010791049520737728 0.009967638890777952
0 0.9000422775448149 0.4974015063440126 0.011849008931114402 0.00999166941211338
0 0.8867945620544275 0.4966210987439651 0.010744005306513316 0.007805955012732291
0 0.7355209268534423 0.5005977610587478 0.010767527413625633 0.008886796951755094
0 0.8683040911326987 0.49812240844880384 0.011896050551656101 0.012153234110322486
1 0.25868393637959364 0.5006151864506471 0.009662584675784125 0.0067011434958194616
0 0.19998003767325495 0.5024892766524041 0.008675220084861851 0.009919579878397922
1 0.7352504304026999 0.488168436299495 0.008628206962437934 0.007757956267034127
0 0.5400723145783608 0.4931423760952769 0.009709687183085514 0.00886276913747408
1 0.4670745156254524 0.4948004502595331 0.00970962759316718 0.008862767783946846
0 0.5263191401930559 0.49345476610500166 0.011872529741385307 0.01107245176121796
1 0.36285568997056217 0.49662702144688786 0.008675190289902768 0.009919579201634277
0 0.34857350608510984 0.49695142739404385 0.009733149700279387 0.009943609722969704
0 0.28934064192264175 0.49883750272312766 0.011872529741385252 0.011072451761218016
0 0.12537178187045991 0.5031025843700043 0.011896074194716735 0.01215329420781347
1 0.9716764275092342 0.48171690279797313 0.0055013716486910225 0.009847488991155173
0 0.9182269688551332 0.48184960897138684 0.015022887162244314 0.010063760976119662
0 0.8378353038196011 0.4842162859292526 0.010814570331008633 0.011048421239882533
0 0.8245992891444309 0.4839762708572845 0.00973320929019772 0.009943611076496883
0 0.6876078682722778 0.48762855634310676 0.010814570331008522 0.011048421239882533
0 0.6441853237883085 0.48645216448035167 0.010908656165774744 0.015371669816137246
1 0.2691457146251883 0.49497082525431946 0.009850756345316347 0.015347640648328886
1 0.09352773739691167 0.4989598171828157 0.011966630473630932 0.01539570067585444
1 0.43941518766425985 0.4883999384753799 0.009780192617662387 0.012105234011097032
1 0.2590129535667345 0.4914162537447221 0.008675190289902657 0.009919579201634277
1 0.2002267443282446 0.4895074862063948 0.009733149700279359 0.009943609722969704
0 0.12404333588560934 0.4906972302883823 0.009709627593167167 0.008862767783946846
1 0.5029033364395282 0.48749855489692706 0.022687190754112574 0.02212093462130954
1 0.32728533686503214 0.49148754733299604 0.024803020189988367 0.02216899363368957
0 0.14200478176129053 0.4892079070643975 0.00970962759316718 0.008862767783946901
0 0.5397665349669502 0.4790917884274898 0.009709687183085514 0.008862769137474136
0 0.3017418979296338 0.4850389751829355 0.011849008931114346 0.00999166941211338
0 0.7328640734242814 0.4757871116394676 0.00874581360747495 0.013161987192393365
1 0.7107414294189867 0.48061502148403534 0.023745060779611804 0.0221449631123542
1 0.6878428294196117 0.47410637438416336 0.00757024755206126 0.007733925745698644
1 0.6751475548547652 0.4743947352260799 0.009686166372814609 0.007781986788369499
1 0.6587494819435187 0.4747672015391432 0.008628206962437823 0.007757956267034072
0 0.9005239602446181 0.4708975336006781 0.009803773017851514 0.013186017713728737
1 0.8614742636228885 0.4761099250189769 0.022687220549071685 0.02212093529807313
0 0.838070264966935 0.4706941039703092 0.011849008931114291 0.009991669412113435
0 0.8243052699381557 0.47046607436404964 0.009709687183085403 0.008862769137474025
0 0.9285005449878159 0.46755872150435407 0.010791049520737506 0.009967638890777952
0 0.915276290717781 0.46785909760693833 0.009733209290197609 0.009943611076496828
0 0.8835381043056647 0.46857999971172953 0.009733209290197609 0.009943611076496883
1 0.9701009947108026 0.4579630065599891 0.005454328731308022 0.007685864703027845
1 0.3495958991002776 0.4709758312413575 0.008628147372519601 0.007757954913506948
0 0.20094362736590415 0.4738116650370381 0.009709627593167208 0.008862767783946901
0 0.1416990027983006 0.4751573491915696 0.009709627593167208 0.008862767783946846
0 0.11207669796323862 0.4758301910996444 0.00970962759316718 0.008862767783946901
0 0.28872908334824127 0.4707363571825126 0.00970962759316718 0.008862767783946901
0 0.21309817606948583 0.4729948981478961 0.010791079315696867 0.009967639567541653
0 0.1252891874553475 0.47498939411214425 0.008675212636122087 0.009919579709207038
0 0.478617490857154 0.46588253816815794 0.012906968341490965 0.010015699933448863
0 0.3627613493993733 0.4679734098811345 0.0075937683623321095 0.008814708094803225
0 0.8562548960389145 0.45514217815625135 0.012859925424107854 0.007854075645321534
1 0.5552945666977709 0.4630595463886912 0.00973320929019772 0.009943611076496883
0 0.3918429066753717 0.466772192228366 0.008675190289902712 0.009919579201634332
1 0.7393408249657163 0.4572570797137998 0.007593768362332276 0.00881470809480317
0 0.672702394553828 0.4593113951033728 0.00973320929019772 0.009943611076496939
0 0.3770200118261341 0.4665681917899147 0.010814629920926855 0.011048422593409712
0 0.5690242792143025 0.4616663428813756 0.011943094765880513 0.014314917988368148
0 0.9138420469098375 0.45059010267476846 0.011896051848497402 0.012153293700240764
0 0.2716726921797519 0.46517635638965016 0.009874278452428553 0.01642848258735191
0 0.09446780563086934 0.46920139342338607 0.01093222296532563 0.016452512770305516
0 0.4514871426011498 0.4594700111233369 0.009850756345316403 0.015347640648329053
1 0.1775278229639558 0.4678554240340043 0.02268716095915338 0.02212093394454595
0 0.1562631901000492 0.4634723557786383 0.009780192617662414 0.012105234011097143
0 0.11074826315149774 0.463424836764236 0.009733149700279345 0.009943609722969815
0 0.19959166364673192 0.4603254987267569 0.009733149700279359 0.009943609722969815
1 0.5027972056682446 0.45830455283338506 0.023745090574570804 0.02214496378911779
0 0.46616893784477675 0.4531891082256833 0.009733149700279387 0.009943609722969704
0 0.3921131496865325 0.45487121358803856 0.009733149700279387 0.009943609722969815
1 0.3614211324846982 0.45502769467370574 0.009709627593167236 0.008862767783946846
0 0.28895228344201895 0.4566737542540578 0.008651668182790562 0.008838737262611418
0 0.1424511676997871 0.46108273134082883 0.01187255953634439 0.011072452437981495
0 0.12446620408978426 0.46149124233615446 0.011872552087604585 0.011072452268790556
0 0.7025831447512164 0.4461971842263727 0.00865172777270895 0.008838738616138597
1 0.6428095702733837 0.4475548829648084 0.007593768362332165 0.00881470809480317
0 0.6734780362215673 0.44631759041184116 0.011849008931114402 0.009991669412113435
0 0.6566097875760717 0.44940411724321094 0.014082534396904545 0.015443761380143528
0 0.5644867215513036 0.44771187594540307 0.01391788483448464 0.007878106166656906
0 0.5264244193154555 0.4496577706152162 0.011849008931114402 0.00999166941211338
0 0.836906204580234 0.44152413175133903 0.010791049520737728 0.009967638890778008
0 0.9130425701054863 0.43817276338122413 0.010767527413625522 0.008886796951755094
0 0.8670339304180938 0.43975846328448726 0.00973320929019772 0.009943611076496883
0 0.2897161938511614 0.4431395279162511 0.01074406619327295 0.007806015956177748
1 0.20084927189723562 0.44515805380966655 0.008628177167478795 0.007757955590270482
1 0.3193149995737512 0.44138587335653995 0.008628147372519601 0.007757954913506948
1 0.2605875943062005 0.4421791510758514 0.00966258467578407 0.0067011434958194616
0 0.12518306785717365 0.44579539179481587 0.009733149700279331 0.00994360972296976
0 0.7149373571924048 0.430237002603094 0.010744006603354395 0.007806014602650624
0 0.5546830074749496 0.43495837105311697 0.00973320929019772 0.009943611076496828
1 0.4938279819230079 0.4352592874920608 0.008675190289902712 0.009919579201634277
1 0.836024402346252 0.4253239350560923 0.009686166372814387 0.007781986788369499
0 0.8952454756602048 0.4228974394342606 0.009733209290197498 0.009943611076496939
1 0.8814923012749001 0.42320982944398544 0.009733209290197609 0.009943611076496828
0 0.8217421886658405 0.42564834168001187 0.012954011258873965 0.012177324221576191
0 0.6709858330032472 0.4290726260010066 0.00978025220758083 0.012105235364624212
0 0.6413635058219658 0.4297454684166542 0.009780252207580609 0.012105235364624212
1 0.43821559132572974 0.43327842974325437 0.009733149700279387 0.00994360972296976
0 0.7016307781411598 0.4267545510989349 0.011966615576151307 0.015395700337472618
1 0.6159141533697542 0.42762017463780755 0.009803773017851514 0.013186017713728793
1 0.0937739209784175 0.4373173606861094 0.008651683080270117 0.00883873760099324
1 0.7946471527170431 0.42085704707200244 0.009827295124963942 0.014266859652751596
1 0.6269167015206318 0.42250418867860084 0.008675249879821156 0.009919580555161456
0 0.19899186547746683 0.4327647443606941 0.009756670510550236 0.011024392072074285
0 0.1841571953256142 0.43202035308607245 0.009709627593167208 0.008862767783946957
0 0.1714736818143238 0.4328491348975004 0.009733149700279387 0.009943609722969704
0 0.12490081035287523 0.4328256460660517 0.009686106782896262 0.007781985434842431
0 0.28782350556756564 0.42912501514866275 0.009733149700279331 0.009943609722969704
0 0.553331089096637 0.42147223352264956 0.007593768362332276 0.008814708094803114
0 0.5232268251275503 0.4243187154870922 0.010861613248391633 0.013210045528009862
0 0.5100025708575153 0.4246190915896764 0.009803773017851736 0.013186017713728848
1 0.4725398127029302 0.4297954074310129 0.021629201548776733 0.022096903423210468
1 0.671785056368017 0.41715966189497067 0.007570247552061371 0.007733925745698533
1 0.6559276639771758 0.4180605054754457 0.007593768362332165 0.00881470809480317
0 0.56761324318713 0.42114782825225716 0.008698770690092061 0.011000362904265981
0 0.4946036391366474 0.4222655122571065 0.010791079315696783 0.009967639567541542
0 0.5369094947266988 0.4207638876916493 0.012930489151761981 0.011096482282553277
1 0.8580882430290282 0.41779400974884484 0.022687220549071685 0.02212093529807313
1 0.8357421441935331 0.41235415953236887 0.007617290469444371 0.009895550033826084
1 0.7385528551269189 0.4210498281952275 0.02271074135934259 0.0232017176471776
0 0.7146315782294148 0.4161864447302661 0.010838092438120728 0.012129263178905392
0 0.6839513512276751 0.4168833163137219 0.015069930079627314 0.012225385264247046
0 0.881210043122181 0.41024005392026197 0.00973320929019772 0.009943611076496828
1 0.9250792425301285 0.40762160291560606 0.00865172777270895 0.008838738616138597
0 0.8944107759335242 0.4088588656736141 0.010791049520737617 0.009967638890778008
0 0.3582935647019041 0.3842704102654575 0.010744066193272894 0.007806015956177748
0 0.4677785772135291 0.3812429061526119 0.01182548682400214 0.008910827473090521
1 0.653928904512215 0.37485198929078817 0.009662644265702514 0.006701144849346696
0 0.3185973102280671 0.38409072575238284 0.009733149700279276 0.009943609722969704
1 0.2149192395809803 0.38644567251524026 0.007617260674485232 0.009895549357062494
0 0.18529692729717856 0.387118514592506 0.007617260674485232 0.009895549357062439
0 0.17154370821943493 0.38743090561737614 0.009733149700279331 0.009943609722969704
0 0.5227443808121613 0.37783171844176766 0.009709687183085514 0.008862769137474025
0 0.33128082438777817 0.3832619737359141 0.00975667051055018 0.011024392072074285
0 0.6412218688938123 0.37459992916319323 0.00973320929019783 0.009943611076496883
0 0.5364976147873846 0.3775193270785157 0.011872529741385196 0.01107245176121785
0 0.8892734201012604 0.36734364437157885 0.01288344623437887 0.00893485799442606
0 0.742748782900337 0.37067180931428617 0.009709687183085514 0.00886276913747408
0 0.670820674616402 0.37284627460348196 0.00973320929019772 0.009943611076496939
0 0.39153633565341617 0.37973063544868346 0.009756670510550292 0.01102439207207423
0 0.5523314254811951 0.375537642912545 0.011896051848497402 0.012153293700240764
0 0.4798507855900006 0.37664328220014925 0.008698711100173562 0.011000361550738802
0 0.7289720274664222 0.36990338853347443 0.009756730100468625 0.011024393425601464
1 0.8770365608655275 0.36437755352063655 0.007593768362332276 0.008814708094803225
0 0.8167340066825066 0.3657472675197399 0.009803773017851625 0.013186017713728737
1 0.14920937043749583 0.38253147637041157 0.0226636388520412 0.021040092005523037
1 0.9636817171103778 0.3575434191241258 0.0055013716486911335 0.009847488991155173
1 0.6135037071667214 0.36549737279816474 0.009733209290197609 0.009943611076496939
1 0.29623945098743654 0.37811048436135464 0.022663638852041312 0.021040092005523092
0 0.2135790369153642 0.37349992717447045 0.009686106782896275 0.007781985434842376
1 0.5003982968741458 0.3723918678869098 0.022663668647000423 0.021040092682286682
0 0.5362035955811093 0.36400913058528084 0.009686166372814609 0.007781986788369555
0 0.5235083210162628 0.36429749142719736 0.009686166372814609 0.00778198678836961
1 0.477487920923735 0.36534280015590825 0.008628147372519601 0.007757954913506948
0 0.46375823820216255 0.36673600298646025 0.010791109110656005 0.009967640244305132
1 0.38914997867499757 0.36734931078865596 0.00968610678289622 0.007781985434842431
0 0.37596100691721035 0.36927092000481526 0.008698711100173562 0.011000361550738802
1 0.1828752735574534 0.37311598695224435 0.011849038726073458 0.00999167008887697
1 0.7066494507380392 0.36554438025602126 0.02266369844195959 0.021040093359050216
1 0.6694922181068625 0.36044095057060543 0.007593768362332276 0.00881470809480317
0 0.5642389836468258 0.3633723339516365 0.012954011258874076 0.012177324221576191
0 0.8329556683293562 0.3572686952287193 0.008769335714587156 0.014242829131416168
0 0.6826694294595144 0.3579789501798939 0.010767527413625522 0.008886796951755205
1 0.9150047772666094 0.35810841027456863 0.022687220549071907 0.022120935298073074
0 0.892693960943362 0.35428979317166776 0.011919572658768307 0.01323407604934529
0 0.8773185649302444 0.35301699584982055 0.008675249879821156 0.009919580555161511
1 0.8482016959954599 0.3525970108607367 0.009686166372814609 0.007781986788369499
0 0.7413732834734142 0.3561048609932823 0.011849008931114291 0.009991669412113435
0 0.8614141898603593 0.35175624358360025 0.010767527413625522 0.00888679695175515
1 0.5348516176128782 0.35052299440834067 0.009709687183085514 0.008862769137474136
0 0.3899138897325606 0.35381511424580847 0.00970962759316718 0.008862767783946957
1 0.37721861516771404 0.35410347508772494 0.009709627593167236 0.008862767783946901
0 0.185731552182119 0.3584529178994259 0.0075937385673729985 0.008814707418039636
0 0.17199009415793148 0.3593057298938075 0.011849038726073458 0.00999167008887697
0 0.1270394287783953 0.36086739893735337 0.008698740895132756 0.011000362227502447
0 0.4935802291210505 0.35091974583667596 0.009733179495238553 0.009943610399733294
0 0.3179622295465544 0.354908738272745 0.011896051848497402 0.012153293700240764
1 0.8785996648444807 0.33893036375355745 0.009686166372814609 0.007781986788369555
1 0.8167101715458946 0.34033612353466397 0.008628206962438045 0.007757956267034127
1 0.7410675038620037 0.3420542733254952 0.009686166372814498 0.007781986788369499
1 0.7119741563859108 0.342715100480475 0.008628206962438045 0.007757956267034127
1 0.890213458540259 0.3375852212889127 0.009686166372814609 0.007781986788369499
1 0.8304398840624263 0.3389429200273483 0.008628206962438045 0.007757956267034016
0 0.6532585413184546 0.34404876869757517 0.00973320929019783 0.009943611076496939
0 0.6389763276380431 0.3443731753214948 0.010838092438120728 0.012129263178905336
0 0.7272908080180074 0.3412858511911563 0.00978025220758072 0.012105235364624323
1 0.09302070312964411 0.3540706763996061 0.0108146150234473 0.011048422255027834
0 0.8462619343511013 0.3364208446868253 0.010838092438120728 0.012129263178905392
1 0.2591289773906815 0.3508383464462903 0.008816319042051934 0.01640445206601643
1 0.20728994951587792 0.35201581965852813 0.02160570923662372 0.021016062160951254
1 0.18547281548809147 0.3465639545197662 0.007593738567373026 0.008814707418039636
1 0.1706616518974508 0.34690037572759 0.007593738567373026 0.008814707418039636
0 0.14262626383173443 0.3475371723612344 0.010767557208584633 0.008886797628518683
1 0.8837129314521304 0.33070410787597737 0.011872529741385196 0.011072451761217905
1 0.549909472961029 0.33720478309288937 0.006535808951955602 0.008790677573467742
0 0.33199743779153534 0.3432357899154406 0.01081462992092691 0.011048422593409657
1 0.7995832457962897 0.3315336856328469 0.00869877069009195 0.011000362904265981
0 0.537754939154927 0.3380215496436495 0.007664333386827482 0.012057174321953357
0 0.4922282660502989 0.337433609321354 0.0075937683623322205 0.00881470809480317
1 0.4706816148726165 0.344411128870145 0.021629201548776733 0.022096903423210523
0 0.3896198711747061 0.34030494754753277 0.009733149700279331 0.009943609722969815
0 0.3748204679892009 0.34118175992990873 0.00975667051055018 0.01102439207207423
1 0.6764273849774111 0.3386564669520789 0.022687220549071574 0.02212093529807313
0 0.6524708255676595 0.33217185037354235 0.010791049520737617 0.009967638890778008
1 0.8899076789288483 0.3235346336211256 0.009686166372814609 0.007781986788369499
0 0.8317563260788282 0.32647751969113326 0.009756730100468625 0.011024393425601409
0 0.8158754724676346 0.3262975795689766 0.009733209290197609 0.009943611076496883
1 0.7402092230867132 0.3269348887743121 0.008628206962437934 0.007757956267034016
0 0.8608261520962297 0.32473588039208967 0.010814570331008522 0.011048421239882422
0 0.20154157243175627 0.3310600887332339 0.010767557208584633 0.008886797628518739
1 0.5046059708036402 0.32255427031386175 0.009686166372814664 0.007781986788369555
0 0.5648850035279698 0.32010374417069476 0.00973320929019772 0.009943611076496828
0 0.5352627359366067 0.3207765852328151 0.011849008931114402 0.00999166941211338
0 0.34643225739469086 0.3256063446076387 0.010814629920926855 0.011048422593409601
1 0.6812231109200941 0.3158392024372003 0.009709687183085514 0.008862769137474025
1 0.6679988566500593 0.31613957853978447 0.00865172777270895 0.008838738616138542
1 0.550579327978785 0.3193473372970235 0.008675249879821156 0.009919580555161511
0 0.5214977409078274 0.3205485556265556 0.011872529741385196 0.011072451761217905
0 0.7409731639392354 0.313400691554701 0.010814570331008633 0.011048421239882367
0 0.7277489096692005 0.3137010676572852 0.011872529741385196 0.01107245176121785
1 0.890095597158799 0.3078508273740549 0.008651727772708728 0.008838738616138542
0 0.8763541838270503 0.308703638353291 0.012954011258873965 0.012177324221576247
0 0.698632040734416 0.3132810826682013 0.01514049380728133 0.015467791901479011
0 0.9043307679218275 0.30536479646200787 0.011919572658768196 0.01323407604934529
1 0.4361807274945964 0.3154576822149306 0.010838152028039172 0.012129264532432571
0 0.09345532056584478 0.3254050798757169 0.00881633393953149 0.016404452404398195
0 0.18541374318009124 0.31953160620092896 0.010814600125967716 0.011048421916646123
1 0.32249924988701045 0.3202025692913615 0.02477949808287616 0.02108815169466688
1 0.8000648689061745 0.30502971424303954 0.008769335714587156 0.014242829131416168
0 0.5349922388374437 0.30834723067860315 0.009709687183085403 0.008862769137474025
0 0.5053816720612978 0.3095604642688029 0.00973320929019772 0.009943611076496883
0 0.49162846788103387 0.30987285495529127 0.007617290469444371 0.009895550033825973
0 0.3889965515467495 0.3116633810374063 0.009709627593167236 0.008862767783946957
0 0.3757722972767146 0.3119637571399905 0.0107675870035438 0.008886798305282273
0 0.3599149644757919 0.31286459936693845 0.008675190289902712 0.009919579201634332
0 0.2890330247537185 0.314474613842051 0.008675190289902768 0.009919579201634332
1 0.5508260495312542 0.30636554651263237 0.009686166372814498 0.007781986788369499
0 0.6819988128261725 0.30284542618710064 0.007593768362331943 0.00881470809480317
1 0.6451120177042404 0.31017135240942395 0.022687220549071574 0.02212093529807302
0 0.5640503038012892 0.3060651704100482 0.010791049520737728 0.009967638890777952
1 0.8212236995741976 0.304549111937494 0.023721538672499376 0.021064121173331285
0 0.710539658489965 0.3011157723537657 0.009709687183085514 0.00886276913747397
1 0.6677048380922048 0.3026294118415088 0.008675249879820934 0.0099195805551614
0 0.8596856131682202 0.2966467203171832 0.007593768362332165 0.008814708094803059
0 0.7396329463761397 0.30045494655231303 0.01081457033100841 0.011048421239882478
0 0.7269141503526018 0.29966249525016586 0.010767527413625522 0.00888679695175515
0 0.6983380221765615 0.29977091596992567 0.010744006603354617 0.007806014602650568
0 0.9189066864821731 0.2942202246953516 0.009709687183085625 0.008862769137474025
1 0.8882264594804334 0.2949170962788074 0.009709687183085625 0.00886276913747408
0 0.8749786837517071 0.294136660237328 0.010767527413625633 0.00888679695175515
0 0.1723774064915865 0.30414814626148323 0.010791079315696811 0.009967639567541597
0 0.5219794236076306 0.29404458288322105 0.01180196601373118 0.007830045123985996
1 0.3595856634056898 0.2977331995550876 0.008628147372519601 0.007757954913506893
0 0.20198795837025285 0.30293491300966524 0.01293048915176187 0.011096482282553333
1 0.5505202699198437 0.29231495884484526 0.009686166372814609 0.007781986788369499
0 0.49287430082892253 0.2941650192020304 0.010767557208584688 0.008886797628518683
1 0.1226072061033445 0.30311593524266367 0.01718576696424297 0.012273444445818071
1 0.7398443860647821 0.28585195244930595 0.009686166372814609 0.007781986788369499
0 0.7261029727330333 0.2867047634285422 0.009709687183085514 0.00886276913747397
0 0.827629886739558 0.28277664357963506 0.009686166372814609 0.007781986788369555
1 0.6816577507025143 0.28717360540573844 0.007617290469444371 0.009895550033826084
0 0.6520354235212329 0.28784644782138596 0.007617290469444371 0.009895550033826028
0 0.3457854163080427 0.29588396595344857 0.010838152028039172 0.012129264532432515
0 0.6678927563221557 0.28694560559443805 0.011872529741385196 0.011072451761217905
0 0.887379939758699 0.2803381326971358 0.010791049520737728 0.009967638890777952
1 0.6117513555763093 0.2849767339881038 0.009709687183085514 0.00886276913747408
0 0.8127598893830188 0.28041102020658365 0.009803773017851847 0.013186017713728737
0 0.20011879089692797 0.29000118259118135 0.0075937385673729985 0.008814707418039525
1 0.44773546377985407 0.2870801910930668 0.009874278452428553 0.0164284825873518
0 0.3164803757037259 0.28681748381185523 0.009733149700279331 0.009943609722969704
0 0.21490641813139752 0.28858394957767575 0.009709627593167125 0.008862767783946846
0 0.14300181640867465 0.291839227349317 0.009780192617662442 0.012105234011097143
1 0.6105640880572578 0.27905631126104136 0.00973320929019772 0.009943611076496939
1 0.5491918134103041 0.2799096348119687 0.007593768362332165 0.008814708094803114
1 0.46944673602183873 0.28766838702444436 0.021605679441664583 0.021016061484187554
1 0.38217848379365427 0.29019125898717246 0.022687160959153407 0.022120933944545895
0 0.3603731257169035 0.2852798144795402 0.010814629920926855 0.011048422593409657
1 0.34659637028298873 0.2845113936987284 0.00865166818279045 0.008838737262611418
0 0.5354268183815248 0.27968160520570917 0.009733209290197609 0.009943611076496828
0 0.32965758640795706 0.28435545362618453 0.010791109110656005 0.009967640244305132
1 0.7032043727336582 0.28019611632867014 0.021605739031582916 0.02101606283771479
0 0.4941554305381178 0.28007838642900373 0.013988418767179378 0.01112051212712517
0 0.6501544658478133 0.27437232690511343 0.010767527413625522 0.008886796951755094
1 0.8507633882963483 0.2757631100740908 0.02271074135934259 0.023201717647177655
1 0.8268068884765151 0.26927849214202715 0.01076752741362541 0.008886796951755094
1 0.7384807066329131 0.27182539394932714 0.009733209290197609 0.009943611076496883
0 0.6782016739085837 0.27427592009249413 0.01401197066925064 0.012201354742911563
0 0.21302549025293724 0.2751098279846396 0.010791079315696839 0.009967639567541542
0 0.1553677899034191 0.27641946669554973 0.011849038726073513 0.00999167008887697
0 0.4743012957304201 0.267553167090441 0.01076758700354391 0.008886798305282273
0 0.2886446662730957 0.2723108653729811 0.009733149700279387 0.009943609722969704
1 0.3880556912538262 0.26843080588998136 0.009709627593167236 0.008862767783946846
0 0.346796048918075 0.26936797862621 0.00970962759316718 0.008862767783946846
0 0.5620750062051014 0.2639374677229815 0.010791049520737506 0.009967638890778008
1 0.548827230476375 0.263157031681502 0.007570247552061371 0.007733925745698644
0 0.3753486562838442 0.2681787755573456 0.009733149700279387 0.009943609722969704
0 0.3600085427829744 0.26852721134907354 0.008675190289902712 0.009919579201634277
0 0.6371651727251124 0.26115052104875425 0.010791049520737839 0.009967638890777952
0 0.1410268020470276 0.274041827385067 0.008745783812515812 0.013161986515629776
0 0.8846642823585991 0.25282543802021673 0.010767527413625522 0.008886796951755122
1 0.8121953737260015 0.25447149895409604 0.007593768362332276 0.00881470809480317
0 0.738680325678081 0.2566819802303358 0.008675249879820934 0.009919580555161511
0 0.7249389123463323 0.25753479120957196 0.010814570331008633 0.011048421239882478
1 0.6111280359483527 0.25633516747797735 0.009733209290197609 0.009943611076496883
1 0.4349340882386832 0.25817454919467775 0.01083815202803906 0.012129264532432515
0 0.1857657736499193 0.2627528192499887 0.007617260674485177 0.009895549357062439
1 0.3233920204671623 0.26395215825430574 0.02477949808287616 0.021088151694666768
0 0.30105768268522315 0.2590527290073412 0.009733149700279331 0.009943609722969704
0 0.17200079400493506 0.2625248116515668 0.011872559860554716 0.011072467335461078
0 0.1550620102920085 0.2623688790277626 0.009733149700279331 0.00994360972296976
1 0.5270218717512036 0.25824555737891053 0.021605739031583027 0.021016062837714844
0 0.38883136271652463 0.25543700052168605 0.0075937683623322205 0.00881470809480317
0 0.3454558611499384 0.25642223294705835 0.0075937683623322205 0.00881470809480317
0 0.2883388866616851 0.25826027770519405 0.009733149700279387 0.009943609722969704
1 0.6729704863295557 0.2527677834087435 0.021605739031583138 0.021016062837714816
0 0.4935556323688527 0.25251763206294103 0.014011940874291584 0.012201354066148112
1 0.9558164351347689 0.23931443813280054 0.005524892783172253 0.010928286237739282
1 0.8485414280891891 0.24661716702292896 0.023721538672499598 0.021064121173331368
0 0.7082703423359227 0.2454779029684233 0.00978025220758083 0.01210523536462424
0 0.7346482861757075 0.2416346994335843 0.01180196536531064 0.007830015329026857
1 0.9150152082902365 0.23699716662491016 0.01076752741362541 0.008886796951755094
1 0.9017909540202017 0.23729754272749434 0.009709687183085514 0.008862769137474025
1 0.12086687677902005 0.24746603552998309 0.011825509818642166 0.008910857775622422
1 0.3254488222874766 0.23687174990794307 0.010885194945422116 0.014290888820559927
1 0.7337547232123798 0.22489409666630567 0.006629895435142252 0.013113955944681621
1 0.9098193028992458 0.21711024815725505 0.007711376304210371 0.014218798610080796
1 0.5219665872605682 0.19618286028403828 0.011778443906619085 0.006749203184963193
1 0.18183899804825557 0.20390852840435392 0.012883446234378815 0.008934857994425977
0 0.3346995266997361 0.19989577663027472 0.009733149700279331 0.009943609722969704
1 0.6652586021735512 0.19022475519165086 0.012859924775687315 0.007854045850362312
1 0.35475332524504033 0.19727758123470074 0.009686106134475625 0.0077819556398831535
1 0.9524539368101258 0.18207937225043114 0.005524893107382578 0.010928301135218838
1 0.6937759270270728 0.18741431900921135 0.008675249879821045 0.009919580555161456
1 0.1960506175576333 0.20034168602500682 0.011919603102148096 0.013234106521068045
1 0.3414820280576224 0.19541633304915756 0.013001054176257132 0.014338948509703603
1 0.9015905134453194 0.17944997311387417 0.009733209290197609 0.009943611076496883
1 0.3731496500936641 0.1914529945121753 0.010791109110656005 0.009967640244305132
1 0.3832353679105246 0.19284592683616575 0.007734897762902038 0.015299610754144433
1 0.8497279339926547 0.1795466199613323 0.009780252207580609 0.012105235364624267
1 0.00014812524321387123 0.17297532148450384 0.00029625048642774245 0.012057173877827315
1 0.7162508860335774 0.1501379845264384 0.010696963037550966 0.005644360519564046
1 0.15152254767242046 0.14836703434476278 0.005477879336538066 0.008766647728895877
1 0.0949227769383198 0.14965264321110106 0.00865168308027009 0.008838737600993213
1 0.1366996382499136 0.14816304914217288 0.009780192617662414 0.012105234011097116
1 0.1266256811623988 0.14731052289021432 0.0065593310590677245 0.0098715195124906
1 0.17893488509566194 0.14341900405714952 0.007687825050559816 0.013137985789253487
1 0.7839940054195152 0.12589094596012468 0.0075702469036407205 0.007733895950739492
0 0.16143183932740457 0.14165386102917776 0.010814600774388367 0.01104845171160529
1 0.676566108406125 0.12616837356761976 0.006512287493264046 0.00770986542940405
1 0.1724578795472775 0.13761870651264782 0.007664303429763097 0.012057166196450031
1 0.13484223191119737 0.13576974341757037 0.01711519497732336 0.009031000395696348
1 0.8309665183583078 0.1199579520617918 0.013024575634948743 0.015419760653767281
1 0.7023562688129401 0.1196351512089193 0.007593768524437272 0.008814715543542948
1 0.8144743592070324 0.1160071511767509 0.007593768524437383 0.008814715543542975
1 0.7927747881044751 0.11595936267093235 0.006512287655369153 0.007709872878143856
1 0.7843112915912168 0.11615160278103429 0.006512287655369153 0.007709872878143856
0 0.07967647300009972 0.12999400234085676 0.01497579922821217 0.007902120775367394
1 0.9487385560425605 0.10863208086819481 0.005524892783172253 0.010928286237739268
1 0.2821778375792836 0.1210689872599116 0.005454328407097697 0.007685849805548234
0 0.2921459183077273 0.1170578595403472 0.010720544410371013 0.006725188914634514
1 0.6454389728787203 0.10632977717016653 0.00862820663822772 0.007757941369554502
1 0.8088435601887771 0.10045550771912792 0.007523204310467935 0.005572286560091691
1 0.21691460781387717 0.11335991879109447 0.010767557532794986 0.00888681252599828
1 0.11796196804309092 0.11398551236051947 0.00963906354130288 0.005620346249235408
1 0.799827562349534 0.0995789434970941 0.0065593307348572605 0.009871504615011018
0 0.8267580076774089 0.09680455174313062 0.011801965689520966 0.00783003022650644
1 0.04913709119175827 0.11284542916839843 0.005477872212008579 0.008766662457184576
1 0.1680847333098597 0.10689960967404935 0.010720514615411902 0.006725188237870924
1 0.44950842349162334 0.10104801685801112 0.012906968017280696 0.010015685035969266
1 0.3892058693086023 0.10241773085711446 0.008675189965692387 0.009919564304154693
1 0.11726834897596122 0.10643182746147545 0.010697000605460166 0.005644376262998144
1 0.9471631833203626 0.08487820562290302 0.005524892783172253 0.010928286237739268
1 0.65828688316127 0.08873637696760417 0.007617290145234157 0.009895535136346445
1 0.7280520894590921 0.08444835452816447 0.009662644589912728 0.006701159746826252
1 0.6693246540723718 0.08524161802675999 0.01069696336176118 0.005644375417043657
0 0.7148395960805081 0.08528914415152031 0.012906968017280751 0.010015685035969266
1 0.7915167015539789 0.08246614424655016 0.011849008606904077 0.009991654514633824
0 0.7496692758663105 0.08071330188328726 0.012836403641206084 0.006773248603778204
1 0.8765984998939791 0.07674887387131887 0.006535809276165816 0.008790692470947326
1 0.7145690988192399 0.07285978214856856 0.006582852193549038 0.010952316759074696
1 0.7065874793417635 0.07087837661466276 0.007593768686542601 0.008814722992282767
1 0.9869297184494181 0.06397000149913269 0.007617290145234157 0.009895535136346438
1 0.7541829982305921 0.06925661738544409 0.007617290145233935 0.009895535136346445
1 0.05531981842667866 0.08080522322260833 0.010791090164596201 0.00996762492384834
1 0.7596723548593038 0.053993057999857624 0.0065593308159097585 0.009871508339380906
0 0.7401005228967641 0.0544376131698729 0.009733209047039892 0.009943599903387196
1 0.8003560340408231 0.05090626929608735 0.007617290145233935 0.009895535136346438
0 0.1683311859984261 0.06958749162005545 0.011026293983664753 0.02077576473254833
1 0.0015228130384719546 0.05778453295505998 0.003045626076943909 0.008886812748061343
0 0.8101241520891141 0.037708216682525816 0.01074400627914418 0.00780599970517102
1 0.7212337086764969 0.03864593043187757 0.00862820663822772 0.007757941369554502
1 0.7053881369291303 0.04008719362833687 0.008675249555610831 0.009919565657681872
1 0.5815974491925309 0.042358305764990806 0.008651728096919054 0.008838753513618187
0 0.8995082930188825 0.035137269456410825 0.00764081160392549 0.010976347280410127
1 0.822807665924615 0.03687944976857749 0.006582852193548927 0.010952316759074703
1 0.9856833330383492 0.031017190500309526 0.008698771176407383 0.01100038525048535
1 0.7215157126601612 0.027285369036691664 0.005477849865789253 0.008766661949611891
1 0.6167561759604332 0.028583530114069132 0.00759376868654249 0.00881472299228275
0 0.7479054174319233 0.02398258088480919 0.009733209047040003 0.009943599903387196
1 0.062266460240900476 0.035230811338450546 0.009686106377633369 0.007781966812992862
1 0.12883432647934553 0.029934068827611217 0.009709627917377506 0.008862782681426446
1 0.1494994298757847 0.0310867025377774 0.010885165069410396 0.014290884419426417
1 0.7412402399303225 0.009535773152503344 0.005524892864224862 0.010928289962109166
1 0.8417091947898914 0.005631695929133893 0.007617290185760406 0.009895536998531384
1 0.775070764074056 0.007685997352319786 0.007640811684978321 0.010976351004780022
0 0.6057651344306361 0.009909588019675774 0.009686166008078034 0.007781970028704979
