1 0.6266397578203835 0.9825026511134677 0.008072653884964682 0.005302226935312832
1 0.5640766902119072 0.9803817603393425 0.010090817356205853 0.005302226935312832
1 0.14934409687184663 0.9809119830328739 0.010090817356205853 0.006362672322375398
1 0.4636730575176589 0.9697773064687168 0.009081735620585268 0.005302226935312832
1 0.9873864783047427 0.9581124072110286 0.011099899091826439 0.01166489925768823
1 0.028254288597376387 0.9538706256627784 0.010090817356205853 0.009544008483563097
1 0.9228052472250252 0.9453870625662778 0.009081735620585268 0.009544008483563097
0 0.8753784056508577 0.9448568398727466 0.009081735620585268 0.008483563096500531
0 0.8446014127144299 0.9448568398727466 0.010090817356205853 0.010604453870625663
1 0.6508577194752775 0.943796394485684 0.012108980827447022 0.008483563096500531
1 0.6215943491422805 0.9422057264050901 0.010090817356205853 0.005302226935312832
1 0.26538849646821394 0.9422057264050901 0.010090817356205853 0.007423117709437964
0 0.830978809283552 0.943796394485684 0.011099899091826439 0.012725344644750796
1 0.8148335015136225 0.9416755037115588 0.011099899091826439 0.008483563096500531
0 0.7098890010090817 0.9432661717921527 0.011099899091826439 0.01166489925768823
1 0.6331987891019173 0.9406150583244963 0.009081735620585268 0.006362672322375398
0 0.9369323915237134 0.943796394485684 0.011099899091826439 0.014846235418875928
0 0.6624621594349143 0.9416755037115588 0.009081735620585268 0.010604453870625663
0 0.3784056508577195 0.9422057264050901 0.014127144298688193 0.01166489925768823
1 0.10544904137235116 0.9411452810180275 0.009081735620585268 0.009544008483563097
0 0.3910191725529768 0.9406150583244963 0.009081735620585268 0.010604453870625663
0 0.3481331987891019 0.9416755037115588 0.014127144298688193 0.012725344644750796
0 0.33097880928355194 0.9406150583244963 0.010090817356205853 0.010604453870625663
0 0.11755802219979819 0.9406150583244963 0.013118062563067608 0.012725344644750796
1 0.8143289606458123 0.9321314952279958 0.010090817356205853 0.006362672322375398
1 0.6331987891019173 0.9321314952279958 0.011099899091826439 0.008483563096500531
1 0.26538849646821394 0.9316012725344645 0.010090817356205853 0.007423117709437964
1 0.8995963673057518 0.9374337221633086 0.02320887991927346 0.02332979851537646
0 0.7391523713420787 0.9289501590668081 0.009081735620585268 0.010604453870625663
0 0.7527749747729566 0.9284199363732768 0.010090817356205853 0.01166489925768823
1 0.5580221997981837 0.926829268292683 0.008072653884964682 0.008483563096500531
1 0.5116044399596368 0.9278897136797455 0.008072653884964682 0.010604453870625663
1 0.496468213925328 0.9273594909862142 0.008072653884964682 0.009544008483563097
1 0.47325933400605447 0.9342523860021209 0.022199798183652877 0.02332979851537646
1 0.29364278506559033 0.9342523860021209 0.022199798183652877 0.02332979851537646
1 0.14278506559031282 0.9342523860021209 0.02119071644803229 0.02332979851537646
0 0.10494450050454086 0.9273594909862142 0.008072653884964682 0.009544008483563097
0 0.16700302724520685 0.9262990455991517 0.009081735620585268 0.009544008483563097
0 0.5691220988900101 0.9262990455991517 0.012108980827447022 0.01166489925768823
0 0.5393541876892028 0.926829268292683 0.015136226034308779 0.012725344644750796
1 0.35822401614530774 0.9241781548250265 0.010090817356205853 0.007423117709437964
0 0.32996972754793136 0.9257688229056203 0.010090817356205853 0.010604453870625663
0 0.21089808274470231 0.9262990455991517 0.010090817356205853 0.01166489925768823
0 0.19626639757820383 0.9262990455991517 0.011099899091826439 0.01166489925768823
1 0.17860746720484358 0.9241781548250265 0.008072653884964682 0.007423117709437964
1 0.11907164480322906 0.925238600212089 0.010090817356205853 0.009544008483563097
1 0.054490413723511606 0.9241781548250265 0.006054490413723511 0.007423117709437964
1 0.37790110998990917 0.9114528101802757 0.009081735620585268 0.007423117709437964
0 0.6922300706357215 0.9114528101802757 0.010090817356205853 0.009544008483563097
0 0.12008072653884964 0.9103923647932132 0.010090817356205853 0.009544008483563097
0 0.6786074672048436 0.9103923647932132 0.011099899091826439 0.01166489925768823
0 0.3476286579212916 0.9098621420996819 0.011099899091826439 0.010604453870625663
0 0.31786074672048437 0.9098621420996819 0.010090817356205853 0.010604453870625663
1 0.26639757820383453 0.9098621420996819 0.010090817356205853 0.010604453870625663
0 0.18012108980827446 0.9098621420996819 0.011099899091826439 0.010604453870625663
1 0.8133198789101918 0.9088016967126193 0.008072653884964682 0.010604453870625663
0 0.8022199798183652 0.9088016967126193 0.010090817356205853 0.010604453870625663
0 0.3910191725529768 0.9093319194061505 0.009081735620585268 0.01166489925768823
0 0.16750756811301715 0.9093319194061505 0.010090817356205853 0.01166489925768823
0 0.15085771947527749 0.9093319194061505 0.011099899091826439 0.01166489925768823
0 0.13723511604439959 0.9077412513255567 0.012108980827447022 0.014846235418875928
1 0.26639757820383453 0.9008483563096501 0.010090817356205853 0.005302226935312832
1 0.8128153380423815 0.8981972428419936 0.009081735620585268 0.006362672322375398
1 0.8012108980827447 0.9008483563096501 0.010090817356205853 0.01166489925768823
1 0.8602421796165489 0.897136797454931 0.009081735620585268 0.008483563096500531
1 0.08678102926337034 0.898727465535525 0.010090817356205853 0.01166489925768823
0 0.872351160443996 0.8966065747613998 0.013118062563067608 0.01166489925768823
0 0.6604439959636731 0.8960763520678685 0.011099899091826439 0.010604453870625663
1 0.5711402623612513 0.8950159066808059 0.008072653884964682 0.008483563096500531
1 0.47325933400605447 0.9024390243902439 0.022199798183652877 0.02332979851537646
1 0.20433905146316853 0.9019088016967126 0.02119071644803229 0.022269353128313893
0 0.6488395560040363 0.8944856839872747 0.010090817356205853 0.009544008483563097
0 0.3481331987891019 0.8939554612937434 0.010090817356205853 0.008483563096500531
0 0.13824419778002017 0.8944856839872747 0.010090817356205853 0.009544008483563097
0 0.5595358224016145 0.8944856839872747 0.013118062563067608 0.01166489925768823
1 0.18062563067608475 0.8939554612937434 0.010090817356205853 0.010604453870625663
0 0.16851664984863773 0.8934252386002121 0.010090817356205853 0.009544008483563097
0 0.14934409687184663 0.8934252386002121 0.010090817356205853 0.009544008483563097
0 0.12058526740665994 0.8939554612937434 0.011099899091826439 0.010604453870625663
1 0.10898082744702321 0.8923647932131495 0.008072653884964682 0.007423117709437964
0 0.9031281533804238 0.8817603393425238 0.012108980827447022 0.009544008483563097
0 0.6897073662966701 0.8796394485683987 0.011099899091826439 0.01166489925768823
0 0.3012108980827447 0.8780487804878049 0.011099899091826439 0.008483563096500531
0 0.6781029263370333 0.8780487804878049 0.010090817356205853 0.010604453870625663
0 0.6604439959636731 0.8785790031813362 0.011099899091826439 0.01166489925768823
0 0.2875882946518668 0.8775185577942736 0.008072653884964682 0.009544008483563097
0 0.18113017154389505 0.8775185577942736 0.009081735620585268 0.009544008483563097
0 0.13874873864783047 0.8780487804878049 0.011099899091826439 0.010604453870625663
1 0.08779011099899092 0.8759278897136797 0.010090817356205853 0.006362672322375398
0 0.6473259334006054 0.8780487804878049 0.011099899091826439 0.012725344644750796
0 0.16851664984863773 0.8775185577942736 0.012108980827447022 0.01166489925768823
0 0.10847628657921292 0.8775185577942736 0.009081735620585268 0.01166489925768823
0 0.15237134207870837 0.8753976670201484 0.012108980827447022 0.013785790031813362
1 0.25630676084762866 0.8700954400848356 0.008072653884964682 0.009544008483563097
1 0.62058526740666 0.8700954400848356 0.008072653884964682 0.015906680805938492
1 0.8360242179616549 0.8727465535524921 0.02320887991927346 0.02332979851537646
1 0.08728557013118063 0.866914103923648 0.009081735620585268 0.01166489925768823
0 0.920787083753784 0.8647932131495228 0.009081735620585268 0.009544008483563097
0 0.9328960645812311 0.865323435843054 0.013118062563067608 0.012725344644750796
1 0.5635721493440968 0.870625662778367 0.02119071644803229 0.02332979851537646
1 0.3249243188698285 0.8700954400848356 0.022199798183652877 0.022269353128313893
1 0.2053481331987891 0.8700954400848356 0.02119071644803229 0.022269353128313893
0 0.16952573158425832 0.8621420996818664 0.010090817356205853 0.008483563096500531
0 0.15237134207870837 0.8621420996818664 0.010090817356205853 0.008483563096500531
0 0.30171543895055497 0.8637327677624602 0.012108980827447022 0.013785790031813362
0 0.28809283551967707 0.8632025450689289 0.011099899091826439 0.012725344644750796
0 0.18163471241170534 0.8626723223753977 0.010090817356205853 0.01166489925768823
0 0.13925327951564076 0.8616118769883351 0.010090817356205853 0.009544008483563097
0 0.1099899091826438 0.8605514316012726 0.010090817356205853 0.007423117709437964
0 0.9323915237134208 0.8504772004241782 0.010090817356205853 0.008483563096500531
0 0.32996972754793136 0.8478260869565217 0.012108980827447022 0.009544008483563097
0 0.5100908173562059 0.8462354188759279 0.011099899091826439 0.010604453870625663
0 0.9197780020181635 0.8472958642629904 0.013118062563067608 0.014846235418875928
0 0.49747729566094856 0.8462354188759279 0.012108980827447022 0.012725344644750796
1 0.31836528758829463 0.8451749734888653 0.009081735620585268 0.010604453870625663
0 0.558526740665994 0.8457051961823966 0.015136226034308779 0.013785790031813362
1 0.8435923309788093 0.8345705196182397 0.008072653884964682 0.008483563096500531
0 0.6306760847628657 0.8382820784729587 0.010090817356205853 0.015906680805938492
1 0.8960645812310797 0.8409331919406151 0.022199798183652877 0.02332979851537646
1 0.6190716448032291 0.8340402969247084 0.009081735620585268 0.009544008483563097
0 0.9328960645812311 0.8335100742311771 0.011099899091826439 0.010604453870625663
0 0.9197780020181635 0.8329798515376459 0.009081735620585268 0.009544008483563097
0 0.7063572149344097 0.8335100742311771 0.008072653884964682 0.010604453870625663
0 0.830978809283552 0.8319194061505832 0.015136226034308779 0.009544008483563097
0 0.5272452068617558 0.8313891834570519 0.009081735620585268 0.008483563096500531
1 0.47426841574167505 0.83881230116649 0.022199798183652877 0.02332979851537646
0 0.718970736629667 0.8324496288441146 0.015136226034308779 0.012725344644750796
0 0.5691220988900101 0.8308589607635207 0.012108980827447022 0.009544008483563097
1 0.5403632694248234 0.8308589607635207 0.009081735620585268 0.009544008483563097
0 0.5100908173562059 0.8319194061505832 0.011099899091826439 0.01166489925768823
0 0.4979818365287588 0.8308589607635207 0.009081735620585268 0.009544008483563097
0 0.1099899091826438 0.8308589607635207 0.008072653884964682 0.009544008483563097
1 0.12108980827447023 0.8287380699893956 0.010090817356205853 0.007423117709437964
1 0.4515640766902119 0.8186638388123012 0.009081735620585268 0.006362672322375398
1 0.44046417759838546 0.8186638388123012 0.009081735620585268 0.006362672322375398
0 0.5100908173562059 0.8165429480381761 0.009081735620585268 0.008483563096500531
1 0.70686175580222 0.8165429480381761 0.009081735620585268 0.010604453870625663
0 0.6488395560040363 0.8165429480381761 0.014127144298688193 0.010604453870625663
0 0.49747729566094856 0.8160127253446448 0.010090817356205853 0.009544008483563097
1 0.6609485368314834 0.8149522799575822 0.008072653884964682 0.009544008483563097
0 0.5267406659939455 0.8154825026511134 0.010090817356205853 0.010604453870625663
1 0.7996972754793138 0.8138918345705196 0.009081735620585268 0.009544008483563097
0 0.4808274470232089 0.8149522799575822 0.009081735620585268 0.01166489925768823
0 0.4682139253279516 0.8149522799575822 0.010090817356205853 0.01166489925768823
0 0.3218970736629667 0.8149522799575822 0.016145307769929364 0.01166489925768823
1 0.813824419778002 0.8128313891834571 0.005045408678102927 0.009544008483563097
1 0.26892028254288597 0.8138918345705196 0.009081735620585268 0.01166489925768823
0 0.7204843592330978 0.8138918345705196 0.012108980827447022 0.015906680805938492
1 0.6180625630676084 0.810710498409332 0.007063572149344097 0.009544008483563097
1 0.4520686175580222 0.8085896076352068 0.010090817356205853 0.01166489925768823
1 0.7991927346115035 0.806998939554613 0.010090817356205853 0.010604453870625663
1 0.2694248234106963 0.8064687168610817 0.010090817356205853 0.009544008483563097
1 0.8102926337033299 0.805408271474019 0.008072653884964682 0.009544008483563097
1 0.6190716448032291 0.8011664899257688 0.009081735620585268 0.005302226935312832
0 0.856710393541877 0.8032873806998939 0.010090817356205853 0.01166489925768823
1 0.8335015136226034 0.809119830328738 0.022199798183652877 0.02332979851537646
0 0.900100908173562 0.8011664899257688 0.012108980827447022 0.009544008483563097
0 0.70686175580222 0.8016967126193001 0.009081735620585268 0.010604453870625663
0 0.6765893037336024 0.8011664899257688 0.009081735620585268 0.009544008483563097
0 0.6463168516649849 0.8006362672322376 0.009081735620585268 0.008483563096500531
1 0.5635721493440968 0.8075291622481442 0.02119071644803229 0.022269353128313893
0 0.5257315842583249 0.8011664899257688 0.008072653884964682 0.009544008483563097
0 0.49697275479313824 0.8006362672322376 0.009081735620585268 0.008483563096500531
1 0.3854692230070636 0.8075291622481442 0.022199798183652877 0.022269353128313893
1 0.11806256306760847 0.8075291622481442 0.022199798183652877 0.022269353128313893
0 0.8698284561049445 0.8001060445387063 0.012108980827447022 0.009544008483563097
0 0.7194752774974773 0.8001060445387063 0.010090817356205853 0.009544008483563097
1 0.6886982845610494 0.8001060445387063 0.011099899091826439 0.009544008483563097
0 0.6589303733602422 0.8011664899257688 0.014127144298688193 0.01166489925768823
0 0.30373360242179614 0.8011664899257688 0.010090817356205853 0.01166489925768823
1 0.29011099899091825 0.799575821845175 0.009081735620585268 0.008483563096500531
0 0.20131180625630676 0.799575821845175 0.011099899091826439 0.008483563096500531
0 0.1715438950554995 0.8006362672322376 0.010090817356205853 0.010604453870625663
0 0.15489404641775983 0.8006362672322376 0.011099899091826439 0.010604453870625663
0 0.14228052472250252 0.7990455991516436 0.010090817356205853 0.007423117709437964
1 0.33249243188698285 0.7990455991516436 0.011099899091826439 0.009544008483563097
0 0.21392532795156408 0.799575821845175 0.010090817356205853 0.010604453870625663
0 0.8990918264379415 0.7539766702014846 0.010090817356205853 0.010604453870625663
0 0.8864783047426842 0.7539766702014846 0.011099899091826439 0.010604453870625663
1 0.7487386478304743 0.7534464475079533 0.010090817356205853 0.009544008483563097
1 0.7179616548940464 0.7534464475079533 0.011099899091826439 0.009544008483563097
1 0.7063572149344097 0.7534464475079533 0.010090817356205853 0.009544008483563097
0 0.39152371342078707 0.7539766702014846 0.012108980827447022 0.010604453870625663
1 0.3794147325933401 0.7529162248144221 0.008072653884964682 0.008483563096500531
1 0.3340060544904137 0.7529162248144221 0.008072653884964682 0.008483563096500531
0 0.30373360242179614 0.7529162248144221 0.010090817356205853 0.008483563096500531
0 0.17406659939455096 0.7534464475079533 0.011099899091826439 0.009544008483563097
0 0.7366296670030272 0.7529162248144221 0.012108980827447022 0.010604453870625663
1 0.29061553985872857 0.7523860021208908 0.008072653884964682 0.009544008483563097
1 0.09233097880928355 0.750795334040297 0.009081735620585268 0.006362672322375398
0 0.32088799192734613 0.7523860021208908 0.010090817356205853 0.01166489925768823
0 0.11352169525731584 0.7523860021208908 0.011099899091826439 0.01166489925768823
0 0.20232088799192735 0.7518557794273595 0.011099899091826439 0.012725344644750796
0 0.8839556004036327 0.7407211028632026 0.008072653884964682 0.009544008483563097
1 0.7976791120080726 0.7417815482502651 0.009081735620585268 0.01166489925768823
1 0.09283551967709384 0.7412513255567338 0.008072653884964682 0.010604453870625663
1 0.8324924318869829 0.7460233297985154 0.022199798183652877 0.022269353128313893
1 0.5040363269424823 0.7460233297985154 0.02119071644803229 0.022269353128313893
0 0.6755802219979818 0.7391304347826086 0.011099899091826439 0.010604453870625663
1 0.5282542885973764 0.7375397667020148 0.009081735620585268 0.007423117709437964
1 0.3203834510595358 0.7380699893955461 0.009081735620585268 0.008483563096500531
1 0.21695257315842584 0.7386002120890774 0.010090817356205853 0.009544008483563097
0 0.17356205852674067 0.7375397667020148 0.008072653884964682 0.007423117709437964
1 0.14984863773965693 0.7449628844114529 0.02119071644803229 0.022269353128313893
0 0.8975782038345106 0.7386002120890774 0.015136226034308779 0.01166489925768823
1 0.6876892028254289 0.7375397667020148 0.011099899091826439 0.009544008483563097
0 0.6579212916246215 0.7380699893955461 0.012108980827447022 0.010604453870625663
0 0.6458123107971746 0.7380699893955461 0.010090817356205853 0.010604453870625663
0 0.5701311806256307 0.7386002120890774 0.010090817356205853 0.01166489925768823
0 0.557013118062563 0.7386002120890774 0.010090817356205853 0.01166489925768823
0 0.4808274470232089 0.7380699893955461 0.009081735620585268 0.010604453870625663
0 0.46871846619576185 0.7380699893955461 0.009081735620585268 0.010604453870625663
0 0.18617558022199798 0.7375397667020148 0.011099899091826439 0.009544008483563097
0 0.12815338042381433 0.7386002120890774 0.010090817356205853 0.01166489925768823
0 0.11402623612512613 0.7386002120890774 0.010090817356205853 0.01166489925768823
0 0.20484359233097882 0.7364793213149523 0.012108980827447022 0.009544008483563097
1 0.9167507568113017 0.7242841993637328 0.009081735620585268 0.008483563096500531
0 0.3920282542885974 0.7237539766702015 0.009081735620585268 0.007423117709437964
0 0.9283551967709385 0.7237539766702015 0.010090817356205853 0.009544008483563097
1 0.8975782038345106 0.7237539766702015 0.011099899091826439 0.009544008483563097
0 0.8375378405650857 0.7237539766702015 0.010090817356205853 0.009544008483563097
0 0.656912209889001 0.7237539766702015 0.012108980827447022 0.009544008483563097
1 0.4409687184661958 0.7221633085896076 0.010090817356205853 0.006362672322375398
0 0.20383451059535823 0.7232237539766702 0.010090817356205853 0.008483563096500531
0 0.1574167507568113 0.722693531283139 0.008072653884964682 0.007423117709437964
1 0.6750756811301716 0.7221633085896076 0.008072653884964682 0.008483563096500531
0 0.334510595358224 0.7221633085896076 0.009081735620585268 0.008483563096500531
1 0.2921291624621594 0.722693531283139 0.009081735620585268 0.009544008483563097
0 0.32088799192734613 0.7216330858960763 0.010090817356205853 0.009544008483563097
0 0.1442986881937437 0.7221633085896076 0.010090817356205853 0.010604453870625663
0 0.3794147325933401 0.721102863202545 0.008072653884964682 0.010604453870625663
0 0.17356205852674067 0.7216330858960763 0.010090817356205853 0.01166489925768823
0 0.644803229061554 0.7205726405090138 0.010090817356205853 0.01166489925768823
1 0.4525731584258325 0.7195121951219512 0.009081735620585268 0.009544008483563097
1 0.8072653884964682 0.7147401908801697 0.008072653884964682 0.010604453870625663
1 0.6286579212916246 0.7147401908801697 0.010090817356205853 0.012725344644750796
1 0.6190716448032291 0.7152704135737009 0.009081735620585268 0.015906680805938492
1 0.2704339051463169 0.7131495227995758 0.010090817356205853 0.01166489925768823
1 0.8617558022199798 0.7152704135737009 0.022199798183652877 0.022269353128313893
1 0.5635721493440968 0.7147401908801697 0.02119071644803229 0.021208907741251327
0 0.6760847628657921 0.7073170731707317 0.010090817356205853 0.008483563096500531
1 0.6463168516649849 0.7073170731707317 0.009081735620585268 0.008483563096500531
1 0.541372351160444 0.7073170731707317 0.007063572149344097 0.008483563096500531
1 0.46871846619576185 0.7073170731707317 0.009081735620585268 0.008483563096500531
0 0.3213925327951564 0.7073170731707317 0.009081735620585268 0.008483563096500531
1 0.30524722502522705 0.707847295864263 0.009081735620585268 0.009544008483563097
1 0.21695257315842584 0.7067868504772005 0.008072653884964682 0.007423117709437964
0 0.14530776992936428 0.7067868504772005 0.008072653884964682 0.007423117709437964
1 0.12159434914228053 0.7142099681866384 0.02119071644803229 0.022269353128313893
0 0.6579212916246215 0.7083775185577943 0.012108980827447022 0.012725344644750796
0 0.5277497477295661 0.7067868504772005 0.010090817356205853 0.009544008483563097
0 0.5100908173562059 0.7073170731707317 0.011099899091826439 0.010604453870625663
0 0.49848637739656915 0.7067868504772005 0.010090817356205853 0.009544008483563097
0 0.48133198789101916 0.7067868504772005 0.010090817356205853 0.009544008483563097
0 0.39354187689202824 0.7067868504772005 0.010090817356205853 0.009544008483563097
0 0.38042381432896066 0.7067868504772005 0.010090817356205853 0.009544008483563097
0 0.3350151362260343 0.707847295864263 0.010090817356205853 0.01166489925768823
0 0.29112008072653883 0.7089077412513256 0.011099899091826439 0.013785790031813362
0 0.20383451059535823 0.7083775185577943 0.010090817356205853 0.012725344644750796
0 0.18718466195761857 0.7073170731707317 0.009081735620585268 0.010604453870625663
0 0.17507568113017155 0.7067868504772005 0.011099899091826439 0.009544008483563097
1 0.1579212916246216 0.7062566277836692 0.009081735620585268 0.008483563096500531
0 0.35166498486377396 0.6919406150583245 0.009081735620585268 0.007423117709437964
0 0.9273461150353178 0.6919406150583245 0.010090817356205853 0.009544008483563097
0 0.7174571140262361 0.6919406150583245 0.010090817356205853 0.009544008483563097
1 0.7048435923309788 0.6919406150583245 0.009081735620585268 0.009544008483563097
1 0.5701311806256307 0.6914103923647932 0.008072653884964682 0.008483563096500531
0 0.29263370332996974 0.6919406150583245 0.010090817356205853 0.009544008483563097
1 0.14631685166498487 0.6914103923647932 0.010090817356205853 0.008483563096500531
0 0.7477295660948536 0.6914103923647932 0.010090817356205853 0.010604453870625663
0 0.7346115035317861 0.6919406150583245 0.012108980827447022 0.01166489925768823
0 0.5110998990918264 0.690880169671262 0.009081735620585268 0.009544008483563097
0 0.49848637739656915 0.6914103923647932 0.010090817356205853 0.010604453870625663
1 0.4828456104944501 0.6903499469777307 0.007063572149344097 0.008483563096500531
0 0.470736629667003 0.6919406150583245 0.013118062563067608 0.01166489925768823
0 0.39404641775983856 0.690880169671262 0.009081735620585268 0.009544008483563097
0 0.1296670030272452 0.690880169671262 0.009081735620585268 0.009544008483563097
0 0.11604439959636731 0.6914103923647932 0.010090817356205853 0.010604453870625663
0 0.9152371342078708 0.6914103923647932 0.012108980827447022 0.012725344644750796
0 0.5565085771947528 0.690880169671262 0.011099899091826439 0.01166489925768823
1 0.26084762865792127 0.689289501590668 0.009081735620585268 0.008483563096500531
0 0.21796165489404642 0.690880169671262 0.010090817356205853 0.01166489925768823
1 0.20332996972754794 0.6903499469777307 0.007063572149344097 0.010604453870625663
0 0.3784056508577195 0.6887592788971368 0.008072653884964682 0.01166489925768823
1 0.4419778002018164 0.6792152704135737 0.008072653884964682 0.009544008483563097
1 0.8607467204843592 0.6845174973488866 0.022199798183652877 0.022269353128313893
1 0.5338042381432896 0.6839872746553552 0.022199798183652877 0.021208907741251327
1 0.32896064581231077 0.6839872746553552 0.022199798183652877 0.021208907741251327
1 0.18213925327951563 0.6845174973488866 0.02119071644803229 0.022269353128313893
0 0.8915237134207871 0.6845174973488866 0.025227043390514632 0.024390243902439025
0 0.715438950554995 0.6776246023329798 0.016145307769929364 0.010604453870625663
0 0.6458123107971746 0.6770943796394485 0.010090817356205853 0.009544008483563097
0 0.5575176589303733 0.6776246023329798 0.011099899091826439 0.010604453870625663
0 0.36528758829465185 0.6781548250265111 0.010090817356205853 0.01166489925768823
0 0.29263370332996974 0.6770943796394485 0.010090817356205853 0.009544008483563097
0 0.6584258324924319 0.6765641569459173 0.011099899091826439 0.010604453870625663
1 0.5691220988900101 0.676033934252386 0.010090817356205853 0.009544008483563097
1 0.1579212916246216 0.6755037115588547 0.009081735620585268 0.008483563096500531
0 0.14631685166498487 0.6770943796394485 0.010090817356205853 0.01166489925768823
1 0.1170534813319879 0.66118769883351 0.008072653884964682 0.009544008483563097
0 0.7462159434914228 0.66118769883351 0.011099899091826439 0.01166489925768823
0 0.1311806256306761 0.6601272534464475 0.010090817356205853 0.009544008483563097
1 0.6291624621594349 0.6574761399787911 0.009081735620585268 0.010604453870625663
1 0.26185671039354186 0.6574761399787911 0.009081735620585268 0.010604453870625663
0 0.09838546922300706 0.6569459172852599 0.009081735620585268 0.009544008483563097
1 0.7956609485368314 0.6489925768822906 0.009081735620585268 0.006362672322375398
1 0.08879919273461151 0.6500530222693531 0.006054490413723511 0.008483563096500531
1 0.6286579212916246 0.647932131495228 0.008072653884964682 0.006362672322375398
1 0.6180625630676084 0.647932131495228 0.009081735620585268 0.006362672322375398
1 0.14581231079717458 0.647932131495228 0.007063572149344097 0.008483563096500531
1 0.8597376387487387 0.6537645811240721 0.022199798183652877 0.022269353128313893
1 0.5565085771947528 0.6468716861081655 0.007063572149344097 0.008483563096500531
0 0.36528758829465185 0.6474019088016967 0.008072653884964682 0.009544008483563097
1 0.3002018163471241 0.6537645811240721 0.02119071644803229 0.022269353128313893
0 0.17658930373360243 0.647932131495228 0.010090817356205853 0.010604453870625663
1 0.1170534813319879 0.6474019088016967 0.008072653884964682 0.009544008483563097
0 0.8360242179616549 0.6474019088016967 0.011099899091826439 0.01166489925768823
0 0.8229061553985872 0.6468716861081655 0.009081735620585268 0.010604453870625663
1 0.6458123107971746 0.6463414634146342 0.010090817356205853 0.009544008483563097
0 0.512108980827447 0.6468716861081655 0.009081735620585268 0.010604453870625663
0 0.5 0.6468716861081655 0.013118062563067608 0.010604453870625663
0 0.18970736629667004 0.6468716861081655 0.008072653884964682 0.010604453870625663
0 0.7452068617558022 0.6452810180275715 0.011099899091826439 0.009544008483563097
0 0.656912209889001 0.6458112407211029 0.010090817356205853 0.010604453870625663
0 0.5681130171543896 0.6463414634146342 0.012108980827447022 0.01166489925768823
0 0.4798183652875883 0.6458112407211029 0.013118062563067608 0.010604453870625663
0 0.35317860746720486 0.6463414634146342 0.012108980827447022 0.01166489925768823
0 0.3329969727547931 0.6463414634146342 0.014127144298688193 0.01166489925768823
0 0.1584258324924319 0.6463414634146342 0.012108980827447022 0.01166489925768823
0 0.39404641775983856 0.6320254506892895 0.009081735620585268 0.006362672322375398
0 0.855196770938446 0.6325556733828208 0.013118062563067608 0.009544008483563097
1 0.48133198789101916 0.6314952279957582 0.008072653884964682 0.007423117709437964
0 0.3355196770938446 0.6320254506892895 0.009081735620585268 0.008483563096500531
0 0.5691220988900101 0.6314952279957582 0.010090817356205853 0.009544008483563097
0 0.2199798183652876 0.630965005302227 0.010090817356205853 0.008483563096500531
0 0.925832492431887 0.6304347826086957 0.009081735620585268 0.009544008483563097
0 0.7351160443995963 0.6314952279957582 0.013118062563067608 0.01166489925768823
0 0.7038345105953582 0.630965005302227 0.009081735620585268 0.010604453870625663
0 0.6871846619576185 0.630965005302227 0.010090817356205853 0.010604453870625663
0 0.5110998990918264 0.630965005302227 0.011099899091826439 0.010604453870625663
0 0.46871846619576185 0.630965005302227 0.011099899091826439 0.010604453870625663
0 0.32341069626639757 0.630965005302227 0.009081735620585268 0.010604453870625663
0 0.29364278506559033 0.6304347826086957 0.008072653884964682 0.009544008483563097
0 0.2058526740665994 0.6304347826086957 0.010090817356205853 0.009544008483563097
0 0.14783047426841575 0.630965005302227 0.009081735620585268 0.010604453870625663
1 0.11755802219979819 0.6304347826086957 0.009081735620585268 0.009544008483563097
1 0.9122098890010091 0.6304347826086957 0.010090817356205853 0.01166489925768823
0 0.557013118062563 0.6304347826086957 0.010090817356205853 0.01166489925768823
0 0.4979818365287588 0.6304347826086957 0.009081735620585268 0.01166489925768823
0 0.3067608476286579 0.6299045599151644 0.010090817356205853 0.012725344644750796
1 0.10141271442986882 0.6277836691410392 0.005045408678102927 0.008483563096500531
1 0.7956609485368314 0.6277836691410392 0.007063572149344097 0.010604453870625663
1 0.6175580221997982 0.6261930010604454 0.006054490413723511 0.009544008483563097
1 0.7946518668012109 0.6214209968186638 0.009081735620585268 0.010604453870625663
1 0.4530776992936428 0.61983032873807 0.006054490413723511 0.009544008483563097
1 0.11755802219979819 0.6182396606574762 0.007063572149344097 0.008483563096500531
1 0.8884964682139254 0.6240721102863203 0.02119071644803229 0.022269353128313893
1 0.5343087790110999 0.623541887592789 0.02119071644803229 0.021208907741251327
1 0.4682139253279516 0.6171792152704135 0.008072653884964682 0.008483563096500531
1 0.35872855701311807 0.623541887592789 0.02119071644803229 0.021208907741251327
1 0.18365287588294651 0.6240721102863203 0.020181634712411706 0.022269353128313893
1 0.5696266397578204 0.6155885471898197 0.009081735620585268 0.007423117709437964
0 0.5110998990918264 0.6166489925768823 0.011099899091826439 0.009544008483563097
0 0.6871846619576185 0.616118769883351 0.010090817356205853 0.010604453870625663
0 0.5580221997981837 0.6150583244962884 0.010090817356205853 0.008483563096500531
0 0.4989909182643794 0.6155885471898197 0.011099899091826439 0.009544008483563097
1 0.4808274470232089 0.6150583244962884 0.009081735620585268 0.008483563096500531
0 0.1296670030272452 0.616118769883351 0.015136226034308779 0.010604453870625663
1 0.2966700302724521 0.5726405090137858 0.012108980827447022 0.008483563096500531
0 0.15136226034308778 0.5726405090137858 0.012108980827447022 0.008483563096500531
0 0.470736629667003 0.5721102863202545 0.013118062563067608 0.009544008483563097
1 0.3082744702320888 0.5710498409331919 0.009081735620585268 0.007423117709437964
1 0.8047426841574168 0.5699893955461294 0.009081735620585268 0.007423117709437964
0 0.6735620585267407 0.5705196182396607 0.009081735620585268 0.008483563096500531
0 0.5090817356205852 0.5715800636267232 0.013118062563067608 0.010604453870625663
1 0.45408678102926336 0.5694591728525981 0.010090817356205853 0.006362672322375398
0 0.32542885973763874 0.5715800636267232 0.013118062563067608 0.010604453870625663
0 0.16347124117053483 0.5710498409331919 0.008072653884964682 0.009544008483563097
1 0.10494450050454086 0.5694591728525981 0.010090817356205853 0.006362672322375398
0 0.7315842583249244 0.5699893955461294 0.008072653884964682 0.009544008483563097
0 0.5565085771947528 0.5699893955461294 0.009081735620585268 0.009544008483563097
0 0.5691220988900101 0.5699893955461294 0.010090817356205853 0.01166489925768823
1 0.49697275479313824 0.5689289501590669 0.007063572149344097 0.009544008483563097
0 0.48385469223007066 0.5673382820784729 0.009081735620585268 0.012725344644750796
1 0.10645812310797174 0.5615058324496288 0.011099899091826439 0.007423117709437964
1 0.8057517658930373 0.559915164369035 0.009081735620585268 0.006362672322375398
1 0.6291624621594349 0.5593849416755037 0.009081735620585268 0.005302226935312832
1 0.45408678102926336 0.559915164369035 0.010090817356205853 0.006362672322375398
0 0.20736629667003026 0.5583244962884412 0.007063572149344097 0.009544008483563097
1 0.12764883955600403 0.5641569459172853 0.02119071644803229 0.021208907741251327
1 0.8572149344096872 0.563626723223754 0.02119071644803229 0.022269353128313893
0 0.5554994954591322 0.5572640509013785 0.009081735620585268 0.009544008483563097
1 0.5343087790110999 0.563626723223754 0.02119071644803229 0.022269353128313893
0 0.3082744702320888 0.5577942735949099 0.011099899091826439 0.010604453870625663
0 0.2946518668012109 0.5577942735949099 0.008072653884964682 0.010604453870625663
0 0.1927346115035318 0.5572640509013785 0.010090817356205853 0.009544008483563097
1 0.15136226034308778 0.5556733828207847 0.008072653884964682 0.006362672322375398
1 0.6574167507568113 0.5556733828207847 0.009081735620585268 0.008483563096500531
0 0.2209889001009082 0.5567338282078473 0.010090817356205853 0.010604453870625663
0 0.17961654894046417 0.5567338282078473 0.010090817356205853 0.010604453870625663
0 0.16347124117053483 0.5567338282078473 0.010090817356205853 0.010604453870625663
0 0.8920282542885973 0.5551431601272534 0.014127144298688193 0.009544008483563097
0 0.8319878910191726 0.556203605514316 0.015136226034308779 0.01166489925768823
0 0.7341069626639758 0.5556733828207847 0.013118062563067608 0.010604453870625663
0 0.6442986881937437 0.5556733828207847 0.009081735620585268 0.010604453870625663
0 0.5681130171543896 0.5546129374337222 0.012108980827447022 0.008483563096500531
1 0.3274470232088799 0.5440084835630965 0.011099899091826439 0.006362672322375398
1 0.19122098890010092 0.542948038176034 0.009081735620585268 0.006362672322375398
0 0.715438950554995 0.54135737009544 0.008072653884964682 0.007423117709437964
0 0.38647830474268413 0.5418875927889714 0.016145307769929364 0.008483563096500531
1 0.18062563067608475 0.5418875927889714 0.010090817356205853 0.008483563096500531
0 0.893037336024218 0.54135737009544 0.010090817356205853 0.009544008483563097
0 0.5282542885973764 0.54135737009544 0.013118062563067608 0.009544008483563097
1 0.4979818365287588 0.5408271474019088 0.009081735620585268 0.008483563096500531
0 0.36680121089808276 0.54135737009544 0.009081735620585268 0.009544008483563097
0 0.7447023208879919 0.5408271474019088 0.010090817356205853 0.010604453870625663
0 0.7028254288597376 0.5408271474019088 0.011099899091826439 0.010604453870625663
0 0.686175580221998 0.5408271474019088 0.010090817356205853 0.010604453870625663
0 0.35317860746720486 0.5408271474019088 0.008072653884964682 0.010604453870625663
0 0.3385469223007064 0.5402969247083775 0.009081735620585268 0.009544008483563097
0 0.6740665993945509 0.5397667020148462 0.010090817356205853 0.010604453870625663
0 0.14934409687184663 0.5402969247083775 0.008072653884964682 0.01166489925768823
0 0.731079717457114 0.5392364793213149 0.011099899091826439 0.013785790031813362
1 0.6291624621594349 0.5376458112407211 0.009081735620585268 0.010604453870625663
0 0.5418768920282543 0.5381760339342524 0.010090817356205853 0.013785790031813362
1 0.4419778002018164 0.5328738069989396 0.010090817356205853 0.01166489925768823
1 0.6281533804238143 0.528101802757158 0.009081735620585268 0.006362672322375398
1 0.30171543895055497 0.5344644750795334 0.022199798183652877 0.021208907741251327
1 0.21543895055499496 0.5344644750795334 0.02119071644803229 0.021208907741251327
1 0.8269424823410696 0.5334040296924708 0.02119071644803229 0.021208907741251327
1 0.5630676084762866 0.5334040296924708 0.020181634712411706 0.021208907741251327
1 0.3955600403632694 0.5265111346765642 0.008072653884964682 0.007423117709437964
1 0.19323915237134207 0.5275715800636267 0.009081735620585268 0.009544008483563097
1 0.15186680121089807 0.5270413573700954 0.009081735620585268 0.008483563096500531
0 0.908678102926337 0.5265111346765642 0.009081735620585268 0.009544008483563097
0 0.7320887991927346 0.5259809119830329 0.009081735620585268 0.008483563096500531
0 0.7028254288597376 0.5259809119830329 0.009081735620585268 0.008483563096500531
1 0.6730575176589304 0.5259809119830329 0.008072653884964682 0.008483563096500531
1 0.6574167507568113 0.5265111346765642 0.009081735620585268 0.009544008483563097
0 0.3834510595358224 0.5259809119830329 0.010090817356205853 0.008483563096500531
0 0.36680121089808276 0.5265111346765642 0.009081735620585268 0.009544008483563097
0 0.3557013118062563 0.5265111346765642 0.011099899091826439 0.009544008483563097
0 0.16347124117053483 0.5265111346765642 0.010090817356205853 0.009544008483563097
0 0.8915237134207871 0.5259809119830329 0.011099899091826439 0.010604453870625663
0 0.7441977800201817 0.5259809119830329 0.011099899091826439 0.010604453870625663
0 0.7149344096871847 0.5254506892895016 0.011099899091826439 0.009544008483563097
0 0.686175580221998 0.5259809119830329 0.010090817356205853 0.010604453870625663
1 0.4798183652875883 0.5127253446447508 0.011099899091826439 0.007423117709437964
1 0.22199798183652875 0.5127253446447508 0.008072653884964682 0.007423117709437964
0 0.21089808274470231 0.514846235418876 0.010090817356205853 0.01166489925768823
1 0.8037336024217961 0.5106044538706257 0.009081735620585268 0.005302226935312832
1 0.8915237134207871 0.5111346765641569 0.009081735620585268 0.008483563096500531
1 0.8193743693239153 0.5116648992576882 0.010090817356205853 0.009544008483563097
0 0.6553985872855701 0.5116648992576882 0.011099899091826439 0.009544008483563097
1 0.643289606458123 0.5106044538706257 0.007063572149344097 0.007423117709437964
0 0.5696266397578204 0.5116648992576882 0.009081735620585268 0.009544008483563097
0 0.136226034308779 0.5116648992576882 0.010090817356205853 0.009544008483563097
0 0.8784056508577195 0.5111346765641569 0.011099899091826439 0.010604453870625663
0 0.8329969727547931 0.5106044538706257 0.009081735620585268 0.009544008483563097
1 0.5560040363269425 0.5106044538706257 0.010090817356205853 0.009544008483563097
0 0.5408678102926338 0.5106044538706257 0.008072653884964682 0.009544008483563097
0 0.5282542885973764 0.5116648992576882 0.013118062563067608 0.01166489925768823
0 0.4692230070635722 0.5111346765641569 0.008072653884964682 0.010604453870625663
1 0.2658930373360242 0.5084835630965006 0.009081735620585268 0.009544008483563097
0 0.3249243188698285 0.5095440084835631 0.012108980827447022 0.013785790031813362
1 0.44248234106962664 0.5042417815482503 0.009081735620585268 0.01166489925768823
1 0.2658930373360242 0.5 0.009081735620585268 0.005302226935312832
1 0.30272452068617556 0.5047720042417816 0.020181634712411706 0.021208907741251327
0 0.20887991927346114 0.5 0.010090817356205853 0.01166489925768823
1 0.18718466195761857 0.5047720042417816 0.02119071644803229 0.021208907741251327
1 0.855196770938446 0.503711558854719 0.02119071644803229 0.021208907741251327
0 0.5691220988900101 0.4973488865323436 0.008072653884964682 0.008483563096500531
0 0.5565085771947528 0.49787910922587486 0.009081735620585268 0.009544008483563097
1 0.5050454086781029 0.5042417815482503 0.02119071644803229 0.022269353128313893
0 0.35519677093844604 0.49787910922587486 0.010090817356205853 0.009544008483563097
1 0.33703329969727547 0.49628844114528103 0.008072653884964682 0.006362672322375398
0 0.22351160443995963 0.5 0.009081735620585268 0.013785790031813362
0 0.16548940464177597 0.4973488865323436 0.008072653884964682 0.008483563096500531
0 0.1367305751765893 0.49787910922587486 0.009081735620585268 0.009544008483563097
0 0.5403632694248234 0.4973488865323436 0.009081735620585268 0.010604453870625663
0 0.5267406659939455 0.4973488865323436 0.008072653884964682 0.010604453870625663
0 0.39505549949545915 0.49787910922587486 0.011099899091826439 0.01166489925768823
0 0.36680121089808276 0.4973488865323436 0.011099899091826439 0.010604453870625663
1 0.6851664984863775 0.4957582184517497 0.010090817356205853 0.009544008483563097
1 0.6745711402623612 0.4941675503711559 0.009081735620585268 0.006362672322375398
0 0.6564076690211907 0.4968186638388123 0.011099899091826439 0.01166489925768823
0 0.5681130171543896 0.48303287380699894 0.010090817356205853 0.009544008483563097
0 0.5010090817356205 0.48303287380699894 0.013118062563067608 0.009544008483563097
0 0.36680121089808276 0.48250265111346763 0.009081735620585268 0.008483563096500531
1 0.3546922300706357 0.48303287380699894 0.009081735620585268 0.009544008483563097
0 0.32593340060544906 0.48303287380699894 0.010090817356205853 0.009544008483563097
1 0.2966700302724521 0.48250265111346763 0.008072653884964682 0.008483563096500531
1 0.13723511604439959 0.48250265111346763 0.008072653884964682 0.008483563096500531
0 0.12512613521695257 0.48303287380699894 0.012108980827447022 0.009544008483563097
0 0.7441977800201817 0.4814422057264051 0.009081735620585268 0.008483563096500531
0 0.7149344096871847 0.4814422057264051 0.009081735620585268 0.008483563096500531
1 0.6856710393541877 0.4814422057264051 0.009081735620585268 0.008483563096500531
1 0.6730575176589304 0.4814422057264051 0.010090817356205853 0.008483563096500531
1 0.4692230070635722 0.4814422057264051 0.008072653884964682 0.008483563096500531
0 0.3385469223007064 0.48197242841993637 0.009081735620585268 0.009544008483563097
0 0.7315842583249244 0.4814422057264051 0.010090817356205853 0.010604453870625663
0 0.6564076690211907 0.4814422057264051 0.011099899091826439 0.010604453870625663
0 0.5560040363269425 0.4809119830328738 0.008072653884964682 0.009544008483563097
0 0.4808274470232089 0.48197242841993637 0.013118062563067608 0.01166489925768823
0 0.8773965691220988 0.4809119830328738 0.011099899091826439 0.01166489925768823
0 0.7023208879919274 0.4809119830328738 0.010090817356205853 0.01166489925768823
0 0.6437941473259334 0.4809119830328738 0.010090817356205853 0.01166489925768823
1 0.2679112008072654 0.47932131495228 0.009081735620585268 0.010604453870625663
1 0.0030272452068617556 0.47985153764581123 0.006054490413723511 0.01166489925768823
1 0.6200807265388496 0.4777306468716861 0.005045408678102927 0.009544008483563097
1 0.4429868819374369 0.4745493107104984 0.010090817356205853 0.01166489925768823
1 0.7926337033299697 0.4750795334040297 0.009081735620585268 0.014846235418875928
1 0.27901109989909184 0.47613997879109227 0.009081735620585268 0.016967126193001062
1 0.10746720484359233 0.47560975609756095 0.009081735620585268 0.015906680805938492
1 0.6165489404641776 0.4745493107104984 0.008072653884964682 0.015906680805938492
1 0.8254288597376388 0.4750795334040297 0.022199798183652877 0.021208907741251327
1 0.5343087790110999 0.4750795334040297 0.02119071644803229 0.021208907741251327
1 0.3900100908173562 0.4750795334040297 0.02119071644803229 0.021208907741251327
0 0.35418768920282545 0.4692470837751856 0.008072653884964682 0.009544008483563097
1 0.33905146316851664 0.4687168610816543 0.008072653884964682 0.008483563096500531
0 0.29616548940464177 0.4692470837751856 0.007063572149344097 0.009544008483563097
0 0.22351160443995963 0.4692470837751856 0.011099899091826439 0.009544008483563097
0 0.2114026236125126 0.4692470837751856 0.009081735620585268 0.009544008483563097
0 0.16599394550958627 0.46977730646871685 0.009081735620585268 0.010604453870625663
0 0.1367305751765893 0.4687168610816543 0.011099899091826439 0.008483563096500531
0 0.6579212916246215 0.4676564156945917 0.008072653884964682 0.008483563096500531
0 0.715438950554995 0.4676564156945917 0.008072653884964682 0.010604453870625663
0 0.5691220988900101 0.46712619300106045 0.010090817356205853 0.009544008483563097
0 0.5116044399596368 0.46712619300106045 0.010090817356205853 0.009544008483563097
0 0.48234106962663975 0.4676564156945917 0.010090817356205853 0.010604453870625663
0 0.36680121089808276 0.4687168610816543 0.013118062563067608 0.012725344644750796
0 0.7033299697275479 0.46712619300106045 0.014127144298688193 0.01166489925768823
0 0.6458123107971746 0.46712619300106045 0.014127144298688193 0.01166489925768823
1 0.0035317860746720484 0.4628844114528102 0.007063572149344097 0.013785790031813362
0 0.3082744702320888 0.4544008483563097 0.011099899091826439 0.009544008483563097
0 0.9192734611503531 0.4528101802757158 0.010090817356205853 0.008483563096500531
1 0.9071644803229062 0.45227995758218453 0.008072653884964682 0.007423117709437964
1 0.7149344096871847 0.45227995758218453 0.009081735620585268 0.007423117709437964
0 0.6851664984863775 0.45227995758218453 0.010090817356205853 0.007423117709437964
0 0.5105953582240161 0.4533404029692471 0.010090817356205853 0.009544008483563097
1 0.4989909182643794 0.4528101802757158 0.009081735620585268 0.008483563096500531
0 0.19525731584258324 0.4533404029692471 0.011099899091826439 0.009544008483563097
1 0.12462159434914229 0.4528101802757158 0.007063572149344097 0.008483563096500531
1 0.004036326942482341 0.45121951219512196 0.008072653884964682 0.005302226935312832
1 0.7300706357214934 0.4517497348886532 0.009081735620585268 0.008483563096500531
1 0.7023208879919274 0.45227995758218453 0.010090817356205853 0.009544008483563097
1 0.6715438950554995 0.4517497348886532 0.007063572149344097 0.008483563096500531
0 0.558526740665994 0.4528101802757158 0.015136226034308779 0.010604453870625663
0 0.3839556004036327 0.4528101802757158 0.009081735620585268 0.010604453870625663
0 0.32996972754793136 0.4528101802757158 0.016145307769929364 0.010604453870625663
0 0.13723511604439959 0.4533404029692471 0.010090817356205853 0.01166489925768823
0 0.7426841574167508 0.45121951219512196 0.012108980827447022 0.01166489925768823
0 0.643289606458123 0.45121951219512196 0.009081735620585268 0.01166489925768823
1 0.45509586276488395 0.4496288441145281 0.010090817356205853 0.010604453870625663
1 0.8057517658930373 0.44803817603393425 0.005045408678102927 0.009544008483563097
1 0.6281533804238143 0.4485683987274655 0.009081735620585268 0.010604453870625663
1 0.2795156407669021 0.443796394485684 0.008072653884964682 0.009544008483563097
1 0.7911200807265388 0.44538706256627786 0.010090817356205853 0.014846235418875928
1 0.8022199798183652 0.44167550371155884 0.008072653884964682 0.009544008483563097
1 0.10847628657921292 0.44220572640509015 0.009081735620585268 0.010604453870625663
1 0.2976791120080727 0.4395546129374337 0.008072653884964682 0.007423117709437964
1 0.2114026236125126 0.44061505832449627 0.009081735620585268 0.009544008483563097
0 0.18264379414732593 0.4395546129374337 0.008072653884964682 0.007423117709437964
1 0.16044399596367306 0.44644750795334043 0.020181634712411706 0.021208907741251327
0 0.12563067608476286 0.4395546129374337 0.009081735620585268 0.007423117709437964
1 0.8541876892028254 0.44538706256627786 0.02119071644803229 0.021208907741251327
1 0.47628657921291623 0.44538706256627786 0.020181634712411706 0.021208907741251327
0 0.3839556004036327 0.4395546129374337 0.009081735620585268 0.009544008483563097
0 0.32643794147325933 0.43902439024390244 0.009081735620585268 0.008483563096500531
0 0.31029263370333 0.440084835630965 0.011099899091826439 0.010604453870625663
0 0.22452068617558021 0.4395546129374337 0.009081735620585268 0.009544008483563097
1 0.13824419778002017 0.4384941675503712 0.008072653884964682 0.007423117709437964
1 0.8763874873864783 0.4374337221633086 0.007063572149344097 0.007423117709437964
0 0.8178607467204844 0.4384941675503712 0.009081735620585268 0.009544008483563097
0 0.39656912209889 0.4384941675503712 0.010090817356205853 0.009544008483563097
0 0.33955600403632696 0.44061505832449627 0.011099899091826439 0.013785790031813362
0 0.19424823410696265 0.43902439024390244 0.011099899091826439 0.010604453870625663
0 0.830978809283552 0.4395546129374337 0.013118062563067608 0.013785790031813362
1 0.7436932391523713 0.4369034994697773 0.008072653884964682 0.008483563096500531
0 0.731079717457114 0.4374337221633086 0.009081735620585268 0.009544008483563097
0 0.6720484359233098 0.43796394485683987 0.010090817356205853 0.010604453870625663
0 0.6564076690211907 0.43796394485683987 0.011099899091826439 0.010604453870625663
0 0.6437941473259334 0.4369034994697773 0.010090817356205853 0.008483563096500531
0 0.7129162462159435 0.43796394485683987 0.013118062563067608 0.012725344644750796
0 0.6846619576185671 0.4374337221633086 0.013118062563067608 0.01166489925768823
1 0.004540867810292634 0.4236479321314952 0.009081735620585268 0.01166489925768823
1 0.005045408678102927 0.41092258748674443 0.010090817356205853 0.01166489925768823
0 0.32795156407669024 0.3960763520678685 0.010090817356205853 0.007423117709437964
1 0.19677093844601412 0.3960763520678685 0.008072653884964682 0.007423117709437964
0 0.470736629667003 0.3955461293743372 0.011099899091826439 0.008483563096500531
1 0.3839556004036327 0.39501590668080594 0.007063572149344097 0.007423117709437964
0 0.29919273461150353 0.3960763520678685 0.011099899091826439 0.009544008483563097
0 0.1846619576185671 0.3955461293743372 0.008072653884964682 0.008483563096500531
0 0.9167507568113017 0.3944856839872747 0.011099899091826439 0.008483563096500531
0 0.8299697275479314 0.39395546129374337 0.009081735620585268 0.007423117709437964
0 0.7013118062563067 0.39395546129374337 0.010090817356205853 0.007423117709437964
0 0.6720484359233098 0.3944856839872747 0.010090817356205853 0.008483563096500531
0 0.34006054490413723 0.39501590668080594 0.010090817356205853 0.009544008483563097
0 0.12714429868819374 0.3955461293743372 0.010090817356205853 0.010604453870625663
1 0.8597376387487387 0.3934252386002121 0.008072653884964682 0.008483563096500531
1 0.7305751765893037 0.39395546129374337 0.010090817356205853 0.009544008483563097
1 0.7149344096871847 0.3934252386002121 0.007063572149344097 0.008483563096500531
1 0.643289606458123 0.39395546129374337 0.009081735620585268 0.009544008483563097
0 0.9046417759838546 0.3928950159066808 0.011099899091826439 0.009544008483563097
0 0.8158425832492432 0.3928950159066808 0.009081735620585268 0.009544008483563097
0 0.7426841574167508 0.3928950159066808 0.010090817356205853 0.009544008483563097
0 0.8461150353178607 0.3928950159066808 0.011099899091826439 0.01166489925768823
1 0.4545913218970737 0.39183457051961823 0.009081735620585268 0.009544008483563097
1 0.627648839556004 0.383881230116649 0.008072653884964682 0.008483563096500531
1 0.26892028254288597 0.38229056203605516 0.009081735620585268 0.005302226935312832
1 0.1987891019172553 0.38335100742311773 0.008072653884964682 0.009544008483563097
1 0.16246215943491424 0.38918345705196183 0.020181634712411706 0.021208907741251327
1 0.5050454086781029 0.38759278897136795 0.02119071644803229 0.02014846235418876
1 0.3622603430877901 0.38812301166489926 0.020181634712411706 0.021208907741251327
0 0.31180625630676084 0.3828207847295864 0.010090817356205853 0.010604453870625663
0 0.29919273461150353 0.38229056203605516 0.009081735620585268 0.009544008483563097
0 0.22401614530776992 0.3828207847295864 0.014127144298688193 0.012725344644750796
0 0.13975782038345105 0.3812301166489926 0.009081735620585268 0.009544008483563097
0 0.12764883955600403 0.3812301166489926 0.009081735620585268 0.009544008483563097
1 0.8819374369323916 0.3860021208907741 0.022199798183652877 0.021208907741251327
0 0.5272452068617558 0.3796394485683987 0.009081735620585268 0.008483563096500531
0 0.4828456104944501 0.38016967126193 0.011099899091826439 0.009544008483563097
0 0.8592330978809284 0.3796394485683987 0.009081735620585268 0.010604453870625663
0 0.8456104944500504 0.3796394485683987 0.010090817356205853 0.010604453870625663
0 0.8299697275479314 0.38016967126193 0.009081735620585268 0.01166489925768823
1 0.8183652875882946 0.37751855779427357 0.010090817356205853 0.006362672322375398
1 0.7426841574167508 0.3796394485683987 0.010090817356205853 0.010604453870625663
0 0.7305751765893037 0.3796394485683987 0.010090817356205853 0.010604453870625663
0 0.5388496468213926 0.37910922587486745 0.012108980827447022 0.009544008483563097
1 0.31029263370333 0.3679745493107105 0.009081735620585268 0.008483563096500531
0 0.156912209889001 0.3679745493107105 0.009081735620585268 0.008483563096500531
1 0.7300706357214934 0.36638388123011667 0.009081735620585268 0.007423117709437964
1 0.6846619576185671 0.36585365853658536 0.009081735620585268 0.006362672322375398
1 0.5126135216952573 0.36638388123011667 0.008072653884964682 0.007423117709437964
1 0.21342078708375378 0.3669141039236479 0.007063572149344097 0.008483563096500531
1 0.1846619576185671 0.36744432661717924 0.008072653884964682 0.009544008483563097
1 0.4989909182643794 0.36638388123011667 0.009081735620585268 0.009544008483563097
0 0.3839556004036327 0.36638388123011667 0.009081735620585268 0.009544008483563097
1 0.29919273461150353 0.36638388123011667 0.009081735620585268 0.009544008483563097
0 0.16952573158425832 0.3669141039236479 0.010090817356205853 0.010604453870625663
1 0.6997981836528759 0.36426299045599153 0.007063572149344097 0.007423117709437964
1 0.6559031281533805 0.3647932131495228 0.008072653884964682 0.008483563096500531
0 0.6427850655903128 0.3647932131495228 0.010090817356205853 0.008483563096500531
0 0.3698284561049445 0.3653234358430541 0.009081735620585268 0.009544008483563097
0 0.14076690211907164 0.36585365853658536 0.009081735620585268 0.010604453870625663
0 0.12714429868819374 0.36638388123011667 0.010090817356205853 0.01166489925768823
0 0.67255297679112 0.3647932131495228 0.013118062563067608 0.010604453870625663
0 0.713925327951564 0.3616118769883351 0.011099899091826439 0.014846235418875928
1 0.4545913218970737 0.35737009544008486 0.009081735620585268 0.010604453870625663
1 0.21342078708375378 0.35365853658536583 0.007063572149344097 0.007423117709437964
1 0.47679112008072655 0.3589607635206787 0.02119071644803229 0.02014846235418876
1 0.3703329969727548 0.35259809119830327 0.008072653884964682 0.007423117709437964
1 0.3340060544904137 0.35949098621421 0.020181634712411706 0.021208907741251327
1 0.31180625630676084 0.35259809119830327 0.008072653884964682 0.007423117709437964
0 0.1987891019172553 0.3531283138918346 0.008072653884964682 0.008483563096500531
1 0.14026236125126135 0.35259809119830327 0.008072653884964682 0.007423117709437964
1 0.8521695257315842 0.3579003181336161 0.02119071644803229 0.02014846235418876
1 0.6422805247225025 0.352067868504772 0.007063572149344097 0.008483563096500531
1 0.5560040363269425 0.352067868504772 0.008072653884964682 0.008483563096500531
1 0.5272452068617558 0.3515376458112407 0.009081735620585268 0.007423117709437964
0 0.49949545913218973 0.352067868504772 0.008072653884964682 0.008483563096500531
0 0.18668012108980828 0.35259809119830327 0.012108980827447022 0.009544008483563097
1 0.16902119071644803 0.35259809119830327 0.009081735620585268 0.009544008483563097
0 0.12865792129162462 0.352067868504772 0.009081735620585268 0.008483563096500531
0 0.541372351160444 0.3531283138918346 0.011099899091826439 0.012725344644750796
0 0.5110998990918264 0.35259809119830327 0.011099899091826439 0.01166489925768823
0 0.7295660948536832 0.3504772004241782 0.010090817356205853 0.009544008483563097
0 0.701816347124117 0.3504772004241782 0.011099899091826439 0.009544008483563097
0 0.6548940464177598 0.35100742311770944 0.012108980827447022 0.010604453870625663
1 0.5676084762865792 0.3504772004241782 0.011099899091826439 0.009544008483563097
1 0.009081735620585268 0.34994697773064687 0.006054490413723511 0.012725344644750796
1 0.006559031281533804 0.3398727465535525 0.013118062563067608 0.007423117709437964
1 0.6816347124117054 0.3388123011664899 0.011099899091826439 0.007423117709437964
0 0.18819374369323916 0.3398727465535525 0.015136226034308779 0.009544008483563097
1 0.17003027245206861 0.33934252386002123 0.009081735620585268 0.008483563096500531
0 0.12916246215943492 0.33934252386002123 0.008072653884964682 0.008483563096500531
0 0.31231079717457116 0.33828207847295866 0.009081735620585268 0.008483563096500531
1 0.6453077699293642 0.33775185577942735 0.013118062563067608 0.009544008483563097
0 0.4722502522704339 0.33828207847295866 0.012108980827447022 0.010604453870625663
0 0.3683148335015136 0.33828207847295866 0.012108980827447022 0.010604453870625663
0 0.8743693239152371 0.3366914103923648 0.011099899091826439 0.009544008483563097
0 0.5686175580221998 0.3366914103923648 0.009081735620585268 0.009544008483563097
0 0.557013118062563 0.3366914103923648 0.010090817356205853 0.009544008483563097
0 0.3557013118062563 0.3372216330858961 0.007063572149344097 0.010604453870625663
0 0.29919273461150353 0.33775185577942735 0.011099899091826439 0.01166489925768823
0 0.887991927346115 0.3356309650053022 0.008072653884964682 0.009544008483563097
1 0.8158425832492432 0.3356309650053022 0.011099899091826439 0.009544008483563097
1 0.7426841574167508 0.3356309650053022 0.008072653884964682 0.009544008483563097
1 0.6710393541876892 0.3356309650053022 0.008072653884964682 0.009544008483563097
0 0.5010090817356205 0.3366914103923648 0.013118062563067608 0.01166489925768823
0 0.15590312815338042 0.3372216330858961 0.009081735620585268 0.012725344644750796
1 0.27194752774974773 0.32767762460233296 0.007063572149344097 0.010604453870625663
1 0.6266397578203835 0.32608695652173914 0.008072653884964682 0.009544008483563097
1 0.3340060544904137 0.331389183457052 0.020181634712411706 0.02014846235418876
1 0.2204843592330979 0.33191940615058324 0.02119071644803229 0.021208907741251327
0 0.1987891019172553 0.3255567338282078 0.010090817356205853 0.008483563096500531
0 0.18617558022199798 0.32608695652173914 0.009081735620585268 0.009544008483563097
1 0.1710393541876892 0.32502651113467657 0.007063572149344097 0.007423117709437964
1 0.7996972754793138 0.32502651113467657 0.007063572149344097 0.009544008483563097
1 0.5343087790110999 0.3303287380699894 0.02119071644803229 0.02014846235418876
0 0.39959636730575177 0.32502651113467657 0.008072653884964682 0.009544008483563097
0 0.14278506559031282 0.3255567338282078 0.007063572149344097 0.010604453870625663
1 0.8511604439959637 0.32926829268292684 0.02119071644803229 0.02014846235418876
0 0.5696266397578204 0.32343584305408274 0.009081735620585268 0.008483563096500531
0 0.3698284561049445 0.323966065747614 0.009081735620585268 0.009544008483563097
0 0.1296670030272452 0.32502651113467657 0.013118062563067608 0.01166489925768823
0 0.8289606458123108 0.32237539766702017 0.009081735620585268 0.010604453870625663
0 0.8168516649848637 0.32184517497348886 0.011099899091826439 0.009544008483563097
0 0.6831483350151363 0.3229056203605514 0.012108980827447022 0.01166489925768823
0 0.9132189707366297 0.3213149522799576 0.014127144298688193 0.010604453870625663
0 0.3703329969727548 0.3091198303287381 0.008072653884964682 0.007423117709437964
1 0.8753784056508577 0.3080593849416755 0.011099899091826439 0.007423117709437964
0 0.5565085771947528 0.3091198303287381 0.009081735620585268 0.009544008483563097
0 0.3002018163471241 0.30965005302226933 0.009081735620585268 0.010604453870625663
0 0.12916246215943492 0.30965005302226933 0.010090817356205853 0.010604453870625663
0 0.7421796165489405 0.3075291622481442 0.009081735620585268 0.008483563096500531
0 0.7285570131180625 0.3080593849416755 0.010090817356205853 0.009544008483563097
0 0.6730575176589304 0.30858960763520676 0.014127144298688193 0.010604453870625663
0 0.5015136226034309 0.3091198303287381 0.014127144298688193 0.01166489925768823
0 0.4717457114026236 0.30858960763520676 0.011099899091826439 0.010604453870625663
0 0.35721493440968716 0.3091198303287381 0.012108980827447022 0.01166489925768823
0 0.1579212916246216 0.30858960763520676 0.011099899091826439 0.012725344644750796
1 0.8864783047426842 0.30593849416755037 0.009081735620585268 0.009544008483563097
1 0.4445005045408678 0.3048780487804878 0.009081735620585268 0.007423117709437964
1 0.4556004036326943 0.30434782608695654 0.009081735620585268 0.010604453870625663
1 0.2729566094853683 0.2985153764581124 0.009081735620585268 0.007423117709437964
1 0.11402623612512613 0.30010604453870626 0.006054490413723511 0.010604453870625663
1 0.2840565085771948 0.2990455991516437 0.009081735620585268 0.010604453870625663
1 0.22149344096871845 0.30381760339342523 0.02119071644803229 0.02014846235418876
1 0.7885973763874874 0.30010604453870626 0.009081735620585268 0.014846235418875928
1 0.3350151362260343 0.30328738069989397 0.020181634712411706 0.021208907741251327
0 0.1710393541876892 0.29692470837751855 0.009081735620585268 0.008483563096500531
1 0.5696266397578204 0.295864262990456 0.007063572149344097 0.008483563096500531
0 0.5565085771947528 0.295864262990456 0.009081735620585268 0.008483563096500531
1 0.5343087790110999 0.3022269353128314 0.02119071644803229 0.021208907741251327
1 0.3985872855701312 0.295864262990456 0.008072653884964682 0.008483563096500531
1 0.3567103935418769 0.2953340402969247 0.009081735620585268 0.007423117709437964
1 0.1992936427850656 0.2963944856839873 0.009081735620585268 0.009544008483563097
0 0.18718466195761857 0.2963944856839873 0.009081735620585268 0.009544008483563097
0 0.512108980827447 0.2963944856839873 0.009081735620585268 0.01166489925768823
0 0.4989909182643794 0.295864262990456 0.009081735620585268 0.010604453870625663
0 0.48385469223007066 0.2953340402969247 0.009081735620585268 0.009544008483563097
0 0.3113017154389506 0.29692470837751855 0.013118062563067608 0.012725344644750796
0 0.8995963673057518 0.2948038176033934 0.007063572149344097 0.010604453870625663
1 0.8511604439959637 0.30010604453870626 0.02119071644803229 0.021208907741251327
0 0.8284561049445005 0.2963944856839873 0.010090817356205853 0.013785790031813362
0 0.6553985872855701 0.2948038176033934 0.009081735620585268 0.010604453870625663
0 0.884460141271443 0.2932131495227996 0.013118062563067608 0.009544008483563097
0 0.8718466195761857 0.2948038176033934 0.010090817356205853 0.012725344644750796
1 0.91372351160444 0.292152704135737 0.011099899091826439 0.009544008483563097
1 0.32896064581231077 0.2815482502651113 0.008072653884964682 0.007423117709437964
1 0.38597376387487387 0.2815482502651113 0.009081735620585268 0.009544008483563097
1 0.3577194752774975 0.28101802757158006 0.009081735620585268 0.008483563096500531
1 0.3410696266397578 0.28101802757158006 0.008072653884964682 0.008483563096500531
0 0.19979818365287588 0.28207847295864263 0.010090817356205853 0.010604453870625663
0 0.3980827447023209 0.28101802757158006 0.011099899091826439 0.010604453870625663
0 0.18768920282542886 0.2815482502651113 0.010090817356205853 0.01166489925768823
0 0.1296670030272452 0.2804878048780488 0.009081735620585268 0.009544008483563097
1 0.8849646821392533 0.2788971367974549 0.008072653884964682 0.008483563096500531
1 0.739656912209889 0.27942735949098624 0.012108980827447022 0.009544008483563097
0 0.7023208879919274 0.2799575821845175 0.014127144298688193 0.010604453870625663
0 0.5686175580221998 0.27942735949098624 0.009081735620585268 0.009544008483563097
0 0.5090817356205852 0.2804878048780488 0.015136226034308779 0.01166489925768823
1 0.7280524722502523 0.27836691410392367 0.009081735620585268 0.009544008483563097
0 0.872351160443996 0.27783669141039236 0.009081735620585268 0.010604453870625663
0 0.3703329969727548 0.2788971367974549 0.012108980827447022 0.012725344644750796
1 0.4450050454086781 0.2757158006362672 0.010090817356205853 0.008483563096500531
1 0.22250252270433904 0.27518557794273596 0.02119071644803229 0.02014846235418876
1 0.6150353178607467 0.271474019088017 0.009081735620585268 0.014846235418875928
1 0.5343087790110999 0.2741251325556734 0.02119071644803229 0.02014846235418876
1 0.32896064581231077 0.26776246023329797 0.008072653884964682 0.007423117709437964
1 0.30726538849646823 0.27465535524920465 0.02119071644803229 0.021208907741251327
1 0.1720484359233098 0.26882290562036054 0.009081735620585268 0.009544008483563097
0 0.1437941473259334 0.2682926829268293 0.009081735620585268 0.008483563096500531
0 0.1306760847628658 0.26882290562036054 0.009081735620585268 0.009544008483563097
0 0.48385469223007066 0.26776246023329797 0.009081735620585268 0.009544008483563097
0 0.3849646821392533 0.2672322375397667 0.009081735620585268 0.008483563096500531
1 0.3698284561049445 0.26617179215270415 0.009081735620585268 0.006362672322375398
0 0.3577194752774975 0.2672322375397667 0.009081735620585268 0.008483563096500531
1 0.8208879919273461 0.27200424178154825 0.02119071644803229 0.02014846235418876
0 0.6997981836528759 0.26617179215270415 0.009081735620585268 0.008483563096500531
1 0.670534813319879 0.26564156945917283 0.009081735620585268 0.007423117709437964
1 0.6422805247225025 0.2667020148462354 0.009081735620585268 0.009544008483563097
1 0.5686175580221998 0.26617179215270415 0.009081735620585268 0.008483563096500531
0 0.5560040363269425 0.2672322375397667 0.010090817356205853 0.010604453870625663
1 0.512108980827447 0.26617179215270415 0.009081735620585268 0.008483563096500531
0 0.5 0.26617179215270415 0.009081735620585268 0.008483563096500531
0 0.4717457114026236 0.26617179215270415 0.009081735620585268 0.008483563096500531
0 0.39959636730575177 0.26776246023329797 0.010090817356205853 0.01166489925768823
1 0.33955600403632696 0.26564156945917283 0.009081735620585268 0.007423117709437964
1 0.8562058526740666 0.264050901378579 0.009081735620585268 0.008483563096500531
0 0.8440968718466195 0.264050901378579 0.011099899091826439 0.008483563096500531
0 0.884460141271443 0.26458112407211026 0.011099899091826439 0.01166489925768823
0 0.8728557013118062 0.264050901378579 0.010090817356205853 0.010604453870625663
1 0.7078708375378405 0.2513255567338282 0.011099899091826439 0.006362672322375398
1 0.677598385469223 0.2513255567338282 0.011099899091826439 0.006362672322375398
1 0.7346115035317861 0.24973488865323437 0.012108980827447022 0.007423117709437964
1 0.48234106962663975 0.2507953340402969 0.006054490413723511 0.009544008483563097
1 0.47426841574167505 0.2507953340402969 0.006054490413723511 0.009544008483563097
1 0.31281533804238143 0.2507953340402969 0.006054490413723511 0.009544008483563097
1 0.16296670030272453 0.2513255567338282 0.005045408678102927 0.010604453870625663
1 0.8254288597376388 0.24814422057264052 0.006054490413723511 0.010604453870625663
0 0.19576185671039353 0.24390243902439024 0.012108980827447022 0.008483563096500531
1 0.36629667003027244 0.24231177094379638 0.010090817356205853 0.007423117709437964
0 0.8188698284561049 0.2454931071049841 0.009081735620585268 0.015906680805938492
1 0.7341069626639758 0.24125132555673381 0.013118062563067608 0.007423117709437964
1 0.6770938446014128 0.24231177094379638 0.010090817356205853 0.009544008483563097
1 0.5312815338042381 0.2110286320254507 0.011099899091826439 0.006362672322375398
1 0.21493440968718466 0.20996818663838812 0.008072653884964682 0.008483563096500531
1 0.15237134207870837 0.20996818663838812 0.008072653884964682 0.008483563096500531
1 0.8244197780020182 0.20625662778366913 0.006054490413723511 0.009544008483563097
0 0.16599394550958627 0.20625662778366913 0.009081735620585268 0.015906680805938492
1 0.3834510595358224 0.20201484623541888 0.006054490413723511 0.009544008483563097
1 0.7255297679112008 0.20042417815482502 0.008072653884964682 0.008483563096500531
1 0.677598385469223 0.19936373276776245 0.009081735620585268 0.006362672322375398
1 0.18163471241170534 0.17338282078472958 0.010090817356205853 0.005302226935312832
1 0.27093844601412714 0.172322375397667 0.009081735620585268 0.005302226935312832
1 0.10797174571140263 0.172322375397667 0.010090817356205853 0.005302226935312832
1 0.6104944500504541 0.17126193001060444 0.008072653884964682 0.005302226935312832
1 0.5383451059535822 0.17126193001060444 0.007063572149344097 0.005302226935312832
1 0.5126135216952573 0.17126193001060444 0.010090817356205853 0.005302226935312832
1 0.4818365287588295 0.17126193001060444 0.007063572149344097 0.005302226935312832
1 0.46417759838546924 0.17126193001060444 0.010090817356205853 0.005302226935312832
1 0.39959636730575177 0.17126193001060444 0.010090817356205853 0.005302226935312832
1 0.010090817356205853 0.1664899257688229 0.006054490413723511 0.008483563096500531
1 0.28557013118062563 0.1627783669141039 0.010090817356205853 0.005302226935312832
1 0.36730575176589303 0.16171792152704137 0.010090817356205853 0.005302226935312832
1 0.6634712411705348 0.1511134676564157 0.013118062563067608 0.007423117709437964
1 0.6856710393541877 0.15005302226935313 0.013118062563067608 0.007423117709437964
1 0.8107971745711403 0.14846235418875928 0.007063572149344097 0.006362672322375398
1 0.7896064581231079 0.14846235418875928 0.007063572149344097 0.008483563096500531
1 0.6851664984863775 0.14475079533404028 0.006054490413723511 0.007423117709437964
0 0.17759838546922302 0.1420996818663839 0.010090817356205853 0.010604453870625663
1 0.8360242179616549 0.14316012725344646 0.013118062563067608 0.014846235418875928
1 0.7986881937436933 0.1383881230116649 0.007063572149344097 0.007423117709437964
0 0.7346115035317861 0.13679745493107104 0.010090817356205853 0.012725344644750796
0 0.10797174571140263 0.1325556733828208 0.010090817356205853 0.014846235418875928
1 0.010090817356205853 0.12937433722163308 0.010090817356205853 0.010604453870625663
1 0.8148335015136225 0.12142099681866383 0.007063572149344097 0.007423117709437964
1 0.7366296670030272 0.1224814422057264 0.006054490413723511 0.009544008483563097
1 0.6972754793138244 0.12195121951219512 0.014127144298688193 0.008483563096500531
1 0.6866801210898082 0.12301166489925769 0.005045408678102927 0.010604453870625663
1 0.8229061553985872 0.12142099681866383 0.005045408678102927 0.009544008483563097
1 0.763874873864783 0.12195121951219512 0.006054490413723511 0.010604453870625663
1 0.13773965691220988 0.11717921527041357 0.009081735620585268 0.005302226935312832
1 0.45055499495459134 0.11664899257688228 0.007063572149344097 0.006362672322375398
1 0.38799192734611504 0.11664899257688228 0.009081735620585268 0.006362672322375398
0 0.19626639757820383 0.11611876988335101 0.011099899091826439 0.009544008483563097
1 0.36781029263370335 0.11346765641569459 0.007063572149344097 0.008483563096500531
1 0.16750756811301715 0.11081654294803818 0.012108980827447022 0.007423117709437964
1 0.44702320887991925 0.10869565217391304 0.008072653884964682 0.007423117709437964
1 0.013118062563067608 0.10657476139978792 0.008072653884964682 0.005302226935312832
1 0.736125126135217 0.10498409331919406 0.009081735620585268 0.006362672322375398
0 0.7209889001009082 0.10551431601272535 0.009081735620585268 0.009544008483563097
0 0.6337033299697276 0.10392364793213149 0.012108980827447022 0.006362672322375398
1 0.8814328960645812 0.10286320254506894 0.007063572149344097 0.006362672322375398
1 0.5943491422805247 0.10392364793213149 0.008072653884964682 0.008483563096500531
0 0.8612512613521696 0.10180275715800637 0.011099899091826439 0.006362672322375398
1 0.07467204843592332 0.09968186638388123 0.010090817356205853 0.006362672322375398
0 0.7457114026236125 0.09066808059384941 0.010090817356205853 0.009544008483563097
1 0.715438950554995 0.09013785790031813 0.006054490413723511 0.008483563096500531
1 0.6922300706357215 0.09172852598091198 0.006054490413723511 0.01166489925768823
1 0.8092835519677094 0.08960763520678686 0.006054490413723511 0.009544008483563097
1 0.7623612512613521 0.08960763520678686 0.007063572149344097 0.009544008483563097
0 0.7325933400605449 0.09013785790031813 0.010090817356205853 0.010604453870625663
0 0.6427850655903128 0.09013785790031813 0.010090817356205853 0.010604453870625663
1 0.9909182643794148 0.09066808059384941 0.010090817356205853 0.013785790031813362
0 0.7996972754793138 0.08907741251325557 0.007063572149344097 0.010604453870625663
1 0.08980827447023208 0.08218451749734888 0.008072653884964682 0.009544008483563097
1 0.1104944500504541 0.07900318133616119 0.011099899091826439 0.013785790031813362
1 0.005549949545913219 0.07423117709437964 0.011099899091826439 0.006362672322375398
1 0.7684157416750756 0.07423117709437964 0.007063572149344097 0.008483563096500531
1 0.014127144298688193 0.06786850477200425 0.010090817356205853 0.006362672322375398
1 0.6548940464177598 0.060445387062566275 0.006054490413723511 0.008483563096500531
0 0.9041372351160444 0.060445387062566275 0.006054490413723511 0.010604453870625663
1 0.829465186680121 0.05938494167550371 0.006054490413723511 0.010604453870625663
1 0.7865792129162462 0.057794273594909865 0.009081735620585268 0.007423117709437964
1 0.7780020181634713 0.05938494167550371 0.006054490413723511 0.010604453870625663
0 0.5933400605449042 0.05885471898197243 0.008072653884964682 0.009544008483563097
1 0.005045408678102927 0.056733828207847295 0.010090817356205853 0.005302226935312832
1 0.8380423814328961 0.05832449628844114 0.007063572149344097 0.010604453870625663
0 0.8193743693239153 0.05832449628844114 0.008072653884964682 0.010604453870625663
0 0.7961654894046418 0.05885471898197243 0.006054490413723511 0.01166489925768823
1 0.8900100908173562 0.057794273594909865 0.006054490413723511 0.01166489925768823
1 0.6387487386478304 0.045068928950159064 0.008072653884964682 0.009544008483563097
1 0.7013118062563067 0.043478260869565216 0.006054490413723511 0.008483563096500531
1 0.6917255297679112 0.044538706256627786 0.007063572149344097 0.010604453870625663
1 0.612008072653885 0.0440084835630965 0.009081735620585268 0.01166489925768823
1 0.005045408678102927 0.042417815482502653 0.006054490413723511 0.008483563096500531
1 0.22704339051463168 0.03870625662778367 0.010090817356205853 0.005302226935312832
1 0.30373360242179614 0.03711558854718982 0.010090817356205853 0.008483563096500531
0 0.3148335015136226 0.033934252386002124 0.010090817356205853 0.012725344644750796
1 0.6559031281533805 0.03128313891834571 0.006054490413723511 0.009544008483563097
0 0.6841574167507568 0.02916224814422057 0.012108980827447022 0.007423117709437964
1 0.6210898082744702 0.030222693531283137 0.005045408678102927 0.009544008483563097
0 0.7986881937436933 0.02916224814422057 0.009081735620585268 0.009544008483563097
0 0.07820383451059536 0.030752916224814422 0.011099899091826439 0.014846235418875928
1 0.8819374369323916 0.02704135737009544 0.006054490413723511 0.009544008483563097
1 0.8496468213925328 0.02704135737009544 0.006054490413723511 0.009544008483563097
0 0.7204843592330978 0.028101802757158005 0.008072653884964682 0.01166489925768823
1 0.004540867810292634 0.025980911983032873 0.009081735620585268 0.007423117709437964
1 0.8900100908173562 0.025980911983032873 0.006054490413723511 0.009544008483563097
1 0.22754793138244198 0.028101802757158005 0.007063572149344097 0.013785790031813362
1 0.9470232088799193 0.022269353128313893 0.005045408678102927 0.008483563096500531
0 0.6745711402623612 0.013785790031813362 0.007063572149344097 0.010604453870625663
1 0.7926337033299697 0.012195121951219513 0.007063572149344097 0.009544008483563097
1 0.017658930373360242 0.012195121951219513 0.009081735620585268 0.009544008483563097
1 0.7547931382441978 0.009544008483563097 0.010090817356205853 0.006362672322375398
0 0.8471241170534813 0.010604453870625663 0.009081735620585268 0.010604453870625663
1 0.9873864783047427 0.007423117709437964 0.007063572149344097 0.014846235418875928