1 0.6266397833824158 0.9825026392936707 0.008072614669799805 0.0053021907806396484
1 0.5640766620635986 0.9803817868232727 0.010090827941894531 0.0053021907806396484
1 0.14934410154819489 0.9809119701385498 0.010090827941894531 0.0063626766204833984
1 0.46367305517196655 0.9697772860527039 0.009081721305847168 0.0053021907806396484
1 0.9873864650726318 0.9581124186515808 0.011099934577941895 0.011664867401123047
1 0.028254290111362934 0.9538706541061401 0.010090818628668785 0.009544014930725098
1 0.9228052496910095 0.945387065410614 0.009081721305847168 0.009544014930725098
0 0.875378429889679 0.9448568224906921 0.009081721305847168 0.008483529090881348
0 0.8446013927459717 0.9448568224906921 0.010090827941894531 0.010604500770568848
1 0.6508577466011047 0.9437963962554932 0.012108922004699707 0.008483529090881348
1 0.6215943694114685 0.9422057271003723 0.010090827941894531 0.0053021907806396484
1 0.26538848876953125 0.9422057271003723 0.010090827941894531 0.0074231624603271484
0 0.8309788107872009 0.9437963962554932 0.011099934577941895 0.012725353240966797
1 0.8148335218429565 0.9416754841804504 0.011099934577941895 0.008483529090881348
0 0.7098889946937561 0.9432661533355713 0.011099934577941895 0.011664867401123047
1 0.6331987977027893 0.9406150579452515 0.009081721305847168 0.0063626766204833984
0 0.936932384967804 0.9437963962554932 0.011099934577941895 0.014846205711364746
0 0.6624621748924255 0.9416754841804504 0.009081721305847168 0.010604500770568848
0 0.3784056603908539 0.9422057271003723 0.014127135276794434 0.011664867401123047
1 0.10544904321432114 0.9411453008651733 0.009081736207008362 0.009544014930725098
0 0.39101916551589966 0.9406150579452515 0.009081721305847168 0.010604500770568848
0 0.3481332063674927 0.9416754841804504 0.014127135276794434 0.012725353240966797
0 0.3309788107872009 0.9406150579452515 0.010090827941894531 0.010604500770568848
0 0.11755802482366562 0.9406150579452515 0.013118058443069458 0.012725353240966797
1 0.8143289685249329 0.9321314692497253 0.010090827941894531 0.0063626766204833984
1 0.6331987977027893 0.9321314692497253 0.011099934577941895 0.008483529090881348
1 0.26538848876953125 0.9316012859344482 0.010090827941894531 0.0074231624603271484
1 0.8995963931083679 0.9374337196350098 0.0232088565826416 0.023329854011535645
0 0.7391523718833923 0.9289501309394836 0.009081721305847168 0.010604500770568848
0 0.7527749538421631 0.9284199476242065 0.010090827941894531 0.011664867401123047
1 0.5580222010612488 0.9268292784690857 0.008072614669799805 0.008483529090881348
1 0.5116044282913208 0.9278897047042847 0.008072614669799805 0.010604500770568848
1 0.4964682161808014 0.9273594617843628 0.00807267427444458 0.009544014930725098
1 0.4732593297958374 0.9342523813247681 0.022199809551239014 0.023329854011535645
1 0.2936427891254425 0.9342523813247681 0.022199809551239014 0.023329854011535645
1 0.14278507232666016 0.9342523813247681 0.02119070291519165 0.023329854011535645
0 0.10494449734687805 0.9273594617843628 0.008072659373283386 0.009544014930725098
0 0.16700302064418793 0.9262990355491638 0.009081721305847168 0.009544014930725098
0 0.5691220760345459 0.9262990355491638 0.012108922004699707 0.011664867401123047
0 0.5393542051315308 0.9268292784690857 0.015136241912841797 0.012725353240966797
1 0.3582240045070648 0.9241781830787659 0.010090827941894531 0.0074231624603271484
0 0.32996973395347595 0.9257688522338867 0.010090827941894531 0.010604500770568848
0 0.21089808642864227 0.9262990355491638 0.010090827941894531 0.011664867401123047
0 0.19626639783382416 0.9262990355491638 0.011099904775619507 0.011664867401123047
1 0.17860746383666992 0.9241781830787659 0.008072644472122192 0.0074231624603271484
1 0.11907164752483368 0.9252386093139648 0.010090813040733337 0.009544014930725098
1 0.05449041351675987 0.9241781830787659 0.006054490804672241 0.0074231624603271484
1 0.3779011070728302 0.9114528298377991 0.009081721305847168 0.0074231624603271484
0 0.6922300457954407 0.9114528298377991 0.010090827941894531 0.009544014930725098
0 0.12008072808384895 0.9103923439979553 0.010090820491313934 0.009544014930725098
0 0.6786074638366699 0.9103923439979553 0.011099934577941895 0.011664867401123047
0 0.347628653049469 0.9098621606826782 0.01109987497329712 0.010604500770568848
0 0.31786075234413147 0.9098621606826782 0.010090827941894531 0.010604500770568848
1 0.2663975656032562 0.9098621606826782 0.010090827941894531 0.010604500770568848
0 0.18012109398841858 0.9098621606826782 0.011099904775619507 0.010604500770568848
1 0.8133198618888855 0.9088016748428345 0.008072614669799805 0.010604500770568848
0 0.8022199869155884 0.9088016748428345 0.010090827941894531 0.010604500770568848
0 0.39101916551589966 0.9093319177627563 0.009081721305847168 0.011664867401123047
0 0.1675075739622116 0.9093319177627563 0.010090827941894531 0.011664867401123047
0 0.15085771679878235 0.9093319177627563 0.011099904775619507 0.011664867401123047
0 0.1372351199388504 0.9077412486076355 0.012108981609344482 0.014846205711364746
1 0.2663975656032562 0.9008483290672302 0.010090827941894531 0.0053021907806396484
1 0.8128153085708618 0.8981972336769104 0.009081721305847168 0.0063626766204833984
1 0.801210880279541 0.9008483290672302 0.010090827941894531 0.011664867401123047
1 0.8602421879768372 0.8971368074417114 0.009081721305847168 0.008483529090881348
1 0.08678103238344193 0.8987274765968323 0.010090813040733337 0.011664867401123047
0 0.8723511695861816 0.8966065645217896 0.01311802864074707 0.011664867401123047
0 0.6604440212249756 0.8960763812065125 0.011099934577941895 0.010604500770568848
1 0.5711402893066406 0.8950158953666687 0.008072614669799805 0.008483529090881348
1 0.4732593297958374 0.9024389982223511 0.022199809551239014 0.023329854011535645
1 0.20433905720710754 0.901908814907074 0.02119070291519165 0.022269368171691895
0 0.64883953332901 0.8944857120513916 0.010090827941894531 0.009544014930725098
0 0.3481332063674927 0.8939554691314697 0.010090827941894531 0.008483529090881348
0 0.13824419677257538 0.8944857120513916 0.010090827941894531 0.009544014930725098
0 0.559535801410675 0.8944857120513916 0.01311802864074707 0.011664867401123047
1 0.18062563240528107 0.8939554691314697 0.010090827941894531 0.010604500770568848
0 0.16851665079593658 0.8934252262115479 0.010090827941894531 0.009544014930725098
0 0.14934410154819489 0.8934252262115479 0.010090827941894531 0.009544014930725098
0 0.12058526650071144 0.8939554691314697 0.01109989732503891 0.010604500770568848
1 0.10898082703351974 0.8923647999763489 0.008072659373283386 0.0074231624603271484
0 0.9031281471252441 0.8817603588104248 0.012108922004699707 0.009544014930725098
0 0.689707338809967 0.8796394467353821 0.011099934577941895 0.011664867401123047
0 0.3012109100818634 0.8780487775802612 0.01109987497329712 0.008483529090881348
0 0.6781029105186462 0.8780487775802612 0.010090827941894531 0.010604500770568848
0 0.6604440212249756 0.8785790205001831 0.011099934577941895 0.011664867401123047
0 0.28758829832077026 0.8775185346603394 0.00807267427444458 0.009544014930725098
0 0.18113017082214355 0.8775185346603394 0.009081721305847168 0.009544014930725098
0 0.13874873518943787 0.8780487775802612 0.011099904775619507 0.010604500770568848
1 0.0877901092171669 0.8759278655052185 0.010090813040733337 0.0063626766204833984
0 0.6473259329795837 0.8780487775802612 0.011099934577941895 0.012725353240966797
0 0.16851665079593658 0.8775185346603394 0.012108981609344482 0.011664867401123047
0 0.10847628861665726 0.8775185346603394 0.009081736207008362 0.011664867401123047
0 0.152371346950531 0.8753976821899414 0.012108981609344482 0.013785839080810547
1 0.2563067674636841 0.870095431804657 0.00807267427444458 0.009544014930725098
1 0.6205852627754211 0.870095431804657 0.008072614669799805 0.015906691551208496
1 0.8360242247581482 0.8727465271949768 0.0232088565826416 0.023329854011535645
1 0.08728557080030441 0.8669140934944153 0.009081736207008362 0.011664867401123047
0 0.9207870960235596 0.8647932410240173 0.009081721305847168 0.009544014930725098
0 0.932896077632904 0.8653234243392944 0.01311802864074707 0.012725353240966797
1 0.5635721683502197 0.8706256747245789 0.021190762519836426 0.023329854011535645
1 0.3249243199825287 0.870095431804657 0.022199809551239014 0.022269368171691895
1 0.20534813404083252 0.870095431804657 0.02119070291519165 0.022269368171691895
0 0.16952572762966156 0.8621420860290527 0.010090827941894531 0.008483529090881348
0 0.152371346950531 0.8621420860290527 0.010090827941894531 0.008483529090881348
0 0.3017154335975647 0.8637327551841736 0.012108981609344482 0.013785839080810547
0 0.28809282183647156 0.8632025718688965 0.01109987497329712 0.012725353240966797
0 0.18163470923900604 0.8626723289489746 0.010090827941894531 0.011664867401123047
0 0.13925327360630035 0.8616119027137756 0.010090827941894531 0.009544014930725098
0 0.10998991131782532 0.8605514168739319 0.010090813040733337 0.0074231624603271484
0 0.9323915243148804 0.8504772186279297 0.010090827941894531 0.008483529090881348
0 0.32996973395347595 0.8478260636329651 0.012108981609344482 0.009544014930725098
0 0.5100908279418945 0.8462353944778442 0.011099934577941895 0.010604500770568848
0 0.9197779893875122 0.847295880317688 0.01311802864074707 0.014846205711364746
0 0.4974772781133652 0.8462353944778442 0.012108951807022095 0.012725353240966797
1 0.31836527585983276 0.8451749682426453 0.009081721305847168 0.010604500770568848
0 0.5585267543792725 0.8457052111625671 0.015136241912841797 0.013785839080810547
1 0.8435923457145691 0.8345705270767212 0.008072614669799805 0.008483529090881348
0 0.6306760907173157 0.83828204870224 0.010090827941894531 0.015906691551208496
1 0.8960645794868469 0.8409332036972046 0.02219974994659424 0.023329854011535645
1 0.6190716624259949 0.8340402841567993 0.009081721305847168 0.009544014930725098
0 0.932896077632904 0.8335101008415222 0.011099934577941895 0.010604500770568848
0 0.9197779893875122 0.8329798579216003 0.009081721305847168 0.009544014930725098
0 0.7063572406768799 0.8335101008415222 0.008072614669799805 0.010604500770568848
0 0.8309788107872009 0.8319194316864014 0.015136241912841797 0.009544014930725098
0 0.5272452235221863 0.8313891887664795 0.009081721305847168 0.008483529090881348
1 0.4742684066295624 0.8388122916221619 0.022199809551239014 0.023329854011535645
0 0.7189707159996033 0.8324496150016785 0.015136241912841797 0.012725353240966797
0 0.5691220760345459 0.8308589458465576 0.012108922004699707 0.009544014930725098
1 0.5403632521629333 0.8308589458465576 0.009081721305847168 0.009544014930725098
0 0.5100908279418945 0.8319194316864014 0.011099934577941895 0.011664867401123047
0 0.49798184633255005 0.8308589458465576 0.009081721305847168 0.009544014930725098
0 0.10998991131782532 0.8308589458465576 0.008072659373283386 0.009544014930725098
1 0.12108980864286423 0.8287380933761597 0.010090813040733337 0.0074231624603271484
1 0.45156407356262207 0.8186638355255127 0.009081721305847168 0.0063626766204833984
1 0.44046416878700256 0.8186638355255127 0.009081721305847168 0.0063626766204833984
0 0.5100908279418945 0.81654292345047 0.009081721305847168 0.008483529090881348
1 0.7068617343902588 0.81654292345047 0.009081721305847168 0.010604500770568848
0 0.64883953332901 0.81654292345047 0.014127135276794434 0.010604500770568848
0 0.49747729301452637 0.8160127401351929 0.010090827941894531 0.009544014930725098
1 0.6609485149383545 0.8149522542953491 0.008072614669799805 0.009544014930725098
0 0.5267406702041626 0.815482497215271 0.010090827941894531 0.010604500770568848
1 0.7996972799301147 0.8138918280601501 0.009081721305847168 0.009544014930725098
0 0.4808274507522583 0.8149522542953491 0.009081721305847168 0.011664867401123047
0 0.46821391582489014 0.8149522542953491 0.010090827941894531 0.011664867401123047
0 0.32189705967903137 0.8149522542953491 0.016145288944244385 0.011664867401123047
1 0.8138244152069092 0.8128314018249512 0.005045413970947266 0.009544014930725098
1 0.26892027258872986 0.8138918280601501 0.009081721305847168 0.011664867401123047
0 0.7204843759536743 0.8138918280601501 0.012108922004699707 0.015906691551208496
1 0.6180625557899475 0.8107104897499084 0.007063627243041992 0.009544014930725098
1 0.45206862688064575 0.8085896372795105 0.010090827941894531 0.011664867401123047
1 0.7991927266120911 0.8069989681243896 0.010090827941894531 0.010604500770568848
1 0.26942482590675354 0.8064687252044678 0.010090827941894531 0.009544014930725098
1 0.810292661190033 0.8054082989692688 0.008072614669799805 0.009544014930725098
1 0.6190716624259949 0.8011664748191833 0.009081721305847168 0.0053021907806396484
0 0.8567103743553162 0.8032873868942261 0.010090827941894531 0.011664867401123047
1 0.8335015177726746 0.8091198205947876 0.02219974994659424 0.023329854011535645
0 0.9001008868217468 0.8011664748191833 0.012108922004699707 0.009544014930725098
0 0.7068617343902588 0.8016967177391052 0.009081721305847168 0.010604500770568848
0 0.67658931016922 0.8011664748191833 0.009081721305847168 0.009544014930725098
0 0.6463168263435364 0.8006362915039062 0.009081721305847168 0.008483529090881348
1 0.5635721683502197 0.8075291514396667 0.021190762519836426 0.022269368171691895
0 0.5257315635681152 0.8011664748191833 0.008072614669799805 0.009544014930725098
0 0.49697278439998627 0.8006362915039062 0.009081751108169556 0.008483529090881348
1 0.3854692280292511 0.8075291514396667 0.022199809551239014 0.022269368171691895
1 0.1180625632405281 0.8075291514396667 0.02219979465007782 0.022269368171691895
0 0.869828462600708 0.8001060485839844 0.012108922004699707 0.009544014930725098
0 0.719475269317627 0.8001060485839844 0.010090827941894531 0.009544014930725098
1 0.6886982917785645 0.8001060485839844 0.011099934577941895 0.009544014930725098
0 0.6589303612709045 0.8011664748191833 0.014127135276794434 0.011664867401123047
0 0.30373361706733704 0.8011664748191833 0.010090827941894531 0.011664867401123047
1 0.2901110053062439 0.7995758056640625 0.009081721305847168 0.008483529090881348
0 0.20131181180477142 0.7995758056640625 0.011099904775619507 0.008483529090881348
0 0.1715438961982727 0.8006362915039062 0.010090827941894531 0.010604500770568848
0 0.15489403903484344 0.8006362915039062 0.011099904775619507 0.010604500770568848
0 0.14228051900863647 0.7990456223487854 0.010090827941894531 0.0074231624603271484
1 0.3324924409389496 0.7990456223487854 0.01109987497329712 0.009544014930725098
0 0.2139253318309784 0.7995758056640625 0.010090827941894531 0.010604500770568848
0 0.8990918397903442 0.7539766430854797 0.010090827941894531 0.010604500770568848
0 0.8864783048629761 0.7539766430854797 0.011099934577941895 0.010604500770568848
1 0.7487386465072632 0.7534464597702026 0.010090827941894531 0.009544014930725098
1 0.7179616689682007 0.7534464597702026 0.011099934577941895 0.009544014930725098
1 0.7063572406768799 0.7534464597702026 0.010090827941894531 0.009544014930725098
0 0.39152371883392334 0.7539766430854797 0.012108981609344482 0.010604500770568848
1 0.37941473722457886 0.7529162168502808 0.00807267427444458 0.008483529090881348
1 0.33400604128837585 0.7529162168502808 0.00807267427444458 0.008483529090881348
0 0.30373361706733704 0.7529162168502808 0.010090827941894531 0.008483529090881348
0 0.17406660318374634 0.7534464597702026 0.011099904775619507 0.009544014930725098
0 0.7366296648979187 0.7529162168502808 0.012108922004699707 0.010604500770568848
1 0.2906155288219452 0.7523859739303589 0.00807267427444458 0.009544014930725098
1 0.09233097732067108 0.750795304775238 0.009081736207008362 0.0063626766204833984
0 0.3208879828453064 0.7523859739303589 0.010090827941894531 0.011664867401123047
0 0.11352169513702393 0.7523859739303589 0.011099904775619507 0.011664867401123047
0 0.2023208886384964 0.7518557906150818 0.011099904775619507 0.012725353240966797
0 0.8839555978775024 0.7407211065292358 0.008072614669799805 0.009544014930725098
1 0.7976791262626648 0.7417815327644348 0.009081721305847168 0.011664867401123047
1 0.09283552318811417 0.7412513494491577 0.008072659373283386 0.010604500770568848
1 0.8324924111366272 0.7460233569145203 0.02219974994659424 0.022269368171691895
1 0.5040363222360611 0.7460233569145203 0.021190732717514038 0.022269368171691895
0 0.6755802035331726 0.739130437374115 0.011099934577941895 0.010604500770568848
1 0.5282542705535889 0.7375397682189941 0.009081721305847168 0.0074231624603271484
1 0.3203834593296051 0.738070011138916 0.009081721305847168 0.008483529090881348
1 0.21695257723331451 0.7386001944541931 0.010090827941894531 0.009544014930725098
0 0.17356206476688385 0.7375397682189941 0.008072644472122192 0.0074231624603271484
1 0.14984863996505737 0.7449628710746765 0.02119070291519165 0.022269368171691895
0 0.8975781798362732 0.7386001944541931 0.015136241912841797 0.011664867401123047
1 0.6876891851425171 0.7375397682189941 0.011099934577941895 0.009544014930725098
0 0.657921314239502 0.738070011138916 0.012108922004699707 0.010604500770568848
0 0.6458123326301575 0.738070011138916 0.010090827941894531 0.010604500770568848
0 0.5701311826705933 0.7386001944541931 0.010090827941894531 0.011664867401123047
0 0.5570130944252014 0.7386001944541931 0.010090827941894531 0.011664867401123047
0 0.4808274507522583 0.738070011138916 0.009081721305847168 0.010604500770568848
0 0.4687184691429138 0.738070011138916 0.009081721305847168 0.010604500770568848
0 0.18617558479309082 0.7375397682189941 0.011099904775619507 0.009544014930725098
0 0.12815338745713234 0.7386001944541931 0.010090820491313934 0.011664867401123047
0 0.11402623355388641 0.7386001944541931 0.010090813040733337 0.011664867401123047
0 0.20484359562397003 0.7364793419837952 0.012108981609344482 0.009544014930725098
1 0.9167507290840149 0.7242841720581055 0.009081721305847168 0.008483529090881348
0 0.39202824234962463 0.7237539887428284 0.009081721305847168 0.0074231624603271484
0 0.9283552169799805 0.7237539887428284 0.010090827941894531 0.009544014930725098
1 0.8975781798362732 0.7237539887428284 0.011099934577941895 0.009544014930725098
0 0.8375378251075745 0.7237539887428284 0.010090827941894531 0.009544014930725098
0 0.6569122076034546 0.7237539887428284 0.012108922004699707 0.009544014930725098
1 0.44096872210502625 0.7221633195877075 0.010090827941894531 0.0063626766204833984
0 0.20383450388908386 0.7232237458229065 0.010090827941894531 0.008483529090881348
0 0.15741674602031708 0.7226935029029846 0.008072644472122192 0.0074231624603271484
1 0.6750757098197937 0.7221633195877075 0.008072614669799805 0.008483529090881348
0 0.33451059460639954 0.7221633195877075 0.009081721305847168 0.008483529090881348
1 0.29212915897369385 0.7226935029029846 0.009081721305847168 0.009544014930725098
0 0.3208879828453064 0.7216330766677856 0.010090827941894531 0.009544014930725098
0 0.14429868757724762 0.7221633195877075 0.010090827941894531 0.010604500770568848
0 0.37941473722457886 0.7211028337478638 0.00807267427444458 0.010604500770568848
0 0.17356206476688385 0.7216330766677856 0.010090827941894531 0.011664867401123047
0 0.6448032259941101 0.7205726504325867 0.010090827941894531 0.011664867401123047
1 0.45257315039634705 0.7195122241973877 0.009081721305847168 0.009544014930725098
1 0.8072654008865356 0.7147402167320251 0.008072614669799805 0.010604500770568848
1 0.6286579370498657 0.7147402167320251 0.010090827941894531 0.012725353240966797
1 0.6190716624259949 0.7152704000473022 0.009081721305847168 0.015906691551208496
1 0.2704339027404785 0.7131495475769043 0.010090827941894531 0.011664867401123047
1 0.8617557883262634 0.7152704000473022 0.02219974994659424 0.022269368171691895
1 0.5635721683502197 0.7147402167320251 0.021190762519836426 0.021208882331848145
0 0.6760847568511963 0.707317054271698 0.010090827941894531 0.008483529090881348
1 0.6463168263435364 0.707317054271698 0.009081721305847168 0.008483529090881348
1 0.5413723587989807 0.707317054271698 0.007063627243041992 0.008483529090881348
1 0.4687184691429138 0.707317054271698 0.009081721305847168 0.008483529090881348
0 0.3213925361633301 0.707317054271698 0.009081721305847168 0.008483529090881348
1 0.3052472174167633 0.7078472971916199 0.009081721305847168 0.009544014930725098
1 0.21695257723331451 0.7067868709564209 0.008072644472122192 0.0074231624603271484
0 0.1453077644109726 0.7067868709564209 0.008072644472122192 0.0074231624603271484
1 0.12159434705972672 0.7142099738121033 0.021190717816352844 0.022269368171691895
0 0.657921314239502 0.7083775401115417 0.012108922004699707 0.012725353240966797
0 0.52774977684021 0.7067868709564209 0.010090827941894531 0.009544014930725098
0 0.5100908279418945 0.707317054271698 0.011099934577941895 0.010604500770568848
0 0.49848635494709015 0.7067868709564209 0.010090798139572144 0.009544014930725098
0 0.4813319742679596 0.7067868709564209 0.010090827941894531 0.009544014930725098
0 0.3935418725013733 0.7067868709564209 0.010090827941894531 0.009544014930725098
0 0.38042381405830383 0.7067868709564209 0.010090827941894531 0.009544014930725098
0 0.3350151479244232 0.7078472971916199 0.010090827941894531 0.011664867401123047
0 0.29112008213996887 0.7089077234268188 0.01109987497329712 0.013785839080810547
0 0.20383450388908386 0.7083775401115417 0.010090827941894531 0.012725353240966797
0 0.1871846616268158 0.707317054271698 0.009081721305847168 0.010604500770568848
0 0.1750756800174713 0.7067868709564209 0.011099904775619507 0.009544014930725098
1 0.15792128443717957 0.706256628036499 0.009081721305847168 0.008483529090881348
0 0.3516649901866913 0.6919406056404114 0.009081721305847168 0.0074231624603271484
0 0.9273461103439331 0.6919406056404114 0.010090827941894531 0.009544014930725098
0 0.717457115650177 0.6919406056404114 0.010090827941894531 0.009544014930725098
1 0.7048435807228088 0.6919406056404114 0.009081721305847168 0.009544014930725098
1 0.5701311826705933 0.6914103627204895 0.008072614669799805 0.008483529090881348
0 0.29263371229171753 0.6919406056404114 0.010090827941894531 0.009544014930725098
1 0.14631685614585876 0.6914103627204895 0.010090827941894531 0.008483529090881348
0 0.7477295398712158 0.6914103627204895 0.010090827941894531 0.010604500770568848
0 0.7346115112304688 0.6919406056404114 0.012108922004699707 0.011664867401123047
0 0.5110998749732971 0.6908801794052124 0.009081721305847168 0.009544014930725098
0 0.49848635494709015 0.6914103627204895 0.010090798139572144 0.010604500770568848
1 0.48284560441970825 0.6903499364852905 0.007063567638397217 0.008483529090881348
0 0.47073662281036377 0.6919406056404114 0.013118088245391846 0.011664867401123047
0 0.394046425819397 0.6908801794052124 0.009081721305847168 0.009544014930725098
0 0.1296669989824295 0.6908801794052124 0.009081721305847168 0.009544014930725098
0 0.11604440212249756 0.6914103627204895 0.010090813040733337 0.010604500770568848
0 0.9152371287345886 0.6914103627204895 0.012108922004699707 0.012725353240966797
0 0.5565086007118225 0.6908801794052124 0.011099934577941895 0.011664867401123047
1 0.26084762811660767 0.6892895102500916 0.009081721305847168 0.008483529090881348
0 0.2179616540670395 0.6908801794052124 0.010090827941894531 0.011664867401123047
1 0.20332996547222137 0.6903499364852905 0.007063567638397217 0.010604500770568848
0 0.3784056603908539 0.6887592673301697 0.00807267427444458 0.011664867401123047
1 0.4419777989387512 0.6792152523994446 0.00807267427444458 0.009544014930725098
1 0.8607467412948608 0.684517502784729 0.02219974994659424 0.022269368171691895
1 0.5338042378425598 0.6839872598648071 0.02219974994659424 0.021208882331848145
1 0.328960657119751 0.6839872598648071 0.022199809551239014 0.021208882331848145
1 0.18213924765586853 0.684517502784729 0.02119070291519165 0.022269368171691895
0 0.8915237188339233 0.684517502784729 0.025227069854736328 0.024390220642089844
0 0.715438961982727 0.6776245832443237 0.01614534854888916 0.010604500770568848
0 0.6458123326301575 0.6770943999290466 0.010090827941894531 0.009544014930725098
0 0.5575176477432251 0.6776245832443237 0.011099934577941895 0.010604500770568848
0 0.3652876019477844 0.6781548261642456 0.010090827941894531 0.011664867401123047
0 0.29263371229171753 0.6770943999290466 0.010090827941894531 0.009544014930725098
0 0.6584258079528809 0.6765641570091248 0.011099934577941895 0.010604500770568848
1 0.5691220760345459 0.6760339140892029 0.010090827941894531 0.009544014930725098
1 0.15792128443717957 0.6755037307739258 0.009081721305847168 0.008483529090881348
0 0.14631685614585876 0.6770943999290466 0.010090827941894531 0.011664867401123047
1 0.11705347895622253 0.6611877083778381 0.008072659373283386 0.009544014930725098
0 0.7462159395217896 0.6611877083778381 0.011099934577941895 0.011664867401123047
0 0.13118062913417816 0.6601272821426392 0.010090827941894531 0.009544014930725098
1 0.6291624903678894 0.6574761271476746 0.009081721305847168 0.010604500770568848
1 0.26185670495033264 0.6574761271476746 0.009081721305847168 0.010604500770568848
0 0.09838546812534332 0.6569459438323975 0.009081736207008362 0.009544014930725098
1 0.7956609725952148 0.6489925980567932 0.009081721305847168 0.0063626766204833984
1 0.08879919350147247 0.6500530242919922 0.006054490804672241 0.008483529090881348
1 0.6286579370498657 0.6479321122169495 0.008072614669799805 0.0063626766204833984
1 0.6180625557899475 0.6479321122169495 0.009081721305847168 0.0063626766204833984
1 0.14581231772899628 0.6479321122169495 0.007063567638397217 0.008483529090881348
1 0.8597376346588135 0.6537646055221558 0.02219974994659424 0.022269368171691895
1 0.5565086007118225 0.6468716859817505 0.007063627243041992 0.008483529090881348
0 0.3652876019477844 0.6474019289016724 0.00807267427444458 0.009544014930725098
1 0.30020180344581604 0.6537646055221558 0.02119070291519165 0.022269368171691895
0 0.17658931016921997 0.6479321122169495 0.010090827941894531 0.010604500770568848
1 0.11705347895622253 0.6474019289016724 0.008072659373283386 0.009544014930725098
0 0.8360242247581482 0.6474019289016724 0.011099934577941895 0.011664867401123047
0 0.8229061365127563 0.6468716859817505 0.009081721305847168 0.010604500770568848
1 0.6458123326301575 0.6463414430618286 0.010090827941894531 0.009544014930725098
0 0.5121089816093445 0.6468716859817505 0.009081721305847168 0.010604500770568848
0 0.4999999850988388 0.6468716859817505 0.013118058443069458 0.010604500770568848
0 0.18970736861228943 0.6468716859817505 0.008072644472122192 0.010604500770568848
0 0.7452068328857422 0.6452810168266296 0.011099934577941895 0.009544014930725098
0 0.6569122076034546 0.6458112597465515 0.010090827941894531 0.010604500770568848
0 0.5681130290031433 0.6463414430618286 0.012108922004699707 0.011664867401123047
0 0.4798183739185333 0.6458112597465515 0.013118088245391846 0.010604500770568848
0 0.35317862033843994 0.6463414430618286 0.012108981609344482 0.011664867401123047
0 0.3329969644546509 0.6463414430618286 0.014127135276794434 0.011664867401123047
0 0.15842583775520325 0.6463414430618286 0.012108981609344482 0.011664867401123047
0 0.394046425819397 0.6320254802703857 0.009081721305847168 0.0063626766204833984
0 0.8551967740058899 0.6325556635856628 0.01311802864074707 0.009544014930725098
1 0.4813319742679596 0.6314952373504639 0.00807267427444458 0.0074231624603271484
0 0.3355196714401245 0.6320254802703857 0.009081721305847168 0.008483529090881348
0 0.5691220760345459 0.6314952373504639 0.010090827941894531 0.009544014930725098
0 0.21997982263565063 0.630964994430542 0.010090827941894531 0.008483529090881348
0 0.9258325099945068 0.6304348111152649 0.009081721305847168 0.009544014930725098
0 0.7351160645484924 0.6314952373504639 0.01311802864074707 0.011664867401123047
0 0.7038345336914062 0.630964994430542 0.009081721305847168 0.010604500770568848
0 0.6871846914291382 0.630964994430542 0.010090827941894531 0.010604500770568848
0 0.5110998749732971 0.630964994430542 0.011099934577941895 0.010604500770568848
0 0.4687184691429138 0.630964994430542 0.01109987497329712 0.010604500770568848
0 0.32341068983078003 0.630964994430542 0.009081721305847168 0.010604500770568848
0 0.2936427891254425 0.6304348111152649 0.00807267427444458 0.009544014930725098
0 0.205852672457695 0.6304348111152649 0.010090827941894531 0.009544014930725098
0 0.14783047139644623 0.630964994430542 0.009081721305847168 0.010604500770568848
1 0.11755802482366562 0.6304348111152649 0.009081736207008362 0.009544014930725098
1 0.9122098684310913 0.6304348111152649 0.010090827941894531 0.011664867401123047
0 0.5570130944252014 0.6304348111152649 0.010090827941894531 0.011664867401123047
0 0.49798184633255005 0.6304348111152649 0.009081721305847168 0.011664867401123047
0 0.30676084756851196 0.629904568195343 0.010090827941894531 0.012725353240966797
1 0.10141271352767944 0.6277836561203003 0.005045413970947266 0.008483529090881348
1 0.7956609725952148 0.6277836561203003 0.007063627243041992 0.010604500770568848
1 0.6175580024719238 0.6261929869651794 0.006054520606994629 0.009544014930725098
1 0.7946518659591675 0.6214209794998169 0.009081721305847168 0.010604500770568848
1 0.4530777037143707 0.619830310344696 0.0060544610023498535 0.009544014930725098
1 0.11755802482366562 0.6182396411895752 0.007063567638397217 0.008483529090881348
1 0.888496458530426 0.6240721344947815 0.021190762519836426 0.022269368171691895
1 0.5343087911605835 0.6235418915748596 0.021190762519836426 0.021208882331848145
1 0.46821391582489014 0.6171792149543762 0.00807267427444458 0.008483529090881348
1 0.3587285578250885 0.6235418915748596 0.02119070291519165 0.021208882331848145
1 0.1836528778076172 0.6240721344947815 0.020181626081466675 0.022269368171691895
1 0.5696266293525696 0.6155885457992554 0.009081721305847168 0.0074231624603271484
0 0.5110998749732971 0.6166489720344543 0.011099934577941895 0.009544014930725098
0 0.6871846914291382 0.6161187887191772 0.010090827941894531 0.010604500770568848
0 0.5580222010612488 0.6150583028793335 0.010090827941894531 0.008483529090881348
0 0.498990923166275 0.6155885457992554 0.01109987497329712 0.009544014930725098
1 0.4808274507522583 0.6150583028793335 0.009081721305847168 0.008483529090881348
0 0.1296669952571392 0.6161187887191772 0.015136219561100006 0.010604500770568848
1 0.29667001962661743 0.5726405382156372 0.012108981609344482 0.008483529090881348
0 0.15136225521564484 0.5726405382156372 0.012108981609344482 0.008483529090881348
0 0.47073662281036377 0.5721102952957153 0.013118088245391846 0.009544014930725098
1 0.3082744777202606 0.5710498690605164 0.009081721305847168 0.0074231624603271484
1 0.804742693901062 0.5699893832206726 0.009081721305847168 0.0074231624603271484
0 0.6735620498657227 0.5705196261405945 0.009081721305847168 0.008483529090881348
0 0.5090817213058472 0.5715800523757935 0.01311802864074707 0.010604500770568848
1 0.4540867805480957 0.5694591999053955 0.010090827941894531 0.0063626766204833984
0 0.32542887330055237 0.5715800523757935 0.013118088245391846 0.010604500770568848
0 0.16347123682498932 0.5710498690605164 0.008072644472122192 0.009544014930725098
1 0.10494449734687805 0.5694591999053955 0.010090813040733337 0.0063626766204833984
0 0.7315842509269714 0.5699893832206726 0.008072614669799805 0.009544014930725098
0 0.5565086007118225 0.5699893832206726 0.009081721305847168 0.009544014930725098
0 0.5691220760345459 0.5699893832206726 0.010090827941894531 0.011664867401123047
1 0.4969727694988251 0.5689289569854736 0.007063567638397217 0.009544014930725098
0 0.4838546812534332 0.5673382878303528 0.009081721305847168 0.012725353240966797
1 0.10645812004804611 0.5615058541297913 0.011099904775619507 0.0074231624603271484
1 0.8057517409324646 0.5599151849746704 0.009081721305847168 0.0063626766204833984
1 0.6291624903678894 0.5593849420547485 0.009081721305847168 0.0053021907806396484
1 0.4540867805480957 0.5599151849746704 0.010090827941894531 0.0063626766204833984
0 0.20736630260944366 0.5583245158195496 0.007063567638397217 0.009544014930725098
1 0.12764884158968925 0.5641569495201111 0.021190710365772247 0.021208882331848145
1 0.8572149276733398 0.5636267066001892 0.021190762519836426 0.022269368171691895
0 0.5554994940757751 0.5572640299797058 0.009081721305847168 0.009544014930725098
1 0.5343087911605835 0.5636267066001892 0.021190762519836426 0.022269368171691895
0 0.3082744777202606 0.5577942728996277 0.01109987497329712 0.010604500770568848
0 0.2946518659591675 0.5577942728996277 0.00807267427444458 0.010604500770568848
0 0.19273461401462555 0.5572640299797058 0.010090827941894531 0.009544014930725098
1 0.15136225521564484 0.555673360824585 0.008072644472122192 0.0063626766204833984
1 0.6574167609214783 0.555673360824585 0.009081721305847168 0.008483529090881348
0 0.2209888994693756 0.5567338466644287 0.010090827941894531 0.010604500770568848
0 0.1796165555715561 0.5567338466644287 0.010090827941894531 0.010604500770568848
0 0.16347123682498932 0.5567338466644287 0.010090827941894531 0.010604500770568848
0 0.892028272151947 0.5551431775093079 0.014127135276794434 0.009544014930725098
0 0.8319879174232483 0.5562036037445068 0.015136241912841797 0.011664867401123047
0 0.7341069579124451 0.555673360824585 0.01311802864074707 0.010604500770568848
0 0.6442986726760864 0.555673360824585 0.009081721305847168 0.010604500770568848
0 0.5681130290031433 0.554612934589386 0.012108922004699707 0.008483529090881348
1 0.3274470269680023 0.5440084934234619 0.01109987497329712 0.0063626766204833984
1 0.1912209838628769 0.5429480671882629 0.009081721305847168 0.0063626766204833984
0 0.715438961982727 0.5413573980331421 0.008072614669799805 0.0074231624603271484
0 0.3864783048629761 0.5418875813484192 0.016145288944244385 0.008483529090881348
1 0.18062563240528107 0.5418875813484192 0.010090827941894531 0.008483529090881348
0 0.8930373191833496 0.5413573980331421 0.010090827941894531 0.009544014930725098
0 0.5282542705535889 0.5413573980331421 0.01311802864074707 0.009544014930725098
1 0.49798184633255005 0.5408271551132202 0.009081721305847168 0.008483529090881348
0 0.3668012022972107 0.5413573980331421 0.009081721305847168 0.009544014930725098
0 0.7447023391723633 0.5408271551132202 0.010090827941894531 0.010604500770568848
0 0.7028254270553589 0.5408271551132202 0.011099934577941895 0.010604500770568848
0 0.6861755847930908 0.5408271551132202 0.010090827941894531 0.010604500770568848
0 0.35317862033843994 0.5408271551132202 0.00807267427444458 0.010604500770568848
0 0.3385469317436218 0.5402969121932983 0.009081721305847168 0.009544014930725098
0 0.6740666031837463 0.5397667288780212 0.010090827941894531 0.010604500770568848
0 0.14934410154819489 0.5402969121932983 0.008072644472122192 0.011664867401123047
0 0.7310796976089478 0.5392364859580994 0.011099934577941895 0.013785839080810547
1 0.6291624903678894 0.5376458168029785 0.009081721305847168 0.010604500770568848
0 0.5418769121170044 0.5381760597229004 0.010090827941894531 0.013785839080810547
1 0.4419777989387512 0.532873809337616 0.010090827941894531 0.011664867401123047
1 0.628153383731842 0.5281018018722534 0.009081721305847168 0.0063626766204833984
1 0.3017154335975647 0.5344644784927368 0.022199809551239014 0.021208882331848145
1 0.21543894708156586 0.5344644784927368 0.02119070291519165 0.021208882331848145
1 0.826942503452301 0.5334040522575378 0.021190762519836426 0.021208882331848145
1 0.563067615032196 0.5334040522575378 0.020181655883789062 0.021208882331848145
1 0.39556002616882324 0.5265111327171326 0.00807267427444458 0.0074231624603271484
1 0.19323915243148804 0.5275715589523315 0.009081721305847168 0.009544014930725098
1 0.15186680853366852 0.5270413756370544 0.009081721305847168 0.008483529090881348
0 0.9086781144142151 0.5265111327171326 0.009081721305847168 0.009544014930725098
0 0.7320888042449951 0.5259808897972107 0.009081721305847168 0.008483529090881348
0 0.7028254270553589 0.5259808897972107 0.009081721305847168 0.008483529090881348
1 0.673057496547699 0.5259808897972107 0.008072614669799805 0.008483529090881348
1 0.6574167609214783 0.5265111327171326 0.009081721305847168 0.009544014930725098
0 0.38345107436180115 0.5259808897972107 0.010090827941894531 0.008483529090881348
0 0.3668012022972107 0.5265111327171326 0.009081721305847168 0.009544014930725098
0 0.3557012975215912 0.5265111327171326 0.01109987497329712 0.009544014930725098
0 0.16347123682498932 0.5265111327171326 0.010090827941894531 0.009544014930725098
0 0.8915237188339233 0.5259808897972107 0.011099934577941895 0.010604500770568848
0 0.7441977858543396 0.5259808897972107 0.011099934577941895 0.010604500770568848
0 0.7149344086647034 0.5254507064819336 0.011099934577941895 0.009544014930725098
0 0.6861755847930908 0.5259808897972107 0.010090827941894531 0.010604500770568848
1 0.4798183739185333 0.5127253532409668 0.01109987497329712 0.0074231624603271484
1 0.22199797630310059 0.5127253532409668 0.008072644472122192 0.0074231624603271484
0 0.21089808642864227 0.5148462057113647 0.010090827941894531 0.011664867401123047
1 0.8037335872650146 0.5106044411659241 0.009081721305847168 0.0053021907806396484
1 0.8915237188339233 0.511134684085846 0.009081721305847168 0.008483529090881348
1 0.8193743824958801 0.5116649270057678 0.010090827941894531 0.009544014930725098
0 0.6553986072540283 0.5116649270057678 0.011099934577941895 0.009544014930725098
1 0.6432896256446838 0.5106044411659241 0.007063627243041992 0.0074231624603271484
0 0.5696266293525696 0.5116649270057678 0.009081721305847168 0.009544014930725098
0 0.13622602820396423 0.5116649270057678 0.010090827941894531 0.009544014930725098
0 0.8784056305885315 0.511134684085846 0.011099934577941895 0.010604500770568848
0 0.8329969644546509 0.5106044411659241 0.009081721305847168 0.009544014930725098
1 0.5560040473937988 0.5106044411659241 0.010090827941894531 0.009544014930725098
0 0.540867805480957 0.5106044411659241 0.008072614669799805 0.009544014930725098
0 0.5282542705535889 0.5116649270057678 0.01311802864074707 0.011664867401123047
0 0.4692229926586151 0.511134684085846 0.00807267427444458 0.010604500770568848
1 0.26589304208755493 0.5084835886955261 0.009081721305847168 0.009544014930725098
0 0.3249243199825287 0.5095440149307251 0.012108981609344482 0.013785839080810547
1 0.4424823522567749 0.5042417496442795 0.009081721305847168 0.011664897203445435
1 0.26589304208755493 0.4999999850988388 0.009081721305847168 0.005302220582962036
1 0.3027245104312897 0.5047720074653625 0.020181655883789062 0.021208882331848145
0 0.20887991786003113 0.4999999850988388 0.010090827941894531 0.011664897203445435
1 0.1871846616268158 0.5047720074653625 0.02119070291519165 0.021208882331848145
1 0.8551967740058899 0.5037115812301636 0.021190762519836426 0.021208882331848145
0 0.5691220760345459 0.4973488748073578 0.008072614669799805 0.008483588695526123
0 0.5565086007118225 0.49787910282611847 0.009081721305847168 0.00954398512840271
1 0.5050454288721085 0.5042417645454407 0.021190732717514038 0.022269368171691895
0 0.3551967740058899 0.49787910282611847 0.010090827941894531 0.00954398512840271
1 0.33703330159187317 0.4962884485721588 0.00807267427444458 0.0063626766204833984
0 0.22351160645484924 0.5000000149011612 0.009081721305847168 0.01378580927848816
0 0.16548940539360046 0.4973488748073578 0.008072644472122192 0.008483588695526123
0 0.13673058152198792 0.49787910282611847 0.009081721305847168 0.00954398512840271
0 0.5403632521629333 0.4973488748073578 0.009081721305847168 0.010604441165924072
0 0.5267406702041626 0.4973488748073578 0.008072614669799805 0.010604441165924072
0 0.39505550265312195 0.49787911772727966 0.01109987497329712 0.011664927005767822
0 0.3668012022972107 0.4973488748073578 0.01109987497329712 0.010604441165924072
1 0.6851664781570435 0.49575819075107574 0.010090827941894531 0.00954398512840271
1 0.67457115650177 0.4941675364971161 0.009081721305847168 0.0063626766204833984
0 0.6564076542854309 0.4968186467885971 0.011099934577941895 0.011664897203445435
0 0.5681130290031433 0.48303288221359253 0.010090827941894531 0.009544014930725098
0 0.5010090917348862 0.48303288221359253 0.013118058443069458 0.009544014930725098
0 0.3668012022972107 0.48250263929367065 0.009081721305847168 0.008483588695526123
1 0.3546922206878662 0.48303288221359253 0.009081721305847168 0.009544014930725098
0 0.32593339681625366 0.48303288221359253 0.010090827941894531 0.009544014930725098
1 0.29667001962661743 0.48250263929367065 0.00807267427444458 0.008483588695526123
1 0.1372351199388504 0.48250263929367065 0.008072644472122192 0.008483588695526123
0 0.12512613832950592 0.48303288221359253 0.012108981609344482 0.009544014930725098
0 0.7441977858543396 0.4814422130584717 0.009081721305847168 0.008483588695526123
0 0.7149344086647034 0.4814422130584717 0.009081721305847168 0.008483588695526123
1 0.6856710314750671 0.4814422130584717 0.009081721305847168 0.008483588695526123
1 0.673057496547699 0.4814422130584717 0.010090827941894531 0.008483588695526123
1 0.4692229926586151 0.4814422130584717 0.00807267427444458 0.008483588695526123
0 0.3385469317436218 0.48197242617607117 0.009081721305847168 0.009544014930725098
0 0.7315842509269714 0.4814422130584717 0.010090827941894531 0.010604441165924072
0 0.6564076542854309 0.4814422130584717 0.011099934577941895 0.010604441165924072
0 0.5560040473937988 0.4809119701385498 0.008072614669799805 0.009544014930725098
0 0.4808274507522583 0.48197242617607117 0.013118088245391846 0.011664927005767822
0 0.8773965835571289 0.4809119701385498 0.011099934577941895 0.011664927005767822
0 0.7023208737373352 0.4809119701385498 0.010090827941894531 0.011664927005767822
0 0.6437941193580627 0.4809119701385498 0.010090827941894531 0.011664927005767822
1 0.2679111957550049 0.47932130098342896 0.009081721305847168 0.010604441165924072
1 0.003027245169505477 0.47985154390335083 0.006054490339010954 0.011664927005767822
1 0.6200807094573975 0.4777306616306305 0.005045413970947266 0.009544014930725098
1 0.4429868757724762 0.4745493233203888 0.010090827941894531 0.011664927005767822
1 0.7926337122917175 0.4750795364379883 0.009081721305847168 0.014846205711364746
1 0.2790111005306244 0.47613999247550964 0.009081721305847168 0.01696711778640747
1 0.10746720433235168 0.47560974955558777 0.009081736207008362 0.015906691551208496
1 0.6165489554405212 0.4745493233203888 0.008072614669799805 0.015906691551208496
1 0.82542884349823 0.4750795364379883 0.02219974994659424 0.021208882331848145
1 0.5343087911605835 0.4750795364379883 0.021190762519836426 0.021208882331848145
1 0.3900100886821747 0.4750795364379883 0.02119070291519165 0.021208882331848145
0 0.3541876971721649 0.46924707293510437 0.00807267427444458 0.009544014930725098
1 0.3390514552593231 0.4687168598175049 0.00807267427444458 0.008483588695526123
0 0.29616549611091614 0.46924707293510437 0.007063567638397217 0.009544014930725098
0 0.22351160645484924 0.46924707293510437 0.011099904775619507 0.009544014930725098
0 0.21140262484550476 0.46924707293510437 0.009081721305847168 0.009544014930725098
0 0.16599394381046295 0.46977731585502625 0.009081721305847168 0.010604441165924072
0 0.13673058152198792 0.4687168598175049 0.011099904775619507 0.008483588695526123
0 0.657921314239502 0.4676564037799835 0.008072614669799805 0.008483588695526123
0 0.715438961982727 0.4676564037799835 0.008072614669799805 0.010604441165924072
0 0.5691220760345459 0.46712619066238403 0.010090827941894531 0.009544014930725098
0 0.5116044282913208 0.46712619066238403 0.010090827941894531 0.009544014930725098
0 0.48234108090400696 0.4676564037799835 0.010090827941894531 0.010604441165924072
0 0.3668012022972107 0.4687168598175049 0.013118088245391846 0.012725353240966797
0 0.7033299803733826 0.46712619066238403 0.014127135276794434 0.011664927005767822
0 0.6458123326301575 0.46712619066238403 0.014127135276794434 0.011664927005767822
1 0.003531786147505045 0.46288442611694336 0.00706357229501009 0.013785779476165771
0 0.3082744777202606 0.45440083742141724 0.01109987497329712 0.009544014930725098
0 0.9192734360694885 0.4528101682662964 0.010090827941894531 0.008483588695526123
1 0.907164454460144 0.4522799551486969 0.008072614669799805 0.007423102855682373
1 0.7149344086647034 0.4522799551486969 0.009081721305847168 0.007423102855682373
0 0.6851664781570435 0.4522799551486969 0.010090827941894531 0.007423102855682373
0 0.5105953812599182 0.45334041118621826 0.010090827941894531 0.009544014930725098
1 0.4989909380674362 0.4528101682662964 0.009081751108169556 0.008483588695526123
0 0.19525732100009918 0.45334041118621826 0.011099904775619507 0.009544014930725098
1 0.12462159618735313 0.4528101682662964 0.007063575088977814 0.008483588695526123
1 0.004036326892673969 0.45121949911117554 0.008072653785347939 0.005302250385284424
1 0.7300706505775452 0.4517497420310974 0.009081721305847168 0.008483588695526123
1 0.7023208737373352 0.4522799551486969 0.010090827941894531 0.009544014930725098
1 0.6715438961982727 0.4517497420310974 0.007063627243041992 0.008483588695526123
0 0.5585267543792725 0.4528101682662964 0.015136241912841797 0.010604441165924072
0 0.38395559787750244 0.4528101682662964 0.009081721305847168 0.010604441165924072
0 0.32996973395347595 0.4528101682662964 0.016145288944244385 0.010604441165924072
0 0.1372351199388504 0.45334041118621826 0.010090827941894531 0.011664927005767822
0 0.7426841855049133 0.45121949911117554 0.012108922004699707 0.011664927005767822
0 0.6432896256446838 0.45121949911117554 0.009081721305847168 0.011664927005767822
1 0.4550958573818207 0.4496288299560547 0.010090827941894531 0.010604441165924072
1 0.8057517409324646 0.4480381906032562 0.005045413970947266 0.009544014930725098
1 0.628153383731842 0.4485684037208557 0.009081721305847168 0.010604441165924072
1 0.27951565384864807 0.44379639625549316 0.00807267427444458 0.009544014930725098
1 0.7911200523376465 0.445387065410614 0.010090827941894531 0.014846205711364746
1 0.8022199869155884 0.4416755139827728 0.008072614669799805 0.009544014930725098
1 0.10847628861665726 0.4422057271003723 0.009081736207008362 0.010604441165924072
1 0.2976791262626648 0.4395546019077301 0.00807267427444458 0.007423102855682373
1 0.21140262484550476 0.44061505794525146 0.009081721305847168 0.009544014930725098
0 0.1826438009738922 0.4395546019077301 0.008072644472122192 0.007423102855682373
1 0.1604439914226532 0.4464475214481354 0.020181626081466675 0.021208882331848145
0 0.1256306730210781 0.4395546019077301 0.009081728756427765 0.007423102855682373
1 0.8541876673698425 0.445387065410614 0.021190762519836426 0.021208882331848145
1 0.4762865900993347 0.445387065410614 0.020181655883789062 0.021208882331848145
0 0.38395559787750244 0.4395546019077301 0.009081721305847168 0.009544014930725098
0 0.32643795013427734 0.4390243887901306 0.009081721305847168 0.008483588695526123
0 0.31029263138771057 0.440084844827652 0.01109987497329712 0.010604441165924072
0 0.22452068328857422 0.4395546019077301 0.009081721305847168 0.009544014930725098
1 0.13824419677257538 0.43849417567253113 0.008072644472122192 0.007423102855682373
1 0.8763874769210815 0.43743371963500977 0.007063627243041992 0.007423102855682373
0 0.8178607225418091 0.43849417567253113 0.009081721305847168 0.009544014930725098
0 0.3965691328048706 0.43849417567253113 0.010090827941894531 0.009544014930725098
0 0.3395560085773468 0.44061505794525146 0.01109987497329712 0.013785779476165771
0 0.194248229265213 0.4390243887901306 0.011099904775619507 0.010604441165924072
0 0.8309788107872009 0.4395546019077301 0.01311802864074707 0.013785779476165771
1 0.7436932325363159 0.4369035065174103 0.008072614669799805 0.008483588695526123
0 0.7310796976089478 0.43743371963500977 0.009081721305847168 0.009544014930725098
0 0.6720484495162964 0.43796393275260925 0.010090827941894531 0.010604441165924072
0 0.6564076542854309 0.43796393275260925 0.011099934577941895 0.010604441165924072
0 0.6437941193580627 0.4369035065174103 0.010090827941894531 0.008483588695526123
0 0.7129162549972534 0.43796393275260925 0.01311802864074707 0.012725353240966797
0 0.6846619844436646 0.43743371963500977 0.01311802864074707 0.011664927005767822
1 0.004540867637842894 0.423647940158844 0.009081735275685787 0.011664927005767822
1 0.005045408848673105 0.4109225869178772 0.01009081769734621 0.011664927005767822
0 0.3279515504837036 0.39607635140419006 0.010090827941894531 0.007423102855682373
1 0.19677093625068665 0.39607635140419006 0.008072644472122192 0.007423102855682373
0 0.47073662281036377 0.3955461382865906 0.01109987497329712 0.008483588695526123
1 0.38395559787750244 0.3950158953666687 0.007063567638397217 0.007423102855682373
0 0.29919272661209106 0.39607635140419006 0.01109987497329712 0.009544014930725098
0 0.18466195464134216 0.3955461382865906 0.008072644472122192 0.008483588695526123
0 0.9167507290840149 0.3944856822490692 0.011099934577941895 0.008483588695526123
0 0.8299697041511536 0.3939554691314697 0.009081721305847168 0.007423102855682373
0 0.7013118267059326 0.3939554691314697 0.010090827941894531 0.007423102855682373
0 0.6720484495162964 0.3944856822490692 0.010090827941894531 0.008483588695526123
0 0.3400605320930481 0.3950158953666687 0.010090827941894531 0.009544014930725098
0 0.12714429572224617 0.3955461382865906 0.010090820491313934 0.010604441165924072
1 0.8597376346588135 0.39342522621154785 0.008072614669799805 0.008483588695526123
1 0.7305752038955688 0.3939554691314697 0.010090827941894531 0.009544014930725098
1 0.7149344086647034 0.39342522621154785 0.007063627243041992 0.008483588695526123
1 0.6432896256446838 0.3939554691314697 0.009081721305847168 0.009544014930725098
0 0.9046417474746704 0.39289501309394836 0.011099934577941895 0.009544014930725098
0 0.8158425688743591 0.39289501309394836 0.009081721305847168 0.009544014930725098
0 0.7426841855049133 0.39289501309394836 0.010090827941894531 0.009544014930725098
0 0.8461150527000427 0.39289501309394836 0.011099934577941895 0.011664927005767822
1 0.4545913338661194 0.391834557056427 0.009081721305847168 0.009544014930725098
1 0.6276488304138184 0.38388124108314514 0.008072614669799805 0.008483588695526123
1 0.26892027258872986 0.3822905719280243 0.009081721305847168 0.005302250385284424
1 0.1987891048192978 0.38335099816322327 0.008072644472122192 0.009544014930725098
1 0.16246215999126434 0.3891834616661072 0.020181626081466675 0.021208882331848145
1 0.5050454288721085 0.38759279251098633 0.021190732717514038 0.02014845609664917
1 0.3622603416442871 0.3881230056285858 0.020181655883789062 0.021208882331848145
0 0.31180626153945923 0.3828207850456238 0.010090827941894531 0.010604441165924072
0 0.29919272661209106 0.3822905719280243 0.009081721305847168 0.009544014930725098
0 0.22401614487171173 0.3828207850456238 0.014127135276794434 0.012725353240966797
0 0.13975782692432404 0.38123011589050293 0.009081721305847168 0.009544014930725098
0 0.12764884158968925 0.38123011589050293 0.009081728756427765 0.009544014930725098
1 0.8819374442100525 0.3860021233558655 0.02219974994659424 0.021208882331848145
0 0.5272452235221863 0.3796394467353821 0.009081721305847168 0.008483588695526123
0 0.48284560441970825 0.38016965985298157 0.01109987497329712 0.009544014930725098
0 0.8592330813407898 0.3796394467353821 0.009081721305847168 0.010604441165924072
0 0.845610499382019 0.3796394467353821 0.010090827941894531 0.010604441165924072
0 0.8299697041511536 0.38016965985298157 0.009081721305847168 0.011664927005767822
1 0.8183652758598328 0.37751856446266174 0.010090827941894531 0.0063626766204833984
1 0.7426841855049133 0.3796394467353821 0.010090827941894531 0.010604441165924072
0 0.7305752038955688 0.3796394467353821 0.010090827941894531 0.010604441165924072
0 0.5388496518135071 0.3791092336177826 0.012108922004699707 0.009544014930725098
1 0.31029263138771057 0.36797454953193665 0.009081721305847168 0.008483588695526123
0 0.1569122076034546 0.36797454953193665 0.009081721305847168 0.008483588695526123
1 0.7300706505775452 0.3663838803768158 0.009081721305847168 0.007423102855682373
1 0.6846619844436646 0.3658536672592163 0.009081721305847168 0.0063626766204833984
1 0.5126135349273682 0.3663838803768158 0.008072614669799805 0.007423102855682373
1 0.2134207934141159 0.3669140934944153 0.007063567638397217 0.008483588695526123
1 0.18466195464134216 0.36744433641433716 0.008072644472122192 0.009544014930725098
1 0.4989909380674362 0.3663838803768158 0.009081751108169556 0.009544014930725098
0 0.38395559787750244 0.3663838803768158 0.009081721305847168 0.009544014930725098
1 0.29919272661209106 0.3663838803768158 0.009081721305847168 0.009544014930725098
0 0.16952572762966156 0.3669140934944153 0.010090827941894531 0.010604441165924072
1 0.6997981667518616 0.36426299810409546 0.007063627243041992 0.007423102855682373
1 0.6559031009674072 0.36479321122169495 0.008072614669799805 0.008483588695526123
0 0.6427850723266602 0.36479321122169495 0.010090827941894531 0.008483588695526123
0 0.369828462600708 0.36532342433929443 0.009081721305847168 0.009544014930725098
0 0.140766903758049 0.3658536672592163 0.009081721305847168 0.010604441165924072
0 0.12714429572224617 0.3663838803768158 0.010090820491313934 0.011664927005767822
0 0.6725530028343201 0.36479321122169495 0.01311802864074707 0.010604441165924072
0 0.713925302028656 0.36161187291145325 0.011099934577941895 0.014846265316009521
1 0.4545913338661194 0.3573701083660126 0.009081721305847168 0.010604441165924072
1 0.2134207934141159 0.353658527135849 0.007063567638397217 0.007423102855682373
1 0.476791113615036 0.3589607775211334 0.02119070291519165 0.02014845609664917
1 0.3703329861164093 0.35259810090065 0.00807267427444458 0.007423102855682373
1 0.33400604128837585 0.3594909906387329 0.020181655883789062 0.021208882331848145
1 0.31180626153945923 0.35259810090065 0.00807267427444458 0.007423102855682373
0 0.1987891048192978 0.3531283140182495 0.008072644472122192 0.008483588695526123
1 0.14026236534118652 0.35259810090065 0.008072644472122192 0.007423102855682373
1 0.8521695137023926 0.35790032148361206 0.021190762519836426 0.02014845609664917
1 0.6422805190086365 0.35206785798072815 0.007063627243041992 0.008483588695526123
1 0.5560040473937988 0.35206785798072815 0.008072614669799805 0.008483588695526123
1 0.5272452235221863 0.35153764486312866 0.009081721305847168 0.007423102855682373
0 0.4994954317808151 0.35206785798072815 0.008072644472122192 0.008483588695526123
0 0.1866801232099533 0.35259810090065 0.012108981609344482 0.009544014930725098
1 0.16902118921279907 0.35259810090065 0.009081721305847168 0.009544014930725098
0 0.12865791842341423 0.35206785798072815 0.009081728756427765 0.008483588695526123
0 0.5413723587989807 0.3531283140182495 0.011099934577941895 0.012725353240966797
0 0.5110998749732971 0.35259810090065 0.011099934577941895 0.011664927005767822
0 0.7295660972595215 0.3504771888256073 0.010090827941894531 0.009544014930725098
0 0.7018163204193115 0.3504771888256073 0.011099934577941895 0.009544014930725098
0 0.6548940539360046 0.3510074317455292 0.012108922004699707 0.010604441165924072
1 0.5676084756851196 0.3504771888256073 0.011099934577941895 0.009544014930725098
1 0.009081735275685787 0.3499469757080078 0.006054490804672241 0.012725353240966797
1 0.006559031084179878 0.3398727476596832 0.013118062168359756 0.007423102855682373
1 0.6816347241401672 0.33881229162216187 0.011099934577941895 0.007423102855682373
0 0.18819373846054077 0.3398727476596832 0.01513621211051941 0.009544014930725098
1 0.17003026604652405 0.33934253454208374 0.009081721305847168 0.008483588695526123
0 0.12916246056556702 0.33934253454208374 0.008072644472122192 0.008483588695526123
0 0.3123107850551605 0.3382820785045624 0.009081721305847168 0.008483588695526123
1 0.6453077793121338 0.3377518653869629 0.01311802864074707 0.009544014930725098
0 0.4722502529621124 0.3382820785045624 0.012108981609344482 0.010604441165924072
0 0.36831483244895935 0.3382820785045624 0.012108981609344482 0.010604441165924072
0 0.8743693232536316 0.33669140934944153 0.011099934577941895 0.009544014930725098
0 0.568617582321167 0.33669140934944153 0.009081721305847168 0.009544014930725098
0 0.5570130944252014 0.33669140934944153 0.010090827941894531 0.009544014930725098
0 0.3557012975215912 0.337221622467041 0.007063567638397217 0.010604441165924072
0 0.29919272661209106 0.3377518653869629 0.01109987497329712 0.011664927005767822
0 0.8879919052124023 0.33563095331192017 0.008072614669799805 0.009544014930725098
1 0.8158425688743591 0.33563095331192017 0.011099934577941895 0.009544014930725098
1 0.7426841855049133 0.33563095331192017 0.008072614669799805 0.009544014930725098
1 0.671039342880249 0.33563095331192017 0.008072614669799805 0.009544014930725098
0 0.5010090917348862 0.33669140934944153 0.013118058443069458 0.011664927005767822
0 0.15590313076972961 0.337221622467041 0.009081721305847168 0.012725353240966797
1 0.2719475328922272 0.3276776373386383 0.007063567638397217 0.010604441165924072
1 0.6266397833824158 0.32608696818351746 0.008072614669799805 0.009544014930725098
1 0.33400604128837585 0.3313891887664795 0.020181655883789062 0.02014845609664917
1 0.22048436105251312 0.331919401884079 0.02119070291519165 0.021208882331848145
0 0.1987891048192978 0.3255567252635956 0.010090827941894531 0.008483588695526123
0 0.18617558479309082 0.32608696818351746 0.009081721305847168 0.009544014930725098
1 0.17103935778141022 0.3250265121459961 0.007063567638397217 0.007423102855682373
1 0.7996972799301147 0.3250265121459961 0.007063627243041992 0.009544014930725098
1 0.5343087911605835 0.33032873272895813 0.021190762519836426 0.02014845609664917
0 0.39959636330604553 0.3250265121459961 0.00807267427444458 0.009544014930725098
0 0.14278507232666016 0.3255567252635956 0.007063567638397217 0.010604441165924072
1 0.85116046667099 0.32926830649375916 0.021190762519836426 0.02014845609664917
0 0.5696266293525696 0.32343584299087524 0.009081721305847168 0.008483588695526123
0 0.369828462600708 0.32396605610847473 0.009081721305847168 0.009544014930725098
0 0.1296669989824295 0.3250265121459961 0.013118058443069458 0.011664927005767822
0 0.828960657119751 0.3223753869533539 0.009081721305847168 0.010604441165924072
0 0.8168516755104065 0.3218451738357544 0.011099934577941895 0.009544014930725098
0 0.6831483244895935 0.32290562987327576 0.012108922004699707 0.011664927005767822
0 0.9132189750671387 0.3213149607181549 0.014127135276794434 0.010604441165924072
0 0.3703329861164093 0.3091198205947876 0.00807267427444458 0.007423102855682373
1 0.875378429889679 0.3080593943595886 0.011099934577941895 0.007423102855682373
0 0.5565086007118225 0.3091198205947876 0.009081721305847168 0.009544014930725098
0 0.30020180344581604 0.3096500635147095 0.009081721305847168 0.010604441165924072
0 0.12916246429085732 0.3096500635147095 0.010090820491313934 0.010604441165924072
0 0.7421796321868896 0.30752915143966675 0.009081721305847168 0.008483588695526123
0 0.7285569906234741 0.3080593943595886 0.010090827941894531 0.009544014930725098
0 0.673057496547699 0.3085896074771881 0.014127135276794434 0.010604441165924072
0 0.5015136003494263 0.3091198205947876 0.014127135276794434 0.011664927005767822
0 0.47174569964408875 0.3085896074771881 0.01109987497329712 0.010604441165924072
0 0.35721492767333984 0.3091198205947876 0.012108981609344482 0.011664927005767822
0 0.15792128443717957 0.3085896074771881 0.011099904775619507 0.012725353240966797
1 0.8864783048629761 0.3059384822845459 0.009081721305847168 0.009544014930725098
1 0.44450050592422485 0.3048780560493469 0.009081721305847168 0.007423102855682373
1 0.45560041069984436 0.30434781312942505 0.009081721305847168 0.010604441165924072
1 0.27295660972595215 0.2985153794288635 0.009081721305847168 0.007423102855682373
1 0.11402623355388641 0.3001060485839844 0.006054490804672241 0.010604441165924072
1 0.28405651450157166 0.299045592546463 0.009081721305847168 0.010604441165924072
1 0.2214934378862381 0.30381760001182556 0.02119070291519165 0.02014845609664917
1 0.7885974049568176 0.3001060485839844 0.009081721305847168 0.014846205711364746
1 0.3350151479244232 0.3032873868942261 0.020181655883789062 0.021208882331848145
0 0.17103935778141022 0.2969247102737427 0.009081721305847168 0.008483588695526123
1 0.5696266293525696 0.2958642542362213 0.007063627243041992 0.008483588695526123
0 0.5565086007118225 0.2958642542362213 0.009081721305847168 0.008483588695526123
1 0.5343087911605835 0.3022269308567047 0.021190762519836426 0.021208882331848145
1 0.39858728647232056 0.2958642542362213 0.00807267427444458 0.008483588695526123
1 0.35671040415763855 0.2953340411186218 0.009081721305847168 0.007423102855682373
1 0.19929364323616028 0.2963944971561432 0.009081721305847168 0.009544014930725098
0 0.1871846616268158 0.2963944971561432 0.009081721305847168 0.009544014930725098
0 0.5121089816093445 0.2963944971561432 0.009081721305847168 0.011664927005767822
0 0.4989909380674362 0.2958642542362213 0.009081751108169556 0.010604441165924072
0 0.4838546812534332 0.2953340411186218 0.009081721305847168 0.009544014930725098
0 0.31130170822143555 0.2969247102737427 0.013118088245391846 0.012725353240966797
0 0.8995963931083679 0.29480382800102234 0.007063627243041992 0.010604441165924072
1 0.85116046667099 0.3001060485839844 0.021190762519836426 0.021208882331848145
0 0.8284561038017273 0.2963944971561432 0.010090827941894531 0.013785779476165771
0 0.6553986072540283 0.29480382800102234 0.009081721305847168 0.010604441165924072
0 0.8844601511955261 0.2932131588459015 0.01311802864074707 0.009544014930725098
0 0.871846616268158 0.29480382800102234 0.010090827941894531 0.012725353240966797
1 0.9137235283851624 0.2921527028083801 0.011099934577941895 0.009544014930725098
1 0.328960657119751 0.28154826164245605 0.00807267427444458 0.007423102855682373
1 0.3859737515449524 0.28154826164245605 0.009081721305847168 0.009544014930725098
1 0.3577194809913635 0.2810180187225342 0.009081721305847168 0.008483588695526123
1 0.34106963872909546 0.2810180187225342 0.00807267427444458 0.008483588695526123
0 0.19979818165302277 0.28207847476005554 0.010090827941894531 0.010604441165924072
0 0.3980827331542969 0.2810180187225342 0.01109987497329712 0.010604441165924072
0 0.18768920004367828 0.28154826164245605 0.010090827941894531 0.011664927005767822
0 0.1296669989824295 0.2804878056049347 0.009081721305847168 0.009544014930725098
1 0.8849647045135498 0.27889713644981384 0.008072614669799805 0.008483588695526123
1 0.739656925201416 0.27942734956741333 0.012108922004699707 0.009544014930725098
0 0.7023208737373352 0.2799575924873352 0.014127135276794434 0.010604441165924072
0 0.568617582321167 0.27942734956741333 0.009081721305847168 0.009544014930725098
0 0.5090817213058472 0.2804878056049347 0.015136241912841797 0.011664927005767822
1 0.7280524969100952 0.27836692333221436 0.009081721305847168 0.009544014930725098
0 0.8723511695861816 0.2778366804122925 0.009081721305847168 0.010604441165924072
0 0.3703329861164093 0.27889713644981384 0.012108981609344482 0.012725353240966797
1 0.44500505924224854 0.27571579813957214 0.010090827941894531 0.008483588695526123
1 0.22250252962112427 0.27518558502197266 0.02119070291519165 0.02014845609664917
1 0.6150352954864502 0.27147403359413147 0.009081721305847168 0.014846265316009521
1 0.5343087911605835 0.2741251289844513 0.021190762519836426 0.02014845609664917
1 0.328960657119751 0.2677624523639679 0.00807267427444458 0.007423102855682373
1 0.30726540088653564 0.2746553421020508 0.02119070291519165 0.021208882331848145
1 0.1720484346151352 0.26882290840148926 0.009081721305847168 0.009544014930725098
0 0.14379414916038513 0.26829269528388977 0.009081721305847168 0.008483588695526123
0 0.13067609071731567 0.26882290840148926 0.009081721305847168 0.009544014930725098
0 0.4838546812534332 0.2677624523639679 0.009081721305847168 0.009544014930725098
0 0.3849646747112274 0.2672322392463684 0.009081721305847168 0.008483588695526123
1 0.369828462600708 0.26617178320884705 0.009081721305847168 0.0063626766204833984
0 0.3577194809913635 0.2672322392463684 0.009081721305847168 0.008483588695526123
1 0.8208879828453064 0.27200424671173096 0.021190762519836426 0.02014845609664917
0 0.6997981667518616 0.26617178320884705 0.009081721305847168 0.008483588695526123
1 0.6705347895622253 0.26564157009124756 0.009081721305847168 0.007423102855682373
1 0.6422805190086365 0.2667020261287689 0.009081721305847168 0.009544014930725098
1 0.568617582321167 0.26617178320884705 0.009081721305847168 0.008483588695526123
0 0.5560040473937988 0.2672322392463684 0.010090827941894531 0.010604441165924072
1 0.5121089816093445 0.26617178320884705 0.009081721305847168 0.008483588695526123
0 0.5 0.26617178320884705 0.009081721305847168 0.008483588695526123
0 0.47174569964408875 0.26617178320884705 0.009081721305847168 0.008483588695526123
0 0.39959636330604553 0.2677624523639679 0.010090827941894531 0.011664927005767822
1 0.3395560085773468 0.26564157009124756 0.009081721305847168 0.007423102855682373
1 0.8562058806419373 0.2640509009361267 0.009081721305847168 0.008483588695526123
0 0.8440968990325928 0.2640509009361267 0.011099934577941895 0.008483588695526123
0 0.8844601511955261 0.2645811140537262 0.011099934577941895 0.011664927005767822
0 0.8728557229042053 0.2640509009361267 0.010090827941894531 0.010604441165924072
1 0.7078708410263062 0.2513255476951599 0.011099934577941895 0.0063626766204833984
1 0.6775983572006226 0.2513255476951599 0.011099934577941895 0.0063626766204833984
1 0.7346115112304688 0.24973489344120026 0.012108922004699707 0.007423132658004761
1 0.48234108090400696 0.2507953345775604 0.0060544610023498535 0.009544014930725098
1 0.4742684066295624 0.2507953345775604 0.0060544610023498535 0.009544014930725098
1 0.3128153383731842 0.2507953345775604 0.0060544610023498535 0.009544014930725098
1 0.16296669840812683 0.2513255476951599 0.005045413970947266 0.010604441165924072
1 0.82542884349823 0.24814423173666 0.006054520606994629 0.010604456067085266
0 0.19576185941696167 0.24390244483947754 0.012108981609344482 0.008483558893203735
1 0.3662966787815094 0.2423117756843567 0.010090827941894531 0.007423102855682373
0 0.8188698291778564 0.2454931139945984 0.009081721305847168 0.015906691551208496
1 0.7341069579124451 0.24125131964683533 0.01311802864074707 0.007423102855682373
1 0.6770938634872437 0.2423117756843567 0.010090827941894531 0.009544014930725098
1 0.5312815308570862 0.21102863550186157 0.011099934577941895 0.0063626766204833984
1 0.21493440866470337 0.2099681794643402 0.008072644472122192 0.008483558893203735
1 0.152371346950531 0.2099681794643402 0.008072644472122192 0.008483558893203735
1 0.8244197964668274 0.20625662803649902 0.006054520606994629 0.009544014930725098
0 0.16599394381046295 0.20625662803649902 0.009081721305847168 0.015906691551208496
1 0.38345107436180115 0.20201484858989716 0.0060544610023498535 0.009544014930725098
1 0.7255297899246216 0.2004241794347763 0.008072614669799805 0.008483558893203735
1 0.6775983572006226 0.19936373829841614 0.009081721305847168 0.0063626766204833984
1 0.18163470923900604 0.17338281869888306 0.010090827941894531 0.005302220582962036
1 0.2709384560585022 0.1723223775625229 0.009081721305847168 0.005302220582962036
1 0.10797174274921417 0.1723223775625229 0.010090813040733337 0.005302220582962036
1 0.6104944348335266 0.17126193642616272 0.008072614669799805 0.005302220582962036
1 0.5383450984954834 0.17126193642616272 0.007063627243041992 0.005302220582962036
1 0.5126135349273682 0.17126193642616272 0.010090827941894531 0.005302220582962036
1 0.4818365275859833 0.17126193642616272 0.007063567638397217 0.005302220582962036
1 0.46417760848999023 0.17126193642616272 0.010090827941894531 0.005302220582962036
1 0.39959636330604553 0.17126193642616272 0.010090827941894531 0.005302220582962036
1 0.01009081769734621 0.16648992896080017 0.006054490804672241 0.008483558893203735
1 0.2855701446533203 0.1627783626317978 0.010090827941894531 0.005302220582962036
1 0.3673057556152344 0.16171792149543762 0.010090827941894531 0.005302220582962036
1 0.6634712219238281 0.15111346542835236 0.01311802864074707 0.007423132658004761
1 0.6856710314750671 0.1500530242919922 0.01311802864074707 0.007423102855682373
1 0.8107971549034119 0.14846235513687134 0.007063627243041992 0.0063626766204833984
1 0.7896064519882202 0.14846235513687134 0.007063627243041992 0.008483558893203735
1 0.6851664781570435 0.14475078880786896 0.006054520606994629 0.007423132658004761
0 0.17759838700294495 0.14209967851638794 0.010090827941894531 0.010604441165924072
1 0.8360242247581482 0.1431601345539093 0.01311802864074707 0.014846235513687134
1 0.7986881732940674 0.13838812708854675 0.007063627243041992 0.007423102855682373
0 0.7346115112304688 0.1367974579334259 0.010090827941894531 0.012725353240966797
0 0.10797174274921417 0.13255567848682404 0.010090813040733337 0.014846235513687134
1 0.010090817930176854 0.12937433645129204 0.010090818163007498 0.01060444861650467
1 0.8148335218429565 0.12142099812626839 0.007063627243041992 0.007423125207424164
1 0.7366296648979187 0.12248143926262856 0.006054520606994629 0.0095440074801445
1 0.6972754597663879 0.12195122241973877 0.014127135276794434 0.008483558893203735
1 0.6866801381111145 0.12301165983080864 0.005045413970947266 0.01060444861650467
1 0.8229061365127563 0.12142099440097809 0.005045413970947266 0.009544014930725098
1 0.763874888420105 0.12195121869444847 0.006054520606994629 0.01060444861650467
1 0.1377396583557129 0.11717921495437622 0.009081721305847168 0.005302220582962036
1 0.4505549967288971 0.11664899438619614 0.007063567638397217 0.0063626766204833984
1 0.38799193501472473 0.11664899438619614 0.009081721305847168 0.0063626766204833984
0 0.19626639783382416 0.11611876636743546 0.011099904775619507 0.009544014930725098
1 0.36781027913093567 0.11346765607595444 0.007063567638397217 0.008483558893203735
1 0.1675075739622116 0.11081654578447342 0.012108981609344482 0.007423117756843567
1 0.4470232129096985 0.10869564861059189 0.00807267427444458 0.007423117756843567
1 0.01311806170269847 0.10657475888729095 0.008072652854025364 0.005302220582962036
1 0.736125111579895 0.1049840897321701 0.009081721305847168 0.0063626766204833984
0 0.720988929271698 0.10551431775093079 0.009081721305847168 0.009544014930725098
0 0.633703351020813 0.10392364859580994 0.012108922004699707 0.0063626766204833984
1 0.8814328908920288 0.10286320000886917 0.007063627243041992 0.0063626766204833984
1 0.5943491458892822 0.10392364859580994 0.008072614669799805 0.008483558893203735
0 0.8612512350082397 0.101802758872509 0.011099934577941895 0.0063626766204833984
1 0.07467205077409744 0.09968186914920807 0.010090813040733337 0.0063626766204833984
0 0.7457113862037659 0.09066808223724365 0.010090827941894531 0.009544014930725098
1 0.715438961982727 0.09013785421848297 0.006054520606994629 0.008483558893203735
1 0.6922300457954407 0.09172852337360382 0.006054520606994629 0.011664897203445435
1 0.8092835545539856 0.08960763365030289 0.006054520606994629 0.009544014930725098
1 0.7623612284660339 0.08960763365030289 0.007063627243041992 0.009544014930725098
0 0.7325933575630188 0.09013785421848297 0.010090827941894531 0.010604456067085266
0 0.6427850723266602 0.09013785421848297 0.010090827941894531 0.010604456067085266
1 0.9909182786941528 0.09066808223724365 0.010090827941894531 0.013785794377326965
0 0.7996972799301147 0.0890774130821228 0.007063627243041992 0.010604456067085266
1 0.08980827778577805 0.08218451589345932 0.008072659373283386 0.009544014930725098
1 0.1104944497346878 0.07900318503379822 0.011099904775619507 0.013785794377326965
1 0.00554994959384203 0.07423117756843567 0.01109989918768406 0.0063626766204833984
1 0.7684157490730286 0.07423117756843567 0.007063627243041992 0.008483558893203735
1 0.01412714459002018 0.06786850839853287 0.010090816766023636 0.0063626766204833984
1 0.6548940539360046 0.060445386916399 0.006054520606994629 0.008483566343784332
0 0.9041372537612915 0.06044538505375385 0.006054520606994629 0.010604452341794968
1 0.8294652104377747 0.059384942054748535 0.006054520606994629 0.010604456067085266
1 0.7865791916847229 0.057794272899627686 0.009081721305847168 0.007423117756843567
1 0.7780020236968994 0.059384942054748535 0.006054520606994629 0.010604456067085266
0 0.5933400392532349 0.05885471776127815 0.008072614669799805 0.0095440074801445
1 0.005045408848673105 0.05673382803797722 0.01009081769734621 0.005302228033542633
1 0.8380423784255981 0.05832449533045292 0.007063627243041992 0.010604452341794968
0 0.8193743824958801 0.05832449533045292 0.008072614669799805 0.010604452341794968
0 0.7961654663085938 0.0588547196239233 0.006054520606994629 0.011664900928735733
1 0.8900101184844971 0.057794272899627686 0.006054520606994629 0.011664897203445435
1 0.6387487649917603 0.045068927109241486 0.008072614669799805 0.0095440074801445
1 0.7013118267059326 0.043478261679410934 0.006054520606994629 0.008483566343784332
1 0.6917255520820618 0.0445387065410614 0.007063627243041992 0.010604456067085266
1 0.6120080947875977 0.04400848224759102 0.009081721305847168 0.011664897203445435
1 0.005045408732257783 0.04241781681776047 0.00605449010618031 0.008483566343784332
1 0.22704339027404785 0.038706257939338684 0.010090827941894531 0.005302228033542633
1 0.30373361706733704 0.037115588784217834 0.010090827941894531 0.008483566343784332
0 0.31483349204063416 0.033934254199266434 0.010090827941894531 0.0127253457903862
1 0.6559031009674072 0.03128314018249512 0.006054520606994629 0.0095440074801445
0 0.6841574311256409 0.02916224952787161 0.012108922004699707 0.007423119619488716
1 0.6210898160934448 0.030222694389522076 0.005045413970947266 0.00954400934278965
0 0.7986881732940674 0.02916224952787161 0.009081721305847168 0.00954400934278965
0 0.07820383459329605 0.030752915889024734 0.011099904775619507 0.014846235513687134
1 0.8819374442100525 0.02704135701060295 0.006054520606994629 0.0095440074801445
1 0.849646806716919 0.02704135701060295 0.006054520606994629 0.0095440074801445
0 0.7204843759536743 0.028101801872253418 0.008072614669799805 0.011664897203445435
1 0.004540867637842894 0.025980912148952484 0.009081735275685787 0.007423117756843567
1 0.8900101184844971 0.025980912148952484 0.006054520606994629 0.0095440074801445
1 0.22754792869091034 0.028101800940930843 0.007063567638397217 0.013785788789391518
1 0.9470232129096985 0.0222693532705307 0.005045413970947266 0.008483562618494034
0 0.67457115650177 0.013785789720714092 0.007063627243041992 0.010604454204440117
1 0.7926337122917175 0.012195121264085174 0.007063627243041992 0.009544007945805788
1 0.017658930271863937 0.012195121264085174 0.009081736207008362 0.009544007945805788
1 0.7547931671142578 0.009544008411467075 0.010090827941894531 0.0063626728951931
0 0.8471240997314453 0.01060445373877883 0.009081721305847168 0.010604453273117542
1 0.9873864650726318 0.007423117756843567 0.007063627243041992 0.014846235513687134
