1 0.5515882857557797 0.9971401532433839 0.008775554555428888 0.005719693513232205
1 0.4901530216858433 0.9849680567355219 0.010767795271500902 0.006929761084991548
1 0.08067701204528424 0.9157939248976947 0.01092916793576408 0.007976599443537347
1 0.39265518946282085 0.9576267920185525 0.009771674913464812 0.0067601766140090724
0 0.8028544056425497 0.9986327531456329 0.010255774766341541 0.0027344937087342425
0 0.7724734407734992 0.9954808347669486 0.011574640452903795 0.009038330466102917
1 0.5813844614694652 0.9634374005466042 0.013244018165274651 0.010409307393812961
1 0.552739727063907 0.9569493723895153 0.010767795271501068 0.006929761084991659
1 0.20111788980253154 0.8970875266027154 0.011090540600027204 0.009023437802083034
0 0.7591875325598437 0.9932469939995217 0.012893487999553477 0.013506012000956802
1 0.7435727549529487 0.9889005780591613 0.012248015482413499 0.010239742956435927
0 0.6397367178070201 0.9728344224997358 0.012732115335290284 0.01338014035689794
1 0.5644368669198228 0.9573293450215687 0.009933047577727838 0.007807014972554982
0 0.5931622876575124 0.9632939539993849 0.010578520094867705 0.011994250731562461
0 0.3126806339547543 0.9160805215714216 0.01572035873422345 0.013888873736239704
1 0.043398081992989154 0.8691622732963218 0.010417162140001476 0.01094741487721751
0 0.32537386474991237 0.9166300736660562 0.01057852009486776 0.01199425073156235
0 0.2828784450156471 0.9104696934727098 0.015881731398486587 0.01493571209478528
0 0.2661061743864529 0.9065400480626693 0.01157464045290374 0.012163835202544937
0 0.05543191843361625 0.8706738176848245 0.014885640459244266 0.014766132632204276
1 0.7445269943325605 0.9793945936222843 0.010929167935763928 0.007976599443537347
1 0.5657278028841458 0.948954932341141 0.01224801548241361 0.010239742956436038
1 0.20273155295546808 0.8866195548803715 0.011090540600027177 0.009023437802083145
1 0.8278902691596007 0.9927465823494983 0.02646025149335407 0.014506835301003496
0 0.6708019514769613 0.9636204636545151 0.010578520094867594 0.011994250731562461
0 0.6843299005470986 0.9653864335702764 0.011735994977254305 0.013210555885915465
1 0.4923254872171601 0.9310872433314559 0.00925965440830534 0.00973098954348861
1 0.446343705067356 0.9243333275064736 0.009582399736831615 0.011824666260580208
1 0.431482968473265 0.9212662063716819 0.009421085910156113 0.01077783791883713
1 0.4075238731576315 0.9241700726789084 0.025464189972905837 0.02676038837216821
1 0.23021883282747718 0.8939847830958376 0.02546418997290581 0.02676038837216821
1 0.08130251665030128 0.8686325307341334 0.024468069614869678 0.026590803901185844
0 0.04499780124443911 0.8554690543525376 0.009421071200759142 0.010777835414636394
0 0.10641905179008693 0.8648514618643293 0.01041714743060454 0.010947412373016663
0 0.503363203299751 0.9324292032489762 0.013728118018151214 0.013549704794274753
0 0.47389773129419255 0.9279500107527026 0.016877851756522733 0.015105296565767867
1 0.2955019239477291 0.8948933662419689 0.011090540600027177 0.009023437802083034
0 0.2673692100473304 0.8917153199563244 0.011574640452903795 0.012163835202544937
0 0.14974922828808163 0.8722282060496163 0.011735994977254138 0.013210555885915465
0 0.13530583612208338 0.8697692913211872 0.012732085916496438 0.013380135348496469
1 0.11819688361757474 0.8647080766588982 0.009098329302748759 0.008684273868519443
1 0.05926587512942964 0.8557496203077599 0.011413253079243763 0.011116994339798514
1 0.31686219964023915 0.8856385936898572 0.010094420241991031 0.008853853331100558
0 0.6271460128633108 0.9384628492081306 0.011413267788640713 0.011116996843999138
0 0.0625211054160975 0.8412639929150396 0.011413260433942245 0.011116995591898826
0 0.6138601137196118 0.9351266805921385 0.012732115335290284 0.01338014035689794
0 0.2872213742954387 0.8789809860701872 0.01257070197335236 0.012333409656724581
0 0.25783655920321796 0.8739783693862393 0.011574640452903906 0.012163835202544937
1 0.2070356565327151 0.8653297717189921 0.011574640452903823 0.012163835202544937
0 0.12186948407377987 0.8508306600548918 0.012570731392146164 0.012333414665126052
1 0.7470809365389673 0.9561954478271103 0.009582399736831615 0.011824666260579875
0 0.7361239067885079 0.9543300687303171 0.011574640452904017 0.012163835202544826
0 0.3301341769465469 0.88574951884071 0.010739874619218104 0.013040971414932878
0 0.10949897482779475 0.8481874875765528 0.011735994977254152 0.013210555885915465
0 0.09306338607391496 0.845389411418761 0.012732085916496452 0.013380135348496358
0 0.07985814948299426 0.8415298799568827 0.014212276708615412 0.0166901122115396
1 0.20840727882916976 0.8564319398592916 0.010767795271500985 0.006929761084991659
1 0.7481965395128858 0.9456426838692753 0.00993304757772806 0.007807014972554982
1 0.7363380360626635 0.9463094907581798 0.011735994977254083 0.013210555885915465
1 0.7951744420207263 0.95256618416524 0.010255774766341319 0.009900574014470975
1 0.03142497304232733 0.8241530924864049 0.01173598026785724 0.01321055338171473
0 0.8072082784613532 0.9540777285537427 0.014724238376187304 0.013719289265257228
0 0.5981088582436507 0.9179425107843855 0.012570760810939885 0.012333419673527413
1 0.5101157562124579 0.9018878173655949 0.00925965440830534 0.009730989543488722
1 0.41236487168639757 0.8927660986742894 0.025464189972905782 0.026760388372168098
1 0.14698603392296242 0.8470495936892883 0.0243066969506065 0.025543965542639935
0 0.586895759403024 0.9144221307350673 0.011413267788640824 0.011116996843999138
0 0.2901399337388398 0.8633637913033687 0.01125189512437752 0.010070158485453451
0 0.08287131709591816 0.828614509475931 0.011413267788640699 0.011116996843999138
0 0.49874128470756796 0.8994142756748225 0.014724238376187249 0.013719289265257228
1 0.12478802880778406 0.8352134627838728 0.011574640452903809 0.012163835202544937
0 0.11291556503142011 0.8326550800368243 0.011413267788640671 0.01111699684399925
0 0.09398974892943451 0.8294330552225798 0.011413267788640671 0.01111699684399925
0 0.06552032741227684 0.8251234353023353 0.012570724037447682 0.012333413413025629
1 0.05430727637719003 0.8216030633916696 0.00909834401214564 0.00868427637272029
0 0.8398483110929362 0.9445947760565078 0.013405390829537844 0.01145614575235876
0 0.6294967693345741 0.9066349240428582 0.012732115335290284 0.01338014035689783
0 0.24624198368750114 0.839776321728029 0.012247956644826086 0.010239732939633317
0 0.618283729331535 0.9031145540103429 0.011574640452903795 0.012163835202544937
0 0.600771407434472 0.900670325081845 0.012732115335290395 0.01338014035689783
0 0.2328753687928768 0.8369635672829081 0.009421085910156057 0.01077783791883713
0 0.1277872598739198 0.819072846333581 0.010417147430604581 0.010947412373016774
0 0.08587054816205394 0.812473893025639 0.012570731392146164 0.012333414665126052
1 0.03589044928383747 0.8018164709664797 0.010929153226367172 0.007976596939336611
0 0.5879028233000719 0.8979423578638139 0.012893487999553477 0.014426978715443739
0 0.11533606429580312 0.8169530930345148 0.013728176855738794 0.013549714811077584
0 0.05606836657764516 0.8068630661790275 0.010739889328614916 0.013040973919133614
0 0.09972126290955488 0.8121462500702978 0.014050922184265083 0.01564339152816896
1 0.20312596588245557 0.8243790045790061 0.00942108591015603 0.010777837918837019
1 0.5627165306577697 0.8855974860664546 0.01038922677832177 0.017058622702958215
1 0.7749795770324411 0.9244198573469515 0.026460251493354292 0.026929962826347964
1 0.03676401704071455 0.7928339082130763 0.010739889328614916 0.013040973919133725
0 0.859861868354145 0.9308136676578136 0.010417147430604623 0.010947412373016774
0 0.8717343412004654 0.9333719915672745 0.014885611040450386 0.014766127623802805
1 0.5063564561986994 0.8765396230384851 0.024468128452457272 0.026590813917988454
1 0.2708604733576656 0.8359104631269343 0.02530281730864259 0.02571355001362252
1 0.15282312339097082 0.8158151991472502 0.02430669695060647 0.025543965542640046
0 0.11867196816729694 0.8019441046740591 0.011251895124377534 0.010070158485453451
0 0.10173834865319288 0.7990612412891774 0.01125189512437752 0.010070158485453451
0 0.24891846378567012 0.8257293206530403 0.014050922184265069 0.01564339152816918
0 0.23555183982108935 0.822916625045507 0.01289342916196587 0.014426968698640907
0 0.1305444319436609 0.8045024874211075 0.011735994977254138 0.013210555885915465
0 0.0888697701582333 0.7963333354129347 0.011413267788640671 0.01111699684399936
0 0.06014437319989686 0.7903686701017318 0.011090525890630296 0.009023435297882187
0 0.8734954076215671 0.9186320506880195 0.011251895124377742 0.010070158485453562
0 0.2792296564428073 0.8147755836450076 0.013405449667125313 0.01145615576916148
0 0.457274806878418 0.8434754667633386 0.012570760810939996 0.012333419673527302
0 0.8615282971869301 0.9133718974842907 0.015208338229063978 0.01685968666571913
0 0.4448235818815075 0.8413557084558712 0.013889520101208142 0.0145965481612218
1 0.26817795061528105 0.8102084290831328 0.01057852009486765 0.01199425073156235
0 0.5051680845745753 0.8510919606927559 0.017039224420785815 0.016152134924313444
1 0.7882594923695121 0.8880070008609562 0.00925965440830534 0.00973098954348861
0 0.5775184974165465 0.8558893167044489 0.012381467494393839 0.017397791644923055
1 0.8390882568547104 0.9031059677833069 0.02546413113531809 0.0267603783553656
1 0.5667088709342525 0.8497519684507444 0.010417147430604512 0.010947412373016774
0 0.876575330659275 0.9019680764002431 0.012570760810939885 0.012333419673527524
0 0.8637067465248749 0.8992401091822121 0.010417147430604512 0.010947412373016663
0 0.652951841013399 0.863897304244142 0.009582399736831393 0.011824666260579875
0 0.7762116956027438 0.8832702668365005 0.016393751903646003 0.011964899165305964
0 0.47646756770203885 0.8317031840086573 0.01025577476634143 0.009900574014470975
1 0.4230429506132156 0.8301277889652197 0.025464189972905782 0.02676038837216821
0 0.665564365127588 0.8649702116720603 0.016877851756522788 0.015105296565767978
0 0.5178861898160928 0.8382173400727064 0.013405390829537733 0.011456145752358649
1 0.4894974656631145 0.8333843028513396 0.010417147430604567 0.010947412373016885
0 0.45945324714640634 0.8293437372988477 0.01273211533529034 0.01338014035689783
0 0.4476614697021739 0.8262619353725263 0.010417147430604623 0.010947412373016885
0 0.06466263547009304 0.7610583139766164 0.00942107120075912 0.010777835414636394
1 0.07594241447326128 0.7608301377877944 0.011090525890630296 0.009023435297882298
1 0.4036967642260514 0.8064230696040112 0.009933047577727894 0.007807014972554871
1 0.3927397050567981 0.8045576854988166 0.009933047577727894 0.00780701497255476
0 0.4617930691486142 0.8141651106382234 0.010255774766341486 0.009900574014471086
1 0.6560317142834756 0.8472332611019752 0.010578520094867816 0.011994250731562461
0 0.5987562057985008 0.8374823944237504 0.015559004209873217 0.012842153052869176
0 0.44942253612327576 0.8115219944932712 0.011413267788640657 0.011116996843999138
1 0.6109514058334347 0.8379471592912952 0.009421027072568422 0.010777827902034298
0 0.47839000678740384 0.8159164047708563 0.01157464045290385 0.012163835202544937
1 0.7480759649152154 0.8602176735726668 0.010417147430604512 0.010947412373016885
0 0.433148334743056 0.8076770824811343 0.010739874619217993 0.013040971414932878
0 0.4206971244555424 0.8055573266778675 0.011735994977254138 0.013210555885915465
0 0.2762632322143539 0.7809681844019789 0.017712540612708105 0.014228032661401824
1 0.7621826604965024 0.8615450165446465 0.00643278367363509 0.010269094522692312
1 0.2241295714386911 0.771018440524103 0.01073987461921802 0.01304097141493299
0 0.6698824584497705 0.8469056231550355 0.01437359053529097 0.017736940553282343
1 0.5692628131406594 0.8265528226555706 0.008425024389707603 0.010608263464657375
1 0.4057278012258744 0.7965633092964314 0.011735994977254138 0.013210555885915465
1 0.7486267817041258 0.8533287261945666 0.011574640452904017 0.012163835202544937
1 0.22575719491776913 0.7637756584377122 0.011413267788640685 0.01111699684399925
1 0.7598259202186111 0.8536239166079316 0.009421027072568311 0.010777827902034298
1 0.5717112330573253 0.8173012149251673 0.009771674913464756 0.0067601766140091835
0 0.8059690161950908 0.8593309840575653 0.011735994977254416 0.013210555885915465
1 0.7821713229625142 0.8611880170146475 0.025464131135318202 0.026760378355365266
0 0.8491238687726372 0.8645293181278573 0.013405390829537622 0.011456145752358537
0 0.6582908408835956 0.8325781124582115 0.010578520094867594 0.01199425073156235
0 0.6284886813632822 0.8269672893679009 0.010417147430604512 0.010947412373016885
0 0.5986864539354246 0.8213565150983752 0.01025577476634143 0.009900574014471086
1 0.5159577669240998 0.8142550942085198 0.02430675578819408 0.025543975559442766
0 0.4795723357673124 0.8016150319977953 0.009421027072568533 0.01077782790203441
0 0.4512643330046998 0.7962586419473454 0.01025580418513522 0.009900579022872558
1 0.3401468482934122 0.7843241713151198 0.0253028173086427 0.02571355001362252
1 0.0761814623219669 0.7393853946135753 0.025302802599245736 0.025713547509421786
0 0.819402386514499 0.8583951346958614 0.013405390829537622 0.011456145752358649
0 0.6709841010975474 0.8331276695612472 0.011413267788640713 0.01111699684399925
1 0.6406031950660843 0.8279554734147183 0.012409388146676692 0.011286581314981725
0 0.6110569869607629 0.8239996312433271 0.015720358734223283 0.013888873736239593
0 0.2604312994762175 0.7643073749359112 0.011735994977254194 0.013210555885915465
1 0.24722604817589994 0.7604478409698322 0.01025577476634143 0.009900574014471086
0 0.1595696189500651 0.7455247756408779 0.012247986063619903 0.010239737948034566
0 0.1300234164841843 0.7415689948112751 0.011574640452903823 0.012163835202544937
0 0.11358782773030454 0.7387709186534832 0.012570731392146123 0.01233341466512583
0 0.10137868207862619 0.7350809666541861 0.011090540600027218 0.009023437802082812
1 0.28914275081780944 0.7670468531153618 0.012409329309089223 0.011286571298178893
0 0.17202081452818174 0.747644528939944 0.011574640452903823 0.012163835202544937
0 0.8553086187132063 0.8177772018460219 0.011574640452903795 0.012163835202544937
0 0.8428574084256928 0.8156574460427549 0.012570760810939663 0.012333419673527413
1 0.7069710105584299 0.7919863763697222 0.011413267788640824 0.01111699684399925
1 0.6765901045269668 0.7868141802231934 0.012409388146676692 0.011286581314981725
1 0.6651350145974895 0.7848640088909089 0.011413267788640824 0.011116996843999138
0 0.3542724345144307 0.7324783164704279 0.013566822331388395 0.012502994127707057
1 0.34248064800024186 0.7293965733816943 0.00925971324589292 0.009730999560291331
1 0.2976563203839868 0.721765457498335 0.00925971324589292 0.009730999560291442
0 0.26777347453154177 0.7166780535872973 0.011251895124377576 0.010070158485453451
0 0.13969447000270457 0.6954104041442726 0.012409358727883013 0.011286576306580254
0 0.6950985467820658 0.7894279936226738 0.013566763493800704 0.012502984110904225
1 0.2549048903971417 0.7139500863692663 0.009421085910156057 0.01077783791883713
1 0.05941412936106126 0.6790573630030106 0.009933062287124851 0.007807017476755607
0 0.28478776566838054 0.7190374952887053 0.011735994977254194 0.013210555885915465
0 0.08009009212449011 0.6841887479468487 0.012732085916496494 0.013380135348496469
0 0.16782719861250012 0.698588452934118 0.012893458580759631 0.014426973707042268
0 0.8423842430418716 0.8021485449385686 0.009421027072568311 0.010777827902034298
1 0.7570567069886296 0.7886962127954265 0.010739874619217882 0.01304097141493299
1 0.06136447267405429 0.6697210206226032 0.009582443865022272 0.011824673773182193
1 0.7907765042599222 0.7987339625512873 0.025302758471054898 0.0257135399968198
1 0.4665473443404736 0.7435355820358751 0.02430672636940029 0.025543970551041628
0 0.6369324990663834 0.7655600144254987 0.012570760810939885 0.012333419673527413
1 0.4917445658123908 0.7392310939867981 0.010094420241991031 0.008853853331100558
1 0.28646817517614453 0.7048209785971244 0.010255774766341375 0.009900574014471086
1 0.18428767652213635 0.6879623588814264 0.011413267788640685 0.01111699684399925
0 0.14161692379746643 0.6796236274106725 0.009098329302748759 0.008684273868519554
1 0.1170791057500366 0.6829660643282938 0.024306696950606485 0.025543965542640046
0 0.8561542511084035 0.8023442573165114 0.016716479092259706 0.01405845820722218
1 0.6491276991013173 0.7660247792930434 0.012409388146676692 0.011286581314981614
0 0.6196622270957587 0.7615455867967698 0.013566763493800815 0.012502984110904225
0 0.6077090769872632 0.7595106232289941 0.011574640452904017 0.012163835202544826
0 0.5329211968375942 0.747315458767881 0.011735994977254305 0.013210555885915465
0 0.5199719263710625 0.7451109107291229 0.011735994977254194 0.013210555885915354
0 0.4448473994043133 0.7317842433659508 0.010578520094867705 0.011994250731562461
0 0.43289424929581777 0.7297492797981752 0.010578520094867705 0.011994250731562461
0 0.15406811937558312 0.6817433807097387 0.012409358727882985 0.011286576306580365
0 0.09663125097365073 0.6730392941785222 0.011735987622555705 0.013210554633815041
0 0.08268590059992444 0.6706651685553335 0.011735980267857243 0.01321055338171473
0 0.1726572536022543 0.6838338362717346 0.013405449667125341 0.011456155769161258
1 0.877258516548334 0.7914344938286773 0.010255774766341541 0.009900574014471086
0 0.3593694048070263 0.7027293872307172 0.010094420241991142 0.008853853331100558
0 0.8887943425775742 0.7928613148360791 0.011413267788640713 0.01111699684399925
1 0.8584133777085234 0.7876891086727476 0.012409388146676692 0.011286581314981725
0 0.799145687345064 0.7775990830693607 0.011413267788640824 0.011116996843999138
0 0.6208445560756674 0.7472442140237087 0.013405390829537955 0.01145614575235876
1 0.4079221153464647 0.70938383503708 0.01092916793576404 0.007976599443537236
0 0.17367823369725305 0.6705792455238322 0.01125189512437752 0.010070158485453562
0 0.1279385161832841 0.6622551335028198 0.009098329302748731 0.008684273868519554
1 0.6390163605836428 0.7487264656835426 0.00925965440830534 0.009730989543488833
0 0.3028340064275078 0.6914931140877527 0.01025577476634143 0.009900574014471086
1 0.2609173037855983 0.6848941019422232 0.010417147430604512 0.010947412373016774
0 0.2894673915328835 0.688680359642632 0.011413267788640769 0.01111699684399925
0 0.11506995239772143 0.6595272301307777 0.011574640452903795 0.012163835202544937
0 0.34732164652900793 0.6979925993770751 0.009582458574419195 0.011824676277382817
0 0.14403742306184947 0.663921640408363 0.011735994977254166 0.013210555885915354
0 0.6093755058200483 0.7420688530554711 0.011735994977254083 0.013210555885915354
1 0.4197806187966872 0.7087170281481753 0.010417147430604623 0.010947412373016663
1 0.7706344547191173 0.76361390613621 0.009582399736831726 0.011824666260580097
1 0.5943255053282053 0.7335981960157203 0.011897367641517276 0.014257394244461152
1 0.5847819200150373 0.7325105439502833 0.011385347136357638 0.01722820717394069
1 0.24095353611478343 0.6718269926035272 0.011735994977254166 0.013210555885915465
1 0.8243429235263782 0.7732945975244843 0.02530275847105512 0.0257135399968198
1 0.5300773308497402 0.7226602680910266 0.024145383123930997 0.02449713720089719
0 0.6422715577741676 0.7342408326563707 0.01125189512437752 0.010070158485453562
1 0.612886713263153 0.7292382109640215 0.010255774766341541 0.009900574014471086
1 0.5092927848812503 0.7116018667211679 0.00826365172544441 0.009561425106111687
1 0.4375738842302771 0.6993920853145142 0.010255774766341375 0.009900574014471086
0 0.2921439010498462 0.6746333635760446 0.010255774766341486 0.009900574014471086
1 0.27612567143345607 0.6724434963288162 0.010417147430604623 0.010947412373016774
1 0.18912866598094596 0.656558443714395 0.009098329302748759 0.008684273868519443
0 0.11840585626921521 0.6445182417703222 0.009098329302748773 0.008684273868519554
1 0.09386804557648384 0.6478606799400437 0.024306711660003394 0.02554396804684067
0 0.6241804893659548 0.7322352306716544 0.013889490682414185 0.014596543152820551
0 0.49592619033546326 0.7087891761220362 0.011413267788640713 0.01111699684399925
0 0.4784138186707691 0.7063448783391477 0.012570760810939996 0.012333419673527302
0 0.4670393618752761 0.7038713391525762 0.011413238369846868 0.011116991835598
0 0.45010574236117207 0.7009884757676945 0.011413267788640769 0.01111699684399936
0 0.3634454187839765 0.6862349924055219 0.011413267788640657 0.01111699684399925
0 0.3504961777362386 0.6840304493751651 0.011413267788640713 0.01111699684399925
0 0.30551051594447054 0.6774461180211653 0.011735994977254138 0.013210555885915354
0 0.26201897585216916 0.6711161533568364 0.013054801826228923 0.015473807057186484
0 0.17593736029737295 0.6559240968800684 0.011897367641517276 0.014257394244461152
0 0.15966315891715321 0.6520791848679316 0.010578520094867677 0.011994250731562461
0 0.14779068607083284 0.6495208609584708 0.012409358727883013 0.011286576306580254
1 0.1309377381794635 0.6461145758901155 0.01025577476634143 0.009900574014470975
0 0.3243665892533365 0.664542204672447 0.010094420241991087 0.008853853331100558
0 0.892639220748304 0.7612877563604775 0.011413267788640824 0.01111699684399925
0 0.6854513051469109 0.7260150578579676 0.011413267788641046 0.01111699684399925
1 0.6730000948593975 0.7238953020547008 0.010417147430604623 0.010947412373016885
1 0.5401020082986117 0.7007329169402252 0.00925965440830534 0.009730989543488833
0 0.2660949898291193 0.654621758531641 0.011413267788640602 0.01111699684399936
1 0.1217417839200623 0.6295091970764797 0.011251895124377534 0.010070158485453562
0 0.7154148373314876 0.7305790425897325 0.011574640452904017 0.012163835202544937
0 0.7023849393704118 0.7288979237470501 0.013728118018151214 0.013549704794274864
0 0.4819110567177758 0.6902891054493328 0.010417147430604567 0.010947412373016552
0 0.469379183877484 0.6886927124919517 0.011574611034110005 0.012163830194143688
1 0.4541010790759471 0.6850174412841843 0.008263592887856774 0.009561415089308967
0 0.4419058790410132 0.6845526764166396 0.01472429721377494 0.013719299282059949
0 0.36636397822737754 0.6706177976387035 0.010417147430604567 0.010947412373016774
0 0.10538687242835768 0.6261877605770025 0.010417147430604554 0.010947412373016663
0 0.09185890864882351 0.6244217881570406 0.011574625743506928 0.012163832698344201
0 0.8807667569719402 0.7587293736134291 0.013889490682414407 0.014596543152820662
0 0.5267354137528247 0.6979202263410934 0.012732115335290173 0.01338014035689783
1 0.2351213769603651 0.6466629996929407 0.010255774766341458 0.009900574014470975
0 0.19254525618457136 0.6410260361746664 0.011735994977254194 0.013210555885915465
1 0.17818255035070468 0.6380437022669645 0.008586338216383077 0.01165509180640023
0 0.35124723138070685 0.6658956855681897 0.009743813098769483 0.012871396960753234
1 0.41545355429954123 0.6671580495934253 0.009421085910156057 0.01077783791883713
1 0.8280264878704324 0.742767887424231 0.025302758471054898 0.0257135399968198
1 0.505372121273185 0.6873004519150164 0.025141385806791816 0.024666701638274002
1 0.30316468978679734 0.6528756557338131 0.025141444644379507 0.024666711655076723
1 0.15815205103445917 0.6287251404017062 0.0243066969506065 0.025543965542639935
0 0.8584073939018955 0.7479400835707601 0.02861384673377687 0.02831585245168322
0 0.685637572606371 0.711544110630727 0.017551244925945286 0.013181321994834239
0 0.6169876514540938 0.6993197122785324 0.011413267788640713 0.011116996843999138
0 0.5297485610169111 0.6850047920141527 0.012570760810939996 0.012333419673527302
0 0.3399116534859056 0.6532231708154892 0.011735994977254194 0.013210555885915465
0 0.2683541164292392 0.6399666098878771 0.011413267788640713 0.011116996843999138
0 0.6295194892361514 0.7009160388857236 0.012570760810939996 0.012333419673527302
1 0.5414457008728271 0.6853847646462059 0.011413267788640602 0.011116996843999138
1 0.1356173640439664 0.615757440244042 0.01025577476634143 0.009900574014470975
0 0.12392022418805063 0.6153774676119886 0.011735994977254152 0.013210555885915465
1 0.09745393912043719 0.5947576511528211 0.009421071200759135 0.010777835414636394
0 0.7185196551643922 0.7004909594332611 0.012732115335290506 0.01338014035689783
0 0.11156064941112101 0.5960849966290014 0.011413267788640699 0.011116996843999138
1 0.6035373628590022 0.677155835042897 0.010578520094867816 0.011994250731562572
1 0.2409584664283735 0.6154286051509026 0.01057852009486765 0.011994250731562461
0 0.0796716319352561 0.5874332391484471 0.010417162140001462 0.010947414877217398
1 0.7691840890357853 0.6967622277527712 0.00993304757772795 0.007807014972554871
1 0.07125760992214808 0.5790180127611282 0.007267501948614433 0.00939183562672774
1 0.604491602238614 0.66764985060602 0.008936927219692081 0.007637430501572395
1 0.594032573829585 0.6658692537279154 0.009933047577727727 0.007807014972554982
1 0.12785976372645047 0.586505682097268 0.008263592887856747 0.009561415089308856
1 0.8317099933768992 0.7122411673071751 0.025302758471054898 0.02571353999681969
1 0.5334321253609656 0.6544780819138996 0.00826365172544441 0.009561425106111687
0 0.34459127935040845 0.6228660351694157 0.009421085910156057 0.01077783791883713
1 0.2793748757473965 0.6182088970372444 0.024306696950606554 0.025543965542640046
0 0.15824068446731043 0.5916778807479977 0.011574640452903823 0.012163835202544937
1 0.09955170212625036 0.5811492820300154 0.00942107120075912 0.010777835414636394
0 0.8092699530446794 0.7019752376061913 0.012732115335290284 0.01338014035689783
0 0.7964013689102794 0.6992472703881605 0.010578520094867816 0.011994250731562461
1 0.6216672863885532 0.6689625177948715 0.011413267788640491 0.011116996843999138
0 0.4896038886839529 0.6470165454931213 0.010578520094867705 0.011994250731562461
0 0.47765072386606044 0.644981579421145 0.014562913270630806 0.012672573590288172
0 0.17135128910935502 0.5928356442573963 0.00958242915562535 0.011824671268981346
0 0.7199440340707391 0.684619387959969 0.012409388146676692 0.011286581314981836
0 0.6327049934011879 0.6703045365499793 0.011574640452903684 0.012163835202544937
0 0.5449679016225747 0.6559048340669109 0.013728118018151214 0.013549704794274642
0 0.4578901951285361 0.6405431981275619 0.014562942689424596 0.012672578598689421
0 0.33279950190617613 0.6197842332430943 0.013728176855738738 0.013549714811077584
0 0.31287756544615436 0.6163926239578674 0.015720358734223394 0.013888873736239704
0 0.14055300923100547 0.5870552366961033 0.013728176855738794 0.013549714811077473
0 0.37531981643563833 0.6125205045677458 0.00993304757772795 0.007807014972554871
0 0.8304549048167413 0.6905420549390844 0.014401511187574045 0.011625730223341124
1 0.46156276616594744 0.6266657765151542 0.009098358721542521 0.008684278876921026
0 0.3175462477716454 0.6026848456540297 0.010255774766341375 0.009900574014471086
0 0.548223089743143 0.6414192598773268 0.011413267788640713 0.011116996843999027
0 0.20365466364497686 0.5822210661745257 0.011251895124377548 0.010070158485453451
0 0.9005043507778434 0.7003191183786599 0.010417147430604512 0.010947412373016774
0 0.7120808876841291 0.6693152242113525 0.014724238376187526 0.013719289265257228
0 0.6812826078057795 0.6635348166500594 0.010578520094867816 0.011994250731562572
0 0.6648470337612966 0.6607367429964683 0.011574640452904017 0.012163835202544937
0 0.49102826759029977 0.6311449740198292 0.012570760810939996 0.012333419673527413
0 0.44919227162935926 0.6240226065410159 0.01257070197335236 0.012333409656724581
0 0.30575447032741304 0.5996030437277085 0.010578520094867705 0.011994250731562572
0 0.27645033249736745 0.5940770667020754 0.009421085910156113 0.010777837918837019
0 0.18978999421077497 0.579323580835702 0.011413267788640685 0.01111699684399925
0 0.1324338084636249 0.5700960744991624 0.010578520094867705 0.011994250731562461
1 0.10263161780925972 0.5644853064901385 0.010417162140001449 0.01094741487721762
1 0.8870570201322936 0.6980297781044105 0.011735994977254083 0.013210555885915354
0 0.5364313032289543 0.638337516788593 0.011735994977254305 0.013210555885915354
0 0.4781597332235309 0.6284170756561887 0.010739874619218104 0.01304097141493299
0 0.28948025987723686 0.5957581905531593 0.011897367641517276 0.014257394244461152
1 0.087097504470401 0.559154984256961 0.006271411009372119 0.009222256164146847
1 0.7724114244116147 0.6758262254704959 0.008586397053970685 0.011655101823203062
1 0.5968425262885716 0.6443250988684637 0.007428904031671291 0.0104386789936749
1 0.7723835037593318 0.6693758461985897 0.010578520094867594 0.011994250731562461
1 0.4354471380091868 0.6104027214483891 0.007428845194083766 0.01043866897687229
1 0.104487339958591 0.5524470772299761 0.00826359288785676 0.009561415089308856
1 0.8646169798000738 0.6877638484034267 0.02430675578819408 0.025543975559442766
1 0.5150680695869022 0.6277177523793189 0.024145383123930886 0.02449713720089719
1 0.4507919744561544 0.610329445182719 0.00925971324589292 0.009730999560291331
1 0.34174739301371726 0.5982107806465723 0.02414532428634336 0.024497127184094136
1 0.16884409028741867 0.56931202032859 0.023310606011364143 0.02537438608005893
1 0.5511416491865442 0.6258020651105085 0.010094420241991142 0.008853853331100558
0 0.4932067169282445 0.6170131857177505 0.012409388146676803 0.011286581314981725
0 0.6671061603614166 0.6460815943527045 0.011574640452903795 0.012163835202544937
0 0.5397672455891984 0.6233284745989512 0.01125189512437752 0.010070158485453673
0 0.4814149598328495 0.6139314476374182 0.012409329309089223 0.011286571298179005
1 0.4635659210022378 0.610355583106482 0.010255774766341375 0.009900574014471197
0 0.1167632062236523 0.552388479877685 0.016555102503813923 0.013011733767550715
1 0.28823307992904856 0.5375352915398188 0.013244077002862176 0.010409317410615682
0 0.1447952933364992 0.5131157312307121 0.013244077002862203 0.010409317410615682
0 0.4601402917161047 0.5662644723952204 0.014401570025161459 0.011625740240143734
1 0.29993024920375805 0.5379152691802738 0.010094420241991031 0.008853853331100558
1 0.7901707468975436 0.6203019320921273 0.010094420241991031 0.008853853331100558
0 0.660597591250446 0.5987799109510303 0.010255774766341319 0.009900574014470864
0 0.4980726102522075 0.5721851028444365 0.014562883851837016 0.01267256858188659
1 0.44410813119236686 0.5608494205204402 0.01092916793576404 0.007976599443537347
0 0.3167832061650839 0.5413214954110412 0.014562942689424596 0.012672578598689421
0 0.156990493371433 0.5135804960982568 0.00942105649136224 0.010777832910435658
1 0.09945898934327527 0.5021746409885104 0.010929153226367186 0.007976596939336555
0 0.7179537860675524 0.6080073584499823 0.009421027072568422 0.010777827902034187
0 0.5451311990921792 0.5785851839611283 0.010417147430604623 0.010947412373016663
0 0.5575823505421054 0.5807049297475924 0.011735994977254083 0.013210555885915354
1 0.4865229030832508 0.5675331660638732 0.008424965552119912 0.010608253447854654
0 0.4738156825431574 0.5637584193248841 0.01090124728348113 0.014087809773478677
1 0.10216338273902874 0.49457801793332756 0.012086631539269532 0.009193017264663983
1 0.7926997852387974 0.610526954003236 0.00993304757772806 0.007807014972554871
1 0.618463762896089 0.5803269936454382 0.00977167491346509 0.0067601766140092945
1 0.4455604307509967 0.5514282283190544 0.010929167935764095 0.007976599443537347
0 0.20225706928093412 0.508395650681696 0.00842496555211994 0.010608253447854543
1 0.12267798558550008 0.5007561830241742 0.024145331641041823 0.02449712843619456
1 0.8429359107942482 0.6228393094126303 0.02430675578819408 0.025543975559442766
0 0.5460714781456496 0.5658540098882983 0.010417147430604512 0.010947412373016774
1 0.5241852804594263 0.5685736209498153 0.02430675578819408 0.025543975559442766
0 0.30194733494739606 0.5248302603991533 0.012570701973352416 0.012333409656724581
0 0.28850003372064015 0.5225409251333053 0.00958245857441914 0.011824676277382706
0 0.18797504977919904 0.5048898975947215 0.011413267788640685 0.011116996843999305
1 0.14737716526514535 0.49636690586985677 0.00893695663848565 0.007637435509973922
1 0.6469192130550575 0.5814114220515789 0.010255774766341652 0.009900574014470975
0 0.21594640572473145 0.5091147847431123 0.011574640452903823 0.012163835202544937
0 0.17510648599363637 0.5021619942226794 0.011574640452903823 0.012163835202544881
0 0.15916894270937773 0.49944870779617806 0.011574640452903795 0.012163835202544937
0 0.878592166314635 0.620315479583446 0.015397631545610246 0.011795314694323378
0 0.8191631123568686 0.6112722335010173 0.016716479092259484 0.014058458207222069
0 0.7226224774629999 0.5942995213085571 0.014562883851837016 0.012672568581886812
0 0.6339699425885259 0.5792068740128209 0.010578520094867816 0.011994250731562461
0 0.5589261019539082 0.565356787470376 0.013244018165274651 0.01040930739381285
1 0.32297091405519485 0.5144439160905919 0.011925229456212605 0.008146173897717102
1 0.18865933892892697 0.4905037964321581 0.00993304757772795 0.00780701497255476
0 0.7063731618080208 0.5770305592653127 0.00909829988395483 0.008684268860118083
0 0.3815652497379819 0.5222707443518939 0.017228440759831487 0.011087635260939921
1 0.17836171260295497 0.4876763662039091 0.011251895124377603 0.010070158485453506
0 0.8816859908408966 0.60687668491482 0.011413267788640713 0.01111699684399925
0 0.5215973658865645 0.5455734111918804 0.014401511187574045 0.011625730223341013
1 0.49179520636625096 0.5399625881015699 0.010255774766341486 0.009900574014470975
0 0.36222205071915337 0.5184405669604729 0.010417147430604512 0.010947412373016663
0 0.7353406324721488 0.5814249695428979 0.011574640452903684 0.012163835202544826
0 0.6940026378526387 0.574387384282773 0.012570760810939996 0.012333419673527413
0 0.6775670638081558 0.5715893106291818 0.011574640452903795 0.012163835202544937
0 0.34885546524332284 0.5156278175237535 0.009582458574419195 0.011824676277382817
0 0.33449275940945616 0.5126454836160517 0.010417147430604623 0.010947412373016774
0 0.665775277293967 0.5685075675404481 0.011574640452904017 0.012163835202544937
0 0.14772479631891217 0.4808491791216579 0.009743783679975748 0.01287139195235193
0 0.7221353517530373 0.5775654305684176 0.013054860663816559 0.015473817073989427
1 0.6217717755340937 0.5588676310214776 0.010578520094867705 0.011994250731562461
0 0.5355287963849908 0.5447223540656678 0.012058740305780247 0.01530423260300684
1 0.4377221293919523 0.5226998868473525 0.011735994977254194 0.013210555885915465
1 0.6222279547346874 0.5492768543491096 0.00993304757772795 0.00780701497255476
1 0.2990227622785733 0.5006984250555826 0.02514144464437945 0.024666711655076723
1 0.2138565751102411 0.48619931088728163 0.02414532428634339 0.024497127184094303
1 0.8176520044741746 0.587918189034792 0.024145383123930997 0.02449713720089708
1 0.5571729441447759 0.5435729417043815 0.023149262765894685 0.024327552729914714
1 0.3928699105422081 0.5086183967004883 0.009098358721542521 0.008684278876920803
1 0.19299135751901642 0.4756643312008966 0.010417147430604567 0.010947412373016718
1 0.15223211505009648 0.46818818033877846 0.010255774766341458 0.009900574014471086
0 0.8993846390350073 0.5948499766328801 0.010417147430604623 0.010947412373016663
0 0.7251485578547114 0.5646500062582795 0.010255774766341319 0.009900574014470975
0 0.696261773522715 0.5597321768014216 0.010255774766341319 0.009900574014471086
1 0.6668769290117005 0.5547295551090724 0.00925965440830534 0.0097309895434885
1 0.6513567889931222 0.5526244851057366 0.010417147430604512 0.010947412373016663
0 0.380997476184638 0.5060600189618412 0.011251895124377576 0.010070158485453562
0 0.3644811863892297 0.5037853594791215 0.010417147430604512 0.010947412373016774
0 0.3535241272199765 0.501919975373927 0.012409329309089168 0.011286571298178838
0 0.1637678913117055 0.46961493249179 0.011413267788640685 0.01111699684399925
0 0.8825316911436378 0.5914436915645249 0.012570760810939885 0.012333419673527524
0 0.737101707963207 0.5666849698260552 0.012570760810939996 0.012333419673527413
0 0.7082956008933857 0.5612437800275119 0.012409388146676692 0.011286581314981725
0 0.6798261994782322 0.5569341031478304 0.011574640452903795 0.012163835202544826
1 0.4781416935472656 0.5091699853250221 0.012086602120475742 0.009193012256262678
1 0.2236392082721147 0.46584221977849943 0.009098329302748731 0.008684273868519443
0 0.21235943662364493 0.4660703972194218 0.011735994977254166 0.01321055588591541
1 0.7982111510798999 0.5615116353709142 0.009771674913464978 0.0067601766140091835
1 0.8847908177437578 0.576788542920761 0.01025577476634143 0.009900574014471086
1 0.8134892909396712 0.5651869729288712 0.011413267788640602 0.011116996843999138
0 0.6516237337147575 0.5376301775368105 0.012409388146676803 0.011286581314981614
1 0.639831956270525 0.5345483756104892 0.008102297201094122 0.00851470442274127
0 0.5669555625972527 0.5232158480913986 0.010417147430604623 0.010947412373016774
0 0.13913243016771049 0.4503811158205309 0.011413267788640657 0.01111699684399925
0 0.8718415472772262 0.5745839948820028 0.012570760810939996 0.012333419673527413
0 0.8270979354118964 0.5664294648277721 0.010417147430604401 0.010947412373016774
1 0.5536696634535537 0.5198796794754065 0.011413267788640491 0.01111699684399925
0 0.5387282111085374 0.5173359725114862 0.009421027072568422 0.010777827902034298
0 0.5261156281567607 0.5162630550667651 0.014724238376187304 0.013719289265257228
0 0.46792471506467503 0.5058191897466864 0.00958245857441914 0.011824676277382762
1 0.26761484821729276 0.46903178704236637 0.010417147430604512 0.010947412373016718
0 0.32572508404720324 0.4799990127041304 0.014050922184265013 0.01564339152816896
1 0.44257709051434896 0.4945210877692896 0.010739879154196275 0.013041000833726779
1 0.2689057864491049 0.46065735965254195 0.009771679448442983 0.006760206032802973
1 0.30453711548801177 0.47155764839304837 0.02314926276589485 0.02432755272991466
0 0.2126263689033724 0.45107607243689823 0.011735999512232365 0.0132105853047092
1 0.19048415869708007 0.4521407072720901 0.02414532428634339 0.024497127184094303
1 0.8500609307183312 0.5633560778955522 0.024145383123931108 0.02449713720089719
0 0.5686359562911576 0.508999238135035 0.009259663478261682 0.00973104838107619
0 0.5561041207765891 0.5074028968184469 0.01041714289562623 0.01094738295422304
1 0.504335035377219 0.5050350817469274 0.0243067263694004 0.025543970551041517
0 0.3573829928681526 0.47357162625207677 0.011413263253662431 0.011116967425205404
1 0.3396953153643585 0.46894899690957925 0.008936986057279384 0.0076374405183751715
0 0.22706975653439243 0.45353501658412104 0.011062615412766097 0.01513461871323063
0 0.17019766837262987 0.44116712755651655 0.009259692897055471 0.009731053389477606
0 0.141728260155009 0.4368574948050257 0.010417142895626369 0.010947382954222928
0 0.540247232138179 0.5041662009136683 0.010578511024911252 0.01199419189397477
0 0.5267999603302169 0.5018768706562218 0.009582390666875273 0.011824607422992295
0 0.3967287739228951 0.48027006228803504 0.012732065567659101 0.013380189177682633
0 0.36891876686227254 0.4749983931144852 0.012570692903395908 0.012333350819136835
1 0.6834290254550346 0.5269307580818567 0.011413263253662653 0.011116967425205515
1 0.6732121035425427 0.5235799872297207 0.00993304757772806 0.007807014972554982
0 0.6548789331727713 0.5231445298002418 0.012732119870268566 0.013380169775691675
0 0.5698183395736754 0.49469790479757053 0.011413267788640713 0.011116996843999138
0 0.5035779685073289 0.4834208154435141 0.014401540606367669 0.011625735231742373
0 0.3711778979973706 0.4603432150519276 0.010255783836297772 0.009900632852058666
1 0.3591440615567435 0.4588316706634248 0.010417147430604567 0.010947412373016774
0 0.3307553374037651 0.45399863344205804 0.011413267788640713 0.011116996843999194
1 0.3019492394039002 0.4485573848059272 0.009259722315849261 0.009731058397878967
1 0.14456612082437073 0.42176370200388263 0.009259692897055471 0.00973105338947755
0 0.13253228438374365 0.4202521576153798 0.013405449667125341 0.011456155769161314
0 0.7438790968335232 0.522719465057176 0.010255783836297883 0.009900632852058555
0 0.7149923125015265 0.517801635600318 0.010255783836297883 0.009900632852058777
1 0.6861055281695303 0.51288380614346 0.010255783836297883 0.009900632852058666
1 0.6736543178820165 0.5107640503401931 0.011251904194334084 0.010070217323041142
1 0.4724429773348712 0.47650883362157104 0.009259722315849206 0.009731058397879022
0 0.34336791582056364 0.455071580305573 0.010417147430604623 0.010947412373016774
0 0.7314278865460094 0.5205997092539092 0.011574631382947453 0.012163776364957246
0 0.6572187438375336 0.507965976686602 0.012570751740983654 0.012333360835939722
0 0.5581879257237499 0.49056932335029113 0.009421027072568422 0.010777827902034298
0 0.4838174148859891 0.47898239972273593 0.014724306283731337 0.013719358119647473
0 0.8754444343591055 0.5445806451234351 0.012732124405246625 0.01338019919448552
0 0.7026217885461445 0.5151584606177783 0.011736004047210424 0.013210614723502934
0 0.6448482198821517 0.5053228017040623 0.011736004047210424 0.013210614723502934
1 0.2740446151037984 0.4405839501840985 0.010578511024911308 0.011994191893974882
1 0.012488791982588409 0.3965925450354525 0.0077516104117788046 0.0125322917865211
1 0.621924075162077 0.4981972988223342 0.00643278367363509 0.010269094522692424
1 0.4475933767423021 0.4652955629994548 0.011736004047210646 0.013210614723503045
1 0.7926598969732583 0.5245785245273547 0.011223974472094667 0.01618136881539478
1 0.28548576959095 0.439308966307625 0.011546710730664489 0.018274986694898687
1 0.11623017252565968 0.40995689825433124 0.011385361845754657 0.017228209678141315
1 0.6189218714370024 0.49446337580703925 0.010389226778321548 0.017058622702958104
1 0.8250329848832061 0.5300898795990457 0.025141385806791927 0.024666701638274002
1 0.5376593809378831 0.4811659717537422 0.024145383123930775 0.024497137200897134
1 0.39521767057517926 0.45691598840301584 0.024145324286343417 0.024497127184094303
0 0.36074379833731063 0.4451384848947354 0.009421085910156057 0.010777837918837074
1 0.3458830277894477 0.44207138817033614 0.009259722315849317 0.009731058397878911
0 0.30346828985233576 0.4353876182165106 0.008424965552119912 0.010608253447854599
0 0.23174938920136265 0.4231778368098569 0.012409358727882958 0.011286576306580254
0 0.21979623909286714 0.4211428732420813 0.010417147430604567 0.010947412373016774
0 0.17489123985387736 0.41403517904219556 0.010578511024911252 0.011994191893974882
0 0.1461658383605627 0.4080705431497863 0.012247995133576328 0.010239796785622202
0 0.6608106919153793 0.4946119548514762 0.00925966347826146 0.009731048381076302
0 0.7175881402213361 0.5042780292942097 0.009582390666875051 0.01182460742299235
0 0.5732349003585071 0.4791654922494407 0.011413267788640824 0.011116996843999138
0 0.5164574520525502 0.4694994178067072 0.011413267788640713 0.011116996843999138
0 0.4874900153421942 0.4651049831187296 0.011574631382947453 0.012163776364957246
0 0.3732756610031838 0.4467348459291218 0.014885669878038077 0.014766137640605692
0 0.705715671909994 0.501719675965955 0.015720367804179958 0.01388893257382734
0 0.6489382236040371 0.49205360152322153 0.015720367804179847 0.01388893257382734
1 0.015568702839076926 0.37992856867388486 0.009070433595989781 0.014795431151837346
0 0.3176805710959294 0.4227674037217286 0.012409329309089279 0.011286571298178838
0 0.9210585824847857 0.5238780629418727 0.011251904194333862 0.010070217323041142
1 0.9091861141734435 0.5213197096136182 0.009098290813998489 0.008684210022530503
1 0.7194298929745694 0.48901466923568176 0.01009441117203469 0.008853794493512979
0 0.690045048463555 0.4840120475433325 0.01109053153007089 0.009023378964495343
0 0.5175591535379148 0.4557214742297217 0.011413267788640713 0.01111699684399925
1 0.5061847352311721 0.45324788121396375 0.010255813255091728 0.009900637860460026
0 0.20627920524741022 0.4027276317362649 0.01240935872788304 0.01128657630658031
1 0.136633183839101 0.39033359195365097 0.008263609312511633 0.009561475178996859
1 0.01784178642424105 0.3684985487155672 0.008775602237551966 0.006590657554141177
1 0.734452027116739 0.4910349864391229 0.010255783836297883 0.009900632852058722
1 0.7069786826870559 0.48689491343241487 0.011413267788640491 0.01111699684399925
1 0.6766784584527461 0.48119932752540695 0.008263660795400751 0.009561483943699267
0 0.5649543801250104 0.4632531170860601 0.016555115497952855 0.013011678686264128
0 0.3926297944910678 0.4339157248158947 0.010578511024911252 0.011994191893974937
0 0.339338679181856 0.42484318099639556 0.01755117701840142 0.013181253140443716
0 0.14900369676243536 0.3929767650580402 0.011736004047210535 0.013210614723503045
0 0.7469839237363842 0.49263132306311685 0.013728127088107778 0.013549763631862388
0 0.6488684808109173 0.4759276633602586 0.010739883689174445 0.013041030252520514
1 0.4633386438766571 0.4427307371240142 0.011574631382947342 0.012163776364957357
1 0.8097239528166753 0.5000897140641776 0.006432783673635201 0.010269094522692479
1 0.6343304419866461 0.4707669781751493 0.010578511024911474 0.011994191893974882
1 0.2909055100958875 0.407466394778018 0.009421085910156002 0.010777837918837019
1 0.7956839787064003 0.49501379169576565 0.012220094830130868 0.0163509532863772
1 0.8072058489444773 0.49321539364842065 0.009421027072568311 0.010777827902034298
1 0.12230931473982662 0.37715233568295636 0.010578525734308189 0.011994194398175617
1 0.30948070324079235 0.4063316337894677 0.009098349651586124 0.008684220039333279
1 0.2241531332337784 0.3928793260567179 0.01041714743060454 0.010947412373016885
0 0.19592577721008492 0.3869994798955992 0.009098320232792362 0.008684215030931863
1 0.17296277283369374 0.39007292566540674 0.02314923334710106 0.024327547721513243
0 0.13964635598700315 0.3774181920539053 0.010094418526733123 0.008853795745613291
1 0.8579399713063807 0.5056125606952971 0.024145383123930775 0.024497137200897023
1 0.4849021347231045 0.4421047489504022 0.02314926276589474 0.02432755272991466
0 0.39464687569972756 0.4208307454535679 0.010417147430604567 0.010947412373016774
0 0.3379501091909241 0.41064128125035537 0.010255783836297883 0.009900632852058666
0 0.3218511977773806 0.40897480376360595 0.012570692903395908 0.012333350819137001
0 0.23726374241080117 0.39403706014732265 0.010417147430604567 0.010947412373016774
1 0.15225891883677578 0.3784911664580636 0.009098320232792362 0.008684215030931863
1 0.8810643392770787 0.5014923354045315 0.008102288131137558 0.008514645585153635
0 0.8231294024838006 0.49270348543056747 0.010417147430604512 0.010947412373016885
0 0.40725944958154786 0.4219037217358767 0.011413267788640713 0.011116996843999138
0 0.35065730031222364 0.41441602298094304 0.013054792756272582 0.015473748219598848
0 0.2074615489367157 0.3884262614674045 0.012570722322189726 0.012333355827538361
0 0.8359173093560256 0.49595481299028366 0.015046974634757015 0.015812907144760968
1 0.7501584300597992 0.4786691386340118 0.009259663478261682 0.00973104838107619
0 0.7376265379751323 0.47707277259122405 0.010417147430604623 0.010947412373016718
0 0.6792742861725556 0.4676757212192986 0.011574631382947453 0.012163776364957246
0 0.6638347736485213 0.46504722201988724 0.012570751740983654 0.012333360835939777
0 0.6515449269553144 0.4618806866956622 0.011251904194333862 0.010070217323041086
0 0.7196161604340294 0.47454372200844097 0.014885611040450497 0.014766127623802916
0 0.6918061782572225 0.46927208726208647 0.014724247446143646 0.013719348102844864
1 0.022535360203831796 0.34136660059252755 0.010739897479234015 0.01304103260020878
1 0.0249698078429713 0.3288898011915081 0.011735993934500182 0.013210613001865101
0 0.34597957436924665 0.3685003124525843 0.01109053153007078 0.009023378964495399
1 0.21648713447307444 0.3464548771406159 0.009098320232792362 0.008684215030931863
0 0.48700781541084354 0.3919725343447593 0.012247965714782483 0.01023979177722073
1 0.4014242691050218 0.376865211265895 0.008102229293549978 0.008514635568350915
0 0.31759085021626826 0.36366727523121745 0.012409329309089223 0.011286571298178838
0 0.2046146661617323 0.34389652381236124 0.0092596928970555 0.009731053389477606
0 0.9274434968383904 0.46588020847074063 0.01224802455236984 0.010239801794023451
0 0.8418599459975905 0.45077291481067006 0.01009441117203469 0.008853794493512979
0 0.7148577775777147 0.4291514356677565 0.011090531530070669 0.009023378964495399
0 0.6858903114485648 0.4247569959713775 0.011251904194333862 0.010070217323041086
0 0.3580940926070271 0.369488467080608 0.011413267788640713 0.011116996843999138
0 0.14783720682372778 0.3342304474914771 0.011574624028248992 0.01216377511285699
1 0.8713254768407366 0.4552521173237465 0.00925966347826146 0.009731048381076135
1 0.7437445619097112 0.4340692651246144 0.011413267788640713 0.011116996843999194
1 0.7283857357178085 0.4309173467459302 0.008263660795400862 0.009561483943699323
1 0.6575822690927398 0.4194005689895317 0.010417147430604623 0.010947412373016718
0 0.9157323966563332 0.4622750462027341 0.012409388146676692 0.011286581314981614
0 0.8280759821398953 0.44735198337798043 0.010417147430604623 0.01094741237301683
0 0.7558590801474917 0.4350574197526382 0.011413267788640713 0.01111699684399925
0 0.8579588868299279 0.4524393973058209 0.012732124405246847 0.01338019919448541
1 0.47163508773038687 0.3855954363469247 0.010417147430604567 0.010947412373016718
1 0.6436757379244887 0.4068274878282555 0.009259663478261793 0.00973104838107619
1 0.28980573795084263 0.3449714971889727 0.009771683983421153 0.006760235451596708
1 0.2204157304724624 0.3342324489681311 0.009421056491362212 0.010777832910435658
1 0.183668762238376 0.33388496330524897 0.02314923334710106 0.024327547721513187
1 0.5220853481994339 0.38988727512597 0.02398399011083041 0.023450352671537666
1 0.3810570924484401 0.36641505072959424 0.02314926276589485 0.02432755272991466
0 0.33205914171244166 0.3527020516721576 0.011574631382947342 0.012163776364957357
0 0.3196886132220814 0.3500589061084117 0.010417147430604512 0.010947412373016774
0 0.24539880342584913 0.33794856580578436 0.015881731398486587 0.014935712094785447
0 0.16246686277183686 0.32221841436661525 0.010417147430604567 0.010947412373016718
0 0.15051370898599215 0.32018345017278943 0.010417154785303001 0.010947413625117086
1 0.894369158479303 0.4516553112122536 0.025141385806791705 0.024666701638274002
0 0.5452097014607349 0.38576704733100364 0.010255783836297883 0.00990063285205861
0 0.5013007829865688 0.3788289006707044 0.012409329309089112 0.011286571298178838
0 0.8729251796675317 0.4415589559654495 0.010578511024911474 0.01199419189397477
0 0.8594779078595696 0.439269625708003 0.011574631382947453 0.012163776364957302
0 0.843957713538382 0.4371645162690705 0.010739883689174445 0.013041030252520514
1 0.8329060371296494 0.43259736671559706 0.01092916793576415 0.007976599443537347
1 0.7578761613561515 0.42197244039031145 0.011574631382947453 0.012163776364957302
0 0.7459230112476559 0.4199374768225359 0.011574631382947453 0.012163776364957302
0 0.5567454731873658 0.38719382890280896 0.013405390829537622 0.011456145752358593
1 0.33282412172927933 0.33779250191152765 0.010255783836297827 0.009900632852058666
0 0.1814175634946007 0.3120162983891702 0.0102557838362978 0.009900632852058666
1 0.7474420322772977 0.40676770522471795 0.01009441117203469 0.008853794493512979
1 0.7026984158769899 0.39861320458928096 0.00993304757772795 0.0078070149725548155
1 0.5327833905033964 0.3702231532402479 0.009098290813998489 0.008684210022530447
1 0.237360303699997 0.3204659869337715 0.008263601957813171 0.009561473926896491
1 0.20889087850549015 0.31615636638747685 0.009421056491362184 0.010777832910435658
1 0.5193361039860375 0.3679338204786007 0.010417176849398357 0.01094741738141819
0 0.40578116324593305 0.34860166408053156 0.010417147430604567 0.010947412373016774
1 0.32210911248646446 0.3343569191061022 0.010417147430604512 0.010947412373016718
0 0.19403012720200233 0.3130892427484845 0.011574631382947398 0.012163776364957302
1 0.7178818593108567 0.3995867028361675 0.008102288131137558 0.00851464558515358
1 0.6744710010157087 0.39273334841135954 0.009259663478261682 0.00973104838107619
0 0.6615217893867646 0.39052881038940424 0.011251904194333862 0.010070217323041086
0 0.39199719938823785 0.3451807326478419 0.010417147430604567 0.010947412373016774
0 0.16580276664333066 0.30720942600615964 0.01057851102491128 0.011994191893974826
0 0.1522747872967706 0.30544348112684094 0.01173599669251213 0.013210613471402677
0 0.6909066338977792 0.39553143208175345 0.014562874781880786 0.01267250974429912
0 0.7322306093535602 0.3993438176891224 0.013216224258123188 0.016520596594947368
1 0.4768794952449198 0.3515745135399103 0.010578511024911363 0.011994191893974826
1 0.23937738490865682 0.3073810075714447 0.008102229293550034 0.008514635568350803
1 0.4985515342381941 0.35687547544212894 0.02398396069203651 0.023450347663136195
1 0.3944316250249903 0.3327039596918779 0.009098349651586124 0.008684220039333224
1 0.35752329319659715 0.3334032535499539 0.02314926276589485 0.024327552729914548
1 0.33665808577979117 0.3228683057865633 0.009098349651586124 0.008684220039333224
0 0.22501467453981197 0.3043987030825367 0.009259692897055471 0.009731053389477606
1 0.16732180238236927 0.2940396569125424 0.009098320232792362 0.008684215030931808
1 0.8692605263120463 0.41891253209502005 0.023984019529624367 0.023450357679939082
1 0.662960128619253 0.3778824285520654 0.008263660795400862 0.009561483943699267
1 0.5777939561603178 0.3633833168879651 0.009259663478261793 0.009731048381076135
1 0.5494859138044927 0.3580268899061192 0.0100944111720348 0.008853794493512923
0 0.5220125546654125 0.3538868143952105 0.009259692897055416 0.009731053389477495
0 0.21314220622846983 0.30184034975428203 0.013405449667125313 0.011456155769161369
1 0.1957105265353477 0.29887269413390916 0.01041714743060454 0.01094741237301683
0 0.15594738039827727 0.29156606327073425 0.01025579119099626 0.009900634104158978
0 0.5631891958650346 0.361971211099288 0.012893487999553366 0.014426978715443572
0 0.5333869729721554 0.35636040741096847 0.012732124405246625 0.01338019919448552
0 0.7493644713626626 0.39098092598691714 0.011413267788640713 0.011116996843999194
0 0.7219718087301328 0.38631746321973004 0.012409388146676692 0.01128658131498167
0 0.6755727025010734 0.37895540483437407 0.013566754423844585 0.0125029252733167
1 0.5894910960162335 0.3637632895200185 0.012409388146676914 0.011286581314981725
1 0.038232764913186064 0.2693772112998779 0.007912974465754175 0.013579071385735442
1 0.037275506969478456 0.2590086786468974 0.014078808025147022 0.00953211797828879
1 0.7038249623899201 0.37141108328921013 0.01208665188810687 0.009192963435477874
0 0.21657274204883975 0.28953312934630604 0.016393722484852297 0.01196489415690466
1 0.1987236986832498 0.2859572942341635 0.0102557838362978 0.00990063285205861
0 0.15838182442177587 0.2790892934450211 0.009259692897055471 0.00973105338947755
0 0.3393345658779602 0.3088213047115745 0.010255783836297772 0.009900632852058666
1 0.6681268756587404 0.36425941306492515 0.014401511187574045 0.011625730223341013
0 0.4972157593459047 0.335699782253311 0.013566813261431998 0.012502935290119421
0 0.39461789248445045 0.3182330124646371 0.013566813261431998 0.012502935290119477
0 0.894401975491404 0.4017073274419277 0.012409388146676692 0.011286581314981725
0 0.5925849793800828 0.3503245048681952 0.010417147430604401 0.01094741237301683
0 0.5811298306130178 0.348374323519108 0.011413267788640713 0.011116996843999194
0 0.38232805032622175 0.31506644772161835 0.008586329146426652 0.011655032968812762
0 0.3264660066273757 0.3060933719207387 0.012732065567659101 0.013380189177682633
0 0.9080106154286509 0.40294984875962236 0.009421027072568422 0.010777827902034243
1 0.836789774956696 0.3908248595884598 0.012409388146676692 0.01128658131498167
1 0.7645728729642924 0.3785302959631176 0.009421027072568644 0.010777827902034298
1 0.6938500338337679 0.3664900890106435 0.009421027072568422 0.010777827902034354
0 0.5258465481347183 0.3389626232786475 0.014724276864937713 0.013719353111246169
0 0.1851011029548395 0.2814895538617219 0.010901247283481158 0.014087809773478621
1 0.30110441494844087 0.2915701244355795 0.008586329146426708 0.011655032968812706
1 0.6514741510179942 0.3496073998240761 0.009421027072568422 0.010777827902034298
1 0.36179950554035506 0.30566309612506953 0.022987899171588055 0.023280773208956496
1 0.24965806354015158 0.2871087061939531 0.02414532428634339 0.02449712718409436
0 0.22921020508641649 0.2771819354181314 0.011251904194333945 0.010070217323041086
0 0.21667832317616822 0.2755856012983381 0.010417147430604567 0.010947412373016718
1 0.20189825366983377 0.2719950878988666 0.008102229293550034 0.008514635568350803
1 0.8224659242441676 0.3776436064480161 0.008425024389707492 0.01060826346465743
1 0.5596859106388342 0.33827797828910666 0.023984019529624367 0.023450357679939027
0 0.4275139399035913 0.3104050214843306 0.009421085910156002 0.01077783791883713
0 0.17392689318932314 0.2677702301692695 0.008586329146426652 0.011655032968812706
1 0.872621358932509 0.39047941045547696 0.023984019529624367 0.023450357679938916
0 0.595598122109191 0.3374090999600482 0.010255783836297772 0.00990063285205861
0 0.39829049294065555 0.30435559586063077 0.010417147430604512 0.010947412373016718
0 0.16105831922934177 0.26504229487423303 0.014724276864937547 0.013719353111246224
0 0.8517561266318875 0.37994442826489117 0.010578511024911252 0.011994191893974882
0 0.8398836583205452 0.3773860749366365 0.012409388146676914 0.011286581314981614
0 0.7077395788187915 0.3559634923953653 0.013728127088107556 0.013549763631862444
0 0.9350914808066447 0.3930576014828712 0.015558995139916654 0.012842094215281596
0 0.4010476548359779 0.28978520502516303 0.00909834965158618 0.008684220039333279
1 0.8997549899903512 0.37361336472754675 0.01208665188810698 0.009192963435477819
0 0.5848273598181919 0.3210727736360143 0.010417147430604512 0.010947412373016774
0 0.3317383099103759 0.2785227939584355 0.010578511024911252 0.011994191893974882
0 0.1629000903693213 0.249778937945956 0.01157462402824902 0.01216377511285699
0 0.7683510251290322 0.35070534630274197 0.010255783836297883 0.009900632852058722
0 0.7548230081513508 0.34893942520776555 0.011413267788640713 0.011116996843999194
0 0.6999570599267254 0.34013589945067324 0.015558995139916654 0.012842094215281541
0 0.5305400947321501 0.31183064033713137 0.015720367804179847 0.013888932573827395
0 0.5012359614370828 0.30630463389270446 0.012570692903395964 0.012333350819136946
0 0.38809841378824006 0.28758066199480636 0.013728185925695191 0.01354977364866522
0 0.1914501789742354 0.25356516560152065 0.012893458580759631 0.014426973707042212
1 0.9110347559993806 0.3733851259448361 0.010417147430604512 0.01094741237301683
1 0.4749061700523947 0.29806218120846906 0.01009441117203469 0.008853794493512923
1 0.48594391555377947 0.29940414613439076 0.010578511024911363 0.011994191893974882
1 0.306538086360726 0.26295273753352433 0.010094411172034634 0.008853794493512923
1 0.1494109486149825 0.23781404065880052 0.007590238207184324 0.011485453506231619
1 0.3174144637328259 0.2653415113991979 0.010578511024911197 0.011994191893974826
1 0.2549303668231518 0.2595381282316498 0.02398396069203665 0.023450347663136195
1 0.8153010069845896 0.3511784673268004 0.011223974472094556 0.016181368815394892
1 0.36707183824214906 0.2780925231711676 0.023149262765894796 0.02432755272991466
0 0.20617446601359163 0.24425493047398228 0.0102557838362978 0.009900632852058666
1 0.5997936526557957 0.3101923322956429 0.008263660795400862 0.009561483943699267
0 0.5868444410268516 0.3079877942736876 0.010255783836297772 0.009900632852058722
1 0.5639621229825921 0.3105378208642223 0.024145383123931108 0.02449713720089708
1 0.43095542943739185 0.2814484756571132 0.009259722315849317 0.009731058397878967
1 0.38969814603382896 0.2738875056449107 0.01009441117203469 0.008853794493512979
1 0.23414582649410226 0.24847978820357947 0.010417147430604595 0.010947412373016774
0 0.22219267638560675 0.24644482463580383 0.01041714743060454 0.010947412373016718
0 0.5429355180177073 0.3010496770321822 0.010739883689174445 0.013041030252520569
0 0.5300669780114979 0.2983217173267534 0.010578540443704876 0.011994196902376186
0 0.5152061927542381 0.2952546180981534 0.010417147430604512 0.010947412373016774
0 0.3446317684911355 0.26782658846178237 0.014885669878038077 0.014766137640605748
0 0.9256783714160022 0.36459831250077124 0.008586387984014121 0.011655042985615538
1 0.8770589394055519 0.36169244409084067 0.024145383123930997 0.024497137200897134
0 0.8552115425380574 0.3542130964840194 0.012058731235824016 0.015304173765419371
0 0.6846231873676072 0.32355988222009663 0.010578511024911252 0.011994191893974882
0 0.9109789689974241 0.3604844068366201 0.014401511187573823 0.011625730223341124
0 0.8982857087834724 0.35993484973358414 0.011897367641517387 0.014257394244461097
1 0.9400271214587055 0.36435542735372617 0.012409388146676914 0.011286581314981614
1 0.36440327582590604 0.25561567876331925 0.00909834965158618 0.008684220039333279
1 0.42068266395284476 0.26519696097056156 0.010417147430604512 0.010947412373016718
1 0.392872686311016 0.2599252968054132 0.010255783836297827 0.00990063285205861
1 0.3764371122665331 0.25712722315182207 0.009259722315849261 0.009731058397879022
0 0.23682232130166816 0.2344327896327914 0.011574631382947398 0.012163776364957302
0 0.43271650039347187 0.2667085053590643 0.012570692903395908 0.012333350819137001
0 0.224949852990326 0.2318744363045367 0.011736004047210563 0.013210614723503072
0 0.16783571263463606 0.22107676068656007 0.010417147430604567 0.010947412373016802
1 0.9136554785143869 0.34643741077003276 0.009259663478261682 0.009731048381076246
1 0.7701369954152875 0.3225412377172042 0.013405390829537844 0.011456145752358593
0 0.7332007383996332 0.3167901817221678 0.015558995139916654 0.012842094215281652
0 0.6012987721968835 0.2937973810786746 0.01041714743060429 0.010947412373016718
0 0.5423677150455695 0.2848389466337281 0.016716488162216048 0.014058517044809815
1 0.7588432690801166 0.31954428686396175 0.010417147430604512 0.010947412373016718
0 0.9013656363561584 0.34327084602701396 0.010578511024911252 0.011994191893974882
0 0.40564659890332744 0.25995145913956863 0.013889549520001931 0.014596553169623327
1 0.47984181070445564 0.26936000707932395 0.011251904194333973 0.010070217323041086
1 0.2602833666127023 0.2314441630130682 0.023983960692036677 0.023450347663136223
1 0.6483293770120067 0.2937471023254512 0.011223983542051008 0.016181427652982527
1 0.5682383353263499 0.28279766343933793 0.023984019529624145 0.02345035767993897
1 0.3665010433666974 0.24200728022171972 0.009098349651586124 0.008684220039333224
1 0.3440361037043025 0.2451654888082247 0.024145324286343306 0.02449712718409436
1 0.21144676929659187 0.216684352511679 0.010417147430604567 0.010947412373016802
0 0.183636772410388 0.21141271526112373 0.0102557838362978 0.009900632852058722
0 0.17060684956549677 0.2097315619912461 0.010417147430604567 0.010947412373016774
0 0.5194017233008426 0.26803785043374806 0.010417147430604512 0.010947412373016718
0 0.4218650223515472 0.2508955932059019 0.010255783836297827 0.009900632852058638
1 0.40708496755460966 0.24730508231063114 0.009933047577727894 0.007807014972554788
0 0.3949704493168291 0.24631692768260743 0.010255783836297827 0.009900632852058583
1 0.8514522470592771 0.3288648727381159 0.023984019529624145 0.02345035767993897
0 0.7328082638829219 0.30275783201991485 0.01025578383629766 0.009900632852058666
1 0.7040021613480787 0.2973166128025778 0.01009441117203469 0.008853794493512979
1 0.6759501292448333 0.29361517675645415 0.010417147430604623 0.010947412373016774
1 0.6033158534055434 0.28071240171634787 0.01025578383629766 0.009900632852058666
0 0.5907032749887449 0.2796394548528329 0.011574631382947453 0.012163776364957302
1 0.547534466620035 0.27121590172779403 0.010255783836297883 0.009900632852058666
0 0.5355813165115395 0.2691809381600184 0.010255783836297883 0.00990063285205861
0 0.5076906231187854 0.2644326881657415 0.010255783836297772 0.00990063285205861
0 0.43622773272039206 0.25387789769480995 0.011736004047210591 0.013210614723503045
1 0.3772827740805242 0.24169428363071302 0.010094411172034579 0.008853794493512923
1 0.8875258854965067 0.3269491954861083 0.010255783836297883 0.009900632852058666
0 0.8755727353880112 0.3249142319183327 0.012248024552370285 0.010239801794023562
0 0.9153358676733137 0.33222083023246285 0.012732124405246514 0.013380199194485465
0 0.9039614595409895 0.32974726913969943 0.011574631382947231 0.012163776364957302
1 0.7430361813695461 0.28945929967480855 0.01192528829380024 0.008146183914519767
1 0.7131532766795134 0.28437188574696803 0.01192528829380024 0.008146183914519767
1 0.769674771302989 0.2923829939801791 0.013082659105946304 0.009362557291648532
1 0.5204894644600657 0.2510347172208095 0.007428845194083711 0.010438668976872179
1 0.5125206781085396 0.2496780715033582 0.007428845194083711 0.010438668976872095
1 0.3531453629411285 0.22254522727195075 0.007428845194083766 0.010438668976872179
1 0.20514445590604155 0.1978859441333068 0.006594147267941997 0.011315874043650559
1 0.8595654164906054 0.30607502438456247 0.0075902698934673385 0.011485473224029985
0 0.23864713653484299 0.19606972989151727 0.013244081537840402 0.0104093468294095
1 0.4072293789194609 0.2231586006027262 0.01109053153007078 0.009023378964495427
0 0.8534942275981121 0.3023557550883003 0.011385347136357749 0.01722820717394058
1 0.7704676448208049 0.2839238037736571 0.01407877492900389 0.009532112343837162
1 0.7140268885645813 0.27538933050616676 0.011413267788640824 0.011116996843999194
1 0.5748513392802514 0.22000442063202175 0.01192528829380024 0.008146183914519767
1 0.2627366828891864 0.16579419224043268 0.0092596883620773 0.009731023970683761
1 0.2009787504682241 0.15528021547639242 0.009259688362077273 0.009731023970683789
1 0.8649433337209615 0.26455690131859727 0.007428904031671513 0.0104386789936749
0 0.2149908186356131 0.15390576107709866 0.011385347136357749 0.01722820717394058
1 0.43029494083358366 0.18626312393495245 0.007428845194083766 0.010438668976872179
1 0.7682134666156235 0.24218064352018226 0.0092596589432834 0.009731018962282345
1 0.7210602333848677 0.23307877723741316 0.00993304757772795 0.007807014972554843
1 0.23543266386392647 0.1240835017425315 0.010767799806479156 0.00692979050378538
1 0.32374851913057523 0.13804456507662205 0.009771679448443094 0.006760206032802946
1 0.16287903813550683 0.11065734664294166 0.010767785097082205 0.006929787999584741
1 0.659096089371676 0.19406153296267303 0.008775559090406837 0.006590621561820442
1 0.587875248899721 0.18193654379151053 0.007779556407545796 0.006421057124443547
1 0.5624748269832633 0.17761224996628838 0.010767799806479128 0.006929790503785366
1 0.5320938915330065 0.17244004881135805 0.007779497569958327 0.006421047107640826
1 0.5146622265492813 0.16947239569518585 0.010767799806479128 0.006929790503785366
1 0.45091208283104056 0.15861925499758203 0.010767799806479128 0.0069297905037853935
1 0.06714526656609765 0.08845066908967043 0.007267506483592645 0.009391865045521641
1 0.33964421085520324 0.13108228760366536 0.010767799806479184 0.0069297905037853935
1 0.4204893252399469 0.14377149495159514 0.010767799806479128 0.006929790503785421
1 0.7144570787207007 0.18307531868646457 0.014078779463982172 0.009532141762631063
1 0.7365325629210031 0.1857592926664987 0.014078774929004223 0.009532112343837246
1 0.860290477689366 0.20521704749434827 0.007940924536830929 0.007467866064195444
1 0.8393724797088957 0.2016558637549416 0.00826365626042258 0.009561454524905477
1 0.7368413365859424 0.18044049986043864 0.007106172308079639 0.008345090532964894
0 0.23620859759419477 0.09252462656266025 0.011574631382947426 0.012163776364957316
1 0.8859997298408615 0.20422257323971 0.01520834276404226 0.01685971608451295
1 0.8498703089366536 0.19323750196470785 0.00810228813113767 0.008514645585153607
0 0.786860304742663 0.18089895981076573 0.011897367641517054 0.014257394244461097
0 0.16893028176148622 0.07140240855596156 0.012220084655712005 0.016350980200970477
1 0.0727930952005495 0.0518127202950552 0.011574622863650255 0.012163782076274068
1 0.8683897461990127 0.17920201584429518 0.008102291532371297 0.008514667649248936
1 0.79103093539222 0.1671063341111985 0.007428902897926748 0.010438671638976493
1 0.7522638651942384 0.15996930657389874 0.015236263416325113 0.010748505754571619
1 0.7416435303278737 0.15923551026560256 0.006594148401686595 0.01131588139834902
1 0.8763584742798235 0.18055864786759454 0.006432783673635312 0.010269094522692479
1 0.8180062207766299 0.17116160752771686 0.007590268759722574 0.011485465869331496
1 0.2006549267628444 0.061226445211676486 0.00977167944844301 0.006760206032802953
1 0.5095253012173473 0.11327293692510171 0.007940865699243349 0.00746785604739271
1 0.4477673687963851 0.10275896016106145 0.009933047577728005 0.007807014972554829
0 0.2585898477129808 0.07001530003613833 0.012409358727882958 0.01128657630658031
1 0.42832953218923997 0.09622695347537256 0.008263597422834945 0.009561444508102729
1 0.2310079551364707 0.05994827695359963 0.013082715676044548 0.009362552599054455
1 0.5072492178527939 0.1048284128007125 0.009098351919075265 0.008684234748730174
1 0.0792507613192504 0.02981529302673895 0.008775596783236445 0.006590627978834782
1 0.7931954227034065 0.14974936720521442 0.00993304757772795 0.0078070149725548155
0 0.7781733451313354 0.1477290747279729 0.010417147430604512 0.010947412373016718
0 0.6922531022408025 0.1314901798926592 0.01292129097666106 0.008315748351896662
1 0.9369559568626891 0.17207533420311347 0.007940924536830929 0.007467866064195472
1 0.653405349678795 0.12487654579318773 0.009259658943283622 0.009731018962282428
0 0.9171953862644632 0.1676369306875315 0.011925288293800351 0.008146183914519767
1 0.14106148844089478 0.0333555064711017 0.0109291532263672 0.007976596939336621
0 0.804836777824855 0.13722860601965498 0.011413267788640491 0.011116996843999222
1 0.7750346160370525 0.13161779763874132 0.0072675359023863795 0.009391870053923085
1 0.7518823274140717 0.1292876436576007 0.007751635755263164 0.012532267454384946
1 0.8677521975993939 0.14686536566962421 0.007428904031671513 0.010438678993674927
1 0.8214337188648784 0.13897987808819265 0.008425024389707492 0.010608263464657375
0 0.7919682502605534 0.1345006635278237 0.01157463365043665 0.012163791074354224
0 0.7033157153860795 0.11940801623208758 0.011574633650436539 0.012163791074354238
0 0.8583699724792989 0.14473095614732448 0.008586390251503317 0.011655057695012405
1 0.15866547413359097 0.018627032582979174 0.009421071200759135 0.010777835414636373
1 0.17956953271827056 0.01896303779743217 0.013054824442555457 0.015473767937397211
1 0.076701721938877 0.00034459047973413385 0.011925253358982549 0.0006891809594682677
1 0.8297501374039158 0.12481878970274668 0.008263656260422692 0.009561454524905477
1 0.7197871271978988 0.09213262735209712 0.007267537036130922 0.009391877408621477
0 0.9658227956447354 0.13401895811540393 0.007590269326595123 0.011485469546680699
1 0.8922730792605097 0.12042322171455837 0.0075902698934673385 0.011485473224029902
1 0.850181014209402 0.11164585328322012 0.010094413439523886 0.008853809202909846
1 0.8414721765900067 0.11177462404731128 0.0075902698934673385 0.011485473224029943
0 0.6592673062238235 0.08021802634200557 0.00942102593882388 0.010777820547335865
1 0.9009012336655706 0.12081784990431933 0.008586389684631102 0.011655054017663175
0 0.882473477742603 0.11768061732556603 0.009582392367492032 0.011824618455040084
0 0.8594825555482902 0.11430366543672121 0.007751636322135269 0.012532271131734163
1 0.9522808797294255 0.12902784085320554 0.007751635755263164 0.01253226745438496
1 0.7061894279653023 0.07424076707891282 0.009421025938823768 0.010777820547335865
1 0.7681894097458306 0.08318454882007134 0.007267537036130922 0.009391877408621463
1 0.7585651352661696 0.08262033432065331 0.00858639025150354 0.011655057695012405
1 0.6799542521194767 0.06870009087500398 0.010739879154196164 0.013041000833726765
1 0.3007505228484633 0.0011180586287790448 0.01076780094022367 0.0022361172575580896
1 0.37669586660163784 0.010089123893464636 0.011251900793100345 0.010070195258945761
0 0.38813699563810156 0.008814109267145107 0.011897366507772789 0.014257386889762675
1 0.7252207674907734 0.06351524647368818 0.00742890289792697 0.010438671638976486
0 0.7534342233013757 0.06616990474162075 0.013082657121892938 0.009362544420926266
1 0.6910168642727271 0.05661793364979348 0.006432782823326821 0.010269089006668647
0 0.866491059734271 0.08541726139159657 0.010417146580296355 0.010947406856992914
1 0.9489917220767636 0.09731404110293468 0.007428902897926637 0.010438671638976493
1 0.9171166355082463 0.09188746824993207 0.007428902897926748 0.010438671638976493
0 0.7894550404806845 0.07122799477923149 0.009743758796160185 0.012871416362744303
1 0.9571218748569579 0.09762388891268176 0.007428902897926748 0.01043867163897648
0 0.7463111298832512 0.049380313479414115 0.008586389968067154 0.011655055856337797
1 0.8630963785518353 0.06765100775029778 0.008425023326822045 0.01060825656962762
1 0.826146222704841 0.05867475489853645 0.010929167368891823 0.007976595766188081
0 0.9171275742997029 0.07523814170549603 0.010578512867246315 0.011994203845359833
