1 0.6534613028865832 0.9738267380954916 0.008355757026622723 0.005792637797283007
1 0.5908879248994633 0.9755818859602786 0.010370466851118865 0.005917554279371462
1 0.17690501861215685 0.9991463754615137 0.010429900670171383 0.0017072490769723947
1 0.49006429203253554 0.9712102337437168 0.009363111938870794 0.005855096038327234
1 0.054509906592527496 0.9822812801084506 0.010608186149310438 0.010152014404943954
1 0.9470325474913956 0.9184445537362795 0.009600840534121136 0.010089556740338068
0 0.8996583397297344 0.9208506948182122 0.009541406715068534 0.009030911814247533
0 0.8689347289202829 0.9227556268996007 0.010667629265421863 0.011210659907473386
1 0.6754679748853547 0.9336887249295702 0.012563352449460385 0.009218279158969778
1 0.6461662490561764 0.9339120617614325 0.010370466851118754 0.005917554279371351
1 0.29057871170551225 0.9559592785369051 0.010489334489223956 0.008034844131553087
0 0.8552763641334187 0.922540205593553 0.011793845134814962 0.0133902889983466
1 0.8390402377480579 0.92142228127482 0.011556116539564676 0.009155828296335544
0 0.734367032812935 0.9295056875955633 0.01173441131576236 0.012331644072255843
1 0.6576613856530493 0.9316059025474889 0.009422545757923229 0.0069137409644179915
0 0.9610460118677123 0.9159822526089305 0.011912706091960379 0.01550745984817592
0 0.6869333945727013 0.9308532432525813 0.009660274353173737 0.011148201666429047
0 0.4033996950726018 0.9489641270879855 0.014756357050154323 0.012519011416978643
1 0.13085747702619221 0.9648000794465164 0.009600855409415215 0.010089557662639415
0 0.4159021568311346 0.9465955114776003 0.009660274353173737 0.011148201666428825
0 0.3731500745603362 0.9503085057412041 0.01481579086920698 0.0135776563430694
0 0.35596602708177993 0.950311684589606 0.010667629265421752 0.011210659907473386
0 0.14291572155776164 0.9635212765369656 0.013808465707546902 0.013515199946627532
1 0.8380016759633405 0.9119260630675818 0.010429900670171355 0.006976199205462219
1 0.6571859318030285 0.9231370406446433 0.011556116539564787 0.0091558282963361
1 0.2899843968983462 0.9453732457842301 0.010489334489223956 0.00803484413155331
1 0.9234182425809576 0.9119415169484464 0.024476065222380772 0.024725858009498114
0 0.7627772847611243 0.9134032718841008 0.009660274353173737 0.011148201666429047
0 0.7763465055003697 0.9120308448033647 0.010727056403514457 0.012269185831211615
1 0.5818426796436671 0.9224970786113329 0.00853405180282063 0.008968453573202972
1 0.5355649146811766 0.9264286730293865 0.008652919440925722 0.011085743425384709
1 0.5204252608455748 0.9268362002021717 0.008593545123049329 0.010027102188498893
1 0.4976429695869652 0.9351536587136267 0.0234687698113088 0.02466340345765905
1 0.3183382280444371 0.9462709507737244 0.023468769811308743 0.02466340345765905
1 0.16774238748686449 0.9556082272345219 0.022461414899060672 0.02460094521661471
0 0.12958119408387142 0.9510694000761168 0.008593530247755221 0.010027101266197769
0 0.1914725585532674 0.9461697278240118 0.009600840534121163 0.01008955674033829
0 0.5928935692629884 0.9212807339428262 0.012741647225658181 0.012394094934890076
0 0.5632070897764876 0.9236525265570109 0.01582314578145494 0.013640114584113405
1 0.38224273799891595 0.9322170126658 0.0104893344892239 0.008034844131553087
0 0.35412666185818353 0.9355537070325382 0.010667629265421807 0.011210659907473053
0 0.23529142621488647 0.9434528607442785 0.010727056403514484 0.012269185831211615
0 0.22068513699434678 0.9443584831041895 0.011734381565174423 0.012331642227653594
1 0.20293799645638794 0.9433343047258977 0.008474654415316002 0.007909929494067325
1 0.14356495976643585 0.9480778350645973 0.010608180571075154 0.01015201405908106
1 0.07903640284162716 0.9510164786108538 0.006460004091996041 0.007785016701183922
1 0.4011725036735523 0.9182958433753977 0.009481979576975996 0.007972385890508749
0 0.7149557939353293 0.8988405827313775 0.01060819544636915 0.010152014981382296
0 0.14374024524450296 0.9331948849828945 0.010608188008722208 0.010152014520231845
0 0.7012974258079852 0.8986251019241536 0.011734411315762472 0.012331644072255843
0 0.3708634526827141 0.9185816366037016 0.01167492467649367 0.01127311445931245
0 0.3411472265360988 0.9204241085994433 0.010667629265421752 0.011210659907473275
1 0.2897733755361479 0.9236094014193934 0.010667629265421807 0.011210659907473386
0 0.20364667258128177 0.9289494482172936 0.011674954427081746 0.011273116303915032
1 0.8356868271391352 0.8886992254522708 0.008652919440925722 0.011085743425384709
0 0.8246062206102875 0.8893862476577322 0.010667629265421863 0.011210659907473275
0 0.4141489259786828 0.915366676181445 0.009719701491266441 0.012206727590167499
0 0.1910253316498298 0.9292008343989746 0.010727056403514457 0.012269185831211504
0 0.17440437723067614 0.9302313704740703 0.011734381565174395 0.012331642227653483
0 0.16071628065899154 0.9294866276272785 0.012920001503032186 0.015569914400014984
1 0.28926820477660076 0.9146112170535023 0.01037046685111892 0.005917554279371351
1 0.8345888348758452 0.8781444218201181 0.009422545757923229 0.0069137409644179915
1 0.8231531287575449 0.8815091664589763 0.010727056403514346 0.012269185831211504
1 0.8818739547505835 0.8741503691610204 0.009541406715068534 0.0090309118142472
1 0.10984460971457453 0.9236113378026201 0.010727041528220432 0.01226918490891038
0 0.8939321992821531 0.8728715662514694 0.013749002137906308 0.012456553175934082
0 0.6823631902445193 0.8854582092588452 0.011674984177669878 0.01127311814851728
1 0.5931550482350327 0.8899269821645824 0.00853405180282063 0.008968453573203305
1 0.4958600218249871 0.9033955009544259 0.023468769811308743 0.02466340345765905
1 0.22737685852297876 0.9195109478844822 0.022401981080008126 0.023542300290523954
0 0.6706896993702727 0.8845885563860737 0.01060819544636915 0.010152014981382518
0 0.37047565625784906 0.902671328603579 0.010548761627316605 0.009093370055291872
0 0.16098071314681395 0.9161916451652873 0.010608195446369234 0.010152014981382518
0 0.5815409911798386 0.8901159742179017 0.013749002137906308 0.012456553175934415
1 0.20325886128112275 0.9130391411394723 0.01066762926542178 0.011210659907473164
0 0.19114118293050072 0.9132592991229325 0.010608195446369206 0.010152014981382629
0 0.1720019156071972 0.9144459761891326 0.010608195446369234 0.010152014981382296
0 0.14332272037529759 0.916755314943204 0.011674946989434692 0.011273115842764359
1 0.13164927784575642 0.9158856590729534 0.008474669290609999 0.007909930416368227
0 0.9238237105284919 0.8561462039057763 0.012622786268512876 0.010276924085060868
0 0.7106545183939073 0.8672385668855821 0.011734411315762583 0.012331644072255843
0 0.3227433392302611 0.889696485993037 0.011556057038388579 0.009155824607130714
0 0.6989810870208366 0.8663689103236056 0.010667629265421641 0.011210659907473053
0 0.6813825689754314 0.8679912224912847 0.01173441131576236 0.012331644072255843
0 0.30911465826185514 0.8900103294934611 0.008593545123049273 0.010027102188499115
0 0.20284133307143742 0.8965995115986056 0.009600840534121191 0.010089556740338068
0 0.16056318493712862 0.8997520156244205 0.011674954427081746 0.011273116303914699
1 0.10957415453332359 0.9007888485116924 0.010429885794877386 0.006976198283161206
0 0.6682575357125614 0.8682738387157891 0.011793845134814962 0.013390288998346822
0 0.19024970904951172 0.8973802202433321 0.012741706726834418 0.012394098624095129
0 0.13031357186251002 0.9010963938164884 0.009719716366560466 0.012206728512468623
0 0.17401357112933685 0.8962623563480765 0.012860574364939509 0.014511388476276754
1 0.27747140946648763 0.8845362700294119 0.008593545123049273 0.010027102188498893
1 0.6411175481104314 0.8619894020824056 0.008950075174268712 0.016378730051133994
1 0.8563311041373822 0.8513013892715855 0.02447606522238055 0.024725858009498114
1 0.10856532453342647 0.8918219518451983 0.009719716366560466 0.012206728512468734
0 0.9405011006250379 0.8381155462074226 0.009600840534121136 0.01008955674033829
0 0.9526187756351799 0.8378953287227862 0.013808435956958798 0.013515198102024839
1 0.5842331405061711 0.866047526623529 0.022461474400236825 0.024600948905819986
1 0.34596984771583406 0.8802892147807477 0.023409335992256197 0.023604758531568293
1 0.22660123592266068 0.8876903337288398 0.022401981080008126 0.023542300290524287
0 0.19039527723970895 0.8819680074303354 0.010548761627316688 0.009093370055291539
0 0.17327067511501934 0.8830297707813508 0.01054876162731666 0.009093370055291539
0 0.32244466044290687 0.875374087725477 0.012860574364939537 0.014511388476276754
0 0.30881598281498085 0.8756879907270773 0.011793785633638865 0.013390285309141658
0 0.20251295559033095 0.8817478494468752 0.010727056403514429 0.012269185831211615
0 0.16014566006792327 0.8833124455847301 0.010608195446369206 0.010152014981382407
0 0.13087366268308537 0.8840650444561602 0.010489319613929904 0.008034843209251852
0 0.9512830581171194 0.8231061238897986 0.010548761627316772 0.009093370055291539
0 0.3497584398413373 0.8577462205224962 0.012622845769689195 0.010276927774265698
0 0.5294777114518905 0.8450097914539165 0.011674984177669767 0.011273118148517391
0 0.9385131244437019 0.8207110176809064 0.013927296914104104 0.01563236895185427
0 0.5168860576793766 0.8457905019432453 0.012801110795298887 0.013452741705583415
1 0.338025548239106 0.8558179803802075 0.009660274353173681 0.011148201666428936
0 0.5777998436472271 0.841482606706025 0.01588257960050765 0.014698759510204273
1 0.8617465535018204 0.8127232337215042 0.00853405180282052 0.008968453573203194
0 0.6494079114662292 0.8296066766695827 0.010964784998764854 0.01650364653322256
1 0.9144842894652387 0.8158271179015553 0.023468710310132646 0.02466339976845411
1 0.6375859022264871 0.8260905267947315 0.009600840534121136 0.01008955674033829
0 0.9508358312136818 0.8061372304647616 0.011674984177669878 0.011273118148517614
0 0.9377107979508117 0.8064198466892659 0.009600840534121136 0.01008955674033829
0 0.7246902465245548 0.8201587587939176 0.00865291944092561 0.011085743425384709
0 0.849006336737929 0.8108574499756571 0.015644851005257032 0.010464298808193218
0 0.5457702883899376 0.8291275932270903 0.009541406715068645 0.009030911814247533
1 0.493301454803171 0.8398167885407588 0.0234687698113088 0.02466340345765905
0 0.7372223921015459 0.818319407990004 0.015823145781454828 0.013640114584113738
0 0.5875447293175342 0.8260063201663999 0.012622786268512987 0.010276924085060757
1 0.5588358283325789 0.8277863357657 0.009600840534121136 0.01008955674033829
0 0.5286753882994802 0.8307186799634522 0.011734411315762472 0.012331644072255843
0 0.5165279930393318 0.830409515483867 0.009600840534121136 0.010089556740338068
0 0.12920957921873252 0.854424117047965 0.008593530247755235 0.010027101266197769
1 0.140171347103376 0.8516199226092223 0.01048931961392996 0.008034843209251852
1 0.46950733540300404 0.8211085838363711 0.009422545757923395 0.0069137409644179915
1 0.45842669912356826 0.8217956078864348 0.00942254575792334 0.0069137409644179915
0 0.5278136279875376 0.8153688640457212 0.009541406715068645 0.009030911814247311
1 0.724242956779461 0.8031898095569093 0.009660274353173848 0.011148201666429047
0 0.6663214773534264 0.8067810698760318 0.014696929912061618 0.011460485493240191
0 0.5151922755212714 0.8156203106508796 0.010608195446369262 0.010152014981382296
1 0.6783202914064232 0.8044436815415661 0.00859348562187312 0.01002709849929373
0 0.5443751370528245 0.8132797434680119 0.010667629265421863 0.011210659907473164
1 0.8167687697949156 0.7947972982577569 0.009600840534121025 0.010089556740338068
0 0.4985119021583593 0.8155922008775833 0.009719701491266441 0.012206727590167499
0 0.4859202632611396 0.816372910444611 0.010727056403514401 0.012269185831211615
0 0.33985740080633076 0.8254291321991196 0.0167710073734742 0.012643924209861823
1 0.8308119510807587 0.7928643195934533 0.00557153988748138 0.009839731154571152
1 0.2869131464606114 0.827649523266516 0.009719701491266386 0.012206727590167277
0 0.7376933727222574 0.7997001484359627 0.012979375820908468 0.01662855563690102
1 0.6352710534022818 0.8028636891794205 0.0075862497119773 0.009964647636659718
1 0.46944641496148826 0.8110206444262194 0.010727056403514457 0.012269185831211726
1 0.8158787892173496 0.7879476328645696 0.010667629265421863 0.011210659907473164
1 0.2870008038857671 0.8202080771692392 0.010608195446369206 0.010152014981382518
1 0.8268703078592747 0.7856726990819434 0.00859348562187312 0.010027098499293952
1 0.6357435239859365 0.7932737836106161 0.00936311193887085 0.005855096038327234
0 0.8730885795015362 0.780682463427004 0.010727056403514568 0.012269185831211837
1 0.8502468841744621 0.7879412751677657 0.023468710310132535 0.02466339976845411
0 0.9162849054094062 0.7758795951167872 0.012622786268512987 0.010276924085060757
0 0.7234109167175247 0.7883693756033997 0.009660274353173848 0.011148201666428825
0 0.6931613259558471 0.7897137524120158 0.009600840534121136 0.01008955674033829
0 0.6629116790334734 0.791058192411013 0.009541406715068534 0.009030911814247533
1 0.5806969618917412 0.803060533568173 0.022402040581184335 0.023542303979729118
0 0.5425654556476864 0.7990510307174157 0.00859348562187312 0.010027098499293952
0 0.5138268857195669 0.8003017805879429 0.009541436465656639 0.009030913658849893
1 0.4029031932164092 0.8140841419559091 0.02340933599225614 0.023604758531568293
1 0.13596072378829008 0.8306351677143227 0.023409321116962145 0.02360475760926717
0 0.8860056010786823 0.7766947089635341 0.012622786268512987 0.010276924085060757
0 0.7359134082266455 0.786000758148412 0.010608195446369262 0.010152014981382296
1 0.7051898569183702 0.7879056865405956 0.011615550358617277 0.010214473222426634
0 0.6755330314997395 0.7908067458058545 0.014756357050154323 0.01251901141697842
0 0.3209528788119115 0.8127915024956803 0.010727056403514512 0.012269185831211837
1 0.3072647673649328 0.8120467605711897 0.009541406715068645 0.009030911814247311
0 0.21861972175532873 0.8175429502047968 0.011556086788976655 0.009155826451733518
0 0.18896291455247194 0.8204440680489307 0.010667629265421752 0.011210659907473053
0 0.17234196013331832 0.8214746041240265 0.011674954427081718 0.011273116303915032
0 0.15966118872329368 0.8206674048807929 0.010489334489223956 0.008034844131553087
1 0.3495429188397215 0.8088943160465512 0.011615490857441069 0.010214469533221693
0 0.23121134577725444 0.8167622415600704 0.010667629265421724 0.011210659907473164
0 0.9126329052648934 0.7288341354928707 0.010667629265421863 0.011210659907473053
0 0.9000412663676737 0.7296148450598985 0.011674984177669767 0.011273118148517614
1 0.7625109988438104 0.7376109217158795 0.01060819544636915 0.010152014981382296
1 0.7317874475355352 0.739515850108063 0.011615550358617277 0.010214473222426634
1 0.7202031635505634 0.7402341014340463 0.010608195446369262 0.010152014981382296
0 0.4059458796511207 0.7602498560050603 0.01268227958874174 0.011335572700356678
1 0.3937984877314523 0.7599407510266514 0.008534111303996728 0.008968457262408136
1 0.34846861745204927 0.7627513036233486 0.008534111303996672 0.008968457262408136
0 0.31824874359989797 0.76462500289501 0.010548761627316716 0.009093370055291539
0 0.18883653759847513 0.7731800119597694 0.011615520608029173 0.010214471377824053
0 0.7503933204931883 0.7378310796993396 0.012682220087565477 0.011335569011151847
1 0.3051237103370279 0.7649076191195143 0.008593545123049273 0.010027102188498893
1 0.10709421666392747 0.7755924521596311 0.00942256063321742 0.006913741886719449
0 0.3353436139397673 0.7630339180032504 0.010727056403514512 0.012269185831211837
0 0.1283372965739439 0.7758687692662065 0.011734381565174437 0.012331642227653261
0 0.2169526286145016 0.7698433166707301 0.011793815384226941 0.01339028715374424
0 0.8967800459143922 0.7165384609077543 0.00859348562187312 0.010027098499294063
1 0.8107127734380988 0.7229370931305693 0.00971970149126633 0.01220672759016761
1 0.10706300569429097 0.7660338356736756 0.008652964066807808 0.011085746192288526
1 0.8457033539882644 0.7250167998546297 0.023409276491080155 0.02360475484236313
1 0.5178174370867776 0.7453464546603403 0.02240201083059612 0.023542302135126536
0 0.6886772262482218 0.7278478625237947 0.011674984177669767 0.011273118148517391
1 0.5415178912436542 0.7353786327867848 0.00948197957697594 0.00797238589050886
1 0.33403764308182116 0.7487740337887058 0.009541406715068645 0.009030911814247311
1 0.2308160218207238 0.7557051087440932 0.010608195446369179 0.010152014981382296
0 0.18744140113665614 0.7573321612783899 0.008474654415315946 0.007909929494067325
1 0.1641851608662629 0.766210110949935 0.022401981080008154 0.023542300290523954
0 0.9102601159250587 0.7135780664378821 0.01576371196240245 0.01258146965802276
1 0.7006760403012187 0.725510474189329 0.011615550358617277 0.010214473222426412
0 0.6709895608147176 0.7278822668035139 0.012682220087565477 0.011335569011151514
0 0.658901599373622 0.7286317472500192 0.010667629265421863 0.011210659907473386
0 0.5833815390605259 0.7338452639248496 0.010727056403514568 0.012269185831211726
0 0.5702862227071823 0.7346572026123994 0.010727056403514568 0.012269185831211837
0 0.4942031173010456 0.7388434187948083 0.009660274353173737 0.011148201666428936
0 0.4821151558599499 0.7395928992413139 0.009660274353173681 0.011148201666428936
0 0.20003302515858185 0.7565514526336634 0.011615520608029173 0.010214471377824053
0 0.14217097992994324 0.761201298147125 0.010727048965867458 0.012269185370061053
0 0.12806834957141006 0.7620756925393908 0.010727041528220418 0.01226918490891038
0 0.2186091994224828 0.7543374183407694 0.012622845769689167 0.010276927774265698
1 0.9285970567554722 0.6981002183800418 0.009541406715068645 0.009030911814247311
0 0.4047557303232574 0.7300484383590764 0.009481979576975885 0.007972385890508749
0 0.9401516866725736 0.696852700402984 0.01060819544636915 0.010152014981382296
1 0.9094280758631222 0.6987576324843725 0.011615550358617277 0.010214473222426301
0 0.8494919461137675 0.7024738055963782 0.010608195446369262 0.010152014981382296
0 0.6691798794095796 0.7136535540529176 0.012622786268512987 0.010276924085060535
1 0.45352210615566546 0.7254313795645718 0.01042990067017141 0.006976199205462219
0 0.2168589633712113 0.7411672900927869 0.010548761627316633 0.009093370055291539
0 0.17049206589591606 0.743510975700579 0.008474654415315919 0.007909929494066992
1 0.6872227039337124 0.7109414236505966 0.00853405180282063 0.008968453573203194
0 0.3472487809652478 0.7320205616697165 0.00954140671506859 0.009030911814247533
1 0.30497062949045906 0.7351730061943551 0.009600840534121191 0.010089556740337957
0 0.33362009999684183 0.7323344051701404 0.010608195446369262 0.010152014981382629
0 0.15736706572411402 0.7437936495816571 0.010667629265421752 0.011210659907473053
0 0.39201553996947425 0.7281825932674506 0.008652978942101874 0.01108574711458965
0 0.1865499272556671 0.7414530823987895 0.010727056403514484 0.012269185831211615
0 0.6569136231922861 0.7112272187235031 0.010727056403514457 0.012269185831211615
1 0.4649578122739656 0.7220666349257138 0.009600840534121191 0.010089556740338068
1 0.8187669048425492 0.6953493800033248 0.008652919440925722 0.011085743425384709
1 0.6404694884616811 0.7064042156669808 0.010786490222567058 0.013327830757302372
1 0.6309295683690757 0.70752681716195 0.009957430086516728 0.016441188292178333
1 0.2827781533995981 0.7269884373473767 0.010727056403514401 0.012269185831211837
1 0.8731924151459383 0.6925059828005216 0.023409276491080155 0.02360475484236335
1 0.5754967031534386 0.7104326726057975 0.022342606762131623 0.02248365905363847
0 0.6873979559423677 0.6960584756440716 0.01054876162731666 0.009093370055291539
1 0.6576817000451645 0.697900949484416 0.009541406715068534 0.009030911814247311
1 0.5529194072231189 0.7043964442279943 0.00752681589292481 0.008906002710568961
1 0.48039163857654443 0.7088933269070277 0.00954140671506859 0.0090309118142472
0 0.3333214509600757 0.7180120050579779 0.00954140671506859 0.0090309118142472
1 0.31723387603127834 0.7195406353978981 0.009600840534121136 0.010089556740337957
1 0.22903307739922568 0.7239470104860687 0.008474654415315946 0.007909929494066992
0 0.15751263391431125 0.7283814367686603 0.008474654415316002 0.007909929494067103
1 0.134256401081565 0.7372593859790548 0.022401995955302165 0.02354230121282519
0 0.669325477350365 0.6982413393953184 0.012801081044710672 0.013452739860980834
0 0.539290759345781 0.7047103453849919 0.01060819544636915 0.010152014981382296
0 0.5216921784587196 0.7063326017407 0.011674984177669878 0.01127311814851728
0 0.5100781362788194 0.7065215928717179 0.010608165695781047 0.010152013136780047
0 0.4929535341541298 0.7075833562227334 0.010608195446369206 0.010152014981382407
0 0.40531582858147974 0.7130170885375973 0.01060819544636915 0.010152014981382407
0 0.3922205419787241 0.7138290253805447 0.010608195446369262 0.010152014981382296
0 0.3469501319284817 0.7176981615575541 0.010727056403514457 0.012269185831211837
0 0.30319069474543525 0.721473614062202 0.011853219452691521 0.014448930235232305
0 0.21602692330927487 0.7263468561392772 0.010786490222567058 0.013327830757302261
0 0.1993465499463627 0.7263187463659809 0.009660274353173709 0.011148201666429047
0 0.18722887493622062 0.7265389638506172 0.011615520608029173 0.010214471377824053
1 0.17007454102671068 0.7270714056608886 0.00954140671506859 0.009030911814247311
0 0.3626795975913523 0.7007885475251591 0.00948197957697594 0.00797238589050897
0 0.9373613839983476 0.6651570008848273 0.010608195446369262 0.010152014981382296
0 0.7278367388530802 0.678147994061189 0.010608195446369262 0.010152014981382296
1 0.7152450999558604 0.6789287036282167 0.009600840534121136 0.01008955674033829
1 0.5807368343270851 0.6867373497490937 0.008534051802820408 0.008968453573203305
0 0.3037507930036576 0.7044422642407231 0.010608195446369206 0.010152014981382629
1 0.1576582136393226 0.7129691635321861 0.01054876162731666 0.009093370055291539
0 0.7580268957957051 0.6757449723264821 0.010667629265421752 0.011210659907473275
0 0.7449613558530639 0.6770862297878724 0.012741647225658181 0.012394094934890298
0 0.5217782864197561 0.689861805347391 0.009600840534121247 0.01008955674033829
0 0.5092163759668767 0.6911717769539867 0.010667599514833759 0.011210658062870693
1 0.4935433459813985 0.6910812693631236 0.007526756391748823 0.00890599902136402
0 0.48154453192840163 0.6934186576975891 0.013749061639082405 0.012456556865139246
0 0.40492803215661477 0.697106780537475 0.009600840534121191 0.01008955674033829
0 0.14100754565112258 0.7134704366454128 0.009600840534121191 0.010089556740338068
0 0.12743831003658324 0.7148428646484501 0.010667614390127741 0.011210658985171928
0 0.9252437056477255 0.6653771588682877 0.012801081044710783 0.013452739860980834
0 0.5671081864497473 0.6870512509060914 0.011734411315762472 0.012331644072256065
1 0.2718713089164628 0.7037631575610761 0.009541406715068645 0.009030911814247311
0 0.22914892867989664 0.7080054752100265 0.010727056403514457 0.012269185831211615
1 0.21451292254983065 0.7083817751068923 0.007645624029853804 0.011023288873545312
0 0.3891955534767899 0.6959576289428222 0.008712406080194468 0.012144273038328102
1 0.4521224518386551 0.682495410193209 0.008593545123049329 0.010027102188499115
1 0.8704616057919409 0.6618689245192506 0.023409276491080044 0.02360475484236313
1 0.5440569299728297 0.6815755741118559 0.023349842672027443 0.022546109916272372
1 0.33956894038645036 0.6942542834614062 0.023349902173203596 0.022546113605477203
1 0.1930321173850438 0.7038710567994821 0.022401981080008126 0.023542300290524287
0 0.9011851571002161 0.6599639961270672 0.026550202184969396 0.025909300415325243
0 0.7250197620368701 0.663981735862432 0.01671163973655776 0.011585401975328424
0 0.6554842850568173 0.6677619845456686 0.010608195446369262 0.010152014981382296
0 0.5673725858465016 0.6737562107875266 0.011674984177669767 0.01127311814851717
0 0.3755059520668682 0.6861835330330948 0.010727056403514512 0.012269185831211726
0 0.3029187529417212 0.6896218302872134 0.010608195446369206 0.010152014981382296
0 0.6680461475433346 0.6664519562048006 0.011674984177669878 0.011273118148517391
1 0.5788677224433743 0.671450051573583 0.01060819544636915 0.010152014981382296
1 0.16835102708378522 0.6963718928277784 0.00954140671506859 0.009030911814247311
0 0.1568558904869124 0.698678052041722 0.010727056403514457 0.012269185831211504
1 0.126751838164844 0.6846102178819438 0.008593530247755277 0.01002710126619799
0 0.75482212589511 0.6456684656287789 0.011734411315762583 0.012331644072255843
0 0.1407950343259811 0.682677238295339 0.010608195446369206 0.010152014981382629
1 0.6377638599462447 0.6492083025798971 0.009660274353173626 0.011148201666429047
1 0.2710956863161447 0.6719425434054337 0.009660274353173737 0.011148201666429047
0 0.1078785081676 0.6815312655490884 0.009600855409415188 0.010089557662639415
1 0.8034978643764761 0.6304341449610774 0.00942254575792345 0.0069137409644179915
1 0.09792256804402633 0.6752436500673029 0.006519431230088704 0.008843542624922374
1 0.6367252981615272 0.639712084372659 0.008415190845675324 0.006851282723373764
1 0.6261483095876275 0.6403678811468033 0.00942254575792345 0.0069137409644182135
1 0.1547178580107759 0.6695976157936168 0.007526756391748657 0.00890599902136402
1 0.8677307369367673 0.631231869927185 0.023409276491079933 0.02360475484236335
1 0.5646417764925042 0.6431191525062556 0.007526815892924921 0.008906002710569072
0 0.37378243812394274 0.6554840201999845 0.008593545123049218 0.010027102188498893
1 0.3091662126175077 0.6658641105352443 0.022401981080008126 0.023542300290524065
0 0.18544142419434523 0.6676926864791319 0.01066762926542178 0.011210659907473053
1 0.12597922858148017 0.6708483693533489 0.008593530247755263 0.010027101266197658
0 0.8437019019583043 0.6263479701478338 0.011734411315762472 0.012331644072255843
0 0.8305768686954342 0.6266305863723381 0.009660274353173737 0.011148201666429047
1 0.653760767773412 0.6370624122113824 0.010608195446369262 0.010152014981382629
0 0.5203192313747611 0.6458672487065111 0.009660274353173848 0.011148201666428825
0 0.5082312550583714 0.6466167300753181 0.013689604750401707 0.011398029096798434
0 0.1984772803185283 0.66582216421127 0.008652949191513798 0.01108574526998729
0 0.7529232971018731 0.6298518449902226 0.011615550358617277 0.010214473222426856
0 0.6648116607332133 0.6358461270440519 0.010667629265421641 0.011210659907473386
0 0.5761963435679496 0.6418715787172267 0.012741647225658181 0.012394094934890076
0 0.4880252469701293 0.6468072771907437 0.0136896345009897 0.011398030941400794
0 0.36163504286379444 0.6551748557203994 0.01274170672683439 0.012394098624095018
0 0.34148842062824286 0.6564239910276437 0.014756357050154323 0.01251901141697842
0 0.16722033464460273 0.6672289992609302 0.012741706726834418 0.012394098624095018
0 0.4016295821374353 0.6383542481841296 0.00942254575792334 0.0069137409644182135
0 0.8620091258791914 0.610340799626948 0.013630141180761113 0.010339382326105095
1 0.48873389334443507 0.6324224225267422 0.008474684165904023 0.007909931338669685
0 0.3432044252552766 0.6419767376237739 0.009541406715068701 0.009030911814247533
0 0.576371598917085 0.6269886902118781 0.01060819544636915 0.010152014981382296
0 0.2278057100402786 0.6480693842154057 0.010548761627316633 0.009093370055291539
0 0.9324033832453007 0.6038516588909688 0.009600840534121247 0.01008955674033829
0 0.7420774359019096 0.6167145604260448 0.013749002137906197 0.012456553175934415
0 0.7108204902279839 0.6181213954757051 0.009660274353173737 0.011148201666428825
0 0.6941995506841243 0.6191519306284996 0.010667629265421863 0.011210659907473386
0 0.5184204025815241 0.6300506280679551 0.011674984177669767 0.01127311814851728
0 0.4761125672882771 0.632673807786122 0.011674924676493725 0.01127311445931245
0 0.3310570299951283 0.6416675731441889 0.009660274353173792 0.011148201666429047
0 0.3013110902794667 0.6429807821780613 0.008593545123049273 0.010027102188499115
0 0.21367336983152257 0.6484145154152268 0.010608195446369179 0.010152014981382518
0 0.1557816039745342 0.6525350386962183 0.009660274353173737 0.011148201666429047
1 0.12553199424039554 0.6538794763894623 0.009600855409415202 0.010089557662639415
1 0.9188043894358329 0.6046948266990406 0.010727056403514346 0.012269185831211504
0 0.5642242069974168 0.626679585233469 0.010727056403514457 0.012269185831211837
0 0.5052954321603101 0.6303333001044304 0.009719701491266441 0.012206727590167499
0 0.31437665997269604 0.6416395228720687 0.010786490222566947 0.013327830757302594
1 0.1092661286325674 0.6522322309911359 0.005512106068428765 0.008781086228480395
1 0.8023092314216642 0.6092620199545514 0.007645683531030012 0.011023292562750475
1 0.6244262856076451 0.6186977222989303 0.006578894799729396 0.00990218939561549
1 0.8009452869570204 0.6029728466437556 0.009660274353173626 0.011148201666429047
1 0.4598749211893851 0.6225265313267546 0.006578835298553243 0.009902185706410549
1 0.12484852870465066 0.6417054762476513 0.0075267563917486985 0.00890599902136413
1 0.8947755544573699 0.5998109269196895 0.022402040581184224 0.023542303979728896
1 0.5411730100216754 0.6212039047500283 0.022342606762131623 0.02248365905363814
1 0.47483628024878927 0.618943188378049 0.008534111303996728 0.008968457262408136
1 0.3658975691257873 0.632071371224359 0.022342547260955525 0.022483655364433197
1 0.19115552259554947 0.6434369310412131 0.021394655918348188 0.02347984389408231
1 0.57598380249222 0.6110783822117556 0.00948197957697583 0.00797238589050897
0 0.517618076088634 0.6157594570763147 0.011615550358617277 0.010214473222426634
0 0.6933675106221878 0.60433149667499 0.010667629265421752 0.011210659907473053
0 0.5643698015977221 0.6112673110746937 0.010548761627316772 0.00909337005529176
0 0.5054707139195538 0.6154503502533031 0.011615490857441124 0.01021446953322147
1 0.4873090548483838 0.6160452484600161 0.009541406715068701 0.009030911814247533
0 0.1368176180321306 0.6388388256430424 0.01570426251136864 0.011522942350832288
1 0.30109404622383973 0.5850994660603055 0.012563411950636538 0.009218282848175052
0 0.15603852380598496 0.5940932304960711 0.012563411950636594 0.009218282848174941
0 0.47482876759241766 0.5737963626398932 0.013630200681937155 0.010339386015310037
1 0.3125892125713006 0.5827933050017595 0.00948197957697594 0.00797238589050897
1 0.8081361680865851 0.5510059636135429 0.00948197957697594 0.00797238589050897
0 0.6772129594673781 0.5596546581952662 0.009541406715068645 0.009030911814247422
0 0.5130775853294984 0.5708936860444477 0.013689574999813603 0.011398027252195853
1 0.4580592501818865 0.5721804044798131 0.010429900670171466 0.00697619920546233
0 0.3297435431403306 0.5822608036903122 0.013689634500989756 0.011398030941401016
0 0.16803733785898178 0.5917558421616056 0.008593515372461225 0.010027100343896533
1 0.10952304846401818 0.5937904227909886 0.010429885794877386 0.006976198283161095
0 0.7351047219838867 0.5555340754130984 0.00859348562187312 0.01002709849929373
0 0.5603329882947106 0.5663703109223045 0.009600840534121247 0.010089556740338068
0 0.5729245676907542 0.565589605044482 0.010727056403514457 0.012269185831211615
1 0.5008410757723194 0.568996671333476 0.007586190210801258 0.009964643947454666
0 0.4876566120308766 0.5682207021330659 0.009779135310318987 0.013265372516258367
1 0.11058830670366064 0.5857571982953753 0.01149665965088395 0.008097300527994733
1 0.8085788656000172 0.5408867987720742 0.00942254575792334 0.0069137409644181025
1 0.632266442134119 0.5512873954905961 0.00936311193887085 0.005855096038327345
1 0.45752436585329304 0.5626529571520529 0.01042990067017141 0.00697619920546233
0 0.21114302641580962 0.5763357119781919 0.00758619021080123 0.009964643947454777
1 0.1318908208110732 0.5870921005962899 0.02234255469860258 0.02248365582558398
1 0.8601607249452122 0.5414065846899137 0.022402040581184224 0.023542303979729118
0 0.5586124542776714 0.5537295060596685 0.009600840534121136 0.010089556740338068
1 0.5378151261834434 0.5613927274705921 0.022402040581184113 0.023542303979729007
0 0.31184631655698314 0.5695607194350338 0.01167492467649367 0.011273114459312228
0 0.2982473524981034 0.5704038853985032 0.008652978942101819 0.01108574711458954
0 0.19647730337621738 0.5761826894120122 0.010608195446369179 0.010152014981382296
1 0.1550876161059434 0.57715550669038 0.0084152205962634 0.006851284567976346
1 0.6602636539772262 0.5458334707728528 0.009541406715068645 0.009030911814247533
0 0.22465282821129642 0.5739046390490636 0.010667629265421807 0.011210659907473164
0 0.18335230320441534 0.5764653632930902 0.010667629265421752 0.011210659907473275
0 0.1672350113660917 0.5774646711699651 0.01066762926542178 0.011210659907473164
0 0.8944381858917627 0.5307830246210887 0.014637496093009128 0.010401840567149212
0 0.8345614866209807 0.5355577831580092 0.01576371196240245 0.01258146965802276
0 0.7368207232704405 0.5410867625080525 0.013689574999813603 0.011398027252195853
0 0.6471683376238825 0.5466454094604025 0.009660274353173737 0.011148201666428936
0 0.5710555153082195 0.5503023031797661 0.012563352449460496 0.00921827915897011
1 0.33021297429692287 0.5546121938402387 0.011437196081243273 0.007038653757301727
1 0.19416397760602322 0.5619852634385119 0.009422545757923367 0.0069137409644179915
0 0.7173828102508508 0.5279510989632663 0.008474624664727926 0.007909927649464743
0 0.38902291458699234 0.5488412467736694 0.01659271259727646 0.009468108433941969
1 0.1835275849636589 0.5615824134419628 0.010548761627316688 0.009093370055291539
0 0.8946728717194709 0.5169587215406546 0.010608195446369262 0.010152014981382407
0 0.5305230556194027 0.539536818608183 0.013630141180761002 0.010339382326104984
1 0.5002734648577253 0.540881195416799 0.00954140671506859 0.009030911814247311
0 0.3693502562385184 0.5495298899985223 0.009600840534121136 0.01008955674033829
0 0.7465656717824039 0.5256105317803987 0.010667629265421752 0.011210659907473164
0 0.7047614544441048 0.5282024860672485 0.011674984177669878 0.011273118148517391
0 0.6881405149002451 0.5292330212200431 0.010667629265421863 0.011210659907473275
0 0.3557216050207005 0.5498437316543439 0.008652978942101874 0.01108574711458965
0 0.3410855988906345 0.5502200315512095 0.009600840534121191 0.010089556740338068
0 0.6759931229805768 0.528923916241634 0.010667629265421752 0.011210659907473275
0 0.15221120881116074 0.5619306630667084 0.008712376329606447 0.012144271193725631
0 0.7328775305848372 0.5248657917005105 0.011853278953867563 0.01444893392443758
1 0.6310480956102607 0.529586007522201 0.009660274353173626 0.011148201666428936
0 0.5439437546526729 0.535517835024191 0.010845924041619659 0.014386475683393352
1 0.443920898814516 0.5364080035032377 0.010727056403514457 0.012269185831211615
1 0.6295058563694191 0.5201210184354851 0.00942254575792345 0.0069137409644179915
1 0.30399116446835406 0.5466773929224535 0.023349902173203596 0.022546113605477425
1 0.2178644466381939 0.552017440642655 0.022342547260955525 0.022483655364433197
1 0.8282470540596618 0.5131100935915104 0.022342606762131845 0.02248365905363836
1 0.5648302301349997 0.5294425215012273 0.02133525184988383 0.022421200812594022
1 0.39722711382105735 0.5329293809445363 0.008474684165904023 0.007909931338669685
1 0.19531688249269452 0.546510533805596 0.009600840534121163 0.010089556740338068
1 0.1539866439167671 0.5485419950877533 0.009541406715068645 0.009030911814247533
0 0.9094544724498421 0.5011701474850135 0.009600840534121136 0.010089556740338124
0 0.7331419894827677 0.5115707478927406 0.009541406715068756 0.009030911814247311
0 0.7039294110416883 0.5133819926125628 0.009541406715068534 0.009030911814247311
1 0.6742131551444849 0.5152244664529071 0.00853405180282052 0.008968453573203083
1 0.6586292874223996 0.5167218658277029 0.009600840534121136 0.01008955674033818
0 0.38510946522102346 0.5331495370833941 0.01054876162731666 0.009093370055291539
0 0.36851821283610203 0.5347093965438365 0.009600840534121136 0.01008955674033818
0 0.3574375765566663 0.5353964205939004 0.011615490857441124 0.010214469533221582
0 0.16554121099221253 0.5472944212987243 0.010608195446369206 0.010152014981382407
0 0.8923001385403322 0.5017025892952848 0.011674984177669767 0.011273118148517447
0 0.7452299509238633 0.510821267446235 0.011674984177669878 0.011273118148517502
0 0.7159876589137377 0.5121032492041879 0.011615550358617166 0.010214473222426634
0 0.6873084714978287 0.5144125277653573 0.010667629265421752 0.011210659907473164
1 0.48056658661982776 0.5139523965663221 0.011496629900295874 0.008097298683392262
1 0.2231937434157134 0.5299100842527862 0.008474654415315919 0.007909929494067103
0 0.21223198296871693 0.5327142782303782 0.010727056403514457 0.012269185831211615
1 0.8038006462456313 0.4917865670381964 0.009363111938870738 0.005855096038327345
1 0.8914680984783957 0.48688215534177515 0.009541406715068756 0.009030911814247367
1 0.8194737241974717 0.4918771313633319 0.01060819544636904 0.010152014981382351
0 0.6557825970371431 0.5020263446670766 0.011615550358617388 0.010214473222426579
1 0.643635201776995 0.5017171801874915 0.007467388754831994 0.007847476786830454
0 0.570159512037225 0.5073351660336598 0.009600840534121247 0.01008955674033818
0 0.1375112576878107 0.5341603183498523 0.010608195446369179 0.010152014981382296
0 0.878372782125052 0.48769409402932495 0.011674984177669878 0.011273118148517391
0 0.8330132246867108 0.4899753223183742 0.009600840534121136 0.01008955674033818
1 0.5565011439098809 0.5071196852264359 0.010608195446369262 0.010152014981382407
0 0.5413911772332172 0.5080565367068692 0.00859348562187312 0.010027098499293952
0 0.52885897215505 0.5098958911999876 0.013749002137906308 0.012456553175934304
0 0.46990045065782904 0.5130202854525062 0.008652978942101874 0.011085747114589761
1 0.266774885822562 0.5229588159722183 0.009600840534121136 0.01008955674033818
0 0.3257631208888293 0.5203636846815689 0.012860574364939537 0.014511388476276754
1 0.4428199224497398 0.5077944175241409 0.009719703161506388 0.012206757340755492
1 0.26629943113742127 0.5144899391940787 0.00936311360911074 0.0058551257889153385
1 0.3033344061656611 0.5169740091178165 0.02133525184988372 0.022421200812594022
0 0.2093852768730465 0.5180187431167592 0.010727058073754403 0.012269215581799608
1 0.18799512476971567 0.524125300635539 0.02234254726095558 0.022483655364433197
1 0.8547881941241403 0.48172037970453707 0.022342606762131734 0.02248365905363825
0 0.5688535064179709 0.4930751944119535 0.008534055143300634 0.008968513074379292
0 0.5562916430963336 0.49438520787752754 0.00960083886388119 0.010089526989750075
1 0.5052743956889525 0.5039221164517224 0.022402010830596286 0.023542302135126647
0 0.35532927670047004 0.5068453207618332 0.010608193776129204 0.010151985230794303
1 0.3371081879858475 0.5063816484189256 0.008415250346851422 0.0068512864125789275
0 0.22399156776382617 0.5171131505074362 0.009838567459131614 0.01432398769176102
0 0.16592150796575997 0.5180578728878017 0.008534084893888572 0.008968514918981763
0 0.1372423230552109 0.5203671960748532 0.009600838863881217 0.010089526989750075
0 0.5401446054330157 0.4948552100112536 0.009660271012693733 0.011148142165252728
0 0.5265456711247241 0.4956983741301205 0.008652916100445718 0.011085683924208611
0 0.3951188147999811 0.5043782959877634 0.011734355155066323 0.012331699884226999
0 0.3668838446110355 0.5055977618480985 0.011674921336013666 0.011273054958136186
1 0.6846073170468215 0.4843047510104549 0.010608193776129093 0.010151985230794358
1 0.673941241421119 0.4833726510827281 0.00942254575792334 0.006913740964418158
0 0.6559578482106787 0.4871433817852576 0.011734412986002418 0.012331673822844003
0 0.567043886184249 0.47884650772274046 0.010608195446369262 0.010152014981382407
0 0.5000564356773924 0.48299987837674196 0.013630170931349161 0.010339384170707566
0 0.3660518028788591 0.49077729814400073 0.009541410055548538 0.009030971315423464
1 0.3539935583472896 0.49205610105355174 0.009600840534121191 0.01008955674033818
0 0.32528465736233425 0.4938361166528519 0.010608195446369206 0.010152014981382462
1 0.2960423620117286 0.4951180389096287 0.008534114644476731 0.008968516763584289
1 0.13688422782945814 0.5049861965847833 0.0085340848938886 0.008968514918981763
0 0.12482598329788872 0.5062649994943342 0.01262284576968914 0.01027692777426581
0 0.7427338273975741 0.46635990608453004 0.00954141005554865 0.009030971315423464
0 0.7135212489564948 0.4681711508043523 0.009541410055548538 0.00903097131542352
1 0.6843086705154153 0.4699823955241745 0.009541410055548538 0.00903097131542352
1 0.6717170316181956 0.47076310509120217 0.010548764967796664 0.009093429556467747
1 0.46823636719347617 0.48337935804431087 0.00853411464447662 0.008968516763584289
0 0.3378168641107414 0.4919967919103214 0.009600840534121191 0.010089556740338235
0 0.7301421885003544 0.46714061565155773 0.01066762592494186 0.011210600406297011
0 0.655096092074336 0.4717936402439967 0.011674980837189874 0.011273058647341239
0 0.5548370604455279 0.47747875781824056 0.00859348562187312 0.010027098499293896
0 0.47985039616832226 0.48319039758618226 0.013749064979562409 0.012456616366315454
0 0.8756716863401008 0.4575862987099234 0.011734414656242254 0.012331703573432051
0 0.7008998931497487 0.46842253790833455 0.01072705974399435 0.012269245332387824
0 0.64247473626759 0.472045027347979 0.01072705974399446 0.012269245332387824
1 0.26715516625057545 0.4937222387330087 0.009660271012693789 0.011148142165252783
1 0.0030548065788019462 0.5106464445943225 0.0061096131576038925 0.012019417873196492
1 0.6186241977355647 0.470336973095136 0.005571539887481269 0.009839731154571318
1 0.44165948919628284 0.478122307465908 0.01072705974399435 0.012269245332387768
1 0.7907290836095615 0.4570103527466677 0.009897996267464237 0.01538254336608752
1 0.2780575094240534 0.4898594286576129 0.01001686056508938 0.017499773717092992
1 0.10678168201586688 0.4999477452385289 0.009957444961810794 0.016441189214479623
1 0.6149202797688511 0.4673797537844606 0.008950075174268823 0.01637873005113416
1 0.8234672852411566 0.4549805115616007 0.023349842672027443 0.022546109916272428
1 0.5328525926999113 0.47299926770905143 0.022342606762131623 0.02248365905363825
1 0.3888043805684223 0.4819305766706765 0.022342547260955636 0.022483655364433253
0 0.3527172993881499 0.47832545005028837 0.008593545123049273 0.010027102188498838
1 0.33757761747219983 0.4787330088182642 0.00853411464447662 0.008968516763584289
0 0.2947958199621151 0.48191671036941064 0.007586190210801258 0.009964643947454721
0 0.22226805131554073 0.48641359304844406 0.0116155206080292 0.010214471377824053
0 0.210180089874445 0.4871630734949497 0.009600840534121191 0.010089556740338124
0 0.16487995137986228 0.4905029476323909 0.009660271012693789 0.011148142165252783
0 0.13560795566526435 0.4912555762544092 0.011556090129456575 0.009155885952909448
0 0.6558345131891044 0.4579380746032473 0.008534055143300523 0.008968513074379292
0 0.7132523151590151 0.45437804340464716 0.008652916100445718 0.011085683924208556
0 0.5671597077143318 0.46290497429130084 0.01060819544636915 0.010152014981382351
0 0.509741905744421 0.46646500548990105 0.01060819544636915 0.010152014981382407
0 0.48055907229321615 0.4688055410775781 0.010667625924941915 0.011210600406297011
0 0.3652791932954952 0.4770154496154059 0.01380849545813495 0.013515201791230058
0 0.701134638478633 0.4545982311386954 0.014756360390634327 0.012519070918154629
0 0.6437168365087222 0.4581582623372956 0.014756360390634327 0.012519070918154684
1 0.003112734775828582 0.49367755193306606 0.006225469551657164 0.014199045436508628
0 0.30605173967103444 0.46634676621880744 0.011615490857441069 0.010214469533221582
0 0.9159009081009699 0.4269413285920432 0.010548764967796553 0.009093429556467747
1 0.9037832314205878 0.42716151632609145 0.008474621324248033 0.00790986814828848
1 0.7118868807314283 0.4390595161086142 0.009481976236495937 0.007972326389332762
0 0.6821706248342249 0.4409019899489586 0.010489331148743952 0.00803478463037699
0 0.5079620007499854 0.4527656115131453 0.010608195446369262 0.010152014981382462
1 0.4963479849801934 0.45295454129838464 0.009541439806136698 0.009030973160026046
0 0.1931713407006663 0.47228333132051104 0.011615520608029173 0.010214471377824108
1 0.12262851662435609 0.4761259780518896 0.007526767169875645 0.008906058983690734
1 0.0031706627404287486 0.48200164591197003 0.006341325480857497 0.005792699719499972
1 0.7269671321688056 0.4375933719157237 0.009541410055548538 0.009030971315423464
1 0.6992952418342084 0.43984022567564196 0.010608195446369262 0.010152014981382351
1 0.6685419752866468 0.44121586135536817 0.007526819233404702 0.008906062211745114
0 0.5557804521487181 0.44926959638459973 0.01570428148382974 0.011522884233108044
0 0.38151233641448984 0.46007460646248877 0.009660271012693844 0.011148142165252783
0 0.32762018738568305 0.46341603935124176 0.016711576894901548 0.011585338784947274
0 0.13524986127463157 0.4758745916396333 0.010727059743994377 0.012269245332387768
0 0.7395290541564992 0.4362833398856506 0.012741650566138296 0.012394154436066174
0 0.6403070348482893 0.4424353253711007 0.009719704831746334 0.012206787091343596
1 0.45235080766708247 0.4524955935244991 0.01066762592494186 0.011210600406297011
1 0.8023088365342876 0.42920401340359027 0.005571539887481269 0.009839731154571318
1 0.625048490304954 0.44072568353865926 0.009660271012693955 0.011148142165252783
1 0.276748523878913 0.45754074906543263 0.008593545123049273 0.010027102188498949
1 0.7875539677768366 0.42746311270003867 0.010905351179712364 0.015445001607131748
1 0.7984266237913762 0.4230709783169948 0.00859348562187312 0.010027098499294007
1 0.1059169211353369 0.4665392524843637 0.009660285887987827 0.01114814308755413
1 0.2946427391155463 0.4521820974442515 0.008474680825424075 0.007909871837493476
1 0.2085754385589047 0.458580761262257 0.009600840534121163 0.01008955674033818
0 0.17980710542513678 0.4593021616860543 0.008474651074836026 0.00790986999289095
1 0.15803213932818716 0.4675571638010676 0.021335222099295587 0.02242119896799155
0 0.12289294744193854 0.46283096583931027 0.009481983674143005 0.007972326850483324
1 0.8505121027617591 0.42355956855410526 0.022342606762131734 0.022483659053638305
1 0.4732670298095236 0.44694960061997835 0.021335251849883607 0.022421200812594078
0 0.3807694420704123 0.4468420506463512 0.009600840534121191 0.010089556740338124
0 0.3233219248612153 0.44987278913249407 0.009541410055548538 0.009030971315423575
0 0.30726406517170424 0.4519307121848717 0.011674921336013722 0.011273054958136242
0 0.22161129301284782 0.456710209243807 0.009600840534121163 0.010089556740338124
1 0.13542514470411512 0.46099167153909393 0.008474651074836026 0.007909869992891005
1 0.8722276383801362 0.4142459810141773 0.007467385414352323 0.007847417285654412
0 0.8138619136467901 0.41892708562932446 0.009600840534121247 0.01008955674033818
0 0.39330165048905946 0.44500275565440883 0.01060819544636915 0.010152014981382407
0 0.3365063588520699 0.4506487601775068 0.011853216112211518 0.014448870734056318
0 0.19136167417082217 0.45805461764761357 0.011674951086601798 0.011273056802738823
0 0.8270166604787064 0.4191737323666893 0.013867866435531506 0.014573783526939721
1 0.7397340247449208 0.42192974409275913 0.008534055143300634 0.008968513074379292
0 0.7271721010869874 0.42323974637224415 0.009600840534121136 0.010089556740338124
0 0.6682730414891671 0.427422753955663 0.01066762592494186 0.011210600406297011
0 0.6526593973563792 0.4283908345566183 0.011674980837189763 0.011273058647341239
0 0.6400083279805869 0.42811295869873134 0.010548764967796664 0.009093429556467747
0 0.7090699039152182 0.4248932579098573 0.01380843595695902 0.013515198102025061
0 0.6808349651471005 0.426112751676178 0.0137490054783862 0.012456612677110457
1 0.002990865450258489 0.4544467205124496 0.005981730900516978 0.012206787956000997
1 0.0031379412678104943 0.441712229037617 0.0062758825356209885 0.012269244698305648
0 0.3224259199199808 0.40690562223579974 0.010489331148744063 0.008034784630376934
1 0.19147302414183576 0.41502499250987507 0.008474651074836026 0.007909869992891005
0 0.4649334141943994 0.3975387060786811 0.011556060378868527 0.009155884108306922
1 0.37827331687388305 0.4023806595340581 0.007467325913176115 0.00784741359644936
0 0.2937170189350255 0.4086856378350998 0.011615490857441069 0.010214469533221582
0 0.1793553474614537 0.4152451802439233 0.008534084893888544 0.008968514918981818
0 0.9101138455416328 0.3688742308645608 0.01155611988004468 0.009155887797511975
0 0.8234537498913566 0.37371621407052585 0.009481976236496048 0.007972326389332651
0 0.6950192116432434 0.3816794405865931 0.010489331148743952 0.008034784630376934
0 0.6658363484414503 0.38401997801887267 0.010548764967796664 0.009093429556467747
0 0.33445444921226397 0.4050975266137914 0.01060819544636915 0.010152014981382351
0 0.1219375343350725 0.4188052121342495 0.010667618487294833 0.011210599945146449
1 0.8531402888790336 0.3713444177671361 0.008534055143300523 0.008968513074379292
1 0.7242317900843228 0.3798681958667709 0.010608195446369262 0.010152014981382407
1 0.7085884290420088 0.38030695400468084 0.007526819233404813 0.008906062211745114
1 0.6370977322172087 0.3852707009057154 0.009600840534121136 0.01008955674033818
0 0.8979367367124382 0.36803580342310627 0.011615550358617166 0.010214473222426579
0 0.8092917059781282 0.3735319921344121 0.009600840534121136 0.01008955674033818
0 0.736260319376606 0.3780601002447626 0.010608195446369262 0.010152014981382407
0 0.8395116393314557 0.3716582891735457 0.011734414656242365 0.012331703573432051
1 0.44860814042093966 0.39483287387198807 0.009600840534121191 0.010089556740338124
1 0.6209194885165412 0.3761820414664532 0.008534055143300523 0.008968513074379292
1 0.2627245057489223 0.3967974904227688 0.009363115279350742 0.005855155539503443
1 0.1927745102356585 0.40219681569101007 0.008593515372461225 0.010027100343896422
1 0.1568375002254806 0.41026759586990963 0.021335222099295587 0.02242119896799155
1 0.4987369261291662 0.3874756371699464 0.022283146532970977 0.021425071784121064
1 0.35622941697945365 0.3968425542493662 0.021335251849883663 0.022421200812594078
0 0.3055657634881677 0.39467237245193454 0.010667625924941748 0.011210600406296956
0 0.29294440935166166 0.39492378930650485 0.009600840534121191 0.010089556740338235
0 0.21792804304022362 0.4001061056890999 0.014815790869206896 0.013577656343069289
0 0.13372684302057863 0.40373333180615667 0.009600840534121163 0.010089556740338124
0 0.12163887786065938 0.4044828124832376 0.009600847971768203 0.010089557201488741
1 0.874885541406937 0.36256015269025366 0.023349842672027332 0.022546109916272428
0 0.5204524468722491 0.3781620505523197 0.009541410055548538 0.00903097131542352
0 0.4761596169937924 0.38143943946503245 0.01161549085744118 0.010214469533221582
0 0.8518640018395458 0.35761379835906326 0.009660271012693733 0.011148142165252783
0 0.8382650675312542 0.3584569624779302 0.010667625924941748 0.011210600406296956
0 0.8226811386377527 0.3599543357913428 0.009719704831746334 0.012206787091343596
1 0.8109482767861095 0.3580260938044516 0.010429900670171355 0.0069761992054622746
1 0.7355174250325285 0.364827544428625 0.01066762592494186 0.011210600406297011
0 0.7234294635914328 0.36557702487513055 0.01066762592494186 0.011210600406297011
0 0.5320070156179346 0.3769145065138789 0.012622786268513098 0.010276924085060757
1 0.30322271913820725 0.3799455942648007 0.009541410055548538 0.009030971315423575
0 0.15010855080119068 0.3894390126390037 0.009541410055548538 0.00903097131542352
1 0.7221828917912311 0.3523756981795151 0.009481976236495937 0.007972326389332707
1 0.6768233360231299 0.3546569562191524 0.00942254575792345 0.006913740964418047
1 0.505103263307632 0.3658351170960932 0.008474621324247922 0.00790986814828848
1 0.20645961033592286 0.3848828217390412 0.007526759732228633 0.008906058522540117
1 0.1777804113851998 0.387192160723688 0.008593515372461197 0.010027100343896422
1 0.49150431412404627 0.3666782821372613 0.00960087028470924 0.01008955858494065
0 0.3766686655583428 0.3737983473013654 0.009600840534121191 0.010089556740338124
1 0.29205293547067257 0.37904471042690446 0.009600840534121191 0.01008955674033818
0 0.16264074267430378 0.38759968881877455 0.010667625924941831 0.011210600406297067
1 0.6918440958105185 0.3521322005399641 0.007467385414352323 0.007847417285654301
1 0.6480549433881858 0.35537836033215475 0.008534055143300412 0.008968513074379292
0 0.6349596865360181 0.3561902953304995 0.010548764967796553 0.009093429556467747
0 0.3625066216451145 0.37361412536525174 0.009600840534121191 0.010089556740338235
0 0.13387241121077587 0.38832111899316 0.009660271012693816 0.011148142165252783
0 0.12030316611000594 0.3896935774385114 0.010727052306347393 0.012269244871237206
0 0.6646759424332216 0.3543478214901552 0.0136895716593336 0.011397967751019644
0 0.7057981280380227 0.3486112842371124 0.011912709432440272 0.015507519349352072
1 0.4466766164625301 0.36042825255050065 0.009660271012693789 0.011148142165252839
1 0.20571671599184535 0.3716502659229036 0.007467325913176059 0.007847413596449304
1 0.46892700665891246 0.36064211418293546 0.022283116782382928 0.02142506993951865
1 0.3622970919160992 0.3608796647362399 0.00847468082542413 0.007909871837493532
1 0.32641951238449396 0.37000903034005406 0.021335251849883663 0.022421200812594078
1 0.30387196478452855 0.3645021523312818 0.00847468082542413 0.007909871837493532
0 0.19108071153201933 0.37202659557035744 0.008534084893888572 0.008968514918981818
1 0.13262585428586832 0.3751197913752432 0.008474651074836054 0.007909869992891005
1 0.8435943494334796 0.33634960701036265 0.022283176283559136 0.02142507362872359
1 0.6337428299751029 0.3435182613473413 0.007526819233404702 0.008906062211745114
1 0.5476161270202369 0.34885830814524155 0.008534055143300412 0.008968513074379292
1 0.5188775107959952 0.35010903103208435 0.009481976236495937 0.007972326389332707
0 0.49120560558610404 0.3523558857143039 0.008534084893888627 0.008968514918981818
0 0.1789630348516373 0.37224678330440564 0.01262284576968914 0.01027692777426581
1 0.1613347552708237 0.37333977577594313 0.009600840534121163 0.010089556740338124
0 0.12101183479725278 0.37530872139105786 0.009541417493195592 0.009030971776574137
0 0.5330692699485098 0.3508225456806554 0.011793845134815073 0.013390288998346767
0 0.5028196213558961 0.35216695592906455 0.01173441465624242 0.012331703573431996
0 0.7207877404541181 0.33652784842043676 0.01060819544636915 0.010152014981382407
0 0.6930861348802346 0.33824540946789766 0.011615550358617277 0.010214473222426634
0 0.64627503839375 0.34167896635539896 0.012682216747085695 0.011335509509975417
1 0.5591112636171097 0.3465521489312981 0.011615550358617277 0.010214473222426634
1 0.002451471539240698 0.38059263956580086 0.004902943078481396 0.013078003326933096
1 0.002598546891939764 0.37069204126605737 0.005197093783879528 0.00822215405027732
1 0.6722858251898804 0.3278498931577593 0.011496686060992078 0.008097242871421217
0 0.17976084348933605 0.35944983560606275 0.01564482125466904 0.010464296963590969
1 0.16159918608840612 0.3600447635633638 0.009541410055548566 0.00903097131542352
0 0.12080232366235505 0.36257425960916945 0.008534084893888585 0.008968514918981818
0 0.30357328599717437 0.3501797540637219 0.009541410055548594 0.009030971315423575
1 0.6359625103880209 0.3290397490723614 0.013630141180761002 0.010339382326104984
0 0.4632351125108629 0.3402803663457439 0.012682276248261737 0.011335513199180414
0 0.3594801150998892 0.346713406537483 0.012682276248261737 0.01133551319918047
0 0.8645669907077791 0.313803463654297 0.011615550358617277 0.010214473222426579
0 0.559346008945994 0.33272784216165885 0.009600840534121247 0.010089556740338124
0 0.5477616654598461 0.33344609717684737 0.010608195446369262 0.010152014981382351
0 0.34682904405385684 0.34643550092900793 0.007645620689373911 0.011023229372369436
0 0.2904482841551324 0.3504623981942118 0.011734355155066267 0.01233169988422711
0 0.8781064928672582 0.3119016843599275 0.00859348562187312 0.010027098499293952
1 0.8060824016768078 0.31636733791843874 0.011615550358617277 0.010214473222426579
1 0.7330510150752854 0.3208954460287893 0.00859348562187312 0.010027098499293952
1 0.661530541839783 0.32532987415598347 0.008593485621873231 0.010027098499293896
0 0.49185488098301333 0.3369124419361825 0.013749035228974305 0.012456614521712983
0 0.1473777100263653 0.35880192645174735 0.00977913531031896 0.013265372516258256
1 0.2626857862200813 0.3420919882363306 0.007645620689373855 0.011023229372369436
1 0.6166731735648625 0.3185505490898617 0.008593485621873231 0.010027098499293896
1 0.32484457630824 0.34195601081981875 0.02127582137131101 0.021362615387679362
1 0.2115496753501948 0.3495116813348139 0.022342547260955553 0.022483655364433253
0 0.1895354906950517 0.3445028687625794 0.010548764967796581 0.009093429556467747
0 0.17697358358265228 0.34581289987035124 0.009600840534121191 0.01008955674033818
1 0.16180419963247 0.34569113525298045 0.007467325913176032 0.007847413596449249
1 0.789370824781906 0.30678061119803635 0.0075862497119773 0.009964647636659774
1 0.524740185393631 0.32849973915645203 0.022283176283559136 0.0214250736287237
0 0.3899644495202109 0.33154469320863966 0.008593545123049273 0.010027102188499004
0 0.13362867646763096 0.34796921536651704 0.007645620689373855 0.011023229372369436
1 0.8409824027068674 0.3078297493295092 0.022283176283559136 0.0214250736287237
0 0.5596104100129882 0.3194328317936821 0.009541410055548538 0.00903097131542352
0 0.3601887912247831 0.33232855002887873 0.009600840534121191 0.010089556740338124
0 0.1205036597502949 0.3482518604193082 0.01374903522897429 0.012456614521712928
0 0.818434823686074 0.30232284341475135 0.009660271012693844 0.011148142165252839
0 0.8063171470056919 0.30254303114879955 0.011615550358617277 0.010214473222426579
0 0.6729053258463275 0.3118771603563857 0.012741650566138185 0.01239415443606623
0 0.9024874458390475 0.2960491239848198 0.014696926571581725 0.011460425992063872
0 0.35986039719814256 0.31747685904886147 0.00847468082542413 0.007909871837493532
1 0.8639696943044868 0.2851586931805602 0.011496686060992078 0.008097242871421217
0 0.5457128266679305 0.3059535958003865 0.009600840534121247 0.010089556740338124
0 0.2898806732405384 0.32234692227753486 0.009660271012693844 0.011148142165252839
0 0.11913824391682569 0.33293333197039876 0.010667618487294833 0.011210599945146449
0 0.7309724015429074 0.2928736556290761 0.009541410055548427 0.00903097131542352
0 0.717403124642966 0.2942461459001934 0.010608195446369373 0.010152014981382351
0 0.6620296882356616 0.29821055701836746 0.014696926571581725 0.011460425992063872
0 0.4908132929762876 0.3093574887747862 0.014756360390634271 0.012519070918154684
0 0.461067351590386 0.31067066805807064 0.011674921336013666 0.011273054958136186
0 0.34676511059538684 0.3182887958918088 0.012741710067314393 0.012394158125271226
0 0.14778770903414495 0.33009470142617126 0.011793815384226997 0.01339028715374424
1 0.8749314365357093 0.28235444062409343 0.009600840534121136 0.01008955674033818
1 0.4336614432077305 0.3086518896520295 0.009481976236495993 0.007972326389332707
1 0.44471236257764 0.3074355431389203 0.009660271012693844 0.011148142165252839
1 0.2620587431566747 0.31291789714415086 0.009481976236496048 0.007972326389332707
1 0.1034934040680391 0.32434273543134584 0.006638295527713917 0.010960772975927624
1 0.27316909467539674 0.3127601658065443 0.009660271012693789 0.011148142165252783
1 0.21098206443560083 0.32139620541813685 0.022283116782382983 0.021425069939518593
1 0.7768935769530023 0.2825904296591824 0.009897996267464237 0.015382543366087575
1 0.324276995144234 0.31384053305853926 0.02133525184988372 0.022421200812594022
0 0.16022926355621603 0.31763811573274514 0.009541410055548566 0.00903097131542352
1 0.5580651891760207 0.2919091049859041 0.007526819233404924 0.00890606221174517
0 0.5449699323238529 0.29272103998424887 0.00954141005554865 0.00903097131542352
1 0.5231652493173771 0.3004467196362168 0.022342606762131734 0.02248365905363825
1 0.38732275613348444 0.30249551490934334 0.00853411464447662 0.008968516763584289
1 0.34548885330648704 0.3045581746391334 0.009481976236495993 0.007972326389332762
1 0.1884047867210551 0.31536003561920856 0.009600840534121219 0.010089556740338124
0 0.17631682527995937 0.31610951606571414 0.009600840534121191 0.010089556740338124
0 0.5006771041156363 0.29599845864754964 0.009719704831746334 0.012206787091343596
0 0.48755211547864824 0.2962810721051503 0.009660300763281837 0.011148144009855365
0 0.4724124186874042 0.2966886317954275 0.009600840534121136 0.01008955674033829
0 0.30024813041518295 0.3089566351237906 0.01380849545813495 0.013515201791230114
0 0.8874027228426008 0.27042717647141146 0.007645680190550008 0.011023233061574433
1 0.8393480344818008 0.27871811463377116 0.02234260676213151 0.022483659053638305
0 0.8164750744513212 0.27641828336604357 0.010845920701139655 0.014386416182217143
0 0.6436288436973663 0.2855416981944062 0.009660271012693733 0.011148142165252839
0 0.8722036087778382 0.26977612006388463 0.01363014118076089 0.010339382326104984
0 0.8597011172687173 0.27214473751887236 0.010786490222566947 0.013327830757302428
1 0.9013567550701049 0.2669062601685597 0.011615550358617166 0.010214473222426634
1 0.31701466789982785 0.29251388531339684 0.00847468082542413 0.007909871837493532
1 0.37392879241361454 0.2889850832353188 0.009600840534121136 0.010089556740338124
1 0.3456938519752569 0.29020454725105144 0.009541410055548594 0.00903097131542352
1 0.3290729124313973 0.29123508240384594 0.008534114644476731 0.008968516763584233
0 0.188106122808995 0.30103763642934733 0.01066762592494186 0.011210600406297011
0 0.385987036945184 0.28770628032576784 0.011674921336013722 0.011273054958136297
0 0.17598844612861292 0.3012578241633956 0.010727059743994377 0.012269245332387824
0 0.11800753455376564 0.30379046930701525 0.009600840534121191 0.010089556740338124
1 0.871904959741072 0.25545371995172217 0.008534055143300523 0.008968513074379236
1 0.7268791376872096 0.2649767780222463 0.012622786268512876 0.010276924085060757
0 0.6896376153612005 0.26781700006585263 0.014696926571581614 0.011460425992063872
0 0.5561367046446734 0.2755631879456856 0.009600840534121247 0.010089556740338124
0 0.4967636249990792 0.28030675080187695 0.015763715302882286 0.012581529159198912
1 0.7152354232236653 0.2646364439233151 0.009600840534121136 0.010089556740338124
0 0.8592538886950396 0.2551758143432471 0.009660271012693733 0.011148142165252839
0 0.3581665984945034 0.28730663892820885 0.012801140545886991 0.013452743550185886
1 0.432530752438788 0.2795090258357694 0.010548764967796609 0.009093429556467636
1 0.21038475315701458 0.29275143586670127 0.022283116782382983 0.021425069939518704
1 0.6020281053143057 0.2647506729525396 0.009897999607944241 0.015382602867263673
1 0.521590313241123 0.2723937001159814 0.022283176283559025 0.02142507362872359
1 0.316242056646224 0.2787520070342138 0.00847468082542413 0.007909871837493476
1 0.29497076633515845 0.2869757502781169 0.022342547260955525 0.022483655364433197
1 0.15966165264162208 0.2895226398160681 0.009600840534121163 0.010089556740338124
0 0.13142669899821038 0.29074213450469005 0.009541410055548538 0.00903097131542352
0 0.11836112763474099 0.29208336406009466 0.009600840534121163 0.01008955674033818
0 0.47086719785043657 0.26916490498764944 0.009600840534121136 0.01008955674033818
0 0.3721191407590645 0.2747563686401201 0.009541410055548594 0.009030971315423464
1 0.35694977168417624 0.2746346031004481 0.00942254575792334 0.0069137409644181025
0 0.34492124239189315 0.27644269872245636 0.009541410055548594 0.00903097131542352
1 0.8075531650522195 0.25253879807440227 0.022283176283558914 0.021425073628723673
0 0.6863466763281529 0.25421126370007513 0.00954141005554865 0.009030971315423547
1 0.6571043826477873 0.25549321570744 0.009481976236495937 0.007972326389332707
1 0.6289585912677684 0.2583006173617207 0.009600840534121247 0.01008955674033818
1 0.5553938103005959 0.26233063212954794 0.00954141005554865 0.00903097131542352
0 0.5428616035521887 0.26416995687207834 0.01066762592494186 0.011210600406297011
1 0.49898330374175703 0.26582820877630897 0.009541410055548483 0.009030971315423464
0 0.48689534230066134 0.2665776892228145 0.009541410055548594 0.00903097131542352
0 0.4586900890212419 0.268326477546195 0.009541410055548538 0.009030971315423464
0 0.38675514521889043 0.27438003899266633 0.010727059743994405 0.012269245332387824
1 0.3267001528421506 0.27597901150425475 0.009481976236495993 0.007972326389332651
1 0.8423640170239404 0.24241327184692457 0.009541410055548427 0.009030971315423492
0 0.8302760555828446 0.24316275229343012 0.011556119880044569 0.009155887797511975
0 0.870598955792058 0.24119377808060385 0.011734414656242365 0.012331703573432051
0 0.8589849565677999 0.24138273669413002 0.01066762592494186 0.011210600406296983
1 0.6935732953904323 0.23889114513523874 0.011437255582419481 0.00703865744650653
1 0.6633533620371048 0.24076484809610516 0.011437255582419481 0.007038657446506558
1 0.7201783994990889 0.23564814931615605 0.012503923641127845 0.008159723484643389
1 0.468405320623679 0.25232092435549575 0.006578835298553187 0.009902185706410521
1 0.4603466598292232 0.25282057921623446 0.006578835298553132 0.009902185706410493
1 0.2991738604483387 0.2628136506065737 0.006578835298553187 0.009902185706410493
1 0.14961506029171234 0.27261776338338684 0.005630970366053922 0.010898316579485978
1 0.8107489335861799 0.22843914736165377 0.006638326113421855 0.010960789695824202
0 0.1819372716429274 0.26317770337696256 0.012563413620876568 0.009218312598763045
1 0.35208690959182876 0.2510346128414829 0.010489331148744063 0.008034784630376934
0 0.8040527260407446 0.2261985992350104 0.009957430086516728 0.01644118829217836
1 0.719199269028064 0.2272105314091266 0.013511276883135803 0.008222151975099568
1 0.6623445766630899 0.2317979486627074 0.01060819544636904 0.010152014981382407
1 0.5150321310613654 0.20959410784514096 0.01143725558241937 0.007038657446506502
1 0.19917472857686772 0.22811566795114435 0.008534083223648625 0.008968485168393714
1 0.13672027104806914 0.23198798297655565 0.008534083223648625 0.008968485168393714
1 0.8073940912628101 0.18668671155172165 0.006578894799729285 0.009902189395615546
0 0.1501112102161707 0.22743970944701009 0.009957430086516783 0.01644118829217836
1 0.3669531274851735 0.20974587353200197 0.006578835298553187 0.009902185706410521
1 0.708348875932735 0.1869851439525608 0.008534053473060577 0.008968483323791188
1 0.6604412168096074 0.18889324000705732 0.00942254575792345 0.006913740964418075
1 0.16388244635781968 0.19365488750654183 0.010370468521358811 0.005917584029959566
1 0.25297173810985507 0.18706886845220394 0.009363113609110851 0.0058551257889153385
1 0.09028792123589269 0.19715562628180827 0.010370453646064773 0.005917583107658303
1 0.591878845101791 0.16499359021852222 0.00835575869686278 0.005792667547871139
1 0.5198547539113405 0.16945924377703353 0.007348522786967071 0.0057302166852369885
1 0.4941678581619532 0.17105188834240603 0.010370468521358867 0.005917584029959594
1 0.4634442771030899 0.17295681857919204 0.007348463285790918 0.005730212996031964
1 0.44581601239757024 0.1740498101284283 0.010370468521358811 0.005917584029959594
1 0.3813468747948636 0.1780470397913255 0.010370468521358867 0.005917584029959622
1 0.26704314300180143 0.17663579876453261 0.010370468521358867 0.005917584029959594
1 0.34857743654021095 0.1705182063727126 0.010370468521358811 0.005917584029959594
1 0.6436344689980584 0.14160111877048184 0.01351127855337586 0.008222181725687616
1 0.6657363102432374 0.13916847037014543 0.013511276883135914 0.008222151975099568
1 0.7905560779127356 0.12983593243136285 0.007407954935779615 0.006788831860739697
1 0.7694021602661121 0.13114752229044635 0.007526817563164867 0.00890603246115701
1 0.6649354745484102 0.13390666823903608 0.006460032172344143 0.0077849887951982055
0 0.15809989998343402 0.16267587871845457 0.01066762592494186 0.011210600406297011
1 0.815442198303592 0.12298149692097006 0.01392729858434405 0.015632398702442457
1 0.77790351690376 0.12052867283765087 0.007467385414352212 0.007847417285654315
0 0.7138489391196667 0.12290676364746342 0.010786490222566947 0.013327830757302442
0 0.08805923820366013 0.1574579588333954 0.010905337974658189 0.01544503043541856
1 0.7930699335067702 0.10259168765518786 0.007467386667032283 0.007847439598595365
1 0.7150612631588764 0.10849068358176314 0.006578894382169298 0.00990218195796852
1 0.675745658151955 0.11039719952392667 0.014578063944196584 0.009343225391646504
1 0.6652281601841441 0.11211158919025108 0.0056309707836140754 0.010898324017132963
1 0.8011285345912699 0.10209203276483064 0.00557153988748138 0.009839731154571318
1 0.7422294756197897 0.10627505150472001 0.00663832569586198 0.010960782258177204
1 0.11691372141898676 0.1402657146235033 0.00936311360911081 0.0058551257889153385
1 0.42915632315672153 0.12037483750174005 0.0074078954346034065 0.006788828171534686
1 0.36670186562792295 0.12424715252715132 0.00942254575792334 0.006913740964418089
0 0.17527943169459886 0.1355846183683044 0.011615520608029173 0.010214471377824108
1 0.3463769486161735 0.12232047205847554 0.007526758061988659 0.008906028771952013
1 0.1462733733060605 0.13207161759126707 0.012503982307183914 0.008159712298554389
1 0.4251849332751231 0.1126538963717871 0.008474681660544048 0.007909886712787556
1 0.7135769650600046 0.09105493709119533 0.00942254575792334 0.006913740964418061
0 0.6984967739589233 0.0925210924701749 0.009600840534121247 0.010089556740338151
0 0.6112735687037103 0.09633568962115938 0.012444491492315302 0.007101108309140722
1 0.8585136393082082 0.07994396369506412 0.007407954935779726 0.006788831860739683
1 0.571987679144855 0.09877150199460374 0.008534053473060577 0.008968483323791215
0 0.838307585758964 0.08013449870209974 0.01143725558241937 0.00703865744650653
1 0.05297497343774321 0.12670228641601963 0.010429885794877365 0.006976198283161039
0 0.7223442730638863 0.07617044244174899 0.010608195446369262 0.010152014981382407
1 0.6920946831373287 0.07751483412565904 0.006519462650916741 0.00884357422011281
1 0.669015203054308 0.08053924835479102 0.006697757427114537 0.012019389996032886
1 0.7857466537736801 0.0711770614374378 0.006578894799729285 0.009902189395615532
1 0.7389057808764932 0.07408129955109877 0.0075862497119773 0.009964647636659774
0 0.7092193001373123 0.0764530698523424 0.010667626760061832 0.011210615281591063
0 0.6195669144907542 0.08201171680469248 0.010667626760061832 0.011210615281591063
1 0.9671255071213689 0.06099346247770994 0.01084592153625974 0.01438643105751114
0 0.7761473044551821 0.0712410998204335 0.00764568102566987 0.011023247936868444
1 0.06710430438758495 0.10829845652797426 0.008593530247755249 0.0100271012661977
1 0.08757627253238767 0.10384228606768794 0.011853246697919609 0.014448887453952827
1 0.7440880339586065 0.05835679362904145 0.007526817563164756 0.008906032461157037
1 0.6299907926762771 0.05162131266881505 0.006519463068476727 0.008843581657759829
0 0.8788013272760096 0.0361945052595974 0.006638325904641973 0.010960785977000707
1 0.8041994768880327 0.039757698571893804 0.006638326113421855 0.010960789695824223
1 0.7612987572493867 0.04082420321182789 0.00948197707161591 0.007972341264626766
1 0.7528256258880819 0.04294299139184374 0.006638326113421966 0.010960789695824216
0 0.5684544831704516 0.05384326525442708 0.008593485204313023 0.010027091061646919
1 0.8127023240105739 0.03816821240139405 0.007645680816889877 0.011023244218044938
0 0.7940667341433942 0.039323660347072006 0.008652916726785809 0.011085695080679109
0 0.770927822537901 0.041289470557171803 0.00669775763589453 0.012019393714856406
1 0.8645501367054125 0.03442238845140592 0.006697757427114537 0.012019389996032897
1 0.6130117729907387 0.037270851128061944 0.008593485204313134 0.010027091061646919
1 0.6753770833402185 0.03181063193351413 0.006519463068476616 0.008843581657759832
1 0.6658668812010393 0.03346257448564636 0.007645681025669981 0.011023247936868444
1 0.5862580908066308 0.03786734991544642 0.009719703161506277 0.012206757340755527
1 0.20166449485864824 0.05640156219505818 0.010370468938918825 0.005917591467606599
1 0.27813244651435165 0.050066944197695355 0.010548763715116649 0.009093407243526683
0 0.28903475847578153 0.04620410993513744 0.010786489805007071 0.013327823319655444
1 0.6293637204886224 0.02244723457770834 0.00657889438216952 0.00990218195796852
0 0.6574501404214897 0.018581235441955075 0.012503922910397813 0.008159710468761136
1 0.5945514369590397 0.023543383606920647 0.005571539574311224 0.009839725576336045
0 0.7717820669051871 0.01149240216527678 0.009600840220951201 0.01008955116210289
0 0.05263757533032801 0.05767438968084494 0.0119126780116122 0.015507487754161532
1 0.8547679609241312 0.004586801431950677 0.006578894382169187 0.009173602863901354
1 0.8225333772474839 0.006221127638666952 0.006578894382169298 0.009902181957968518
0 0.6936545930657194 0.015274187294288543 0.008712348249258373 0.012144299099711299
1 0.8627671901961145 0.00380767199206522 0.006578894382169298 0.00761534398413044
1 0.20157384174499718 0.04578428543916252 0.007823915987521635 0.014199054445348226
0 0.6470187491620352 0.004668214720378959 0.007645680921280151 0.009336429440757918
