1 0.9960675747640009 0.9478452559032073 0.007864850471998364 0.006212843875263663
1 0.9611828860037828 0.9465238072825929 0.009308550396817772 0.00719292359788426
1 0.9972959973143591 0.9385424304590944 0.005408005371281721 0.006212843875263441
1 0.9576830520732809 0.9382923261143463 0.008435355071300554 0.006212843875263441
1 0.9810730469390787 0.9335999126698191 0.010906869570312727 0.007359012335592996
1 0.9428841331536802 0.9298778506448189 0.007784207611214233 0.007923864046517903
1 0.9461844062779183 0.9259159186215601 0.0069849886735879885 0.00784081351023902
1 0.9071369714598576 0.9313306526538432 0.010403565973370665 0.010864197246440832
1 0.9685902907981208 0.9190638578782739 0.006037935661938332 0.005963716936124741
0 0.9853354758732282 0.9168714300414353 0.007858193788226608 0.008821011934617928
0 0.45345599241253265 0.9667129492375199 0.007710231223323538 0.007026834860175524
0 0.8609491864587192 0.9234636704717278 0.007710231223323705 0.007026834860175524
1 0.964505960885397 0.9086312634940079 0.006185888437720166 0.007757775308809056
0 0.6274714409907779 0.9364160486585047 0.007784207611214455 0.00792386404651746
0 0.47512214303734224 0.9508902343581134 0.00836143803428896 0.005315820856345632
1 0.9979549006371585 0.8987393724783135 0.0040901987256829475 0.011263091256263902
0 0.639059106621414 0.935211920728678 0.012075871323876775 0.011927433872249704
0 0.5213989133037541 0.9451766248504492 0.008657353374973642 0.008904056303472463
1 0.4267661529279033 0.9509389492215796 0.008435414422179766 0.006212850042687901
1 0.9837746278554044 0.8930576223702857 0.010329589585479804 0.009967168060098563
0 0.81831332638029 0.9097991132746512 0.008805246799876265 0.010698108508732096
0 0.36388482055757865 0.955663746611412 0.0077842076112144 0.007923864046517681
1 0.07154340750158254 0.9878517876406199 0.00967842223907478 0.011678303849398941
0 0.32221799770192255 0.9586364044057614 0.007710231223323594 0.007026834860175524
0 0.801346207246949 0.9093003942015844 0.012075871323876664 0.011927433872249704
0 0.3100087836496796 0.957190851342943 0.00800614656400811 0.010615070307302132
0 0.6909819959609445 0.9148879537069619 0.009308550396817883 0.007192923597884149
0 0.1843940617416529 0.968434565388027 0.009456483286281098 0.008987097588614379
0 0.6247264388593698 0.9226775914991197 0.00800614656400811 0.010615070307302132
1 0.426462932563511 0.942375353012507 0.00945645361084163 0.008987094504902204
0 0.6537474796754641 0.9178523882332079 0.008657294024094542 0.008904050136047892
0 0.14537630267497015 0.9693224540224632 0.007133010589370076 0.009634996752105662
1 0.4994816284121988 0.9384066279866956 0.023574512224678934 0.026462910934671235
1 0.10799382871914745 0.9704927708251461 0.009530459674171973 0.009884126774956314
0 0.8289689726575378 0.8924062818628573 0.008657294024094764 0.00890405013604778
0 0.7712821182501906 0.896591297022561 0.01025561319758872 0.009070138873756628
0 0.32044980089240216 0.9420822337831897 0.008583367197961544 0.008006908415371994
1 0.29063688815124944 0.9519659038435649 0.02117707797759677 0.02621378245367678
1 0.10685446309836191 0.9615636442699496 0.008435384746740313 0.006212846958975615
0 0.21873564790082256 0.9499375528951206 0.008583337522522078 0.00800690533165993
0 0.20834667713714783 0.951017118897234 0.008583337522522022 0.00800690533165982
0 0.690634472589778 0.900900363441014 0.009530489349611648 0.009884129858668822
1 0.16371247474872425 0.961988519647875 0.021754283773830457 0.023605619019890445
0 0.6513281106249782 0.9031753766193416 0.007784207611214344 0.007923864046517681
0 0.13191675352554483 0.9576021712740559 0.006259874614732014 0.008654923196909414
0 0.6621536642136918 0.9025028014841159 0.010403565973370443 0.010864197246440943
1 0.937276317466166 0.8716516832171519 0.009382526784708745 0.008089952784226306
0 0.6096612580938826 0.9061480374974031 0.009456512961720565 0.008987100672326553
0 0.636070275246968 0.9038561125880792 0.00967845191451433 0.011678306933111005
0 0.6252447216582544 0.9045286877233047 0.010403565973370443 0.010864197246440832
0 0.5980366042693009 0.9069036508340587 0.008731270411985292 0.00980107932239016
0 0.49116494667096955 0.9157472683111454 0.007858193788226275 0.00882101193461804
0 0.5175369459546701 0.9130068318923628 0.009604406386623299 0.01078115287758652
1 0.9557234515974571 0.865663352743884 0.005460774378864053 0.00857188499547934
1 0.5821202322757386 0.9044861912169802 0.009604465737502399 0.010781159045010869
0 0.45098544383697137 0.9172082373211062 0.006259874614732042 0.008654923196909303
1 0.42472441402966776 0.9212942768702812 0.009678392563635285 0.011678300765686878
1 0.7326862602968316 0.8879354025874663 0.005608727154645665 0.010365943368163544
1 0.41458708022674406 0.920538201422548 0.00887929232776713 0.011595262564256803
1 0.7940802775400588 0.8847223533329016 0.02364855775256991 0.027360064990196054
1 0.4236220340785283 0.9128137250300628 0.00836143803428896 0.005315820856345632
1 0.5809808889115327 0.8955570623489995 0.008361378683410026 0.005315814688921394
0 0.43670438410540924 0.9150732629103692 0.00910123128056084 0.014286468825041254
1 0.2667367651022279 0.9309258916293289 0.006407827390513765 0.010448981569593396
0 0.6769160185501932 0.886040357525867 0.008583307847082389 0.008006902247947645
0 0.5721975275073403 0.9014459019172064 0.008524000857486391 0.016894512015213303
0 0.6322301981881282 0.886612464350422 0.007710231223323594 0.007026834860175635
1 0.26447264390807235 0.923018360042828 0.007562248772102265 0.005232773403779145
0 0.5023311422179878 0.8996585178453167 0.0071330105893701035 0.009634996752105773
1 0.47044637148409546 0.9088527079778224 0.02197619305118459 0.02629682219696272
1 0.9985695379704639 0.8438856063075337 0.002860924059072234 0.00857188499547934
1 0.9922035596946897 0.8437774893741712 0.006259874614732097 0.008654923196909414
0 0.8535138372966489 0.8577370216753267 0.008731270411985292 0.009801079322389938
0 0.8239452293413994 0.8608096324858145 0.01192790875897376 0.0101332567978073
1 0.28859514435845324 0.9223211721413874 0.02182828478856219 0.02450276844984689
0 0.18062111422784233 0.9226842370073277 0.0077102015478840435 0.00702683177646346
0 0.7560100370847317 0.862892912800226 0.006259874614731986 0.008654923196909303
1 0.1620333274499168 0.9318538105189784 0.021828269950842416 0.02450276690799058
1 0.6886594050557254 0.8671773595141116 0.006259874614731986 0.008654923196909303
1 0.9459788458504848 0.8354619864314605 0.008435355071300887 0.006212843875263441
0 0.7610492523536592 0.855583652084588 0.006333851002622848 0.00955195238325146
1 0.7026742622922802 0.8611972492252348 0.004661555441237697 0.008488834459200678
0 0.5140745287235201 0.8807955198335612 0.008006146564007999 0.010615070307302243
0 0.6550137425360203 0.8647927397859916 0.010329589585479693 0.009967168060098675
1 0.4216245883979459 0.8885929280338813 0.008805306150755199 0.010698114676156556
1 0.4118868343883959 0.8877953304017211 0.008805306150755254 0.010698114676156445
1 0.26378491197856807 0.9000186589746364 0.005534691415875703 0.009468908014397148
0 0.2805670852476213 0.8982747457309688 0.01047758182582198 0.011761348218253143
0 0.1653783222972147 0.9088874083671107 0.00865732369953398 0.008904053219760177
0 0.5692086416765758 0.8700901592949111 0.009323101093354436 0.016977550216643267
0 0.6470076553228914 0.8556724496157939 0.0069849886735880995 0.00784081351023902
0 0.6187117334602139 0.8595175261430545 0.006333851002622848 0.00955195238325146
0 0.4738434227536005 0.8718571933755798 0.006333851002622903 0.00955195238325146
1 0.4410485278511246 0.8797888840974266 0.022701376250040817 0.025482837379474987
0 0.8508505796522461 0.8254426652476707 0.007132951238491114 0.009634990584681424
0 0.7648678033822215 0.8334727569346352 0.009382526784708745 0.008089952784226417
0 0.2907195021165262 0.8845531925932998 0.00887929232776724 0.011595262564256803
1 0.20961294489226473 0.8979575298008968 0.021177063139876967 0.026213780911820694
0 0.794688063135942 0.8285645031324447 0.007132951238491003 0.009634990584681424
0 0.621087262579332 0.8443422544834867 0.01185393237108312 0.009236227611465253
0 0.7529842224109009 0.8310886494173353 0.010625504926164209 0.013555403507225283
0 0.656938118401283 0.8392596917591963 0.008731270411985403 0.00980107932239005
0 0.604083150357485 0.8433949614663696 0.007206927626381865 0.010532019771023582
1 0.9697615390967942 0.8013242852059552 0.010033674244794955 0.006378932612972066
0 0.4843141231665606 0.8522217296470515 0.006259874614731986 0.008654923196909303
1 0.409993023485063 0.8599447788576982 0.008006146564007999 0.010615070307302132
1 0.7385552001144359 0.8271594979321558 0.008376048081704335 0.01510045364252921
0 0.3146721026743014 0.8671357476443629 0.007710231223323594 0.007026834860175635
1 0.28975043521831345 0.8679159806855858 0.0061119120498291934 0.00686074612246701
0 0.7791936194068434 0.8166033174839302 0.007132951238490892 0.009634990584681535
1 0.994705525348433 0.7910418514014356 0.008361378683410026 0.005315814688921394
1 0.8145485705764396 0.8201674516047339 0.0236485577525698 0.02736006499019583
0 0.7642613528643158 0.8163454458147318 0.007784207611214455 0.007923864046517792
0 0.7522370895709212 0.8171425844195267 0.007858193788226275 0.008821011934617928
0 0.6698505660112588 0.8247990327138135 0.006259874614732208 0.008654923196909414
0 0.6834361009333234 0.8233872969455633 0.00800614656400811 0.010615070307302021
0 0.575809611535898 0.8377378904137884 0.01012232003098057 0.01706060075292193
0 0.5662198151966903 0.8387344105051915 0.00852400085748628 0.016894512015213303
0 0.6030104535765834 0.8303875634573763 0.008879232976888196 0.011595256396832454
1 0.9430789798549937 0.7905257083865523 0.008435355071300554 0.00621284387526333
0 0.5112117102728535 0.8363077502143998 0.007784207611214455 0.007923864046517681
0 0.2602485134649667 0.8669102583786137 0.009323130768793875 0.01697755330035544
1 0.4649422153547099 0.8469967235677224 0.022775352637931623 0.026379866565817034
0 0.287841615437598 0.8545430500176845 0.00785819378822633 0.00882101193461804
1 0.9609786061980083 0.7827847792904362 0.0070589748506002525 0.008737961398339378
0 0.10977882514057467 0.8748558708056047 0.008450009631875588 0.01599748128701506
0 0.7786241570828832 0.7999245209571979 0.00865729402409432 0.008904050136048003
0 0.7518155898118637 0.8022579649672367 0.009382526784708856 0.008089952784226195
1 0.13190344146180744 0.8743662922844437 0.022627414699869758 0.024585809734989028
0 0.6276142511562028 0.8110928970651428 0.007710231223323594 0.007026834860175746
0 0.5888184087857342 0.8146719942731475 0.00858330784708261 0.008006902247947645
0 0.7635069495706285 0.7974240763221441 0.009826404690296053 0.013472365305795209
0 0.6547114039633202 0.8073723901748757 0.00975242830240508 0.012575336119453162
0 0.35218834786389674 0.8333804222067464 0.009604406386623354 0.010781152877586297
1 0.9694217195793025 0.7678837133019396 0.0055347507667550255 0.009468914181821386
0 0.8441696337838632 0.7786373859438573 0.007710231223323705 0.007026834860175524
0 0.20052722518309174 0.8464259619489649 0.008657323699533953 0.008904053219760066
1 0.7754426215341563 0.785779127656236 0.006259874614731986 0.008654923196909303
1 0.25515812356552425 0.8393918781425835 0.004735561504568164 0.00938586672925501
1 0.8115226916571691 0.7883631350383884 0.024373671811426023 0.026545955303525548
0 0.7493222394789265 0.7866838648161492 0.00865729402409443 0.008904050136047892
1 0.4153509855274904 0.8222931387401485 0.008805306150755254 0.010698114676156445
1 0.9966908274181124 0.7576760913470344 0.00661834516377513 0.006295894411542213
0 0.6256314253121571 0.7968229402946115 0.007858193788226497 0.008821011934617928
0 0.5979127240834331 0.7978937661922334 0.008657294024094542 0.008904050136048003
1 0.1089061276145024 0.8496134796116559 0.005608682641486368 0.010365938742595282
0 0.5082968305054194 0.8058490336947345 0.0085833671979616 0.008006908415371994
1 0.9865518991812473 0.7556989793221905 0.009456512961720787 0.008987100672326553
1 0.48767415656668045 0.8147777035353498 0.0234265594488971 0.024668852561987142
1 0.9355098545645901 0.7573840088742059 0.008509331459191416 0.007109873061605487
0 0.8496381071218415 0.7667596975241381 0.009382526784708745 0.008089952784226195
0 0.299422429330812 0.8239351534075947 0.007133010589370048 0.009634996752105662
0 0.3327648369161247 0.8177561206594752 0.010033674244795121 0.006378932612971955
1 0.2807606390138554 0.8322076406948082 0.021103101589705908 0.025316753267334624
1 0.17984563819016308 0.8399799162088128 0.021103086751986105 0.025316751725478315
1 0.9698290922526693 0.7483892002283082 0.007710231223323372 0.007026834860175635
0 0.20711314165187228 0.8285513185695321 0.011853932371083092 0.009236227611465142
1 0.9367679306097465 0.7482057530670867 0.00756227844754187 0.00523277648749132
1 0.6225535147515586 0.7790476737440499 0.007562278447541759 0.00523277648749132
1 0.7608436919262256 0.7651297198944883 0.006185888437720055 0.007757775308809167
1 0.5721330185565082 0.7833823842887103 0.005963959274047692 0.0050666877497826945
1 0.7149664965586269 0.7708017478668465 0.005682713331657596 0.011263091256264013
1 0.41407869337032477 0.7970922712724828 0.00836143803428896 0.005315820856345632
0 0.426065968469774 0.795846618074517 0.007059034201479242 0.008737967565763727
0 0.7306832483950465 0.7610258004598438 0.007636254835432732 0.006129805673833477
1 0.9272375006110143 0.7401485808209398 0.009308550396817883 0.007192923597884149
1 0.7383861449192228 0.7615824913372566 0.005608727154645554 0.010365943368163655
1 0.7577804556584823 0.7573052280512735 0.006185888437720166 0.007757775308809056
1 0.6598843855714598 0.7674780614734249 0.0069849886735880995 0.00784081351023913
1 0.6998049612587188 0.7628773716095087 0.005460774378863942 0.00857188499547934
0 0.7543769218060825 0.7404686346569513 0.0101816270205769 0.00817299098565627
1 0.9899416157516049 0.7137281070417141 0.008361378683409582 0.005315814688921283
1 0.9752312930564315 0.7161615009841791 0.011054832135215187 0.00915318941003529
0 0.6739142813608366 0.7470203272247142 0.009382526784708745 0.008089952784226306
1 0.9482377750265636 0.7162522533266045 0.006763059509915625 0.005149725951212769
0 0.7998545621611868 0.7348380664344292 0.012075871323876775 0.011927433872249593
1 0.9410454574475975 0.7169996403114447 0.00850933145919186 0.007109873061605598
0 0.5949759292448757 0.7525089673867299 0.0069849886735880995 0.00784081351023902
0 0.6209483487352025 0.7498100531523744 0.009678451914514441 0.011678306933111116
0 0.5141507020947621 0.7595507560829702 0.00865735337497342 0.00890405630347224
0 0.35660692617834905 0.7745647240127078 0.010181627020576789 0.008172990985656381
0 0.34690613068730486 0.7742156440574308 0.006911071636576449 0.006943790491321211
1 0.9336607950597566 0.7105289841178618 0.00756227844754187 0.00523277648749132
0 0.4378984044860193 0.7634030815564365 0.007280973154272896 0.011429173826548067
0 0.4008785221296247 0.764083361581521 0.008805306150755254 0.010698114676156556
0 0.7834870369137688 0.7220628304501233 0.007132951238491114 0.009634990584681424
0 0.8102216277968974 0.7188323572537425 0.009604465737502399 0.01078115904501098
0 0.659581618493353 0.734486057346035 0.007206927626381865 0.010532019771023582
1 0.8494096855861528 0.7102363832667887 0.008361378683409915 0.005315814688921394
0 0.634622957948859 0.7348177164432079 0.008879232976888085 0.011595256396832454
0 0.6070522192850378 0.7376827194152721 0.00967845191451433 0.011678306933111005
0 0.10315035678094539 0.7895931343386182 0.005608682641486368 0.010365938742595282
1 0.4826805497070654 0.7542258000712149 0.023500535836788072 0.0255658817483293
0 0.32040124196152375 0.7606843357091042 0.007710231223323594 0.007026834860175635
1 0.2754044553925319 0.7721457724664154 0.021754268936110654 0.02360561747803447
0 0.717031923900491 0.7176591144016548 0.008509331459191749 0.007109873061605487
1 0.1993001277675517 0.7777922742433961 0.02182826995084236 0.024502766907990692
0 0.1209686819800812 0.7759797574851909 0.009308520721378374 0.007192920514172085
0 0.33858944894607573 0.7515562843818808 0.008361438034289015 0.005315820856345632
1 0.9854654395746218 0.6838840501200952 0.00923457400892691 0.006295894411542102
0 0.7536376115215357 0.7070695756862263 0.007784207611214344 0.007923864046517792
0 0.8095412008911009 0.7008080169474968 0.00800614656400811 0.010615070307302243
0 0.604773473205747 0.7198244678467351 0.007932170176117359 0.009718041120960086
1 0.9147332184397787 0.6862579826417846 0.006259874614732097 0.008654923196909303
0 0.630272366190249 0.7162700435267525 0.006333851002622848 0.00955195238325146
1 0.9549794223133997 0.6807186789725077 0.005386788201852122 0.007674737107379204
1 0.5670654304144417 0.7219333922873541 0.004735531829128448 0.009385863645542947
0 0.8287801599099918 0.6897612844271408 0.007710231223323816 0.007026834860175635
1 0.7125406449252463 0.7022926282564153 0.0055347507667548035 0.009468914181821497
1 0.25099378796830046 0.7498017386570934 0.004661585116677247 0.008488837542912964
0 0.15422249081666706 0.7589529154468861 0.006259874614732069 0.008654923196909303
0 0.7538006126392607 0.6943861288008348 0.0055347507667548035 0.009468914181821497
0 0.7385797061043167 0.6955153855301679 0.0070589748506001415 0.008737961398339267
1 0.9245600516354813 0.6734750386839077 0.008361378683409582 0.005315814688921283
1 0.7742602310039561 0.6981409713639144 0.022775352637931956 0.026379866565817034
0 0.5913509394014074 0.708552756729594 0.008879232976887974 0.011595256396832343
1 0.9929911485445037 0.6627450615244024 0.008361378683410026 0.005315814688921283
1 0.5054494791129813 0.7224552946320133 0.021029140039534766 0.024419725622848554
0 0.4468082272057161 0.7199538132404707 0.007932170176117193 0.009718041120960086
1 0.09986558780923521 0.754649093063677 0.006111912049829235 0.00686074612246701
0 0.3280602688788928 0.7313887463967949 0.008731329762864393 0.009801085489814287
1 0.9519015166473617 0.6629434717728253 0.006837035897806376 0.006046755137554816
1 0.12282634938686125 0.7545250448886398 0.021251064154608618 0.02711093034177703
0 0.9924659546573178 0.6514902027873783 0.007784207611214677 0.007923864046517681
0 0.7503231519607281 0.6766523813509882 0.007932170176117359 0.009718041120960086
0 0.657184991849364 0.685878440134267 0.00865729402409432 0.008904050136047892
0 0.7374997290805863 0.6775325643246373 0.009604465737502399 0.01078115904501098
1 0.7220939360322338 0.6764191825698117 0.009308550396817883 0.00719292359788426
0 0.5759231967119315 0.6925132364217633 0.007858193788226275 0.008821011934617928
0 0.6162433818680038 0.6878710212897077 0.007132951238490892 0.009634990584681424
0 0.5886726432041824 0.6907360242617719 0.009530489349611537 0.009884129858668711
1 0.27522036906335656 0.721046389060422 0.007710231223323594 0.007026834860175746
0 0.2655935696924836 0.72159439610051 0.009530459674172043 0.009884126774956536
0 0.39519672515965926 0.7049601056166327 0.008805306150755143 0.010698114676156445
1 0.9911786536227695 0.6407669561958345 0.005386788201852122 0.007674737107379093
1 0.722552852490643 0.6673239711315467 0.007206927626381976 0.01053201977102347
1 0.7708717901606971 0.6668266884914551 0.022775352637931734 0.026379866565817145
1 0.2462883480825358 0.7122910569037211 0.0064078273905137095 0.010448981569593618
1 0.23753466984858107 0.7136530503031531 0.006481813567525724 0.011346129457693754
0 0.5773516085739601 0.6756268914074864 0.0101816270205769 0.00817299098565627
0 0.2614722170158144 0.7107132308559061 0.006555789955416502 0.012243158644035912
0 0.32510840091751325 0.7004815152839583 0.007710231223323649 0.007026834860175524
0 0.35108082040784006 0.6977826010496029 0.008657353374973475 0.00890405630347224
0 0.276256535831159 0.7091769239088062 0.009249184056342563 0.01608052719772557
1 0.29533249862688554 0.7108136976247206 0.02197625240206358 0.02629682836438707
0 0.9782296463242549 0.6303507551643204 0.008583307847082722 0.008006902247947645
1 0.19492803965410377 0.7198900548556186 0.021103086751986078 0.025316751725478537
0 0.9994964716170944 0.6216963503456554 0.001007056765811143 0.009236227611465253
1 0.7462465259016792 0.6467668053286544 0.007710231223323483 0.007026834860175524
1 0.9542404811833802 0.6228912806854812 0.0069849886735878775 0.00784081351023913
0 0.8025127316515515 0.6400151473777353 0.007206927626381754 0.010532019771023582
0 0.5850326099133316 0.6612573782135908 0.00858330784708261 0.008006902247947645
0 0.612928922307196 0.6574538269544696 0.007132951238491003 0.009634990584681424
0 0.3147715014137653 0.6875319672938407 0.010329589585479637 0.009967168060098675
0 0.28836251393611934 0.6898238891194524 0.008657353374973475 0.00890405630347224
0 0.5716246317000889 0.659936454138645 0.00808013274102004 0.01151221819540238
0 0.2994396599724246 0.6873156771599485 0.007133010589370048 0.009634996752105884
0 0.7758447873517269 0.6391673514331037 0.00750285275618745 0.01412037391990828
0 0.12351539903232397 0.7042396463001344 0.00865732369953398 0.008904053219760066
1 0.3926814251855987 0.6744598669125401 0.00720698697726091 0.010532025938447931
1 0.7093969496867172 0.6397389992302933 0.009604465737502399 0.010781159045010869
1 0.5578468113200288 0.654130140561048 0.008879232976888196 0.011595256396832454
1 0.821574079505302 0.6317011402188788 0.02357457157555798 0.026462917102095806
0 0.7341263316847098 0.6317407168432231 0.01025561319758872 0.009070138873756628
0 0.5971828861305057 0.6473282781302333 0.00808013274101993 0.01151221819540238
1 0.09691415577212206 0.6993135156961865 0.00997433757975931 0.01526653929652555
0 0.4778134090575151 0.6561135272102001 0.011128749172226782 0.010050212428952876
0 0.4948841926435451 0.6529824886517133 0.010255613197588664 0.009070138873756517
0 0.44210323066307766 0.6580147844615163 0.006985048024467255 0.00784081967766348
1 0.4215915262007356 0.668289057432524 0.021902216663293672 0.025399793010620564
0 0.29756779871021516 0.6743912641689305 0.008805306150755254 0.010698114676156556
1 0.9541742680000431 0.602541263693647 0.008361378683410026 0.005315814688921394
1 0.9422239810945394 0.604235431484784 0.010033674244795288 0.006378932612972066
1 0.9047675307508258 0.6045087191011247 0.007932170176117137 0.009718041120959975
1 0.7626962192469484 0.6165577372100841 0.010033674244795177 0.006378932612972066
1 0.9349133593400288 0.598661857660998 0.009382526784708745 0.008089952784226195
0 0.742895078146926 0.615901096400245 0.007784207611214455 0.00792386404651757
0 0.6629059691020656 0.6233083584045143 0.007784207611214344 0.007923864046517681
0 0.6353352304382442 0.6261733613765784 0.008583307847082389 0.008006902247947645
1 0.4150951025857944 0.6481548152800498 0.0076362548354326765 0.006129805673833588
0 0.7316329813517726 0.6161666166921355 0.009530489349611537 0.009884129858668711
1 0.44063094919424173 0.6450488492860711 0.007710231223323483 0.007026834860175635
1 0.9448954255543419 0.5926483952723427 0.006259874614732208 0.008654923196909303
1 0.1951805287311074 0.669197663087441 0.007636225159993182 0.006129802590121303
1 0.5955923301615651 0.6280413790624498 0.006259874614731986 0.008654923196909525
0 0.1851541446723003 0.6697871329610772 0.008509361134631188 0.007109876145317773
0 0.9371925339247262 0.592091763745809 0.008731270411985292 0.00980107932239005
1 0.9974323866950486 0.5797834437021004 0.005135226609902732 0.005315814688921394
1 0.38951492329513326 0.6458367903008653 0.008805306150755254 0.010698114676156445
1 0.08674025738609899 0.6736805208206774 0.004661570278957472 0.008488836001056876
0 0.5459266657656088 0.6268691136159721 0.009249124705463463 0.01608052103030111
0 0.74211101646388 0.6015065106418411 0.008731270411985292 0.00980107932239005
0 0.6353873214304514 0.6121443051933703 0.006259874614731986 0.008654923196909303
1 0.9978986081771659 0.5715437423494627 0.004202783645668173 0.005315814688921283
0 0.7296871437016722 0.6023451745147753 0.008006146564007999 0.010615070307302021
0 0.5826433228630505 0.6176251780309358 0.00800614656400811 0.010615070307302021
0 0.6072690749783538 0.6132567095425862 0.009456512961720676 0.008987100672326553
1 0.26407784964654635 0.6543477751298097 0.02182825511312264 0.024502765366134605
0 0.1690382118724741 0.6551762601524931 0.007710201547883988 0.007026831776463349
1 0.7888393981649934 0.5817223289339658 0.005312811813961149 0.006777707921036935
1 0.9916169604125935 0.5434605042350833 0.00756227844754187 0.00523277648749132
1 0.40184329853373335 0.604746613204858 0.007562278447541926 0.005232776487491431
1 0.3474640173797716 0.6099449977523698 0.009234514658047921 0.006295888244117753
1 0.30667030571787446 0.6137317027987982 0.005963959274047526 0.0050666877497826945
1 0.6914616702277347 0.5737462524128782 0.00531281181396126 0.006777707921037046
1 0.9422472113573218 0.545876474235732 0.008361378683410026 0.005315814688921283
0 0.7403875413774192 0.5659478698906604 0.007710231223323483 0.007026834860175635
1 0.6186576034135722 0.5754307635866491 0.004587569264225877 0.007591686571100431
0 0.7241456005483742 0.564469017911518 0.004735531829128559 0.009385863645542836
1 0.6401976866582839 0.5727400757041089 0.004661555441237586 0.008488834459200678
1 0.9456141261703036 0.5378362137205814 0.008435355071300998 0.006212843875263441
0 0.7373169704105287 0.5531480203692116 0.008879232976888196 0.011595256396832454
1 0.7019693588346403 0.5545593032775209 0.005460774378864053 0.00857188499547934
0 0.6308818560186372 0.5623986926896336 0.007132951238491003 0.009634990584681535
0 0.2532828832763422 0.6016367483814331 0.007932140500677698 0.009718038037247911
0 0.10583946780662709 0.6169582756238767 0.008731300087424843 0.009801082406102224
1 0.9866005469010422 0.5168391531853953 0.008361378683409915 0.005315814688921394
1 0.6997052228027649 0.5466517732328761 0.008361378683410026 0.005315814688921394
0 0.5401708875131919 0.5668487691138624 0.009249124705463463 0.01608052103030133
1 0.7579765780868943 0.5446679306400708 0.023500595187667228 0.02556588791575365
0 0.641507848801087 0.5495327043629025 0.007932170176117359 0.009718041120960086
0 0.42057950116284726 0.5729428088493325 0.007206986977260965 0.010532025938447931
0 0.4057582040967165 0.5740305403105264 0.006333851002622903 0.00955195238325135
1 0.33631331856642144 0.5871277756909266 0.021029140039534766 0.024419725622848554
0 0.18867764731415038 0.5952312505038108 0.00865732369953398 0.008904053219760177
1 0.1600634813719783 0.6049903532399765 0.020155994275775663 0.023439533365893994
0 0.10364201545235532 0.604972472583579 0.00800613172628832 0.010615068765446156
1 0.43929286746458507 0.5750695599919662 0.022701376250040817 0.025482837379474987
1 0.955848272688494 0.5055587628564976 0.008361378683409915 0.005315814688921394
1 0.944549187699395 0.505375768555217 0.010033674244795066 0.006378932612971955
1 0.9363060587352107 0.5080418429006142 0.00473553182912867 0.009385863645542725
0 0.7329147161651179 0.5242010581522384 0.0112027849109968 0.010947247782719494
0 0.7895435431898579 0.5169593603400091 0.007932170176117359 0.009718041120960086
0 0.46977203298838516 0.5488311624592904 0.006259874614731986 0.008654923196909303
1 0.9602659939921332 0.495599755629911 0.006037935661938332 0.005963716936124852
0 0.6008328698201404 0.535212024734231 0.00800614656400811 0.010615070307302243
0 0.40380505652834775 0.5552336780203411 0.005534691415875759 0.009468908014397037
1 0.3805483796100373 0.5517694907482515 0.009752368951526091 0.012575329952028813
0 0.014352134980308033 0.5875607853261959 0.006333852857337865 0.009551952575983513
1 0.9599627390577409 0.48703610315367146 0.011705969806180105 0.0074420505370228485
0 0.3280486981419598 0.5504393629158806 0.0077842076112144 0.007923864046517681
1 0.28276330867485105 0.5632879242170832 0.022701376250040872 0.025482837379474987
1 0.133684600675416 0.5783270240622083 0.021828269950842402 0.024502766907990692
0 0.5857749644029215 0.5236578345781726 0.008731270411985181 0.009801079322389938
1 0.4368885369669214 0.545914924418266 0.022627399862149955 0.02458580819313283
0 0.2492583136395003 0.5577220599087243 0.008583337522522022 0.00800690533165993
0 0.6487599612259352 0.5153032795567865 0.01177994619407119 0.008339079723364895
1 0.9946075504758632 0.47710274622071663 0.008361378683410026 0.005315814688921283
1 0.09178121398183087 0.5686577556137371 0.007636239997712929 0.00612980413197739
1 0.9675770442520502 0.476744983969971 0.007636254835432843 0.006129805673833422
1 0.9399693173942835 0.47916147234886414 0.006911012285697016 0.006943784323896862
1 0.9262728129958222 0.4792276049867222 0.008583307847082389 0.008006902247947645
1 0.8909991778078247 0.4815359170813736 0.006911012285697016 0.006943784323896862
0 0.13401794755317223 0.5579354270769239 0.011779946194071134 0.008339079723364895
0 0.1044123588228371 0.5605595225233126 0.011705969806180272 0.0074420505370228485
0 0.8011983334709627 0.48724849291626127 0.008509331459191638 0.007109873061605543
0 0.45592796485498804 0.5226747756226923 0.008435414422179766 0.006212850042687679
0 0.1754998393822605 0.552720135423984 0.008583337522522078 0.00800690533165982
0 0.784379172007964 0.4885438915667577 0.008583307847082389 0.008006902247947645
0 0.6213892663301026 0.5059332847183268 0.01025561319758872 0.009070138873756628
0 0.3025649079557195 0.539516216459484 0.011927908758973982 0.01013325679780741
0 0.6488860286060331 0.5021712525599205 0.011202784910996577 0.010947247782719438
1 0.3894504440197407 0.5277732695886569 0.010181627020576789 0.00817299098565627
1 0.2620228135222932 0.5414672222470429 0.006259874614732042 0.008654923196909303
0 0.7706086318707328 0.487713001185698 0.0070589748506001415 0.008737961398339267
0 0.7438370527936587 0.4904949597889079 0.007858193788226275 0.008821011934617928
0 0.6107783763459147 0.5043217022686788 0.008805246799876154 0.010698108508732151
1 0.904170547669979 0.47021491953906713 0.007562278447541981 0.00523277648749132
0 0.7586213567712836 0.4889586543836639 0.008953209364779058 0.0124922855831745
1 0.9901903121339493 0.4626333424452739 0.008731270411985625 0.009801079322389994
1 0.08580262982264805 0.5548029567110302 0.00997433757975931 0.01526653929652555
1 0.5436423436759942 0.5063219382142359 0.009974367255198846 0.015266542380237724
1 0.37952040455219527 0.5197576226106493 0.006185888437720111 0.007757775308809056
1 0.9954441267619624 0.4530398709613075 0.006185888437720166 0.007757775308809112
0 0.09963250662491514 0.5465801578382521 0.006259874614732014 0.008654923196909303
1 0.7428753205945933 0.47883310555942776 0.006259874614731986 0.008654923196909414
1 0.28075856286512146 0.5340918258098347 0.02182829962628191 0.024502769991702866
0 0.12364404249345975 0.5445374261572983 0.008080117903300252 0.011512216653546403
1 0.7233774344289632 0.4867401172258282 0.023500595187667117 0.025565887915753593
0 0.6365142407178317 0.4889807860610478 0.009604468184782666 0.010781188720450363
1 0.43408463157044463 0.5168018703798719 0.02190227601417294 0.025399799178045024
0 0.8344818032212067 0.46569480702196575 0.007710231223323816 0.007026834860175635
0 0.4541227786278821 0.5056720755692297 0.007784210058494556 0.00792389372195712
1 0.35963797836965383 0.5132285473393627 0.0075622760002615474 0.0052327468120517695
1 0.2937079937744822 0.5200796220067438 0.006911071636576338 0.0069437904913211
0 0.816493585548325 0.4625879260569687 0.009530489349611537 0.009884129858668711
0 0.6297068026348647 0.4797359237509855 0.005460769484303407 0.008571825644600295
0 0.6823768223670945 0.4733579920516383 0.005460769484303407 0.008571825644600295
1 0.22256890510755772 0.5175197440844979 0.008361403464288902 0.005315758421754357
1 0.9569149747427865 0.4403057012177758 0.008361373788849269 0.005315755338042238
0 0.12554600311789302 0.5285065889158644 0.012653087063269744 0.009319212629440465
0 0.4099698844584773 0.49804604157130894 0.01105476788977533 0.009153123891731785
1 0.6001309168840666 0.47783314104037544 0.004735531829128448 0.009385863645542836
0 0.7278101373818258 0.46230352188227153 0.0062598697201714515 0.008654863846030258
0 0.7150607526877341 0.4640807575502781 0.009530489349611537 0.009884129858668655
0 0.5816024667711768 0.4779490252981883 0.007932170176117137 0.00971804112096003
1 0.909432125502546 0.4411684602496086 0.010033674244795066 0.006378932612972066
0 0.7405595838740767 0.46052630972228026 0.007932170176117248 0.009718041120960086
1 0.9732532701062523 0.43317937545253926 0.008361373788849269 0.005315755338042238
1 0.616572847024782 0.4670770607272974 0.0055347507667549145 0.009468914181821608
1 0.3761023126614182 0.4929702124986922 0.00887928743320665 0.011595203213377758
1 0.22080802815946482 0.5059409326820158 0.00836140346428893 0.0053157584217544684
0 0.08419745149287161 0.5255652775394035 0.008450009631875616 0.01599748128701506
0 0.7005947421973238 0.45970309147192767 0.009249124705463463 0.016080521030301165
1 0.5300795536077068 0.47380309806002396 0.008805251694436689 0.010698167859611196
0 0.10921545367398093 0.5161798987420254 0.007932155338397445 0.009718039579103999
1 0.15325005728192118 0.517484955551744 0.02102910546953468 0.02441966318825728
1 0.2531439744037924 0.5071045166039532 0.022775367475651537 0.026379868107673232
1 0.9223445682179615 0.4267077418533467 0.007562273552981225 0.005232717136612219
0 0.7131519007842989 0.4507078002906495 0.007932170176117248 0.00971804112096003
0 0.45026811752614593 0.4784776582108089 0.008006151458568644 0.010615129658181288
0 0.39883382781526255 0.48517956762548514 0.010625509820724688 0.013555462858104272
1 0.9657873535349721 0.42083629655151655 0.006837035897806376 0.006046755137554871
0 0.5902972319509419 0.4612123163179891 0.010255608303028185 0.009070079522877472
0 0.5635256528738677 0.46399427492119893 0.01105482724065443 0.009153130059156134
0 0.7873546666148128 0.43666379335508887 0.008583312741643145 0.00800696159882669
0 0.9001016823682036 0.4208763260358017 0.0062598697201714515 0.008654863846030258
0 0.09593354039355596 0.5017269179947741 0.006259869720171507 0.008654863846030258
1 0.6874091834513194 0.4366449329802975 0.008361373788849269 0.005315755338042238
0 0.2823874148778257 0.48054211090958066 0.007206991871821444 0.010532085289326976
0 0.1078098460166084 0.4991356616664159 0.009678417344514231 0.011678244498519896
1 0.9831247977968555 0.40139199412520526 0.005963954379486713 0.005066628398903594
1 0.25142781420717963 0.47652126551923 0.008361433139728425 0.005315761505466532
1 0.07961029842063194 0.4943756182583206 0.00546072497114411 0.008571821019031978
0 0.228252438432748 0.4789295260044516 0.007206991871821444 0.010532085289326865
1 0.7721785757238078 0.41878863005555567 0.006763054615355202 0.005149666600333613
1 0.3811789421824173 0.4616810912170598 0.004735531829128614 0.009385863645542836
0 0.37326141417643544 0.46340858451624806 0.00967838766907475 0.011678241414807666
1 0.941236065663845 0.401673442575058 0.00618589333228059 0.0077578346596881564
1 0.913480378688456 0.40229578355494827 0.006911012285697349 0.006943784323896973
0 0.09565999088598093 0.48863641703697536 0.007932155338397445 0.009718039579103943
1 0.3015227415667473 0.4731251626125057 0.02182823538084233 0.024502704473399417
1 0.17569340301463476 0.4866530592923349 0.021103086751986078 0.025316751725478537
0 0.7637801519428535 0.41468519932371606 0.008731270411985403 0.00980107932239005
1 0.7435570850256475 0.4235723142207525 0.022627394967589476 0.024585748842253785
1 0.9592763149780548 0.39075127352427125 0.00683703589780682 0.006046755137554816
1 0.5053953490663398 0.4383685320756077 0.007058969956039496 0.008737902047460278
1 0.6080347141870447 0.4172981431398125 0.007932170176117248 0.009718041120960086
1 0.7284476382706664 0.4016188521047671 0.007710231223323705 0.007026834860175635
1 0.9012049490055957 0.38050018382485595 0.010033674244794621 0.00637893261297201
0 0.016070893849330477 0.4715738109876274 0.004735550376278264 0.009385865572862973
1 0.8783405171815115 0.37201911669010546 0.006037935661938332 0.005963716936124963
0 0.631432469810116 0.3931527122143539 0.008435355071300776 0.006212843875263385
1 0.955910254728606 0.3499348133965304 0.00531281181396126 0.006777707921037046
1 0.9182391407803668 0.3524922585977447 0.006837035897806487 0.006046755137554816
1 0.3716936599648708 0.4101910736831386 0.005386733745533501 0.007674790290833844
1 0.5321381267648682 0.3912566662391297 0.008805251694436689 0.010698167859611252
1 0.6894969246942737 0.3740000394009302 0.008805251694436689 0.010698167859611252
0 0.793963823289535 0.36043013183386907 0.008805251694436467 0.010698167859611252
1 0.09711120450538549 0.43781946025737256 0.020303942002958694 0.0252337088984802
0 0.11726031113457008 0.42803528457123435 0.01120273787353808 0.010947301737102233
1 0.9173513874164724 0.34172746323004627 0.010033674244795066 0.006378932612972066
1 0.4946743244370073 0.386554568043653 0.008583342417082584 0.00800696468253892
1 0.2711042526805211 0.4170247689218626 0.021902276014172772 0.02539979917804497
0 0.7433140509952634 0.3570982487640716 0.00778421250577499 0.007923923397396726
0 0.6526843960241364 0.36742074172831596 0.0055347507667546925 0.009468914181821442
0 0.5978315586889102 0.37176361927391277 0.007710231223323594 0.007026834860175579
1 0.44909306414237343 0.3958148892721607 0.021902276014172717 0.02539979917804497
1 0.7312158064194172 0.35699829883164536 0.007710231223323483 0.007026834860175524
1 0.7638107169047834 0.361301599752898 0.023500595187667117 0.025565887915753593
0 0.5380358655137379 0.37481063914164786 0.006984993568148745 0.00784087286111812
1 0.6787901013392306 0.35656520018561644 0.004735531829128559 0.009385863645542836
0 0.08886850901818731 0.4160571586726761 0.007932155338397445 0.009718039579103943
0 0.7038081257769196 0.34717981907545414 0.007710231223323483 0.007026834860175635
0 0.5958857185915296 0.3579421474211131 0.007636254835432621 0.006129805673833477
0 0.6310853749443559 0.35473677646468005 0.01265302771239063 0.00931920646201606
0 0.45211245558418856 0.37378703849106226 0.011128749172226837 0.010050212428952987
0 0.3897786606775798 0.3802644314200308 0.009530429998732548 0.009884123691244362
0 0.7947634089344083 0.33591871230584924 0.00785818889366574 0.008820952583738939
0 0.7664305606759447 0.33931529774795405 0.01192790875897387 0.0101332567978073
1 0.9165527132387306 0.31738212627231077 0.007636254835432843 0.006129805673833422
1 0.7043410210705001 0.3389816664989709 0.00836137378884938 0.005315755338042294
1 0.2213280597040138 0.39007852364397083 0.006111912049829221 0.006860746122466899
0 0.11373123863910647 0.39990227248527704 0.00858334241708257 0.00800696468253892
1 0.16859138344532065 0.40053478537706577 0.020955129081643847 0.023522634001915177
0 0.2618628293814521 0.3831520992854429 0.006259869720171507 0.008654863846030314
1 0.24287547022901287 0.3923631942105926 0.021029120307254512 0.024419664730113422
0 0.1399922684464101 0.3958162329361021 0.011853927476522558 0.009236168260586153
0 0.5932516883837987 0.3455493230675599 0.007932170176117248 0.009718041120960141
0 0.5535457763010649 0.3478658553466025 0.008583312741643034 0.00800696159882669
0 0.7540587146605044 0.32612485225422544 0.00887922808232755 0.011595197045953354
0 0.6984437677306359 0.33099931226986284 0.006481808672965106 0.011346070106814765
1 0.9499914778057446 0.30259794545525187 0.009456508067160363 0.008987041321447509
0 0.2882868899819202 0.3663826097671642 0.010181631915137379 0.008173050336535315
0 0.4125845807247216 0.3489424702494398 0.007133010589370048 0.009634996752105829
1 0.7198212783630291 0.3165637257889883 0.006407832285074244 0.010449040920472608
0 0.45050728712055227 0.3445493882239472 0.008006151458568755 0.010615129658181288
1 0.9376936724236344 0.2903045823313201 0.007562273552981558 0.00523271713661233
0 0.6057572462821327 0.32615476609377914 0.007132951238491003 0.00963499058468148
1 0.5212618221564858 0.3326731955880821 0.008006151458568644 0.010615129658181233
1 0.5144320640542277 0.3329305192035966 0.0055347507667548035 0.009468914181821497
1 0.8966780218089437 0.291400081116964 0.00473553182912867 0.009385863645542836
1 0.2092599391942514 0.361023350841748 0.009234544333487499 0.006295891327829928
1 0.8753895310118238 0.2922551321752258 0.008657289129534007 0.008903990785168847
1 0.2660439744567229 0.3605511970333315 0.02095515875708337 0.02352263708562735
1 0.9285627925428361 0.28220589098445825 0.008361373788849602 0.005315755338042238
1 0.9103969019066549 0.2818317118729455 0.00778421250577499 0.007923923397396782
1 0.9688016592700293 0.27169119996150815 0.00836137378884938 0.005315755338042238
1 0.7313573408577438 0.3049603023912194 0.024151737753192903 0.023854808393620253
1 0.9063198473421993 0.27637448133433773 0.008361373788849713 0.005315755338042238
0 0.11018023007808955 0.3568431503653623 0.008731300087424843 0.009801082406102168
0 0.08460739038113624 0.3595005424152907 0.007133010589370062 0.009634996752105718
0 0.6853472288199051 0.2943606183556199 0.008435355071300776 0.006212843875263496
1 0.795844725930677 0.2806164315418986 0.007562273552981225 0.00523271713661233
1 0.5146841419108248 0.3066665010527285 0.008435355071300887 0.006212843875263385
0 0.5766183273486205 0.30023063339189937 0.006333851002622848 0.009551952383251516
1 0.5967377619358574 0.29497330271814404 0.00836137378884938 0.005315755338042183
0 0.12076920254387405 0.3435286208537327 0.006259869720171507 0.008654863846030258
1 0.36084018678930374 0.3176769881830529 0.008953268715657992 0.01249229175059885
1 0.13955656741306338 0.34655248866717114 0.020303956840678455 0.025233710440336343
0 0.8092307593973569 0.26701127641471845 0.007636254835432621 0.006129805673833477
0 0.783332318742201 0.2706072495108557 0.0055347507667548035 0.009468914181821497
1 0.2644388035458063 0.3313135170907769 0.02262739496758953 0.02458574884225373
0 0.5127825678029382 0.2982689373141977 0.008006151458568755 0.010615129658181288
1 0.41609260391790354 0.3132925884530289 0.02270137625004076 0.025482837379474932
0 0.5612719006407434 0.29006355929952377 0.007932170176117248 0.00971804112096003
0 0.69439727812811 0.2721584821604369 0.007710231223323594 0.007026834860175524
0 0.7895702412685295 0.2631733956502088 0.008006151458568644 0.010615129658181288
1 0.6537885147777809 0.2781878491990392 0.006555789955416502 0.012243158644035912
0 0.7761623175116052 0.26185240605695964 0.008509331459191638 0.007109873061605598
0 0.6408171317800165 0.27727388477368564 0.007932170176117026 0.009718041120960086
1 0.7556136199607573 0.2716781050839171 0.023500595187667117 0.025565887915753704
0 0.395352079089906 0.2914718895667009 0.008154109128910847 0.012409247381744593
1 0.9702231600437567 0.22540109243439233 0.007562273552981225 0.005232717136612247
1 0.9040045960306882 0.2336393041706003 0.00618589333228059 0.007757834659688129
1 0.20704098551356215 0.3096830317764957 0.009175177993012179 0.015183494927671237
1 0.5144183036757846 0.2741230176859341 0.0055347507667548035 0.009468914181821497
0 0.2540726197017877 0.2984624728694204 0.007932170176117248 0.009718041120960086
1 0.23537385602860544 0.30628644402160676 0.02182825021856208 0.02450270601525556
1 0.4133256842680919 0.28462801933236637 0.02175425899295136 0.023605675287057315
1 0.6670119162812633 0.25283780164094904 0.009974367255198735 0.015266542380237724
1 0.7241142722591085 0.24645164358978644 0.022627394967589365 0.024585748842253757
1 0.7841099547459511 0.2311696914298309 0.006911012285697349 0.006943784323896918
1 0.6314350855097526 0.24658245509193655 0.008435355071300776 0.006212843875263441
1 0.11292652277431586 0.29729645082995515 0.004661580222116726 0.008488778192033808
1 0.23871885829476322 0.28332004109881104 0.005460710133424362 0.008571819477175946
1 0.8610727588134148 0.21638648801838176 0.007132951238491114 0.009634990584681424
1 0.6559795216434573 0.23634154038813193 0.007710231223323483 0.0070268348601755515
0 0.7873289094413103 0.22133528351567747 0.006984993568148856 0.00784087286111812
1 0.3894625598909761 0.26403655803467274 0.005608671474687021 0.01036598171389852
0 0.08836745188933565 0.2975866166472123 0.009175177993012165 0.015183494927671237
1 0.9632088809116972 0.1989873937362872 0.006259872167451719 0.00865489352146978
1 0.7505976374018924 0.22062843822594258 0.010980850852763568 0.008256100872814004
1 0.8755168777899407 0.20583799453858312 0.01003367179751491 0.006378902937532516
0 0.7768956263395221 0.21699092377251075 0.012579050100859801 0.008422162437954128
1 0.8601110266143492 0.20472463378890166 0.00683703345052622 0.0060467254621152655
1 0.8968720114994442 0.20090462982614934 0.006984993568148634 0.00784087286111812
1 0.9710821120291055 0.19183598056882262 0.008509333906471572 0.007109902737045093
0 0.749820853514395 0.2112092459886364 0.011054829687934697 0.009153159734595684
0 0.059235854040891225 0.2766378580031422 0.00836140346428891 0.005315758421754413
1 0.047648166153675425 0.277841988245753 0.007562258715261526 0.005232715594756132
0 0.14216264958214136 0.26575867030684486 0.008435382299460031 0.00621281728353601
1 0.9095995059032916 0.1842012494377135 0.009234571561646865 0.00629586473610258
1 0.3591988798006943 0.23913404332899624 0.0067631139662341355 0.005149672767757935
1 0.4038773926917711 0.23358654606705567 0.00676311396623408 0.005149672767758018
1 0.4685716472655962 0.22641149368434557 0.0068370928014051535 0.0060467316295396145
1 0.448592865324994 0.22848758131971814 0.008435411974899498 0.006212820367248212
1 0.5316306513755804 0.21895397960330915 0.008435352624020287 0.006212814199823918
1 0.5136127196333815 0.22037393305307945 0.007562273552981225 0.005232717136612275
1 0.5000271847113169 0.22178566882132972 0.007562273552981169 0.005232717136612275
1 0.48883900984773576 0.22294828381786574 0.00930855284409815 0.0071929532733237544
1 0.8638556000313806 0.181716694614887 0.008435352624020731 0.006212814199823863
0 0.6332634735478415 0.20522621581777917 0.006259872167451941 0.00865489352146978
1 0.9090373250458001 0.17249789094523815 0.008435352624020287 0.006212814199823863
1 0.7372197944215328 0.19035224522618488 0.008435352624020509 0.006212814199823863
1 0.13429715199384737 0.25345709875252953 0.010906812666713395 0.007359035843607975
1 0.09277828061331371 0.25822388987909006 0.004735546666848306 0.009385865187398923
0 0.6976248493679158 0.19401435096018016 0.00945651051444052 0.008987070996887087
1 0.6836027155594526 0.1950190825656789 0.007132951238491114 0.009634990584681424
1 0.4098563868477203 0.22301295651473352 0.006259872167451719 0.008654893521469809
0 0.7614090057776766 0.18557675156993966 0.00625987216745183 0.008654893521469809
1 0.9014751096200581 0.16875993910801074 0.007132951238491225 0.009634990584681452
0 0.7816394086176701 0.18166500918885686 0.007206930073662132 0.010532049446463077
1 0.6780753007154852 0.19152207332606278 0.00466155299395743 0.008488804783761184
1 0.30846784965206286 0.22992969303859961 0.008805308598035466 0.010698144351596078
0 0.9491652235202369 0.16063761162961554 0.010255610750308675 0.009070109198317022
0 0.9370669789443908 0.1605376616971893 0.010033671797514465 0.0063789029375325434
1 0.5438845574754436 0.20139506562123094 0.008731270411985181 0.009801079322390022
1 0.6444666881878849 0.18958599169912901 0.0056087296019259325 0.01036597304360315
1 0.9011718559093058 0.16019630146949093 0.006111914497109461 0.006860775797906504
1 0.7475498694160179 0.1738979917768876 0.004735531829128448 0.009385863645542836
1 0.5763835394845152 0.18987516912769695 0.007784212505774879 0.007923923397396782
1 0.9075207479120311 0.15410805073923636 0.005312814261241416 0.006777737596476541
1 0.6393315456663031 0.1810720698377002 0.007710233670603861 0.007026864535615074
1 0.8884817769811701 0.15291983612965215 0.007636252388152354 0.006129775998393927
1 0.6983207433319409 0.17313272182286582 0.006111914497109461 0.0068607757979064765
1 0.7119433282461102 0.1721695241558018 0.00473553182912867 0.009385863645542836
0 0.5747336171750993 0.17964196239746338 0.007710233670603861 0.007026864535615129
0 0.662995506231662 0.1650417532872948 0.00625987216745183 0.008654893521469836
1 0.07917120727053231 0.22028111347702595 0.0062598721674517604 0.008654893521469809
0 0.9488994446360755 0.12809412209539678 0.010107653079966084 0.007275991474753718
1 0.9360760205322936 0.12897429023132623 0.010033671797514798 0.0063789029375325434
0 0.870397687735593 0.1339897219070046 0.01003367179751491 0.006378902937532488
1 0.853904096331717 0.13434652775728465 0.007710233670603861 0.007026864535615129
1 0.2184605358679162 0.1940451228445825 0.008361403464288958 0.005315758421754413
0 0.961885867410302 0.11453047739863623 0.009382531679269057 0.008090012135105393
1 0.39237959901266095 0.17235338825593866 0.0067631139662342465 0.005149672767757962
1 0.920611288425232 0.11248624049260485 0.007636252388152354 0.006129775998393899
0 0.9301640953468544 0.11104119097031098 0.009308552844097928 0.007192953273323741
1 0.9126937319674508 0.11421375171322504 0.00473553182912867 0.009385863645542808
1 0.10082270708270652 0.1945076364152087 0.008509363581911442 0.007109905820757267
1 0.8820597594831666 0.10925429251751388 0.008435352624020398 0.006212814199823891
1 0.3965383659414018 0.1592546929345482 0.00596395437948688 0.005066628398903622
1 0.0800077835566314 0.19621823821761675 0.0074289283773348175 0.013223261874671932
1 0.9343968707862059 0.09883955142699 0.008361373788849269 0.0053157553380422246
0 0.9578608432635347 0.09504418200652487 0.00778421250577499 0.007923923397396768
1 0.6661336315780679 0.12490653266881628 0.006111914497109461 0.0068607757979064765
1 0.6589413139991016 0.1256539196536564 0.007710233670603861 0.007026864535615129
1 0.5759405161424607 0.13563603596323648 0.009530489349611648 0.009884129858668683
1 0.9446378690418186 0.09596586924316933 0.0054607719315835634 0.008571855320039845
1 0.6852393035485513 0.12201641261908441 0.006111914497109461 0.006860775797906504
1 0.6776473765007719 0.12280532487206387 0.006911014732977616 0.00694381399933644
1 0.5612968944869099 0.1339910952463855 0.006259872167451719 0.008654893521469809
1 0.7660499466557684 0.10502385480208065 0.00938253167926928 0.008090012135105393
1 0.6382227079131477 0.11875934756632578 0.006259872167451719 0.008654893521469809
1 0.645666676066945 0.11617630275206325 0.0053128142612415274 0.006777737596476527
1 0.6652458782141737 0.11414173730111782 0.006259872167451719 0.00865489352146978
1 0.7011040711825522 0.11403456193050099 0.014192042343568967 0.018372934642429867
1 0.6843145619907115 0.11080310265821489 0.006185893332280701 0.0077578346596881426
0 0.8920495913493136 0.083787871998806 0.007132951238490892 0.00963499058468141
0 0.9378158741441144 0.07677020505319175 0.009456510514440186 0.008987070996887059
1 0.691677273513789 0.10234760546107297 0.006259872167451719 0.008654893521469795
1 0.9282927207172904 0.07368841149042284 0.008583312741642812 0.008006961598826745
1 0.5311514907321928 0.11540956668962687 0.007058972403319874 0.008737931722899772
1 0.057291764524635136 0.16510290314469195 0.005682665147577891 0.011263042117536315
0 0.6064863221313641 0.10531929510094915 0.00778421250577499 0.007923923397396768
1 0.15304196933194747 0.15334354885432117 0.007133010589370076 0.009634996752105746
1 0.10549246356524375 0.15828463791990188 0.008080099394660076 0.011512170598530963
1 0.1748633554226478 0.14429034521957612 0.008361403464288902 0.005315758421754413
1 0.3244156090483681 0.1301068058502412 0.005534691415875703 0.00946890801439712
1 0.24740117216954327 0.13449071687746034 0.01003367302115496 0.006378917775252263
0 0.9450602802680077 0.06199373220970398 0.006984993568148634 0.007840872861118106
1 0.055205287230159855 0.15446268020727877 0.004587588996506083 0.007591747463835591
0 0.8522477489548254 0.07028118460648226 0.007058972403319652 0.008737931722899772
0 0.5005398945589782 0.10094787830661509 0.007932170176117248 0.009718041120960072
1 0.3548354057844125 0.11292207097967577 0.005963954379486991 0.005066628398903664
1 0.09071590734263293 0.14036794964264987 0.008361403464288888 0.005315758421754385
1 0.3943194104252523 0.1079143516127162 0.00836143313972848 0.0053157615054665736
0 0.10110487810630765 0.13928838364053645 0.008509362358271294 0.007109890983037492
1 0.172369991475631 0.12871626144806442 0.007636223936352993 0.006129787752401528
1 0.16401589487051005 0.13003675491964886 0.006911072860216555 0.006943805329041042
0 0.8488515485779327 0.05841993405267427 0.0055347507667550255 0.009468914181821483
0 0.9141527075677691 0.04394379229041026 0.00945651051444052 0.008987070996887052
0 0.9018028717679714 0.04567949401998205 0.007132951238490781 0.009634990584681424
0 0.5625261691535208 0.0804829322059981 0.006259872167451719 0.008654893521469809
0 0.525979845425671 0.08201874890843713 0.0055347507667548035 0.009468914181821483
0 0.1141949634977631 0.12209495905564247 0.008435383523100165 0.006212832121255826
1 0.04492772683872799 0.1324594726387629 0.010699502269975444 0.014452508424022376
0 0.6174013228371176 0.06663782422166509 0.008509332682831716 0.007109887899325304
1 0.9137755337609048 0.034483082203824594 0.00843535384766081 0.006212829037543645
0 0.6356708464150882 0.06338222652875658 0.008435353847660698 0.006212829037543645
1 0.6627680555139841 0.059661676376765824 0.006837034674166298 0.0060467402998350475
1 0.6519425000898105 0.0603342292554118 0.007562273552981225 0.005232717136612261
1 0.7416250959310869 0.04830064193131433 0.008361373788849491 0.005315755338042238
0 0.8872482687240539 0.03045400304279859 0.00771023244696345 0.00702684969789534
1 0.10033584258564418 0.11041620513959423 0.008361403464288944 0.005315758421754413
1 0.1402194276316776 0.10536697100706739 0.008361403464288958 0.005315758421754413
1 0.24493793290043026 0.08996141765501198 0.007562273552981308 0.005232717136612275
1 0.650721840896961 0.0455326560266911 0.009234572479376979 0.00629587586439237
1 0.6107272874452159 0.04923630001183047 0.007562273552981336 0.005232717136612275
1 0.3698201543484084 0.07472244947518883 0.010033672715244968 0.006378914065822333
0 0.34740693375246356 0.07659913584780638 0.008361433139728425 0.005315761505466587
1 0.4478780647012486 0.0634444544601645 0.008361433139728536 0.0053157615054665736
1 0.914360458554443 0.012255853645547972 0.007206931297301988 0.010532064284182848
0 0.5265501568067834 0.04984075802253911 0.007058972403319763 0.008737931722899744
0 0.17877138324368955 0.08417055124185274 0.008361403464288875 0.005315758421754413
1 0.9511141069049305 0.00415974700894609 0.007932170787937398 0.00831949401789218
0 0.6867726852658071 0.028215151736605555 0.0055347513785748426 0.009468921600681367
1 0.8979262322674024 0.0036774107860590762 0.0045875735469661505 0.0073548215721181524
1 0.01907445805679804 0.09262262039092128 0.008509369777131195 0.007109891753965536
0 0.45609924280066927 0.0458522267240427 0.010033672409334893 0.006378910356392396
1 0.01108294379678516 0.09345305559925593 0.005460719999564484 0.00857184992354354
1 0.030802797978828275 0.08823723969106789 0.0069850523072077265 0.007840871609682581
1 0.8580650238383487 0.002206759192722606 0.008006150234928344 0.004413518385445212
1 0.17438379809066346 0.06517430067191723 0.004587603222405784 0.007591741586831811
1 0.573012333259699 0.021941458230180594 0.007636252999972393 0.006129783417253808
1 0.19704863973895445 0.06146196140830443 0.005460712580704574 0.008571849152615496
1 0.047784981745446264 0.07425837885939099 0.007562259021171573 0.005232719304186131
1 0.20409304309005272 0.05892043909132794 0.005608671168776946 0.010365978004468632
0 0.6314170324958348 0.011800967323887312 0.008509332682831716 0.007109887899325307
0 0.25556432283034175 0.05266706652640239 0.009752368645616127 0.012575326242598911
1 0.2758687051938039 0.049652391353318594 0.007354949083298645 0.012326197448745357
1 0.2666784589725302 0.050607392344006664 0.008154108670045845 0.01240924181759967
0 0.5986742218555454 0.0057035202550673875 0.006984992956328595 0.007840865442258226
0 0.39274480619700947 0.02529309296488692 0.007636253229405088 0.006129786199326269
1 0.32578641828714117 0.02456064799230353 0.006111913311708073 0.006860761423865467
