1 0.8368102488533737 0.9707022285061258 0.00995966462233211 0.006187813087186633
1 0.12269348058654878 0.9995037513710596 0.006876411435945071 0.0009924972578807534
1 0.16200103593520054 0.9978099154042559 0.010255504285481054 0.0043801691914883145
1 0.09958670215900622 0.9986699962161333 0.00595773423494661 0.0026600075677334356
0 0.08274906187473291 0.9984358027126694 0.007736043041047469 0.0031283945746610753
0 0.6146491786478405 0.9516502634598993 0.007617690589226567 0.006886951255109852
0 0.20639429175678625 0.9846285058680955 0.007617690589226456 0.006886951255110296
1 0.10207811566787672 0.9892207719079581 0.006076078856634956 0.007652512573412373
0 0.4385662516469424 0.9540682805878022 0.007676862900070747 0.007785363807375045
0 0.5909505941790516 0.9400666530120068 0.008299737989256095 0.005156551767562134
1 0.06684722334756132 0.9858210691029163 0.005512451180966327 0.011179979868326528
0 0.4269607159380531 0.9550314397010169 0.011915468469893442 0.011711374937765529
0 0.5444691859539729 0.943020824870002 0.008536435062765024 0.008750320861436456
1 0.6386481765729519 0.9311396486516861 0.008358910300100164 0.006054964319826883
1 0.08078070334917481 0.9774378251667133 0.010196331974636874 0.009781579714458033
0 0.2464305418595193 0.963238659238413 0.0086547202420455 0.01054714103276011
0 0.701359947874562 0.924128407436978 0.007676862900070636 0.007785363807374934
1 0.9944187336517962 0.9016137686872188 0.00951432212594383 0.011512100553424665
0 0.7428911248044987 0.9193266340821872 0.007617690589226456 0.006886951255110185
0 0.2630906612961939 0.959597645258353 0.011915468469893331 0.011711374937765862
0 0.7547193614827858 0.915634903152269 0.007854387662735496 0.010480720348984618
0 0.3727588289171007 0.9446242948283752 0.009218474632662121 0.007019802489072857
0 0.8802612674833624 0.9034093040364888 0.00933679736327897 0.008816744011815092
0 0.43924982572163196 0.9400094403696587 0.007854387662735607 0.010480720348984507
1 0.6376858240337426 0.9226376450016233 0.009336767642075028 0.008816741545212281
0 0.40991749532541927 0.9406370637099082 0.00853637562035725 0.008750315928230612
0 0.9188727609520371 0.8970431327109419 0.0069948233301735385 0.009515882179738533
1 0.5650875901610257 0.9322760835757266 0.023208061850601536 0.02605156191534408
1 0.955913078823601 0.8912590170455379 0.009395969674123261 0.009715156564079508
0 0.23335963575764457 0.9480629538194714 0.00853637562035725 0.008750315928230612
0 0.29086891836049644 0.9414834741819362 0.010137159663792916 0.008883167162193284
0 0.7421965899990128 0.9026721351903142 0.008477254921788635 0.007851789424356048
1 0.7730549940886128 0.9068863783817274 0.020806930367253784 0.025852288764304343
1 0.9557215208053205 0.8822413226766044 0.008358880578896222 0.00605496185322385
0 0.8436677968917751 0.8915408128564781 0.008477225200584693 0.007851786957753237
0 0.8540727891498934 0.8906772884688309 0.008477225200584804 0.007851786957753237
0 0.3710412269266367 0.930764731461176 0.009395999395327093 0.00971515903068254
1 0.8997086995344645 0.8932134049772145 0.021429782765704952 0.023223356606374645
0 0.4101416713572018 0.9257130262145941 0.007676862900070525 0.007785363807374934
0 0.9304206772307111 0.8829860291412854 0.00613525899761147 0.008551044010492337
1 0.0343023344124771 0.9560010582676779 0.011678763566252085 0.00811748695907577
0 0.39936605438304473 0.9270589709201655 0.010255504285481276 0.010679992266722338
1 0.12348595116585098 0.9476962658866845 0.009277646943506412 0.007918215041337273
0 0.4516728780083424 0.9209112503932003 0.009336827084482802 0.008816746478417903
0 0.4252897652167069 0.9235524822968937 0.009514351847147717 0.011512103020027586
0 0.4360653821908641 0.922206537591322 0.01025550428548111 0.010679992266722782
0 0.46324882756180946 0.9194988850038532 0.00859554793120132 0.009648728480495472
0 0.5699521241693539 0.9083850061356751 0.007736043041047136 0.00868389524445512
0 0.5435394549435003 0.910577029296633 0.009455112263763388 0.010613566649741335
1 0.10441065955991191 0.9452142158071111 0.005334926418301356 0.008484623326716956
1 0.47859003623529056 0.9141605629933173 0.009455171706171162 0.010613571582947179
0 0.6097937843957264 0.9023684032774393 0.00613525899761147 0.008551044010492448
1 0.6362952160029124 0.9015240583872861 0.009514292404739999 0.011512098086821743
1 0.32765853913937437 0.9257831890696724 0.0054532710399897155 0.010281448431246454
1 0.6461816488528154 0.8988968634944938 0.008713959825429884 0.01144567740304614
1 0.2666362884563947 0.9340093192302334 0.02326730143398581 0.026950098285629998
1 0.636133255485421 0.8929556291202421 0.008299737989256206 0.005156551767562245
1 0.47839845592610697 0.9051428704743358 0.008299678546848377 0.005156546834356179
0 0.6235637990962601 0.8976121982194062 0.008891484588094745 0.014141033944655712
1 0.7935270016235163 0.8817000155935066 0.006253603619299719 0.010347869115021724
0 0.382382009996321 0.9135630669237297 0.00847719547938075 0.007851784491150315
0 0.48792833446709183 0.9093204306435383 0.00826860949890934 0.01676984598446829
0 0.4265370342396053 0.9058334473678946 0.007617690589226622 0.006886951255110296
1 0.7945951965183555 0.8734810959680164 0.007499316246334264 0.005090123683977876
0 0.5565697844379527 0.8945901917960289 0.0069948233301736495 0.009515882179738533
1 0.5893699700650339 0.8977399008002683 0.021607277807165648 0.025918710681381407
1 0.0576644689744244 0.931929884707478 0.005334926418301467 0.008484623326716956
1 0.065208931706288 0.9304004361936995 0.006135258997611685 0.008551044010492448
0 0.20404590497991987 0.9184265062348478 0.008595547931201347 0.00964872848049525
0 0.23366011257144093 0.9159687830725673 0.011797116018072734 0.009914430948420594
1 0.770702029603507 0.8772707286749197 0.021488977767283313 0.024121889276756403
0 0.877243358263259 0.8575884211563481 0.007617660868022735 0.006886948788507263
0 0.300967091449001 0.9054143683624243 0.006135258997611581 0.008551044010492448
1 0.896925956798144 0.863181821245173 0.02148896290668123 0.024121888043454942
1 0.36802178320174106 0.8971393191928523 0.006135258997611581 0.008551044010492448
1 0.10957254193004384 0.9136199137769954 0.00835885085769239 0.006054959386620928
0 0.2949205987477881 0.8991410108364717 0.00619443130845565 0.009449456562757197
1 0.3533189723962162 0.8938427293435579 0.0045344749541759155 0.008418192776529665
0 0.5422095576433726 0.8781664440651515 0.007854387662735496 0.010480720348984507
0 0.4008530894890368 0.8885427638614072 0.010196331974637096 0.009781579714458033
1 0.6345355365365037 0.868697479688163 0.008654779684453273 0.010547145965965843
1 0.6440217733755478 0.8661034976038615 0.008654779684453384 0.010547145965965843
1 0.7918856558332602 0.850670322674622 0.005394039286737762 0.00938303094577575
0 0.775077601704409 0.8520652458316127 0.010314714147661608 0.011578526170406
0 0.8902441016022895 0.8411523773796117 0.008536405341561193 0.008750318394833756
0 0.4862574471032196 0.8778415277486171 0.009068942078219344 0.016836266668244004
0 0.4074055798899989 0.8780620484456285 0.0068764114359449735 0.007718933257187532
0 0.43587840148099133 0.8766023737944818 0.006194431308455595 0.009449456562757197
1 0.03868094931699456 0.9064045766082814 0.00589856192410243 0.004957274916618015
0 0.5805703168678563 0.8618841063759987 0.00619443130845565 0.009449456562757197
1 0.6140821360503893 0.8636197709348599 0.022348497518039467 0.025086723746097994
0 0.0336715457110085 0.9036585625592217 0.007795215351891201 0.009582307796719536
0 0.047189328814063625 0.9011816586661457 0.009573524157991849 0.012410515572292002
0 0.20191561565807442 0.8860823466203477 0.006994763887765765 0.009515877246532689
0 0.28789771985191864 0.8780431923316658 0.009277646943506412 0.007918215041337606
0 0.763043769837159 0.8404168851228655 0.008713959825429884 0.01144567740304614
1 0.8450083872285771 0.8385830480627374 0.020806915506651924 0.025852287531002882
0 0.2577649379915803 0.8787372462221026 0.006994763887765654 0.009515877246532578
0 0.4313002848248746 0.8620768850678497 0.011737943707228748 0.009016018396156067
0 0.2992665584872989 0.8734862641245766 0.010433029048146025 0.013375348808332244
0 0.39519423812068616 0.8637183299619702 0.00859554793120132 0.009648728480495361
0 0.447930814191061 0.8579866053692494 0.007053936198609945 0.010414289798797327
1 0.08108878932945895 0.8843662468515228 0.009959634901128167 0.0061878106205836
0 0.5673514760738051 0.8444623101339874 0.006135258997611581 0.008551044010492448
1 0.6417871910634666 0.8382847894197959 0.007854387662735496 0.010480720348984507
1 0.3129182207360119 0.8669331150771986 0.008150264877221036 0.014973020879939125
0 0.736855306364292 0.827684868321906 0.007617690589226456 0.006886951255110074
1 0.7615488727311593 0.8238288093813707 0.006016906545790901 0.006754100021147513
0 0.271284255599428 0.8640648717172097 0.006994763887765765 0.009515877246532689
1 0.0549735576290209 0.8788550380226076 0.008299678546848321 0.005156546834356401
1 0.23694092765002894 0.8741419565534223 0.02326730143398592 0.02695009828563022
0 0.28597300694336775 0.8610390661467244 0.007676862900070636 0.007785363807374934
0 0.2979491822288977 0.8595934854822838 0.007736043041047247 0.008683895244455342
0 0.38032949651887393 0.8518533083790287 0.006135258997611581 0.008551044010492448
0 0.3667230104768941 0.852982529068094 0.007854387662735607 0.010480720348984507
0 0.47498191492114095 0.8471597273242661 0.009869393542345006 0.016902697218431073
0 0.4845865002969394 0.8463626297869018 0.00826860949890923 0.0167698459844684
0 0.44707278436329134 0.8449591478221492 0.00871390038302211 0.011445672469840296
1 0.10581347635654076 0.8687639235753029 0.008358850857692501 0.006054959386621039
0 0.5384800187828839 0.8337596650727972 0.007676862900070747 0.007785363807374712
0 0.7904965823072223 0.8173612654484681 0.009068971799423231 0.016836269134846815
1 0.5856871121948668 0.8357137253043871 0.02240766982888376 0.025985136298362632
0 0.7614616151334153 0.810285662965352 0.007736043041047247 0.00868389524445523
1 0.08702000250350223 0.8644517786069044 0.006935591576921474 0.008617464694268051
0 0.940065541798606 0.7972697878548314 0.008209422327463356 0.015871432198902413
0 0.2693891288462991 0.8475099518084008 0.00853637562035725 0.008750315928230612
0 0.29617240792758953 0.8448355095628198 0.009277646943506412 0.007918215041337495
1 0.9181733400774503 0.8008933577525827 0.02228934006779737 0.024188312427134706
0 0.41996557641688576 0.8304966126488262 0.007617690589226456 0.006886951255110185
0 0.45875461693912806 0.826825796014937 0.00847719547938064 0.007851784491150204
1 0.026340272473993287 0.8595506963766805 0.008299678546848318 0.005156546834356401
0 0.2839299494131286 0.842238114857254 0.00963269646883591 0.013308928124556862
0 0.39269337257967407 0.8318566464078979 0.009573524157991953 0.012410515572292002
0 0.694883356816074 0.8013573115656417 0.009455112263763388 0.010613566649741335
1 0.0764982071589575 0.8513228871600882 0.005394098729145869 0.009383035878981705
0 0.20161028641144724 0.8386812982765705 0.007617690589226567 0.006886951255110185
0 0.846378559805735 0.7860744301027214 0.008536405341561193 0.008750318394833534
1 0.27044328697028774 0.8329687544146454 0.006135258997611581 0.008551044010492448
1 0.7914635086396047 0.7892768597296829 0.004593676986223816 0.009316607795397447
1 0.23524045021566842 0.8422137879399609 0.02400845387231909 0.026117987532325304
0 0.2963374077334617 0.8290130000728331 0.00853637562035725 0.008750315928230612
1 0.6309569716565724 0.8021458527618472 0.008654779684453384 0.010547145965965732
1 0.04681076779500731 0.8465598023503242 0.009159302321818052 0.006121389936808108
0 0.4198191762295015 0.8160550512139397 0.007736043041047136 0.00868389524445512
0 0.44731408103611114 0.8119664456381648 0.00853637562035714 0.008750315928230612
1 0.93720807736687 0.7722128630626584 0.005453226458183913 0.010281444731341849
0 0.5368682740086519 0.8031791771967434 0.008477254921788524 0.007851789424356048
1 0.05780902629615453 0.8424852907612552 0.00933682708448303 0.008816746478417792
1 0.5585222664424094 0.8081573069669825 0.023089717228913176 0.024254736810814692
1 0.10839671734126222 0.8346735369213156 0.008418023168536445 0.006953371938885788
0 0.19446752447403093 0.8279820658366444 0.009277646943506301 0.007918215041337495
0 0.7455317249556142 0.7822485021327525 0.0069948233301735385 0.009515882179738422
0 0.711738091935247 0.7823429919051241 0.009959634901128056 0.006187810620583822
1 0.7651551695554917 0.7869434283769527 0.020747758056409715 0.024953876212039705
1 0.024949668358229204 0.8384371692047512 0.008477195479380532 0.007851784491150315
1 0.8658259918568371 0.7758785310434472 0.020747743195807633 0.024953874978738133
1 0.07322494180444938 0.8321723110441525 0.007617690589226456 0.006886951255110185
0 0.8372503969197994 0.7696681877465128 0.011737943707228471 0.009016018396156067
1 0.1058040204093329 0.8258551163200724 0.007499345967538332 0.005090126150580909
1 0.4202364631601937 0.797953176183382 0.007499345967538429 0.005090126150580909
1 0.2817996600912831 0.8098939552427539 0.00607607885663497 0.007652512573412151
1 0.4706014532359033 0.7928699941601456 0.005898561924102597 0.004957274916618237
1 0.3278808683904367 0.8069729367508411 0.005512451180966438 0.01117997986832664
1 0.6284997180962971 0.777055713927882 0.008299737989256206 0.005156551767562356
0 0.6164939566553451 0.7780520883161903 0.00693565101932947 0.008617469627473784
0 0.3109404696207201 0.800248634450317 0.007558518278382387 0.005988538702845658
1 0.11401646716457486 0.8161399622225957 0.009218474632662108 0.007019802489072857
1 0.30342559695934473 0.8022273486826359 0.0054532710399898265 0.010281448431246232
1 0.28366820242603435 0.8016086137001868 0.006076078856634859 0.00765251257341204
1 0.3817152442867409 0.793471557017869 0.0068764114359448625 0.007718933257187532
1 0.34166647314228155 0.7963435970583627 0.005334926418301467 0.008484623326717067
1 0.02458215331851471 0.8145285851567294 0.007499345967538203 0.005090126150580798
1 0.032853776299667126 0.8057119030539253 0.009336827084482913 0.008816746478417903
0 0.284544895229766 0.7843720548316158 0.010077979522816305 0.007984635725112987
1 0.048283747354480655 0.8017212593141941 0.00829967854684821 0.005156546834356401
1 0.0631500273761515 0.8013908697277266 0.01093761112791869 0.008949597712380464
0 0.364865079045675 0.7758994078671307 0.009277646943506301 0.007918215041337495
1 0.08978536785019925 0.7964702772166683 0.006698894503412656 0.005023695600393618
0 0.23886384930520127 0.7872598035392329 0.011915468469893331 0.01171137493776564
1 0.0969887771608442 0.795872456530248 0.00841802316853646 0.006953371938885566
0 0.4435253698647782 0.7666612540935458 0.006876411435945029 0.0077189332571876434
0 0.4175128966497836 0.768820064446013 0.009514351847147773 0.011512103020027475
0 0.5242753397620344 0.7586046600391103 0.008536435062765024 0.008750320861436567
0 0.6818621709929018 0.7441712708861421 0.010077979522816416 0.007984635725113098
0 0.6913780237085717 0.7420264926113701 0.006817298567508567 0.006820525638128849
1 0.10331868156215773 0.7881202436223529 0.007499345967538096 0.005090126150580687
0 0.6000455219299305 0.7482512557451445 0.007113175781994219 0.011312826169083579
1 0.021531592848470837 0.7926494966664983 0.007558518278382387 0.005988538702845547
0 0.6366560576352135 0.7420511466120989 0.008654779684453384 0.010547145965965732
0 0.2531243232664485 0.771622536355892 0.0069947638877656815 0.009515877246532578
0 0.22628187187431398 0.7733985660492083 0.009455171706171384 0.010613571582947179
0 0.3771541927443199 0.7608774679781805 0.007053936198609834 0.010414289798797327
1 0.1863670393179202 0.7721943560021939 0.008299678546848321 0.005156546834356401
0 0.4018181690406989 0.756572143319105 0.00871390038302211 0.011445672469840407
0 0.42943142629912934 0.754280481732675 0.009514351847147717 0.011512103020027586
0 0.9340437566140152 0.7119503599218742 0.005453226458183913 0.010281444731341849
1 0.5545279749427158 0.7475120225503966 0.023148889539757134 0.02515314936307933
0 0.7155249602409257 0.7237620280686341 0.007617690589226567 0.006886951255110296
1 0.761590645361477 0.7267141386613098 0.02142976790510276 0.023223355373073296
0 0.31801607444740254 0.7549451219617291 0.00841802316853646 0.006953371938885677
1 0.8374791725508929 0.7181576789733397 0.02148896290668123 0.024121888043454942
0 0.9144654659299679 0.7018315071693133 0.00921844491145829 0.007019800022469935
0 0.6962425577168998 0.7181354151713186 0.008299737989256095 0.005156551767562245
1 0.048302346972968646 0.7714571883893209 0.009159302321817948 0.006121389936808219
0 0.2803544199065117 0.7512954897314994 0.007676862900070636 0.007785363807374823
0 0.2242979866549189 0.7554960273120024 0.007854387662735607 0.010480720348984507
0 0.42904832512317004 0.7362450917615064 0.00779521535189126 0.009582307796719758
1 0.11841066820533735 0.7606702864863462 0.006135258997611456 0.008551044010492448
0 0.40337684588698614 0.7374722792198213 0.006194431308455761 0.009449456562757197
1 0.0779024951029047 0.7626770698072609 0.005275746277325188 0.00758609188963677
1 0.46654798551029936 0.7313262377488872 0.0045936472650200955 0.009316605328794525
0 0.20369667728276564 0.7481721658266189 0.007617690589226456 0.006886951255110296
1 0.3201820840287733 0.738956545962686 0.0053940987291455356 0.009383035878981705
1 0.7823740904409733 0.7001469442362015 0.004534504675379747 0.008418195243132587
0 0.8791613531825908 0.6912110552179848 0.00613525899761147 0.008551044010492559
0 0.2783254179227913 0.7388168744194006 0.005394098729145647 0.009383035878981594
0 0.2935031573801264 0.7371055318446265 0.006935591576921474 0.008617464694267829
1 0.10683619371425473 0.7498871861970821 0.00829967854684821 0.005156546834356401
1 0.25870049083022834 0.7463174144704623 0.022407669828883647 0.025985136298362632
0 0.44062580918142946 0.7226372557603424 0.008713900383022 0.011445672469840185
1 0.03776649608190524 0.752005960965133 0.00829967854684821 0.005156546834356401
1 0.5273927153456803 0.7204048104891244 0.020688600606167284 0.02405546489307664
0 0.5848583523315252 0.7070537291556773 0.007795215351891427 0.009582307796719869
1 0.9321361311100629 0.6768776315739242 0.00601690654579079 0.006754100021147402
0 0.7036561766764202 0.6962912136124034 0.008595607373609315 0.009648733413701205
1 0.07831978594866323 0.7445752542191111 0.006758066814256725 0.005922108152658367
1 0.02165601604692069 0.7456644442569658 0.007558518278382387 0.005988538702845436
1 0.9094731348679785 0.6810168921905464 0.020866110508230395 0.02675082020138475
0 0.03662664458616882 0.7408085388644499 0.007676862900070747 0.007785363807374712
0 0.27914287114313857 0.720681789046955 0.007795215351891316 0.009582307796719869
0 0.37235803416052377 0.7124940748571871 0.00853637562035725 0.008750315928230723
0 0.29191943845038637 0.719169782765533 0.009455171706171273 0.01061357158294729
1 0.30694918377313707 0.7152123543008952 0.009218474632662232 0.007019802489072857
0 0.45347861391321687 0.7039550617181287 0.007736043041047136 0.00868389524445512
0 0.4130296170366946 0.706860317033716 0.006994763887765709 0.009515877246532689
0 0.44064287429512505 0.7045686554472861 0.009395999395326926 0.00971515903068254
1 0.75424536859005 0.6762839321848418 0.007617690589226678 0.006886951255110185
0 0.7638203826710284 0.6750376271380436 0.00939596967412315 0.00971515656407973
0 0.6335509205385701 0.6826871148493365 0.008654779684453384 0.010547145965965843
1 0.03631671574023082 0.7299939617985314 0.005275746277325077 0.00758609188963677
1 0.30515687886292564 0.7063275080826709 0.007053936198609945 0.010414289798797327
1 0.25742976584094474 0.7148052417912454 0.022407669828883647 0.025985136298362743
1 0.01663408748414197 0.7244005641763094 0.00687641143594475 0.0077189332571877545
1 0.7814895207766319 0.6622792215378208 0.00625360361929983 0.010347869115021835
1 0.7903233300073385 0.6619977534269672 0.00631278376027633 0.011246400552102132
0 0.4495825407420636 0.687566262827578 0.010077979522816305 0.007984635725113098
0 0.7662822358306144 0.6635412946941504 0.006371956071120399 0.01214481310436677
0 0.7020148457467661 0.6652615194602175 0.007617690589226456 0.006886951255110185
0 0.6760023725317714 0.6674203298126846 0.008536435062765135 0.008750320861436456
0 0.751475117174252 0.6647701575085919 0.009009829209782994 0.01593785904918521
1 0.7329028137008853 0.6699249707777151 0.021607337249573644 0.02591871561458714
0 0.04755320581967937 0.7173177486915195 0.00847719547938075 0.007851784491150315
1 0.833262209803005 0.6602409639068543 0.020747743195807633 0.024953874978738133
0 0.019955538612560164 0.7137362756435043 0.011737943707228471 0.009016018396156067
1 0.2787613044719716 0.6904509284639695 0.007617690589226567 0.006886951255110074
1 0.07011341385511655 0.7055084713601181 0.0068764114359448625 0.0077189332571877545
0 0.22227505541782766 0.694235415601026 0.007053936198609723 0.010414289798797216
0 0.4398906641322511 0.6748201569731187 0.008477195479380806 0.007851784491150204
0 0.4118180682733215 0.6762466163491716 0.006994763887765765 0.009515877246532578
0 0.7103020251429595 0.6505716457471631 0.010196331974637096 0.009781579714458033
0 0.736685108213391 0.6479304163100728 0.008536435062765135 0.008750320861436678
0 0.45291952247938505 0.6710288445935334 0.007913567803712163 0.011379251786064914
0 0.7253909764128244 0.6475126868105952 0.0069948233301735385 0.009515882179738533
0 0.24845105729137623 0.6884496208795907 0.007290641102251194 0.014008177777487418
0 0.9013866383856777 0.6315515238833244 0.00853640534156097 0.008750318394833645
1 0.6315389797534792 0.6521398397817735 0.0070539956410177185 0.01041429473200306
1 0.3140684936592345 0.6766804385750134 0.00945517170617105 0.01061357158294729
1 0.4656524441696258 0.6627452366161994 0.008713900383021944 0.011445672469840296
1 0.20225143709799415 0.6895737003153644 0.023208121293009226 0.026051566848549812
0 0.288501362940628 0.6733821102272801 0.010137159663792916 0.008883167162193284
0 0.4258559007075786 0.6633379160493282 0.007913567803712052 0.011379251786064914
1 0.9268961273831662 0.6217559096245683 0.00975101919945287 0.015105869647298986
0 0.5448763963006678 0.649846831155954 0.010996723996354985 0.009848005331439369
0 0.5275793837796252 0.6499272888506304 0.010137159663793027 0.008883167162193284
0 0.5803751024396402 0.6450939792767774 0.006876470878352858 0.007718938190393487
1 0.6021178572547301 0.6514197873178212 0.02154810549632158 0.02502029812911677
0 0.7253333346917064 0.6344187442041056 0.008654779684453273 0.010547145965965843
1 0.06718120192182703 0.6854262674168239 0.008299678546848432 0.00515654683435629
1 0.07921654951820117 0.6848790993046479 0.009959634901128056 0.006187810620583711
1 0.11619769507892103 0.6781965710869793 0.00779521535189133 0.009582307796719758
1 0.2580882978321815 0.6637107883947249 0.009959634901128056 0.0061878106205836
1 0.08560557070301739 0.6780253633246313 0.00927764694350619 0.007918215041337495
0 0.2775201695531764 0.6593880215032928 0.007676862900070747 0.007785363807374823
0 0.3574993633053407 0.651847056875368 0.007676862900070747 0.007785363807374934
0 0.38511262056377105 0.6495553952889381 0.00847719547938075 0.007851784491150426
1 0.6055591319822873 0.6303569176533421 0.007558518278382387 0.005988538702845547
0 0.2886663627465002 0.6575596007372932 0.009395999395327093 0.00971515903068243
1 0.5799172647076634 0.6320332494787786 0.007617690589226567 0.006886951255110185
1 0.07487512993559342 0.67394737967189 0.006135258997611803 0.008551044010492559
1 0.82554631574584 0.6102931771316599 0.007558488557178333 0.005988536236242625
1 0.42458364512856905 0.6440212734243362 0.00613525899761147 0.00855104401049267
0 0.8355215219226113 0.6090135998339632 0.008418052889740513 0.006953374405488599
0 0.08239000651203504 0.6719687248819791 0.00859554793120132 0.009648728480495361
1 0.01957544700377767 0.6713099493819078 0.0082996785468481 0.005156546834356401
1 0.6304457795268604 0.6233230236441663 0.008654779684453384 0.010547145965965843
1 0.9331543047956392 0.5945874205994152 0.004534489814777998 0.008418194009831126
0 0.473393027367576 0.6336470142767494 0.009009769767374998 0.015937854115979255
0 0.27617314769694534 0.6450460415180734 0.00859554793120143 0.00964872848049525
0 0.38299479675631043 0.6357291066392403 0.006135258997611581 0.008551044010492448
1 0.017442148114755363 0.6633567260578355 0.00829967854684821 0.00515654683435629
0 0.28854954871453814 0.6435672455785391 0.007854387662735607 0.010480720348984507
0 0.43582013520801755 0.6313450603173244 0.007854387662735607 0.010480720348984507
0 0.41088987176764125 0.6316073501639855 0.009336827084482968 0.008816746478417903
1 0.7554099573236124 0.6084352814119176 0.02148894804607948 0.02412188681015337
0 0.8492634810574491 0.591612658445573 0.007617660868022624 0.006886948788507263
1 0.22717377909595488 0.6342071326016561 0.005216573966480786 0.006687679337372021
1 0.021551410780757174 0.6341082102520663 0.007499345967538096 0.005090126150580798
1 0.6122346002405188 0.5850866130400391 0.007499345967538318 0.005090126150580909
1 0.6666311029439693 0.5801204522322233 0.009159242879410279 0.006121385003602375
1 0.7074210937993025 0.5762835740224834 0.005898561924102763 0.004957274916618126
1 0.3220363179834857 0.6082671780742073 0.005216573966480786 0.006687679337372021
1 0.07059749009327321 0.6273277201983538 0.008299678546848321 0.005156546834356401
0 0.2726351891456401 0.6096569550447004 0.007617690589226456 0.006886951255110296
1 0.3940864172381009 0.5964158020431174 0.004475294813199193 0.00751966133944959
0 0.28843574033468655 0.6051838946869492 0.004593647265019873 0.009316605328794414
1 0.3724464842659285 0.5977600676926579 0.0045344749541758045 0.008418192776529665
1 0.06609260520958565 0.620023039443766 0.008358850857692286 0.006054959386621039
0 0.273778105735895 0.5964633764793419 0.00871390038302211 0.011445672469840296
1 0.30884706334485656 0.5912945881083285 0.005334926418301578 0.008484623326716956
0 0.38011082612427266 0.5858319736715917 0.006994763887765765 0.009515877246532689
0 0.7582921183264348 0.5544461964727956 0.0077951856306873735 0.009582305330116836
0 0.9059629156913751 0.5421907971697888 0.008595577652405262 0.009648730947098394
1 0.022577509423983677 0.6069222170855458 0.008299678546848214 0.005156546834356401
1 0.3099152731002978 0.5830756672495369 0.00829967854684821 0.005156546834356401
0 0.47022871404502226 0.5733845105193145 0.009009769767374998 0.015937854115979255
1 0.2521537628150336 0.5919345074944371 0.02314894898216513 0.025153154296285285
0 0.36773595961147226 0.575115298999309 0.007795215351891316 0.009582307796719869
0 0.5890716551542428 0.5571980715509337 0.0070539956410176075 0.01041429473200306
0 0.6038491688795149 0.5555199442512533 0.00619443130845565 0.009449456562757197
1 0.6742673931516839 0.5555476813232079 0.020688600606167507 0.024055464893076528
0 0.8210645964436813 0.5361378971985351 0.008536405341561193 0.008750318394833534
1 0.8507224050704034 0.5404517794320711 0.019829028443473118 0.023090507839014784
0 0.9063646387767255 0.5299621143661318 0.007854372802133525 0.010480719115683046
1 0.5709291299320908 0.5627688188452906 0.022348497518039467 0.025086723746097994
1 0.05124492480640258 0.5900893581053603 0.00829967854684821 0.00515654683435629
1 0.06236153184430432 0.5878117310632285 0.009959634901128278 0.006187810620583711
1 0.0708839074454845 0.5889111540316703 0.0045936472650199844 0.009316605328794525
0 0.27385594102270117 0.5670977726159353 0.011055955749606827 0.01074642281690985
0 0.21693988008107234 0.570466268751953 0.007795215351891399 0.009582307796719758
0 0.5370046273332426 0.5425486174815364 0.006135258997611581 0.008551044010492448
1 0.04542106971711374 0.5810873742535023 0.005957734234946721 0.005855687468882875
0 0.4057416732256925 0.5534423076693448 0.007854387662735385 0.010480720348984507
0 0.6030066954667863 0.5366192950939028 0.005394039286737762 0.00938303094577575
1 0.6254329946353617 0.5288862653834066 0.009573464715584068 0.01241051063908627
0 0.9918608080773694 0.4962175571684877 0.006194433166030966 0.009449456716919935
1 0.044458742984042066 0.5725853086944288 0.01161959125540779 0.00721907440681091
0 0.6770141330737552 0.5178303127668555 0.007676862900070747 0.007785363807374934
1 0.7235687691561968 0.5220968894384963 0.022348497518039467 0.025086723746098216
1 0.8728107495485489 0.509259433858696 0.02148896290668123 0.024121888043455053
0 0.4188904106993072 0.5392523497824719 0.008595547931201486 0.009648728480495361
1 0.5690059515283321 0.5335692220485324 0.022289325207195287 0.024188311193833356
0 0.7557927536539448 0.5103889853311014 0.008477225200584582 0.007851786957753237
0 0.3555417463133292 0.5427030347117963 0.01167876356625197 0.00811748695907577
1 0.008827628846730329 0.5692188806068887 0.00829967854684843 0.005156546834356401
1 0.9127131056450222 0.49194583361661737 0.0075585034177803045 0.005988537469544031
1 0.035433383165355825 0.5638490818196982 0.007558518278382387 0.005988538702845658
1 0.06301705426836429 0.561108213957136 0.0068172391251007936 0.0068205207049230054
1 0.07653477792901164 0.5586313149972659 0.00847719547938075 0.007851784491150315
1 0.11166290784881727 0.5543609391785171 0.006817239125100905 0.0068205207049230054
0 0.8694783525499363 0.48921038204818335 0.01167876356625197 0.008117486959075715
0 0.8990629665557344 0.4863034532264213 0.01161959125540779 0.007219074406811077
0 0.20106916221411525 0.5433275204716184 0.00841802316853657 0.006953371938885788
0 0.5468053628963315 0.5141827436518976 0.008358910300100275 0.006054964319826883
0 0.8277992260672211 0.49176606581320603 0.00847722520058447 0.007851786957753237
0 0.21784763018754444 0.5414833910384954 0.008477195479380667 0.007851784491150315
0 0.3811555243859872 0.5283819095801979 0.010137159663792916 0.008883167162193395
0 0.7005382023470563 0.5023276303827107 0.01179711601807265 0.00991443094842076
0 0.35348309481671275 0.5297751586143633 0.011055955749606938 0.01074642281690974
1 0.6131188685744681 0.5068725896273765 0.010077979522816305 0.007984635725112987
1 0.7408096447397098 0.4967270209921164 0.006135258997611581 0.008551044010492559
0 0.2313062409797555 0.5381080745931548 0.006935591576921585 0.00861746469426794
0 0.2581191062164681 0.5358828386237062 0.007736043041047247 0.00868389524445523
0 0.3913829809359049 0.5248230893266503 0.00865472024204561 0.01054714103276011
1 0.09700527325002573 0.5456404209709098 0.007499345967538318 0.005090126150580909
0 0.24331200242070752 0.5371117002048464 0.00877307269386618 0.012344085022104823
1 0.011052755211603538 0.5541287815357241 0.008595547931201205 0.009648728480495361
1 0.9165686170693551 0.4771720883543207 0.009751019199452982 0.015105869647298875
1 0.45788956779174717 0.5143351002334888 0.009751048920656702 0.015105872113901797
1 0.6217315410617729 0.4971242202548062 0.00607607885663497 0.007652512573412151
1 0.004458157613492941 0.5456424840861818 0.006076078856635082 0.007652512573412151
0 0.9017178973777915 0.47162934577294613 0.00613525899761147 0.008551044010492503
1 0.2573498348549646 0.524202999905003 0.00613525899761147 0.008551044010492559
1 0.7212453986566456 0.4929305648926367 0.021488992627885395 0.024121890510057864
0 0.8777359719966769 0.4740713596514523 0.007913552943110136 0.011379250552763398
1 0.27774403330903114 0.5283822985726444 0.02314894898216513 0.025153154296285063
0 0.36374166713301204 0.5144699997221213 0.009455173663704297 0.010613601304151121
1 0.5674829730504988 0.5043364718856915 0.021548164938729464 0.025020303062322502
0 0.1650690024473629 0.5282480383902814 0.007617690589226456 0.006886951255110185
0 0.5460812409566571 0.49707902362329026 0.007676864857603771 0.00778539352857871
1 0.6403785820699237 0.4869947616731152 0.007499344010005071 0.005090096429377022
1 0.7064102392951892 0.4815146901434198 0.006817298567508678 0.006820525638128738
0 0.18235198914309053 0.5218452422516303 0.009395999395327093 0.00971515903068254
0 0.36909365768624264 0.5040889004714039 0.0053349225032354175 0.008484563884309182
0 0.31620914496615826 0.5075745045198512 0.0053349225032353065 0.008484563884309182
1 0.7761930881696476 0.4657863718302713 0.008299704352985993 0.005156489858551383
1 0.040581269431376854 0.5259324388790049 0.00829967463178205 0.005156487391948517
0 0.8734988825558097 0.4586141855050063 0.012538331813879977 0.009082384570729629
0 0.5885031058156698 0.4813630174499042 0.010937547770444644 0.008949533336766902
1 0.39798217813332637 0.49672291549833403 0.0045936472650200955 0.00931660532879447
0 0.269772885184142 0.5051047802073407 0.00613525508254531 0.008550984568084674
0 0.28260856731735917 0.504491221132593 0.009395999395326982 0.00971515903068254
0 0.41627266776885885 0.49339825656044356 0.00779521535189126 0.009582307796719702
1 0.08753763602946968 0.5179703321303382 0.009959634901128056 0.0061878106205836
0 0.25693714556605013 0.5057183739364981 0.007795215351891316 0.009582307796719869
1 0.02341816577719602 0.5219366489527762 0.008299674631782054 0.005156487391948517
1 0.3801822111159816 0.4891665668201187 0.005394098729145647 0.00938303587898165
1 0.6211568576190968 0.47007110804345226 0.008713955910363724 0.011445617960638366
1 0.77622419396926 0.45404010872788814 0.008299704352985993 0.005156489858551494
0 0.9138450540741797 0.44803891655789313 0.008209422327463134 0.015871432198902413
0 0.29623064341065014 0.4974888658090825 0.009009769767375109 0.015937854115979255
1 0.4664757211756816 0.4797465536399483 0.008654724157111715 0.010547200475167884
0 0.8877889594906141 0.4434261530857002 0.007795200491289456 0.009582306563418463
1 0.8445526906664038 0.45288623033818964 0.020688566969897293 0.024055402984065777
1 0.7445047207635096 0.46118934674640566 0.022407684689485508 0.02598513753166415
1 0.07267289051259129 0.5061052511049888 0.007499342052472047 0.005090066708173024
0 0.282521337483286 0.49094804252876734 0.007795215351891427 0.009582307796719813
0 0.5458771663906513 0.46954347746671143 0.007854391577801545 0.010480779791392447
0 0.5975906791911141 0.4666067478410725 0.010433032963212185 0.013375408250740184
1 0.028963210723228106 0.5083777616818272 0.006758066814256725 0.005922108152658256
0 0.4052322981554969 0.4785056958417839 0.010137155748726645 0.00888310771978551
0 0.4320451633922094 0.4762804598723353 0.010937607212852307 0.00894953826997269
0 0.2072712640889996 0.4908696454827598 0.008477199394446938 0.007851843933558145
0 0.09375066499888035 0.496225739275691 0.006135255082545421 0.008550984568084674
0 0.8987591643835985 0.426706934887478 0.006135255082545088 0.008550984568084619
1 0.3058382958385002 0.47230079732688035 0.00829967463178205 0.005156487391948572
0 0.711751208696449 0.44042024185529 0.007053999556083768 0.010414354174411056
0 0.8866646405613141 0.42635563100498164 0.009514318210877448 0.01151204111101678
1 0.009000299219031171 0.49241898833661335 0.005898558009036381 0.0049572154742103525
1 0.7416924122051369 0.4307085251670757 0.008299734074189935 0.005156492325154471
1 0.9137748987416363 0.4164271667455643 0.005334877921429615 0.008484560184404799
0 0.7649035282047211 0.4287822032407417 0.007053999556083879 0.010414354174410945
1 0.21960549455196982 0.4704237821687025 0.006698890588346412 0.005023636157985734
1 0.6115412837488312 0.44015489865860724 0.0045936472650199844 0.009316605328794414
0 0.6196042890707751 0.4403890921620711 0.009514288489673728 0.011512038644413802
1 0.050353921665098944 0.4849218609068159 0.00607608277170113 0.007652572015819981
1 0.07781924227381992 0.48038407877611256 0.0068172391251007936 0.00682052070492295
0 0.8971007460493459 0.4137458428983005 0.007795200491289456 0.009582306563418408
1 0.6917867646449928 0.436656968843097 0.02148892927041124 0.02412182613444419
1 0.817876788445536 0.42664427869640065 0.020747743195807744 0.0249538749787383
0 0.22728389391436593 0.4648180538462119 0.008595547931201347 0.009648728480495361
1 0.2485376586585275 0.4698293691703407 0.0222893212921291 0.024188251751425527
1 0.030953170604318625 0.47749836346256336 0.006758066814256728 0.005922108152658312
1 0.4856007311027901 0.44021823873776 0.00693558766185548 0.008617405251860222
1 0.38127049555229536 0.4384881093578429 0.007795215351891316 0.009582307796719813
1 0.26020543764537857 0.44537371110696045 0.007617690589226567 0.00688695125511013
1 0.08671526506128441 0.4566101141816965 0.009959634901128056 0.006187810620583767
0 0.973081074708559 0.38214606297337106 0.004593665840772365 0.009316606870421351
1 0.10801574247450457 0.44400206025689937 0.005957734234946721 0.005855687468882709
0 0.3546382221302992 0.4190177309240633 0.00835885085769228 0.006054959386621039
1 0.0282607227965897 0.43661895766830583 0.0052165739664810085 0.006687679337372021
1 0.06579002878154899 0.43214930499861304 0.006758066814256725 0.005922108152658256
1 0.6133116394337791 0.3876130988446059 0.005275690749983353 0.0075861463988387
1 0.45228657080620227 0.3987183891838183 0.00865472415711177 0.010547200475167828
1 0.2945518326468292 0.41090565532591006 0.00865472415711166 0.010547200475167828
0 0.18952402300246785 0.4169119658111508 0.00865472415711177 0.010547200475167773
1 0.888184278820206 0.3638976933152767 0.019947366034691605 0.02488745059505837
0 0.8668713212319148 0.35798793725930617 0.011055907652566255 0.010746477942762622
1 0.0650799316884228 0.42136790855337836 0.009959634901128056 0.0061878106205836
1 0.4885421035254946 0.3871275929888528 0.008477229115650853 0.007851846400161122
1 0.7135230988861894 0.37568297142947166 0.021548164938729353 0.025020303062322502
0 0.23898586061348315 0.4042251605023093 0.007676866815136796 0.0077854232497826525
0 0.32988854854710625 0.3975843766462922 0.005394098729145647 0.00938303587898165
0 0.3846260749505718 0.39168659047772114 0.007617690589226456 0.006886951255110185
1 0.5348599979526214 0.38780040426652373 0.021548164938729575 0.025020303062322558
1 0.2509028596731026 0.4018811078431961 0.007617690589226567 0.006886951255110241
1 0.21939046023393427 0.41217491176270926 0.02314894898216502 0.025153154296285174
0 0.4440475455051819 0.38359337099353064 0.006876415351011134 0.007718992699595473
1 0.30254317042234025 0.39172356777890993 0.004593647265019873 0.00931660532879447
0 0.8931079796666103 0.34090505876534455 0.007795200491289345 0.009582306563418408
0 0.2764870535478717 0.38711080615666926 0.007617690589226567 0.006886951255110185
0 0.3845092589610765 0.37769420559776307 0.007558518278382498 0.005988538702845547
0 0.3493219547728936 0.3810661391430432 0.012538272371472536 0.00908237963752373
0 0.5286375110784698 0.36663616014473643 0.010996723996354874 0.009848005331439313
0 0.5910674349059752 0.3614550162854562 0.009395939952919208 0.009715154097476641
0 0.18512496365627523 0.39288633329310746 0.007736039125980976 0.008683835802047346
0 0.21356814160697085 0.39097748702023827 0.011797116018072679 0.00991443094842065
1 0.06228159694325819 0.3972094297345782 0.007558518278382387 0.005988538702845547
1 0.2747539229060375 0.3791244022119133 0.00829967463178205 0.005156487391948517
1 0.7586450365587871 0.33986897710935693 0.00601690654579079 0.006754100021147513
0 0.8662078865533578 0.3295871458521714 0.008477229115650853 0.007851846400161178
1 0.8121960175731258 0.3403931962981349 0.020629394659053224 0.023156990431801083
0 0.7176479496459691 0.34056129126805323 0.00613525508254531 0.008550984568084674
1 0.737730736761412 0.3461214791650381 0.020688581830499375 0.024055404217367238
0 0.8397064549461718 0.3304314907423245 0.011737939792162422 0.009015958953748182
0 0.3852815973746315 0.3649830733716285 0.007795215351891427 0.009582307796719813
0 0.42478220809485157 0.3598981577831589 0.0084771993944468 0.0078518439335582
0 0.22382677434444448 0.37567233805539246 0.008713896467955756 0.011445613027432466
0 0.2793942214401751 0.37015736720038206 0.006312779845210281 0.011246341109694302
1 0.027125413415289457 0.3888350989441737 0.009336823169416752 0.008816687036010074
0 0.6891174863338587 0.3289270233127104 0.010077983437882576 0.007984695167520817
0 0.5639617634218952 0.33479704022152024 0.0069948233301736495 0.009515882179738477
1 0.2561846250847814 0.3598882197482006 0.006253607534366101 0.010347928557429664
0 0.5259139426105264 0.3375030186861636 0.007854391577801767 0.010480779791392392
1 0.037443162936265706 0.37442842690720624 0.007499342052472047 0.005090066708173024
0 0.3700913924029117 0.34817654498160017 0.006994763887765765 0.009515877246532689
1 0.4543839521295209 0.3389225933772801 0.007854391577801711 0.01048077979139228
1 0.4611576070375556 0.33790874703541124 0.005394098729145758 0.009383035878981705
1 0.07805562902893404 0.3678961921558568 0.004593647265019873 0.00931660532879447
1 0.7662672841230518 0.30897383926846433 0.009159272600613999 0.006121387470205353
1 0.099177047174697 0.3647882523012669 0.008536371705291104 0.008750256485822838
1 0.7101952905413518 0.31904750901680967 0.020629424380257166 0.023156992898404116
1 0.045255443401852724 0.3647464831516173 0.00829967463178205 0.005156487391948517
1 0.06311617863477503 0.36100579855827836 0.007676866815137011 0.007785423249782708
1 0.00408573995664091 0.3618449997285369 0.00817147991328182 0.005156487391948461
1 0.24309818837400343 0.3505856440304983 0.023830933024720613 0.02342269043312345
1 0.06633327733054961 0.3548669663891136 0.00829967463178205 0.005156487391948517
0 0.8633675020959193 0.28646161951364046 0.008595577652405262 0.009648730947098283
0 0.8889797793000551 0.2843360219696639 0.0069948233301735385 0.009515882179738477
0 0.2869136956583945 0.3315922114114085 0.008358850857692501 0.006054959386620984
1 0.17591262312771627 0.3385459426215368 0.007499342052472047 0.00509006670817308
1 0.45704036544426363 0.3120530196285429 0.008358850857692335 0.006054959386620984
0 0.39501066734882084 0.31720094821272965 0.00619443130845565 0.009449456562757197
1 0.3743937679253563 0.31575022136179137 0.00829967463178205 0.005156487391948517
0 0.8509630771913677 0.27529570637741874 0.006135255082545421 0.008550984568084674
1 0.6103885969779075 0.2943579548121974 0.008773132136274064 0.012344089955310833
1 0.8328797152920571 0.2817649566209536 0.019947380895293798 0.02488745182835983
0 0.16070682810468528 0.3276125488659537 0.007558518278382165 0.005988538702845492
0 0.1867784755880571 0.326352180786955 0.0053940987291455356 0.009383035878981705
1 0.7074717201158753 0.2899143378370328 0.022289321292129016 0.024188251751425527
0 0.4576788227546278 0.30341810283550674 0.007854391577801711 0.010480779791392336
1 0.5552508745635831 0.30028895378925924 0.02234849751803958 0.025086723746097994
0 0.40864827405101506 0.30432546318797976 0.007795215351891316 0.009582307796719869
0 0.2747178864555181 0.3113753929477147 0.007617690589226678 0.006886951255110185
0 0.17953142261793825 0.3201784294986673 0.007854391577801656 0.010480779791392392
1 0.31565581396056086 0.3097846352822483 0.006371956071120621 0.012144813104366825
0 0.19256021760759823 0.3163870626098802 0.00841802316853646 0.006953371938885677
0 0.3283140307735211 0.3064757147326852 0.007795215351891316 0.009582307796719869
1 0.21427338235219995 0.32226360493238393 0.023148948982165046 0.025153154296285174
0 0.5724917798683 0.2749190828762764 0.007972740114556065 0.012277664338329497
1 0.06232186127475253 0.31229028721878993 0.00607608277170113 0.007652572015819981
1 0.7608933770020612 0.2579283346021588 0.008950627177734871 0.015039444030317595
1 0.4525089594996724 0.279908131931781 0.005394098729145647 0.00938303587898165
0 0.7128563331766092 0.25559146152361095 0.007795215351891427 0.009582307796719869
1 0.7324501767604628 0.25983718272498013 0.02148894413101321 0.02412182736774557
1 0.5537574802836386 0.2715053801813466 0.02142975695956717 0.023223413582179497
1 0.29888041499671647 0.28723782349173743 0.009751048920656702 0.015105872113901853
1 0.24162336203380985 0.2915379722431115 0.0222893212921291 0.024188251751425527
1 0.1802024756509013 0.2876017826913354 0.006817239125100905 0.00682052070492295
1 0.33304615874104276 0.274465387047121 0.008358850857692501 0.006054959386620928
1 0.8518879092296705 0.2282442568388072 0.004534500760313587 0.008418135800724869
1 0.7257683141343071 0.2378077394760697 0.005334863060827422 0.008484558951103283
1 0.10212147178885117 0.28730663684082347 0.006994763887765765 0.009515877246532634
1 0.30733109333025976 0.26892096787631814 0.007617690589226456 0.006886951255110185
0 0.17557924027292615 0.2785001876686064 0.006876415351011245 0.007718992699595528
1 0.5742590689905795 0.24676826143741387 0.00545321453388159 0.01028148807984633
0 0.8761516840424227 0.22397217532607702 0.008950627177735093 0.015039444030317595
1 0.000947977416194623 0.2891038657984012 0.001895954832389246 0.008551014289288617
1 0.2117008175860179 0.2709856130732466 0.0108784349020081 0.008051125717708052
1 0.08632239468342273 0.2795842166593616 0.00995963294359492 0.006187780899379769
0 0.18522900234484113 0.2722791692032301 0.012479099081861622 0.008183952224657065
1 0.10135220042734783 0.2756267981221202 0.006758064856723603 0.0059220784314543695
1 0.0645345240827741 0.27868234690402677 0.006876415351011349 0.007718992699595528
0 0.21107948287422407 0.26155189489881675 0.010937609170385387 0.008949567991176632
0 0.9017966005721967 0.1979048292072984 0.008299704352986104 0.0051564898585514385
1 0.9134021585719887 0.1969416682441314 0.0074993271918702975 0.0050900654748715635
0 0.8184087481484439 0.20256690191425036 0.008358878621363086 0.006054932132020047
1 0.049521841916185805 0.26457114533440407 0.009159300364285139 0.006121360215604277
1 0.6004381057480594 0.2165914610862389 0.006698950030754158 0.005023641091191661
1 0.5555574240815417 0.21941281636468157 0.006698950030754269 0.0050236410911916884
1 0.4906967667758979 0.22434401347156863 0.006758124299131418 0.005922083364660297
1 0.5107063592704166 0.22268339031325557 0.00835890834256714 0.006054934598622913
1 0.42740724595832674 0.2286931282803626 0.008358848900159366 0.006054929665417097
1 0.44538633070677 0.22674934309456274 0.007499342052471936 0.005090066708173052
1 0.4589928167487497 0.22562012240549756 0.00749934205247188 0.005090066708173052
1 0.4701982456103918 0.2246901687009646 0.009218476590195424 0.007019832210276772
1 0.09427014824186769 0.2536305522044477 0.008358848900159255 0.006054929665417097
0 0.3251512519557597 0.2340177403634334 0.006135257040078446 0.008551014289288561
1 0.04835240524379403 0.2529245318181905 0.008358848900159359 0.006054929665417097
1 0.22043490664089543 0.23864317216337766 0.008358848900159283 0.006054929665417097
1 0.8243539881265685 0.18897478697420866 0.01081920119122326 0.0071526785110336
1 0.866003522002327 0.18596991241030641 0.004593662125621845 0.009316606562095958
0 0.26002427778491466 0.23490590512450893 0.009336825126949888 0.008816716757213988
1 0.2740014024247688 0.23329424802361576 0.006994763887765654 0.009515877246532606
1 0.5481032592145694 0.21009448739805 0.006135257040078557 0.008551014289288561
0 0.19587522137721886 0.2384230156708147 0.006135257040078446 0.008551014289288533
1 0.05525994027625314 0.2478344551826214 0.006994763887765654 0.009515877246532634
0 0.1753470833563202 0.23831995223007935 0.007053938156142969 0.010414319520001186
1 0.2789376346795001 0.22881946402802744 0.004534472996642669 0.008418163055325917
1 0.6491150809674935 0.1980979368325374 0.00865478164198652 0.010547175687169758
0 0.007029843036766126 0.2486753849849072 0.010137157706259892 0.008883137440989425
0 0.018946842096385585 0.246331332325794 0.009959632943595031 0.006187780899379713
1 0.4127356152554241 0.21365026916217777 0.008595547931201264 0.009648728480495306
1 0.31179846963734315 0.22067214962712445 0.005453272997522962 0.010281478152450257
1 0.054297614521948145 0.23933240448414977 0.006016908503323926 0.006754129742351456
1 0.20782334109705286 0.2243326986760168 0.0045936472650199844 0.009316605328794442
1 0.37898710095691535 0.20832086523064625 0.007676866815136796 0.0077854232497826525
1 0.04713932393316178 0.23450633146666702 0.005216575924013922 0.006687709058575908
1 0.31560884845798226 0.21132231416263442 0.007617692546759591 0.006886980976314155
1 0.06574121649825021 0.22980076905548202 0.007558516320849251 0.005988508981641633
1 0.256262143201827 0.2144408561464502 0.006016908503324037 0.0067541297423514
1 0.24268518583039445 0.21601931776605757 0.004593647265019818 0.009316605328794525
0 0.37910698399846215 0.19792227916576643 0.007617692546759591 0.006886980976314155
0 0.28990937309851034 0.1999047603573863 0.006135257040078446 0.008551014289288589
1 0.873834414989471 0.14602386677533885 0.006135257040078557 0.008551014289288589
0 0.003753891117259878 0.21653050222135106 0.007507782234519756 0.007086252894052264
1 0.015274943978248245 0.21501848107932703 0.009959632943595143 0.006187780899379797
0 0.0807880269346965 0.20777474027778817 0.009959632943595031 0.006187780899379769
1 0.09710715337132675 0.2050653640524824 0.007617692546759591 0.006886980976314128
1 0.732597792725177 0.14600160358996833 0.008299704352985993 0.0051564898585514385
1 0.5578774469318506 0.156888453674646 0.006698950030754158 0.005023641091191661
1 0.02809816157584727 0.19588706590037896 0.007558516320849251 0.005988508981641605
0 0.01846398906586011 0.19623494230100913 0.009218476590195259 0.007019832210276827
1 0.03616119759776171 0.19612127179784195 0.0045936472650200955 0.009316605328794442
1 0.8486845538044866 0.12462373955000969 0.008418054847273648 0.006953404126692542
1 0.06564299914847643 0.18554429839004882 0.008358848900159255 0.006054929665417097
1 0.5518465126032117 0.14474193425964701 0.005898558009036381 0.0049572154742103525
1 0.8694649437562335 0.12244747025463174 0.007231522361215603 0.013109680994816755
1 0.0124921992843946 0.18498686762608163 0.00829967463178205 0.005156487391948544
1 0.2809026099620124 0.16090441797597652 0.006016908503324037 0.0067541297423514
1 0.28810601927265733 0.16030659728955615 0.007617692546759702 0.0068869809763141
1 0.3714347187401692 0.15474606559858145 0.009395999395326982 0.009715159030682513
1 0.0023181677902540665 0.1840535062334902 0.004636335580508133 0.008484593605513069
1 0.2616342045208639 0.16160016084984064 0.006016908503324037 0.006754129742351428
1 0.2692378395635716 0.16096912488832668 0.006817241082633929 0.006820550426126892
1 0.38563448588578 0.15040585647479288 0.006135257040078335 0.008551014289288617
1 0.1794328910347035 0.15984024367669622 0.009277650858572573 0.007918274483745324
1 0.30752389391077484 0.14966147462694462 0.006135257040078335 0.008551014289288561
1 0.29980190935254597 0.14849561118091947 0.005216575924014033 0.006687709058575936
1 0.28019251286888625 0.15012302153074186 0.006135257040078335 0.008551014289288589
1 0.24481209386672736 0.1566727331688576 0.013930472391969623 0.01813332208600843
1 0.26089452127231566 0.15036955812847363 0.00607608277170113 0.007652572015820008
0 0.05203952071614032 0.1622825530674821 0.006994763887765765 0.009515877246532634
0 0.005869488635713349 0.16385586850059197 0.009336825126949888 0.008816716757213933
1 0.25238767530127226 0.14339699059819044 0.006135257040078557 0.008551014289288561
1 0.014807621556626183 0.1590489613533028 0.0084771993944468 0.007851843933558145
1 0.4126279419584424 0.12648499124151416 0.006935589619388449 0.008617434973064053
1 0.8872850721711463 0.08754423777804894 0.005512403662860654 0.011179931586616398
0 0.3368437617289023 0.1305160249036985 0.007676866815137018 0.00778542324978268
1 0.7911206682795142 0.09371833039372351 0.0069948233301734275 0.009515882179738505
1 0.8387435031718613 0.08976604688228199 0.007913535146208628 0.011379204737656037
1 0.768266119491917 0.08883986630355745 0.008299704352985993 0.0051564898585514385
1 0.6186831336858352 0.10260899802291852 0.005394039286737873 0.009383030945775805
1 0.6952832662672002 0.09263840657591053 0.009959633922361544 0.00618779575998174
1 0.8877755487393781 0.07666321157094469 0.004475313588867658 0.0075197220151587835
0 0.0893040151088701 0.14157440733706478 0.00693558961938856 0.008617434973064053
0 0.4406880172650288 0.10654073270657347 0.00779521535189126 0.009582307796719855
1 0.5861507677500102 0.09130682349807268 0.005898558009036381 0.004957215474210339
1 0.8506775817163952 0.06935338524650997 0.008299704352985882 0.005156489858551452
1 0.5464726040140713 0.09369640730243853 0.008299734074190046 0.005156492325154374
0 0.840272589458277 0.07021690963415717 0.008418053868506914 0.006953389266090543
1 0.7684311351371578 0.07301737044087112 0.007558487578411932 0.005988521375640626
1 0.7768647498251553 0.07276913742941107 0.006817299546275302 0.006820540498730807
0 0.09090633267833154 0.1292460706306832 0.0053940987291455356 0.009383035878981705
0 0.024371689767410054 0.1270893159631868 0.00933682512694978 0.008816716757213933
0 0.036807204632205714 0.1265089523697249 0.006994763887765543 0.00951587724653262
0 0.3765404938939755 0.09786235035015937 0.006135257040078335 0.008551014289288589
0 0.4128100078567768 0.09259389629907297 0.005394098729145591 0.009383035878981677
0 0.8248301246360246 0.05568970716659188 0.00835887960012982 0.006054946992621976
1 0.8946706211937521 0.05305530855237908 0.010492221113424849 0.014273836896908247
0 0.32038130019940625 0.09439283902807612 0.008418024147303083 0.006953386799487649
1 0.02335012981293666 0.1176888204941515 0.008358849878925878 0.006054944526019054
0 0.3018837001351703 0.09457294257852557 0.008358849878925767 0.00605494452601904
1 0.2746114344086344 0.09593294411929823 0.006758065835490101 0.0059220932920563685
1 0.2853870499146416 0.09458697712282362 0.007499342052472047 0.005090066708173024
1 0.19516634504480745 0.09936444088752615 0.00829967463178205 0.005156487391948489
0 0.048918792589419224 0.10879164107856304 0.007617691567992857 0.00688696611571217
1 0.8367782299846398 0.04159939883539646 0.008299704352985882 0.0051564898585514385
1 0.7966998707272253 0.044022202878554004 0.008299704352985993 0.0051564898585514315
1 0.6911535309064692 0.0482648329617458 0.007499342052472047 0.005090066708173031
1 0.2844106677573971 0.07976257744395361 0.00915930109835994 0.006121371361055783
1 0.3244002654899001 0.07599210813301797 0.007499342052472047 0.005090066708173024
1 0.5657455507132352 0.05641421480209884 0.009959633677669832 0.006187792044831261
0 0.5881267022951691 0.05410509426513516 0.008299734074189935 0.005156492325154374
1 0.48710082352757633 0.05977928656237309 0.008299734074189935 0.005156492325154367
1 0.019499233093208224 0.09587609696043844 0.0070539391349093705 0.010414334380603171
0 0.4075077975140397 0.0609646627863276 0.006935589619388449 0.00861743497306406
0 0.7555563663195047 0.03027291968416046 0.008299704352985993 0.0051564898585514385
0 0.24630520461318134 0.06937460401423129 0.005394099218528903 0.009383043309282663
1 0.034426219930515756 0.08424864931441847 0.004475298238882264 0.007519713351556337
1 0.9143001567840767 0.008968318897710869 0.008418061298807844 0.006953389882741295
0 0.47640150635666656 0.04395508315575311 0.009959633432978288 0.0061877883296807545
1 0.9223039952679444 0.008304069511055506 0.005334872448661598 0.008484589288957966
1 0.9020872913659557 0.006820122421325596 0.006876474304035818 0.007718990202500354
1 0.07308285318849345 0.07245856385926389 0.007854390599035255 0.010480764930790379
0 0.004442907511837679 0.07499332713125834 0.006876414861627933 0.007718985269294515
1 0.757085452850612 0.01072378615118615 0.004475327960086206 0.0075197158181592675
1 0.35757563060583347 0.04207292552622824 0.007558516810232674 0.0059885164119425904
1 0.734185755864644 0.01126922194667663 0.005334865018360668 0.008484588672307235
1 0.7268639525790179 0.010070148783037521 0.005453214289189989 0.01028148436469585
0 0.2984811549896236 0.042912136623882866 0.008418024147303083 0.006953386799487614
0 0.6751800274021271 0.01345610697571182 0.009573464470892357 0.012410506923935818
0 0.002473713055895166 0.06669055142615553 0.004947426111790332 0.008683865523251268
1 0.6547110642001619 0.014251494167533612 0.007172347725800776 0.012211233148622422
1 0.6639154832863053 0.013487606972056964 0.007972739747518665 0.012277658765603768
0 0.3298751449814798 0.03082143079973544 0.006876414861627933 0.007718985269294501
0 0.5358556012845537 0.011920114936880628 0.007558516993751319 0.005988519198305455
1 0.0015409447757478434 0.052381796643425904 0.0030818895514956868 0.005090070423323517
0 0.042671320871997875 0.05059174540883829 0.009336825126949666 0.008816716757213967
0 0.08737444915575915 0.04507505277356612 0.006135257040078224 0.008551014289288575
1 0.015221531101578756 0.04925640132125586 0.010819259685450833 0.007152669048031336
1 0.6017844705019838 0.001073543692018623 0.006016907555143947 0.002147087384037246
