1 0.9574638844301766 0.9972972972972973 0.008025682182985553 0.005405405405405406
1 0.19502407704654895 0.9972972972972973 0.009630818619582664 0.005405405405405406
1 0.9225521669341894 0.9923423423423423 0.00882825040128411 0.006306306306306306
1 0.9606741573033708 0.9882882882882883 0.008025682182985553 0.005405405405405406
1 0.9197431781701445 0.9837837837837838 0.008025682182985553 0.005405405405405406
1 0.9434189406099518 0.9815315315315315 0.01043338683788122 0.006306306306306306
1 0.9056982343499197 0.9738738738738739 0.0072231139646869984 0.007207207207207207
1 0.9093097913322632 0.9702702702702702 0.006420545746388443 0.007207207207207207
1 0.869983948635634 0.9716216216216216 0.009630818619582664 0.00990990990990991
1 0.9321829855537721 0.9657657657657658 0.0056179775280898875 0.005405405405405406
1 0.9891653290529695 0.9653153153153153 0.0056179775280898875 0.008108108108108109
0 0.9490369181380417 0.9653153153153153 0.0072231139646869984 0.008108108108108109
0 0.4153290529695024 0.9599099099099099 0.0072231139646869984 0.006306306306306306
0 0.8246388443017657 0.959009009009009 0.0072231139646869984 0.006306306306306306
1 0.9289727126805778 0.954954954954955 0.0056179775280898875 0.007207207207207207
0 0.591091492776886 0.9477477477477477 0.0072231139646869984 0.007207207207207207
0 0.43820224719101125 0.9463963963963964 0.008025682182985553 0.0045045045045045045
1 0.963884430176565 0.9486486486486486 0.004815409309791332 0.010810810810810811
0 0.6027287319422151 0.9477477477477477 0.011235955056179775 0.010810810810810811
0 0.48475120385232745 0.9454954954954955 0.008025682182985553 0.008108108108108109
1 0.3900481540930979 0.9414414414414415 0.008025682182985553 0.005405405405405406
1 0.949438202247191 0.9414414414414415 0.009630818619582664 0.009009009009009009
0 0.78330658105939 0.940990990990991 0.008025682182985553 0.00990990990990991
0 0.3270465489566613 0.9396396396396396 0.0072231139646869984 0.007207207207207207
1 0.03330658105939005 0.9414414414414415 0.00882825040128411 0.010810810810810811
0 0.28531300160513645 0.9382882882882883 0.0072231139646869984 0.006306306306306306
0 0.7664526484751204 0.9387387387387387 0.011235955056179775 0.010810810810810811
0 0.2732744783306581 0.9355855855855856 0.0072231139646869984 0.00990990990990991
0 0.656099518459069 0.9328828828828829 0.00882825040128411 0.006306306306306306
0 0.1472712680577849 0.9337837837837838 0.00882825040128411 0.008108108108108109
0 0.5894863563402889 0.9337837837837838 0.0072231139646869984 0.00990990990990991
1 0.3904494382022472 0.9328828828828829 0.00882825040128411 0.008108108108108109
0 0.6187800963081862 0.931981981981982 0.008025682182985553 0.008108108108108109
0 0.10834670947030497 0.9306306306306307 0.006420545746388443 0.009009009009009009
1 0.46348314606741575 0.9364864864864865 0.021669341894060994 0.024324324324324326
1 0.07102728731942215 0.9279279279279279 0.00882825040128411 0.009009009009009009
0 0.7953451043338684 0.9247747747747748 0.008025682182985553 0.008108108108108109
0 0.7375601926163724 0.922972972972973 0.009630818619582664 0.008108108108108109
0 0.28491171749598715 0.9216216216216216 0.008025682182985553 0.007207207207207207
1 0.25441412520064205 0.9283783783783783 0.019261637239165328 0.024324324324324326
1 0.07062600321027288 0.918918918918919 0.008025682182985553 0.005405405405405406
0 0.18298555377207062 0.918918918918919 0.008025682182985553 0.007207207207207207
0 0.1725521669341894 0.918918918918919 0.008025682182985553 0.007207207207207207
0 0.6569020866773676 0.918918918918919 0.00882825040128411 0.009009009009009009
1 0.12720706260032102 0.9252252252252252 0.020064205457463884 0.021621621621621623
0 0.6175762439807384 0.9171171171171171 0.0072231139646869984 0.007207207207207207
0 0.09590690208667736 0.9175675675675675 0.0056179775280898875 0.008108108108108109
1 0.9943820224719101 0.9162162162162162 0.011235955056179775 0.007207207207207207
0 0.6284109149277689 0.9175675675675675 0.009630818619582664 0.00990990990990991
1 0.9048956661316212 0.9153153153153153 0.00882825040128411 0.007207207207207207
0 0.5758426966292135 0.9157657657657657 0.00882825040128411 0.008108108108108109
0 0.6023274478330658 0.9162162162162162 0.00882825040128411 0.010810810810810811
0 0.5914927768860353 0.9157657657657657 0.009630818619582664 0.00990990990990991
0 0.5642054574638844 0.9153153153153153 0.008025682182985553 0.009009009009009009
0 0.4570626003210273 0.9130630630630631 0.0072231139646869984 0.008108108108108109
0 0.4835473515248796 0.9130630630630631 0.00882825040128411 0.00990990990990991
1 0.9237560192616372 0.9112612612612613 0.004815409309791332 0.008108108108108109
1 0.5485553772070626 0.9112612612612613 0.00882825040128411 0.00990990990990991
0 0.4169341894060995 0.9103603603603604 0.0056179775280898875 0.008108108108108109
1 0.3904494382022472 0.9117117117117117 0.00882825040128411 0.010810810810810811
1 0.6998394863563403 0.9103603603603604 0.004815409309791332 0.00990990990990991
1 0.38041733547351525 0.9099099099099099 0.008025682182985553 0.010810810810810811
1 0.7612359550561798 0.9135135135135135 0.021669341894060994 0.025225225225225224
1 0.3900481540930979 0.9031531531531531 0.008025682182985553 0.0045045045045045045
1 0.5481540930979133 0.9022522522522523 0.008025682182985553 0.0045045045045045045
0 0.4028892455858748 0.9067567567567567 0.008025682182985553 0.013513513513513514
1 0.23234349919743177 0.9049549549549549 0.0056179775280898875 0.00990990990990991
0 0.64446227929374 0.9027027027027027 0.008025682182985553 0.007207207207207207
0 0.5389245585874799 0.9072072072072072 0.0072231139646869984 0.016216216216216217
0 0.5999197431781701 0.8986486486486487 0.0072231139646869984 0.006306306306306306
1 0.23073836276083468 0.8968468468468469 0.0072231139646869984 0.0045045045045045045
0 0.4695024077046549 0.8981981981981982 0.006420545746388443 0.009009009009009009
1 0.4369983948635634 0.904054054054054 0.020064205457463884 0.024324324324324326
1 0.9695024077046549 0.8941441441441441 0.004815409309791332 0.008108108108108109
1 0.9618780096308186 0.8932432432432432 0.0056179775280898875 0.008108108108108109
0 0.8226324237560193 0.8927927927927928 0.008025682182985553 0.009009009009009009
0 0.7929373996789727 0.8927927927927928 0.011235955056179775 0.009009009009009009
1 0.25481540930979135 0.8986486486486487 0.020064205457463884 0.02252252252252252
0 0.1472712680577849 0.8878378378378379 0.0072231139646869984 0.006306306306306306
0 0.7251203852327448 0.8878378378378379 0.0056179775280898875 0.008108108108108109
1 0.12800963081861957 0.895045045045045 0.020064205457463884 0.02252252252252252
1 0.6577046548956661 0.8851351351351351 0.0056179775280898875 0.008108108108108109
1 0.9165329052969502 0.8801801801801802 0.008025682182985553 0.005405405405405406
0 0.7307383627608347 0.8810810810810811 0.0056179775280898875 0.009009009009009009
1 0.6721508828250401 0.8806306306306306 0.0040128410914927765 0.008108108108108109
0 0.48274478330658105 0.8806306306306306 0.0072231139646869984 0.00990990990990991
0 0.6243980738362761 0.8792792792792793 0.009630818619582664 0.009009009009009009
1 0.3900481540930979 0.8788288288288288 0.008025682182985553 0.00990990990990991
1 0.38041733547351525 0.8770270270270271 0.008025682182985553 0.00990990990990991
1 0.2319422150882825 0.8738738738738738 0.004815409309791332 0.009009009009009009
0 0.24879614767255218 0.8738738738738738 0.009630818619582664 0.010810810810810811
0 0.1332263242375602 0.8725225225225225 0.008025682182985553 0.008108108108108109
0 0.5385232744783307 0.8756756756756757 0.008025682182985553 0.016216216216216217
0 0.6171749598715891 0.8693693693693694 0.006420545746388443 0.007207207207207207
0 0.5886837881219904 0.8702702702702703 0.0056179775280898875 0.009009009009009009
1 0.9867576243980738 0.8671171171171171 0.0056179775280898875 0.0045045045045045045
0 0.44341894060995185 0.8675675675675676 0.0056179775280898875 0.009009009009009009
1 0.4101123595505618 0.872072072072072 0.02086677367576244 0.023423423423423424
0 0.9915730337078652 0.8639639639639639 0.0072231139646869984 0.009009009009009009
0 0.9779293739967897 0.8626126126126126 0.00882825040128411 0.011711711711711712
0 0.8226324237560193 0.8603603603603603 0.006420545746388443 0.009009009009009009
0 0.7363563402889246 0.8594594594594595 0.00882825040128411 0.007207207207207207
0 0.26003210272873195 0.8612612612612612 0.008025682182985553 0.010810810810810811
1 0.1781701444622793 0.8662162162162163 0.019261637239165328 0.024324324324324326
0 0.7664526484751204 0.8576576576576577 0.006420545746388443 0.009009009009009009
0 0.5922953451043339 0.8554054054054054 0.011235955056179775 0.008108108108108109
0 0.7247191011235955 0.8558558558558559 0.009630818619582664 0.012612612612612612
0 0.6284109149277689 0.8540540540540541 0.008025682182985553 0.009009009009009009
0 0.5754414125200642 0.8527027027027027 0.006420545746388443 0.00990990990990991
1 0.9430176565008026 0.8486486486486486 0.009630818619582664 0.005405405405405406
0 0.4554574638844302 0.8490990990990991 0.0056179775280898875 0.008108108108108109
1 0.38081861958266455 0.8490990990990991 0.0072231139646869984 0.00990990990990991
1 0.7106741573033708 0.8504504504504504 0.0072231139646869984 0.014414414414414415
0 0.28531300160513645 0.8463963963963964 0.0072231139646869984 0.006306306306306306
1 0.2604333868378812 0.8445945945945946 0.0056179775280898875 0.006306306306306306
0 0.7520064205457464 0.8441441441441442 0.006420545746388443 0.009009009009009009
1 0.9686998394863563 0.840990990990991 0.008025682182985553 0.0045045045045045045
1 0.7869181380417335 0.8513513513513513 0.021669341894060994 0.025225225225225224
0 0.7371589085072231 0.8423423423423423 0.0072231139646869984 0.007207207207207207
0 0.7251203852327448 0.8418918918918918 0.0072231139646869984 0.008108108108108109
0 0.6424558587479936 0.840990990990991 0.0056179775280898875 0.008108108108108109
0 0.656099518459069 0.840990990990991 0.0072231139646869984 0.00990990990990991
0 0.547752808988764 0.8441441441441442 0.00882825040128411 0.016216216216216217
0 0.5381219903691814 0.8441441441441442 0.0072231139646869984 0.016216216216216217
0 0.5754414125200642 0.8396396396396396 0.008025682182985553 0.010810810810810811
1 0.9173354735152488 0.8351351351351352 0.008025682182985553 0.005405405405405406
0 0.4835473515248796 0.836036036036036 0.0072231139646869984 0.007207207207207207
0 0.23113964686998395 0.8405405405405405 0.008025682182985553 0.016216216216216217
1 0.43659711075441415 0.8418918918918918 0.02086677367576244 0.024324324324324326
0 0.25963081861958265 0.831081081081081 0.0072231139646869984 0.008108108108108109
1 0.9357945425361156 0.8292792792792792 0.006420545746388443 0.008108108108108109
0 0.08065810593900481 0.8328828828828829 0.0072231139646869984 0.015315315315315315
0 0.7528089887640449 0.8274774774774775 0.008025682182985553 0.008108108108108109
0 0.7259229534510433 0.827027027027027 0.00882825040128411 0.007207207207207207
1 0.10272873194221509 0.8346846846846847 0.02086677367576244 0.02252252252252252
0 0.6015248796147673 0.822972972972973 0.0072231139646869984 0.006306306306306306
0 0.5626003210272873 0.8225225225225226 0.008025682182985553 0.007207207207207207
1 0.9959871589085072 0.8193693693693693 0.008025682182985553 0.0045045045045045045
0 0.7379614767255217 0.8234234234234235 0.00882825040128411 0.012612612612612612
0 0.6288121990369181 0.8220720720720721 0.00882825040128411 0.011711711711711712
0 0.3254414125200642 0.8166666666666667 0.00882825040128411 0.00990990990990991
1 0.9454253611556982 0.8153153153153153 0.004815409309791332 0.009009009009009009
0 0.8198234349919743 0.8130630630630631 0.0072231139646869984 0.006306306306306306
0 0.17335473515248795 0.813963963963964 0.008025682182985553 0.008108108108108109
1 0.7508025682182986 0.8130630630630631 0.0056179775280898875 0.008108108108108109
1 0.228330658105939 0.8126126126126126 0.0040128410914927765 0.009009009009009009
1 0.7865168539325843 0.8193693693693693 0.02247191011235955 0.024324324324324326
0 0.7247191011235955 0.8112612612612613 0.008025682182985553 0.008108108108108109
1 0.38924558587479935 0.8121621621621622 0.008025682182985553 0.00990990990990991
1 0.9747191011235955 0.8081081081081081 0.00882825040128411 0.005405405405405406
0 0.6007223113964687 0.8085585585585585 0.0072231139646869984 0.008108108108108109
0 0.5730337078651685 0.8067567567567567 0.008025682182985553 0.008108108108108109
1 0.08186195826645265 0.8076576576576576 0.004815409309791332 0.00990990990990991
0 0.48314606741573035 0.8054054054054054 0.008025682182985553 0.007207207207207207
1 0.9634831460674157 0.804954954954955 0.00882825040128411 0.008108108108108109
1 0.4618780096308186 0.8121621621621622 0.021669341894060994 0.02252252252252252
1 0.9125200642054575 0.8013513513513514 0.008025682182985553 0.006306306306306306
0 0.8262439807383628 0.8018018018018018 0.00882825040128411 0.007207207207207207
0 0.2736757624398074 0.8018018018018018 0.006420545746388443 0.009009009009009009
0 0.3073836276083467 0.7990990990990992 0.009630818619582664 0.005405405405405406
1 0.25441412520064205 0.8081081081081081 0.019261637239165328 0.023423423423423424
1 0.9959871589085072 0.7981981981981981 0.008025682182985553 0.007207207207207207
1 0.15329052969502407 0.8054054054054054 0.019261637239165328 0.023423423423423424
1 0.9474317817014446 0.7959459459459459 0.0072231139646869984 0.006306306306306306
0 0.18138041733547353 0.7968468468468468 0.011235955056179775 0.008108108108108109
1 0.9145264847512039 0.7923423423423424 0.0072231139646869984 0.0045045045045045045
1 0.5991171749598716 0.7905405405405406 0.0072231139646869984 0.0045045045045045045
1 0.7379614767255217 0.790990990990991 0.0056179775280898875 0.007207207207207207
1 0.5485553772070626 0.7896396396396397 0.0056179775280898875 0.0045045045045045045
1 0.6918138041733547 0.7918918918918919 0.004815409309791332 0.010810810810810811
1 0.3900481540930979 0.7869369369369369 0.008025682182985553 0.0045045045045045045
0 0.40208667736757625 0.7869369369369369 0.006420545746388443 0.008108108108108109
0 0.7082664526484751 0.7837837837837838 0.0072231139646869984 0.005405405405405406
1 0.9056982343499197 0.7833333333333333 0.00882825040128411 0.006306306306306306
1 0.7158908507223114 0.7851351351351351 0.004815409309791332 0.00990990990990991
1 0.735553772070626 0.7828828828828829 0.0056179775280898875 0.007207207207207207
1 0.637239165329053 0.7828828828828829 0.006420545746388443 0.007207207207207207
1 0.6773675762439807 0.7824324324324324 0.004815409309791332 0.008108108108108109
1 0.9947833065810594 0.7743243243243243 0.0072231139646869984 0.0045045045045045045
1 0.9859550561797753 0.7662162162162162 0.00882825040128411 0.008108108108108109
0 0.7335473515248796 0.7657657657657657 0.009630818619582664 0.007207207207207207
1 0.9703049759229535 0.7635135135135135 0.008025682182985553 0.0045045045045045045
1 0.9554574638844302 0.7644144144144144 0.01043338683788122 0.008108108108108109
0 0.6528892455858748 0.7639639639639639 0.00882825040128411 0.007207207207207207
1 0.9285714285714286 0.7617117117117117 0.006420545746388443 0.0045045045045045045
0 0.7792937399678973 0.7648648648648648 0.011235955056179775 0.010810810810810811
1 0.9213483146067416 0.7617117117117117 0.008025682182985553 0.006306306306306306
0 0.5738362760834671 0.7612612612612613 0.006420545746388443 0.007207207207207207
0 0.5999197431781701 0.7612612612612613 0.00882825040128411 0.010810810810810811
0 0.492776886035313 0.7599099099099099 0.008025682182985553 0.008108108108108109
0 0.3346709470304976 0.7585585585585586 0.009630818619582664 0.007207207207207207
0 0.32504012841091495 0.7572072072072072 0.006420545746388443 0.006306306306306306
1 0.9145264847512039 0.7545045045045045 0.0072231139646869984 0.0045045045045045045
0 0.41653290529695025 0.7558558558558559 0.006420545746388443 0.010810810810810811
1 0.9963884430176565 0.7522522522522522 0.0072231139646869984 0.005405405405405406
0 0.3796147672552167 0.7527027027027027 0.008025682182985553 0.00990990990990991
0 0.7640449438202247 0.7504504504504504 0.006420545746388443 0.009009009009009009
0 0.7909309791332263 0.75 0.00882825040128411 0.00990990990990991
0 0.6396468699839486 0.75 0.006420545746388443 0.00990990990990991
1 0.8306581059390048 0.7454954954954955 0.008025682182985553 0.0045045045045045045
0 0.6147672552166934 0.7477477477477478 0.008025682182985553 0.010810810810810811
0 0.5870786516853933 0.7477477477477478 0.00882825040128411 0.010810810810810811
0 0.08105939004815409 0.7472972972972973 0.004815409309791332 0.00990990990990991
1 0.4618780096308186 0.7513513513513513 0.021669341894060994 0.023423423423423424
0 0.29975922953451045 0.740990990990991 0.0072231139646869984 0.006306306306306306
1 0.2540128410914928 0.7477477477477478 0.020064205457463884 0.021621621621621623
0 0.6982343499197432 0.7391891891891892 0.008025682182985553 0.006306306306306306
1 0.17776886035313003 0.7454954954954955 0.020064205457463884 0.02252252252252252
0 0.09991974317817015 0.7355855855855856 0.00882825040128411 0.006306306306306306
0 0.3186195826645265 0.7337837837837838 0.008025682182985553 0.0045045045045045045
1 0.9682985553772071 0.7333333333333333 0.00882825040128411 0.005405405405405406
0 0.735553772070626 0.7324324324324324 0.0072231139646869984 0.007207207207207207
0 0.7917335473515249 0.7319819819819819 0.0072231139646869984 0.00990990990990991
0 0.5862760834670947 0.7297297297297297 0.0072231139646869984 0.009009009009009009
1 0.8976725521669342 0.7283783783783784 0.0056179775280898875 0.008108108108108109
0 0.6119582664526485 0.7288288288288288 0.0056179775280898875 0.009009009009009009
1 0.9382022471910112 0.727027027027027 0.004815409309791332 0.007207207207207207
1 0.5485553772070626 0.7279279279279279 0.0040128410914927765 0.009009009009009009
0 0.8117977528089888 0.722972972972973 0.0072231139646869984 0.006306306306306306
1 0.695024077046549 0.7234234234234235 0.004815409309791332 0.009009009009009009
1 0.23154093097913322 0.722972972972973 0.0040128410914927765 0.008108108108108109
0 0.13443017656500802 0.722072072072072 0.0056179775280898875 0.008108108108108109
0 0.7367576243980738 0.7198198198198198 0.004815409309791332 0.009009009009009009
0 0.7215088282504013 0.7193693693693693 0.006420545746388443 0.008108108108108109
1 0.9085072231139647 0.7166666666666667 0.008025682182985553 0.0045045045045045045
1 0.7568218298555377 0.7256756756756757 0.02086677367576244 0.024324324324324326
0 0.5738362760834671 0.7171171171171171 0.008025682182985553 0.010810810810810811
1 0.9775280898876404 0.7130630630630631 0.008025682182985553 0.0045045045045045045
1 0.4871589085072231 0.722072072072072 0.019261637239165328 0.02252252252252252
0 0.42897271268057785 0.7135135135135136 0.0072231139646869984 0.009009009009009009
1 0.08065810593900481 0.7121621621621622 0.0056179775280898875 0.006306306306306306
0 0.3097913322632424 0.7126126126126127 0.008025682182985553 0.009009009009009009
1 0.9365971107544141 0.709009009009009 0.006420545746388443 0.005405405405405406
1 0.9931781701444623 0.7054054054054054 0.0072231139646869984 0.005405405405405406
1 0.10353130016051364 0.7144144144144144 0.019261637239165328 0.025225225225225224
0 0.9779293739967897 0.7018018018018019 0.0072231139646869984 0.007207207207207207
0 0.7347512038523274 0.7018018018018019 0.0072231139646869984 0.009009009009009009
0 0.6412520064205457 0.7013513513513514 0.008025682182985553 0.008108108108108109
0 0.7219101123595506 0.7013513513513514 0.00882825040128411 0.00990990990990991
1 0.706661316211878 0.6986486486486486 0.00882825040128411 0.006306306306306306
0 0.5597913322632424 0.6995495495495495 0.0072231139646869984 0.008108108108108109
0 0.6003210272873194 0.6990990990990991 0.006420545746388443 0.009009009009009009
0 0.5726324237560193 0.6990990990990991 0.00882825040128411 0.009009009009009009
1 0.25802568218298555 0.6968468468468468 0.0072231139646869984 0.006306306306306306
0 0.2483948635634029 0.6963963963963964 0.00882825040128411 0.009009009009009009
0 0.37881219903691815 0.6932432432432433 0.008025682182985553 0.00990990990990991
1 0.9775280898876404 0.690990990990991 0.004815409309791332 0.007207207207207207
1 0.7078651685393258 0.6896396396396396 0.006420545746388443 0.00990990990990991
1 0.7560192616372392 0.6941441441441442 0.02086677367576244 0.024324324324324326
1 0.9967897271268058 0.6837837837837838 0.006420545746388443 0.007207207207207207
1 0.22993579454253613 0.6851351351351351 0.0056179775280898875 0.00990990990990991
1 0.221107544141252 0.6855855855855856 0.0056179775280898875 0.010810810810810811
0 0.5626003210272873 0.6828828828828829 0.009630818619582664 0.007207207207207207
0 0.24518459069020868 0.6851351351351351 0.0056179775280898875 0.011711711711711712
0 0.3093900481540931 0.6815315315315316 0.0072231139646869984 0.006306306306306306
0 0.33547351524879615 0.6815315315315316 0.008025682182985553 0.008108108108108109
0 0.26003210272873195 0.6851351351351351 0.008025682182985553 0.015315315315315315
1 0.278892455858748 0.6887387387387387 0.020064205457463884 0.024324324324324326
0 0.9654895666131621 0.6792792792792792 0.008025682182985553 0.007207207207207207
1 0.1781701444622793 0.6873873873873874 0.019261637239165328 0.023423423423423424
0 0.992776886035313 0.6734234234234234 0.011235955056179775 0.008108108108108109
1 0.7331460674157303 0.6716216216216216 0.0072231139646869984 0.006306306306306306
1 0.942215088282504 0.6693693693693694 0.006420545746388443 0.007207207207207207
0 0.7897271268057785 0.6707207207207208 0.006420545746388443 0.00990990990990991
0 0.5714285714285714 0.6693693693693694 0.008025682182985553 0.007207207207207207
0 0.5995184590690209 0.6684684684684684 0.006420545746388443 0.009009009009009009
0 0.3001605136436597 0.6675675675675675 0.009630818619582664 0.009009009009009009
0 0.2736757624398074 0.6671171171171171 0.008025682182985553 0.008108108108108109
0 0.5581861958266453 0.6666666666666666 0.0072231139646869984 0.010810810810810811
0 0.28491171749598715 0.6657657657657657 0.006420545746388443 0.009009009009009009
0 0.7632423756019262 0.6671171171171171 0.006420545746388443 0.013513513513513514
0 0.10834670947030497 0.6644144144144144 0.008025682182985553 0.008108108108108109
1 0.37881219903691815 0.6626126126126126 0.006420545746388443 0.00990990990990991
1 0.6970304975922953 0.6608108108108108 0.00882825040128411 0.00990990990990991
1 0.5449438202247191 0.6594594594594595 0.008025682182985553 0.010810810810810811
1 0.8093900481540931 0.6644144144144144 0.021669341894060994 0.024324324324324326
0 0.7223113964686998 0.6554054054054054 0.009630818619582664 0.008108108108108109
0 0.5846709470304976 0.6567567567567567 0.0072231139646869984 0.010810810810810811
1 0.08226324237560192 0.6567567567567567 0.00882825040128411 0.014414414414414415
0 0.46508828250401285 0.6531531531531531 0.01043338683788122 0.009009009009009009
0 0.4823434991974318 0.6518018018018018 0.009630818619582664 0.008108108108108109
0 0.42937399678972715 0.6513513513513514 0.006420545746388443 0.007207207207207207
1 0.4081059390048154 0.6594594594594595 0.020064205457463884 0.023423423423423424
0 0.2841091492776886 0.6527027027027027 0.008025682182985553 0.00990990990990991
1 0.9438202247191011 0.6490990990990991 0.008025682182985553 0.0045045045045045045
1 0.9317817014446228 0.6495495495495496 0.009630818619582664 0.005405405405405406
1 0.89446227929374 0.6459459459459459 0.0072231139646869984 0.009009009009009009
1 0.7520064205457464 0.6432432432432432 0.009630818619582664 0.005405405405405406
1 0.9249598715890851 0.6432432432432432 0.00882825040128411 0.007207207207207207
0 0.7323434991974318 0.6405405405405405 0.0072231139646869984 0.007207207207207207
0 0.6520866773675762 0.6396396396396397 0.0072231139646869984 0.007207207207207207
0 0.6243980738362761 0.6396396396396397 0.008025682182985553 0.007207207207207207
1 0.4032905296950241 0.6387387387387388 0.0072231139646869984 0.005405405405405406
0 0.721107544141252 0.6396396396396397 0.00882825040128411 0.009009009009009009
1 0.42897271268057785 0.6382882882882883 0.0072231139646869984 0.006306306306306306
1 0.9353932584269663 0.6382882882882883 0.0056179775280898875 0.008108108108108109
1 0.18258426966292135 0.636936936936937 0.0072231139646869984 0.005405405405405406
1 0.5846709470304976 0.6373873873873874 0.0056179775280898875 0.008108108108108109
0 0.1725521669341894 0.6364864864864865 0.008025682182985553 0.006306306306306306
0 0.92776886035313 0.636936936936937 0.008025682182985553 0.009009009009009009
1 0.9903691813804173 0.6310810810810811 0.008025682182985553 0.0045045045045045045
1 0.3780096308186196 0.6337837837837837 0.008025682182985553 0.00990990990990991
1 0.07423756019261638 0.6301801801801802 0.0040128410914927765 0.008108108108108109
0 0.5353130016051364 0.6310810810810811 0.008025682182985553 0.015315315315315315
0 0.7327447833065811 0.6261261261261262 0.008025682182985553 0.009009009009009009
0 0.6256019261637239 0.6256756756756757 0.0056179775280898875 0.008108108108108109
1 0.9919743178170144 0.6229729729729729 0.008025682182985553 0.0045045045045045045
0 0.7203049759229535 0.6256756756756757 0.0072231139646869984 0.00990990990990991
0 0.5726324237560193 0.6256756756756757 0.0072231139646869984 0.00990990990990991
0 0.5975120385232745 0.6238738738738738 0.00882825040128411 0.008108108108108109
1 0.25240770465489565 0.6292792792792793 0.020064205457463884 0.02252252252252252
0 0.15770465489566612 0.6202702702702703 0.0072231139646869984 0.006306306306306306
1 0.7808988764044944 0.6112612612612612 0.004815409309791332 0.006306306306306306
1 0.9859550561797753 0.5941441441441442 0.0072231139646869984 0.0045045045045045045
1 0.3936597110754414 0.5941441441441442 0.0072231139646869984 0.0045045045045045045
1 0.33908507223113965 0.5936936936936937 0.00882825040128411 0.005405405405405406
1 0.2981540930979133 0.5932432432432433 0.0056179775280898875 0.0045045045045045045
1 0.6845906902086677 0.5932432432432433 0.004815409309791332 0.006306306306306306
1 0.9365971107544141 0.5914414414414414 0.008025682182985553 0.0045045045045045045
0 0.7339486356340289 0.5905405405405405 0.0072231139646869984 0.006306306306306306
1 0.6119582664526485 0.5873873873873874 0.0040128410914927765 0.007207207207207207
0 0.7178972712680578 0.5873873873873874 0.0040128410914927765 0.009009009009009009
1 0.6336276083467095 0.5869369369369369 0.0040128410914927765 0.008108108108108109
1 0.9406099518459069 0.5837837837837838 0.008025682182985553 0.005405405405405406
0 0.7319422150882825 0.5774774774774775 0.008025682182985553 0.010810810810810811
1 0.6966292134831461 0.5752252252252252 0.004815409309791332 0.008108108108108109
0 0.6252006420545746 0.5756756756756757 0.006420545746388443 0.009009009009009009
0 0.24598715890850723 0.5756756756756757 0.0072231139646869984 0.009009009009009009
0 0.09791332263242375 0.5756756756756757 0.008025682182985553 0.009009009009009009
1 0.9831460674157303 0.5671171171171171 0.008025682182985553 0.0045045045045045045
1 0.695024077046549 0.5671171171171171 0.008025682182985553 0.0045045045045045045
0 0.5345104333868379 0.5707207207207208 0.008025682182985553 0.015315315315315315
1 0.7532102728731942 0.5711711711711712 0.021669341894060994 0.023423423423423424
0 0.6368378812199037 0.563963963963964 0.0072231139646869984 0.009009009009009009
0 0.41492776886035315 0.5644144144144144 0.006420545746388443 0.00990990990990991
0 0.40008025682182985 0.563963963963964 0.0056179775280898875 0.009009009009009009
1 0.32985553772070625 0.5698198198198198 0.019261637239165328 0.02252252252252252
0 0.18218298555377208 0.5626126126126126 0.008025682182985553 0.008108108108108109
1 0.1528892455858748 0.5693693693693693 0.018459069020866775 0.021621621621621623
0 0.09670947030497593 0.5635135135135135 0.0072231139646869984 0.00990990990990991
1 0.4333868378812199 0.5684684684684684 0.02086677367576244 0.023423423423423424
1 0.9534510433386838 0.5527027027027027 0.008025682182985553 0.0045045045045045045
1 0.942215088282504 0.5513513513513514 0.009630818619582664 0.005405405405405406
1 0.9337881219903692 0.5531531531531532 0.0040128410914927765 0.009009009009009009
0 0.7299357945425361 0.5481981981981981 0.01043338683788122 0.00990990990990991
0 0.7869181380417335 0.5468468468468468 0.0072231139646869984 0.009009009009009009
0 0.4658908507223114 0.5454954954954955 0.0056179775280898875 0.008108108108108109
1 0.9586677367576244 0.5432432432432432 0.0056179775280898875 0.005405405405405406
0 0.5975120385232745 0.5454954954954955 0.0072231139646869984 0.00990990990990991
0 0.3996789727126806 0.545045045045045 0.004815409309791332 0.009009009009009009
1 0.37680577849117175 0.5391891891891892 0.00882825040128411 0.011711711711711712
0 0.009229534510433388 0.5369369369369369 0.0056179775280898875 0.009009009009009009
1 0.9590690208667737 0.5346846846846847 0.011235955056179775 0.006306306306306306
0 0.32463884430176565 0.5324324324324324 0.0072231139646869984 0.007207207207207207
1 0.2784911717495987 0.5405405405405406 0.02086677367576244 0.023423423423423424
1 0.12881219903691815 0.5400900900900901 0.020064205457463884 0.02252252252252252
0 0.5834670947030498 0.5324324324324324 0.008025682182985553 0.009009009009009009
1 0.4333868378812199 0.5391891891891892 0.02086677367576244 0.02252252252252252
0 0.24558587479935795 0.5315315315315315 0.008025682182985553 0.007207207207207207
0 0.6468699839486356 0.5306306306306307 0.011235955056179775 0.007207207207207207
1 0.9943820224719101 0.5283783783783784 0.008025682182985553 0.0045045045045045045
1 0.08788121990369181 0.5261261261261261 0.0072231139646869984 0.005405405405405406
1 0.9674959871589085 0.5252252252252252 0.0072231139646869984 0.005405405405405406
1 0.9398073836276083 0.5247747747747747 0.006420545746388443 0.006306306306306306
1 0.9261637239165329 0.5234234234234234 0.008025682182985553 0.007207207207207207
1 0.8908507223113965 0.5220720720720721 0.006420545746388443 0.006306306306306306
0 0.13081861958266452 0.5198198198198198 0.011235955056179775 0.007207207207207207
0 0.10112359550561797 0.5193693693693694 0.011235955056179775 0.006306306306306306
0 0.8009630818619583 0.5184684684684685 0.008025682182985553 0.006306306306306306
0 0.45425361155698235 0.5180180180180181 0.008025682182985553 0.005405405405405406
0 0.1725521669341894 0.518918918918919 0.008025682182985553 0.007207207207207207
0 0.7841091492776886 0.5180180180180181 0.008025682182985553 0.007207207207207207
0 0.6203852327447833 0.5184684684684685 0.009630818619582664 0.008108108108108109
0 0.3001605136436597 0.518918918918919 0.011235955056179775 0.009009009009009009
0 0.6480738362760835 0.5175675675675676 0.01043338683788122 0.00990990990990991
1 0.38764044943820225 0.5162162162162162 0.009630818619582664 0.007207207207207207
1 0.25963081861958265 0.5166666666666667 0.0056179775280898875 0.008108108108108109
0 0.7704654895666132 0.5157657657657657 0.006420545746388443 0.008108108108108109
0 0.7435794542536116 0.5157657657657657 0.0072231139646869984 0.008108108108108109
0 0.6099518459069021 0.5157657657657657 0.008025682182985553 0.00990990990990991
1 0.9048956661316212 0.5121621621621621 0.0072231139646869984 0.0045045045045045045
0 0.7584269662921348 0.5157657657657657 0.008025682182985553 0.011711711711711712
1 0.9911717495987159 0.5135135135135135 0.008025682182985553 0.009009009009009009
1 0.08306581059390049 0.5117117117117117 0.00882825040128411 0.014414414414414415
1 0.5429373996789727 0.5108108108108108 0.00882825040128411 0.014414414414414415
1 0.37841091492776885 0.5072072072072072 0.0056179775280898875 0.007207207207207207
1 0.9971910112359551 0.5045045045045045 0.0056179775280898875 0.007207207207207207
0 0.09751203852327447 0.5049549549549549 0.0056179775280898875 0.008108108108108109
1 0.7435794542536116 0.504054054054054 0.0056179775280898875 0.008108108108108109
1 0.278892455858748 0.5112612612612613 0.020064205457463884 0.02252252252252252
0 0.12158908507223114 0.5054054054054054 0.0072231139646869984 0.010810810810810811
1 0.7235152487961477 0.5099099099099099 0.021669341894060994 0.023423423423423424
0 0.6368378812199037 0.5031531531531531 0.00882825040128411 0.00990990990990991
1 0.43298555377207065 0.5099099099099099 0.020064205457463884 0.023423423423423424
0 0.8358747993579454 0.5004504504504504 0.0072231139646869984 0.006306306306306306
0 0.45385232744783305 0.5009009009009009 0.0072231139646869984 0.007207207207207207
1 0.35914927768860355 0.49864864864864866 0.0072231139646869984 0.0045045045045045045
1 0.2929373996789727 0.49864864864864866 0.006420545746388443 0.006306306306306306
0 0.8182182985553772 0.4954954954954955 0.00882825040128411 0.009009009009009009
0 0.6308186195826645 0.49324324324324326 0.004815409309791332 0.008108108108108109
0 0.6837881219903692 0.49234234234234237 0.004815409309791332 0.008108108108108109
1 0.22231139646869985 0.48873873873873874 0.008025682182985553 0.0045045045045045045
1 0.9598715890850722 0.48783783783783785 0.008025682182985553 0.0045045045045045045
0 0.12479935794542536 0.48963963963963963 0.012038523274478331 0.008108108108108109
0 0.4105136436597111 0.48873873873873874 0.01043338683788122 0.008108108108108109
1 0.6015248796147673 0.4882882882882883 0.0040128410914927765 0.009009009009009009
0 0.7299357945425361 0.486036036036036 0.0056179775280898875 0.008108108108108109
0 0.7170947030497592 0.4864864864864865 0.00882825040128411 0.009009009009009009
0 0.5830658105939005 0.4864864864864865 0.0072231139646869984 0.009009009009009009
1 0.9125200642054575 0.4837837837837838 0.009630818619582664 0.005405405405405406
0 0.742776886035313 0.48558558558558557 0.0072231139646869984 0.009009009009009009
1 0.9767255216693419 0.48243243243243245 0.008025682182985553 0.0045045045045045045
1 0.6187800963081862 0.47927927927927927 0.004815409309791332 0.009009009009009009
1 0.37720706260032105 0.48018018018018016 0.008025682182985553 0.010810810810810811
1 0.22150882825040127 0.47702702702702704 0.008025682182985553 0.0045045045045045045
0 0.08386837881219904 0.48243243243243245 0.0072231139646869984 0.015315315315315315
0 0.7030497592295345 0.4806306306306306 0.008025682182985553 0.015315315315315315
1 0.5321027287319422 0.47702702702702704 0.008025682182985553 0.00990990990990991
0 0.10955056179775281 0.4756756756756757 0.0072231139646869984 0.009009009009009009
1 0.15329052969502407 0.48153153153153155 0.019261637239165328 0.02252252252252252
1 0.2536115569823435 0.48153153153153155 0.02086677367576244 0.024324324324324326
1 0.9265650080256822 0.47072072072072074 0.0072231139646869984 0.0045045045045045045
0 0.7162921348314607 0.47297297297297297 0.0072231139646869984 0.009009009009009009
0 0.45224719101123595 0.4734234234234234 0.0072231139646869984 0.00990990990990991
0 0.40048154093097915 0.47477477477477475 0.009630818619582664 0.012612612612612612
1 0.9703049759229535 0.46936936936936935 0.006420545746388443 0.005405405405405406
0 0.5930979133226324 0.47072072072072074 0.009630818619582664 0.008108108108108109
0 0.5662118780096308 0.47072072072072074 0.01043338683788122 0.008108108108108109
0 0.7913322632423756 0.4666666666666667 0.008025682182985553 0.007207207207207207
0 0.9048956661316212 0.4626126126126126 0.0056179775280898875 0.008108108108108109
0 0.09751203852327447 0.45990990990990993 0.0056179775280898875 0.008108108108108109
1 0.6918138041733547 0.4563063063063063 0.008025682182985553 0.0045045045045045045
0 0.28491171749598715 0.4581081081081081 0.006420545746388443 0.00990990990990991
0 0.10955056179775281 0.45855855855855854 0.00882825040128411 0.010810810810810811
1 0.9891653290529695 0.4518018018018018 0.0056179775280898875 0.0045045045045045045
1 0.25441412520064205 0.4509009009009009 0.008025682182985553 0.0045045045045045045
1 0.08186195826645265 0.4509009009009009 0.004815409309791332 0.008108108108108109
0 0.23113964686998395 0.4509009009009009 0.006420545746388443 0.00990990990990991
1 0.7776886035313002 0.4472972972972973 0.006420545746388443 0.0045045045045045045
1 0.3848314606741573 0.44954954954954957 0.0040128410914927765 0.009009009009009009
0 0.37680577849117175 0.45045045045045046 0.00882825040128411 0.010810810810810811
1 0.9474317817014446 0.4477477477477477 0.0056179775280898875 0.007207207207207207
1 0.9197431781701445 0.4454954954954955 0.006420545746388443 0.006306306306306306
0 0.09831460674157304 0.44684684684684683 0.0072231139646869984 0.009009009009009009
1 0.30457463884430175 0.4527027027027027 0.020064205457463884 0.02252252252252252
1 0.1781701444622793 0.45315315315315313 0.019261637239165328 0.023423423423423424
0 0.7696629213483146 0.4423423423423423 0.008025682182985553 0.009009009009009009
1 0.7487961476725522 0.4490990990990991 0.02086677367576244 0.02252252252252252
1 0.9662921348314607 0.43873873873873875 0.006420545746388443 0.005405405405405406
1 0.5104333868378812 0.4391891891891892 0.006420545746388443 0.008108108108108109
1 0.6143659711075441 0.42882882882882883 0.0072231139646869984 0.009009009009009009
1 0.735553772070626 0.42567567567567566 0.0072231139646869984 0.006306306306306306
1 0.9093097913322632 0.42252252252252254 0.009630818619582664 0.005405405405405406
0 0.020465489566613163 0.42162162162162165 0.0040128410914927765 0.009009009009009009
1 0.887239165329053 0.4117117117117117 0.0056179775280898875 0.005405405405405406
0 0.6396468699839486 0.4072072072072072 0.008025682182985553 0.005405405405405406
1 0.9662921348314607 0.39774774774774774 0.004815409309791332 0.006306306306306306
1 0.9285714285714286 0.3963963963963964 0.006420545746388443 0.005405405405405406
1 0.3796147672552167 0.3972972972972973 0.004815409309791332 0.007207207207207207
1 0.5409309791332263 0.39504504504504506 0.008025682182985553 0.00990990990990991
1 0.6990369181380417 0.39414414414414417 0.008025682182985553 0.00990990990990991
0 0.8041733547351525 0.39144144144144144 0.008025682182985553 0.00990990990990991
1 0.10393258426966293 0.3963963963963964 0.018459069020866775 0.023423423423423424
0 0.12479935794542536 0.38873873873873876 0.01043338683788122 0.00990990990990991
1 0.9285714285714286 0.3855855855855856 0.009630818619582664 0.005405405405405406
1 0.5040128410914928 0.3864864864864865 0.008025682182985553 0.007207207207207207
1 0.278892455858748 0.39369369369369367 0.020064205457463884 0.023423423423423424
0 0.7540128410914928 0.38288288288288286 0.0072231139646869984 0.007207207207207207
0 0.6629213483146067 0.3837837837837838 0.004815409309791332 0.009009009009009009
0 0.6079454253611557 0.3824324324324324 0.0072231139646869984 0.006306306306306306
1 0.45786516853932585 0.390990990990991 0.020064205457463884 0.023423423423423424
1 0.7419743178170144 0.3815315315315315 0.0072231139646869984 0.006306306306306306
1 0.7740770465489567 0.3891891891891892 0.021669341894060994 0.023423423423423424
0 0.5481540930979133 0.3792792792792793 0.006420545746388443 0.007207207207207207
1 0.6898073836276083 0.37567567567567567 0.0040128410914927765 0.009009009009009009
0 0.09751203852327447 0.3738738738738739 0.0072231139646869984 0.009009009009009009
0 0.7154895666131621 0.3689189189189189 0.0072231139646869984 0.006306306306306306
0 0.6071428571428571 0.3684684684684685 0.0072231139646869984 0.005405405405405406
0 0.6424558587479936 0.3689189189189189 0.012038523274478331 0.008108108108108109
0 0.46268057784911715 0.36936936936936937 0.01043338683788122 0.009009009009009009
0 0.40008025682182985 0.36936936936936937 0.00882825040128411 0.009009009009009009
0 0.8069823434991974 0.36711711711711714 0.0072231139646869984 0.008108108108108109
0 0.7784911717495987 0.3675675675675676 0.011235955056179775 0.009009009009009009
1 0.9297752808988764 0.36126126126126124 0.0072231139646869984 0.005405405405405406
1 0.71669341894061 0.3608108108108108 0.008025682182985553 0.0045045045045045045
1 0.23154093097913322 0.36171171171171174 0.0056179775280898875 0.006306306306306306
0 0.12359550561797752 0.36036036036036034 0.008025682182985553 0.007207207207207207
1 0.1781701444622793 0.36666666666666664 0.019261637239165328 0.021621621621621623
0 0.27247191011235955 0.359009009009009 0.0056179775280898875 0.008108108108108109
1 0.25280898876404495 0.3662162162162162 0.019261637239165328 0.02252252252252252
0 0.15008025682182985 0.359009009009009 0.011235955056179775 0.008108108108108109
0 0.60553772070626 0.35585585585585583 0.0072231139646869984 0.009009009009009009
0 0.5658105939004815 0.35405405405405405 0.008025682182985553 0.007207207207207207
0 0.7672552166934189 0.35315315315315315 0.008025682182985553 0.010810810810810811
0 0.7114767255216693 0.35225225225225226 0.0056179775280898875 0.010810810810810811
1 0.9642857142857143 0.35 0.00882825040128411 0.008108108108108109
0 0.3001605136436597 0.345045045045045 0.009630818619582664 0.007207207207207207
0 0.42536115569823435 0.34054054054054056 0.006420545746388443 0.009009009009009009
1 0.7339486356340289 0.3400900900900901 0.0056179775280898875 0.00990990990990991
0 0.46348314606741575 0.3400900900900901 0.0072231139646869984 0.00990990990990991
1 0.9530497592295345 0.3364864864864865 0.0072231139646869984 0.0045045045045045045
0 0.6195826645264848 0.33783783783783783 0.006420545746388443 0.009009009009009009
1 0.5349117174959872 0.3355855855855856 0.0072231139646869984 0.00990990990990991
1 0.5280898876404494 0.33513513513513515 0.004815409309791332 0.009009009009009009
1 0.9121187800963082 0.3333333333333333 0.0040128410914927765 0.009009009009009009
1 0.22191011235955055 0.33153153153153153 0.00882825040128411 0.005405405405405406
1 0.8908507223113965 0.331981981981982 0.008025682182985553 0.008108108108108109
1 0.2784911717495987 0.33693693693693694 0.019261637239165328 0.021621621621621623
1 0.9446227929373997 0.32747747747747746 0.008025682182985553 0.0045045045045045045
1 0.9265650080256822 0.32522522522522523 0.0072231139646869984 0.007207207207207207
1 0.985553772070626 0.32117117117117117 0.008025682182985553 0.0045045045045045045
1 0.7463884430176565 0.32972972972972975 0.02247191011235955 0.021621621621621623
1 0.9229534510433387 0.3193693693693694 0.008025682182985553 0.0045045045045045045
0 0.12359550561797752 0.3171171171171171 0.008025682182985553 0.009009009009009009
0 0.09791332263242375 0.3171171171171171 0.006420545746388443 0.009009009009009009
0 0.7014446227929374 0.3144144144144144 0.008025682182985553 0.005405405405405406
1 0.8126003210272873 0.31216216216216214 0.0072231139646869984 0.0045045045045045045
1 0.5304975922953451 0.309009009009009 0.008025682182985553 0.005405405405405406
0 0.5926966292134831 0.309009009009009 0.0056179775280898875 0.009009009009009009
1 0.6131621187800963 0.30585585585585584 0.008025682182985553 0.0045045045045045045
0 0.13523274478330657 0.30495495495495495 0.0056179775280898875 0.008108108108108109
1 0.37640449438202245 0.30405405405405406 0.008025682182985553 0.011711711711711712
1 0.15369181380417335 0.3099099099099099 0.018459069020866775 0.023423423423423424
0 0.8270465489566613 0.3 0.0072231139646869984 0.005405405405405406
0 0.8009630818619583 0.3009009009009009 0.004815409309791332 0.009009009009009009
1 0.27929373996789725 0.3076576576576577 0.02086677367576244 0.02252252252252252
0 0.5292937399678973 0.30045045045045043 0.0072231139646869984 0.00990990990990991
1 0.4317817014446228 0.3054054054054054 0.02086677367576244 0.023423423423423424
0 0.5782504012841091 0.2972972972972973 0.0072231139646869984 0.009009009009009009
0 0.7122792937399679 0.29324324324324325 0.0072231139646869984 0.006306306306306306
0 0.807784911717496 0.29414414414414414 0.0072231139646869984 0.00990990990990991
1 0.6713483146067416 0.29504504504504503 0.0056179775280898875 0.011711711711711712
0 0.7945425361155698 0.29144144144144146 0.008025682182985553 0.006306306306306306
0 0.6585072231139647 0.2927927927927928 0.0072231139646869984 0.009009009009009009
1 0.7732744783306581 0.2990990990990991 0.021669341894060994 0.023423423423423424
0 0.41292134831460675 0.28153153153153154 0.0072231139646869984 0.011711711711711712
1 0.9907704654895666 0.27522522522522525 0.0072231139646869984 0.0045045045045045045
1 0.9241573033707865 0.2765765765765766 0.0056179775280898875 0.007207207207207207
1 0.22391653290529695 0.2801801801801802 0.008025682182985553 0.014414414414414415
1 0.5329052969502408 0.2765765765765766 0.004815409309791332 0.009009009009009009
0 0.271669341894061 0.27387387387387385 0.0072231139646869984 0.009009009009009009
1 0.25240770465489565 0.2797297297297297 0.020064205457463884 0.02252252252252252
1 0.4313804173354735 0.2765765765765766 0.020064205457463884 0.021621621621621623
1 0.6865971107544141 0.2711711711711712 0.00882825040128411 0.014414414414414415
1 0.7439807383627608 0.27072072072072073 0.02086677367576244 0.02252252252252252
1 0.804975922953451 0.2617117117117117 0.006420545746388443 0.006306306306306306
1 0.651685393258427 0.26126126126126126 0.008025682182985553 0.005405405405405406
1 0.1312199036918138 0.2581081081081081 0.0040128410914927765 0.008108108108108109
1 0.2576243980738363 0.2572072072072072 0.004815409309791332 0.008108108108108109
1 0.8828250401284109 0.25495495495495496 0.006420545746388443 0.009009009009009009
1 0.6769662921348315 0.2536036036036036 0.0072231139646869984 0.006306306306306306
0 0.8089887640449438 0.25225225225225223 0.006420545746388443 0.007207207207207207
1 0.40930979133226325 0.2536036036036036 0.004815409309791332 0.00990990990990991
0 0.10674157303370786 0.25585585585585585 0.008025682182985553 0.014414414414414415
1 0.9859550561797753 0.2481981981981982 0.0056179775280898875 0.008108108108108109
1 0.7724719101123596 0.24774774774774774 0.01043338683788122 0.007207207207207207
1 0.8980738362760835 0.24594594594594596 0.009630818619582664 0.005405405405405406
0 0.7989566613162119 0.24684684684684685 0.012038523274478331 0.007207207207207207
1 0.8828250401284109 0.24324324324324326 0.006420545746388443 0.005405405405405406
1 0.9197431781701445 0.24324324324324326 0.006420545746388443 0.007207207207207207
1 0.9943820224719101 0.2418918918918919 0.008025682182985553 0.006306306306306306
0 0.7724719101123596 0.2382882882882883 0.01043338683788122 0.008108108108108109
0 0.07945425361155699 0.23198198198198197 0.008025682182985553 0.0045045045045045045
1 0.06781701444622792 0.23198198198198197 0.0072231139646869984 0.0045045045045045045
0 0.16292134831460675 0.22972972972972974 0.008025682182985553 0.005405405405405406
1 0.9337881219903692 0.22792792792792793 0.00882825040128411 0.005405405405405406
1 0.3812199036918138 0.22567567567567567 0.006420545746388443 0.0045045045045045045
1 0.4261637239165329 0.22477477477477478 0.006420545746388443 0.0045045045045045045
1 0.4911717495987159 0.22432432432432434 0.006420545746388443 0.005405405405405406
1 0.471107544141252 0.22432432432432434 0.008025682182985553 0.005405405405405406
1 0.5545746388443018 0.22342342342342342 0.008025682182985553 0.005405405405405406
1 0.5365168539325843 0.22297297297297297 0.0072231139646869984 0.0045045045045045045
1 0.5228731942215088 0.22297297297297297 0.0072231139646869984 0.0045045045045045045
1 0.5116372391653291 0.22297297297297297 0.00882825040128411 0.006306306306306306
1 0.8884430176565008 0.22072072072072071 0.008025682182985553 0.005405405405405406
0 0.6569020866773676 0.22027027027027027 0.0056179775280898875 0.008108108108108109
1 0.9341894060995185 0.21621621621621623 0.008025682182985553 0.005405405405405406
1 0.7616372391653291 0.21621621621621623 0.008025682182985553 0.005405405405405406
1 0.15609951845906903 0.21666666666666667 0.01043338683788122 0.006306306306306306
1 0.11436597110754414 0.21711711711711712 0.0040128410914927765 0.009009009009009009
0 0.7219101123595506 0.21576576576576575 0.00882825040128411 0.008108108108108109
1 0.7078651685393258 0.2153153153153153 0.006420545746388443 0.009009009009009009
1 0.43298555377207065 0.21486486486486486 0.0056179775280898875 0.008108108108108109
0 0.786115569823435 0.21396396396396397 0.0056179775280898875 0.008108108108108109
1 0.9269662921348315 0.21171171171171171 0.006420545746388443 0.009009009009009009
0 0.8065810593900482 0.21216216216216216 0.006420545746388443 0.00990990990990991
1 0.7026484751203852 0.21126126126126127 0.0040128410914927765 0.008108108108108109
1 0.33146067415730335 0.21126126126126127 0.008025682182985553 0.00990990990990991
0 0.9751203852327448 0.20855855855855857 0.009630818619582664 0.008108108108108109
0 0.9630818619582665 0.2072072072072072 0.009630818619582664 0.005405405405405406
1 0.5682182985553772 0.2072072072072072 0.008025682182985553 0.009009009009009009
1 0.6693418940609952 0.20585585585585586 0.004815409309791332 0.00990990990990991
1 0.9273675762439807 0.20315315315315316 0.0056179775280898875 0.006306306306306306
1 0.7732744783306581 0.2009009009009009 0.0040128410914927765 0.009009009009009009
1 0.6015248796147673 0.1990990990990991 0.0072231139646869984 0.007207207207207207
1 0.9341894060995185 0.19774774774774775 0.004815409309791332 0.006306306306306306
1 0.6649277688603531 0.19684684684684683 0.0072231139646869984 0.006306306306306306
1 0.9153290529695024 0.1945945945945946 0.0072231139646869984 0.005405405405405406
1 0.7243178170144462 0.19504504504504505 0.0056179775280898875 0.006306306306306306
1 0.7379614767255217 0.1954954954954955 0.0040128410914927765 0.009009009009009009
0 0.6007223113964687 0.18873873873873873 0.0072231139646869984 0.006306306306306306
0 0.6898073836276083 0.18333333333333332 0.0056179775280898875 0.008108108108108109
1 0.10393258426966293 0.17792792792792791 0.0056179775280898875 0.008108108108108109
0 0.9775280898876404 0.17612612612612613 0.009630818619582664 0.006306306306306306
1 0.9646869983948636 0.17567567567567569 0.009630818619582664 0.005405405405405406
0 0.898876404494382 0.17387387387387387 0.009630818619582664 0.005405405405405406
1 0.8824237560192616 0.1725225225225225 0.0072231139646869984 0.006306306306306306
1 0.2447833065810594 0.1662162162162162 0.008025682182985553 0.0045045045045045045
0 0.9915730337078652 0.16396396396396395 0.00882825040128411 0.007207207207207207
1 0.41974317817014445 0.16261261261261262 0.006420545746388443 0.0045045045045045045
1 0.9506420545746388 0.15765765765765766 0.0072231139646869984 0.005405405405405406
0 0.9602728731942215 0.1572072072072072 0.00882825040128411 0.006306306306306306
1 0.9426163723916533 0.15855855855855855 0.0040128410914927765 0.009009009009009009
1 0.1276083467094703 0.1545045045045045 0.008025682182985553 0.006306306306306306
1 0.9125200642054575 0.15045045045045044 0.008025682182985553 0.005405405405405406
1 0.42495987158908505 0.15 0.0056179775280898875 0.0045045045045045045
1 0.10674157303370786 0.15405405405405406 0.006420545746388443 0.012612612612612612
1 0.9654895666131621 0.1454954954954955 0.008025682182985553 0.0045045045045045045
0 0.9891653290529695 0.14414414414414414 0.0072231139646869984 0.007207207207207207
1 0.6962279293739968 0.1436936936936937 0.0056179775280898875 0.006306306306306306
1 0.6890048154093098 0.1436936936936937 0.0072231139646869984 0.006306306306306306
1 0.60553772070626 0.14504504504504503 0.00882825040128411 0.009009009009009009
1 0.9759229534510433 0.1436936936936937 0.004815409309791332 0.008108108108108109
1 0.7154895666131621 0.1427927927927928 0.0056179775280898875 0.006306306306306306
1 0.7078651685393258 0.1427927927927928 0.006420545746388443 0.006306306306306306
1 0.591091492776886 0.14189189189189189 0.0056179775280898875 0.008108108108108109
1 0.7973515248796148 0.13423423423423422 0.00882825040128411 0.007207207207207207
1 0.6689406099518459 0.1346846846846847 0.0056179775280898875 0.008108108108108109
1 0.6765650080256822 0.13288288288288289 0.004815409309791332 0.006306306306306306
1 0.6962279293739968 0.13288288288288289 0.0056179775280898875 0.008108108108108109
1 0.7319422150882825 0.13648648648648648 0.012841091492776886 0.017117117117117116
1 0.7154895666131621 0.13153153153153152 0.0056179775280898875 0.007207207207207207
0 0.9245585874799358 0.12612612612612611 0.006420545746388443 0.009009009009009009
0 0.9707062600321027 0.12387387387387387 0.00882825040128411 0.008108108108108109
1 0.7235152487961477 0.12387387387387387 0.0056179775280898875 0.008108108108108109
1 0.9614767255216693 0.11981981981981982 0.008025682182985553 0.007207207207207207
1 0.5626003210272873 0.12027027027027028 0.006420545746388443 0.008108108108108109
1 0.08667736757624397 0.12072072072072072 0.004815409309791332 0.010810810810810811
0 0.6384430176565008 0.11801801801801802 0.0072231139646869984 0.007207207207207207
1 0.18298555377207062 0.11891891891891893 0.006420545746388443 0.009009009009009009
1 0.13523274478330657 0.11891891891891893 0.0072231139646869984 0.010810810810810811
1 0.20545746388443017 0.11216216216216217 0.008025682182985553 0.0045045045045045045
1 0.35553772070626005 0.11351351351351352 0.004815409309791332 0.009009009009009009
1 0.2784911717495987 0.10990990990990991 0.009630818619582664 0.005405405405405406
0 0.9791332263242376 0.10990990990990991 0.006420545746388443 0.007207207207207207
1 0.08547351524879615 0.10990990990990991 0.0040128410914927765 0.007207207207207207
0 0.8860353130016051 0.10855855855855856 0.006420545746388443 0.008108108108108109
0 0.53330658105939 0.10270270270270271 0.0072231139646869984 0.009009009009009009
1 0.38723916532905295 0.09954954954954955 0.0056179775280898875 0.0045045045045045045
1 0.12199036918138041 0.09954954954954955 0.008025682182985553 0.0045045045045045045
1 0.42696629213483145 0.09864864864864865 0.008025682182985553 0.0045045045045045045
0 0.13242375601926162 0.09954954954954955 0.008025682182985553 0.006306306306306306
1 0.20425361155698235 0.0963963963963964 0.0072231139646869984 0.005405405405405406
1 0.1958266452648475 0.09684684684684684 0.006420545746388443 0.006306306306306306
0 0.8836276083467095 0.0963963963963964 0.004815409309791332 0.009009009009009009
0 0.9498394863563403 0.08873873873873873 0.00882825040128411 0.008108108108108109
0 0.9373996789727127 0.0891891891891892 0.006420545746388443 0.009009009009009009
0 0.5967094703049759 0.08873873873873873 0.0056179775280898875 0.008108108108108109
0 0.5601926163723917 0.08648648648648649 0.004815409309791332 0.009009009009009009
0 0.14686998394863562 0.08378378378378379 0.008025682182985553 0.005405405405405406
1 0.07704654895666131 0.08693693693693694 0.009630818619582664 0.013513513513513514
0 0.6524879614767255 0.08063063063063063 0.008025682182985553 0.006306306306306306
1 0.9502407704654896 0.07927927927927927 0.008025682182985553 0.005405405405405406
0 0.6709470304975923 0.07927927927927927 0.008025682182985553 0.005405405405405406
1 0.6982343499197432 0.07837837837837838 0.006420545746388443 0.005405405405405406
1 0.6873996789727127 0.07792792792792792 0.0072231139646869984 0.0045045045045045045
1 0.7776886035313002 0.07522522522522522 0.008025682182985553 0.0045045045045045045
0 0.9241573033707865 0.07252252252252252 0.0072231139646869984 0.006306306306306306
1 0.13402889245585875 0.07072072072072072 0.008025682182985553 0.0045045045045045045
1 0.17415730337078653 0.06981981981981981 0.008025682182985553 0.0045045045045045045
1 0.27969502407704655 0.06531531531531531 0.0072231139646869984 0.0045045045045045045
1 0.6873996789727127 0.06306306306306306 0.00882825040128411 0.005405405405405406
1 0.6472712680577849 0.06261261261261261 0.0072231139646869984 0.0045045045045045045
1 0.40529695024077045 0.06306306306306306 0.009630818619582664 0.005405405405405406
0 0.3828250401284109 0.06261261261261261 0.008025682182985553 0.0045045045045045045
1 0.4839486356340289 0.05990990990990991 0.008025682182985553 0.0045045045045045045
1 0.9526484751203852 0.057207207207207206 0.006420545746388443 0.00990990990990991
0 0.5634028892455859 0.0545045045045045 0.006420545746388443 0.008108108108108109
0 0.21428571428571427 0.052702702702702706 0.008025682182985553 0.0045045045045045045
1 0.9899678972712681 0.05225225225225225 0.0072231139646869984 0.009009009009009009
0 0.7247191011235955 0.04954954954954955 0.004815409309791332 0.009009009009009009
1 0.9369983948635634 0.04684684684684685 0.0040128410914927765 0.007207207207207207
1 0.05457463884430177 0.0445945945945946 0.008025682182985553 0.006306306306306306
0 0.49357945425361155 0.043243243243243246 0.009630818619582664 0.005405405405405406
1 0.04654895666131621 0.0445945945945946 0.004815409309791332 0.008108108108108109
1 0.0666131621187801 0.04144144144144144 0.006420545746388443 0.007207207207207207
1 0.8976725521669342 0.038288288288288286 0.0072231139646869984 0.00990990990990991
0 0.9771268057784912 0.036936936936936934 0.01043338683788122 0.009009009009009009
0 0.9662921348314607 0.03513513513513514 0.006420545746388443 0.007207207207207207
1 0.21147672552166935 0.03333333333333333 0.0040128410914927765 0.007207207207207207
1 0.6119582664526485 0.03153153153153153 0.0072231139646869984 0.005405405405405406
1 0.23434991974317818 0.03198198198198198 0.004815409309791332 0.008108108108108109
1 0.08467094703049759 0.02927927927927928 0.0072231139646869984 0.0045045045045045045
1 0.24157303370786518 0.03018018018018018 0.004815409309791332 0.00990990990990991
0 0.6709470304975923 0.027477477477477478 0.008025682182985553 0.006306306306306306
0 0.293338683788122 0.02927927927927928 0.00882825040128411 0.011711711711711712
0 0.9691011235955056 0.026576576576576576 0.0072231139646869984 0.008108108108108109
1 0.31380417335473515 0.02837837837837838 0.006420545746388443 0.011711711711711712
1 0.30457463884430175 0.02837837837837838 0.0072231139646869984 0.011711711711711712
0 0.6388443017656501 0.018018018018018018 0.006420545746388443 0.007207207207207207
0 0.43218298555377205 0.016216216216216217 0.0072231139646869984 0.005405405405405406
1 0.9699036918138042 0.012162162162162163 0.0072231139646869984 0.0045045045045045045
0 0.9265650080256822 0.013963963963963964 0.00882825040128411 0.008108108108108109
0 0.8816211878009631 0.012162162162162163 0.0056179775280898875 0.008108108108108109
1 0.9538523274478331 0.01036036036036036 0.01043338683788122 0.006306306306306306
1 0.36556982343499195 0.008558558558558558 0.0056179775280898875 0.006306306306306306