1 0.9574638605117798 0.9972972869873047 0.008025646209716797 0.005405426025390625
1 0.19502407312393188 0.9972972869873047 0.009630829095840454 0.005405426025390625
1 0.9225521683692932 0.9923423528671265 0.008828282356262207 0.006306290626525879
1 0.9606741666793823 0.9882882833480835 0.008025646209716797 0.005405426025390625
1 0.9197431802749634 0.9837837815284729 0.008025646209716797 0.005405426025390625
1 0.9434189200401306 0.98153156042099 0.010433435440063477 0.006306290626525879
1 0.9056982398033142 0.9738738536834717 0.0072231292724609375 0.007207155227661133
1 0.9093098044395447 0.9702702760696411 0.006420493125915527 0.007207155227661133
1 0.869983971118927 0.9716216325759888 0.009630799293518066 0.009909868240356445
1 0.9321829676628113 0.9657657742500305 0.005617976188659668 0.005405426025390625
1 0.9891653060913086 0.9653153419494629 0.005617976188659668 0.008108139038085938
0 0.9490368962287903 0.9653153419494629 0.0072231292724609375 0.008108139038085938
0 0.4153290390968323 0.9599099159240723 0.0072231292724609375 0.006306290626525879
0 0.824638843536377 0.9590089917182922 0.0072231292724609375 0.006306290626525879
1 0.9289727210998535 0.954954981803894 0.005617976188659668 0.007207155227661133
0 0.591091513633728 0.9477477669715881 0.0072231292724609375 0.007207155227661133
0 0.43820226192474365 0.9463964104652405 0.008025705814361572 0.004504561424255371
1 0.9638844132423401 0.9486486315727234 0.004815459251403809 0.01081085205078125
0 0.6027287244796753 0.9477477669715881 0.011235952377319336 0.01081085205078125
0 0.4847511947154999 0.9454954862594604 0.008025705814361572 0.008108139038085938
1 0.39004814624786377 0.9414414167404175 0.008025705814361572 0.005405426025390625
1 0.949438214302063 0.9414414167404175 0.009630799293518066 0.009009003639221191
0 0.7833065986633301 0.9409909844398499 0.008025646209716797 0.009909868240356445
0 0.32704654335975647 0.9396396279335022 0.0072231292724609375 0.007207155227661133
1 0.033306580036878586 0.9414414167404175 0.00882825255393982 0.01081085205078125
0 0.2853130102157593 0.9382882714271545 0.0072231292724609375 0.006306290626525879
0 0.7664526700973511 0.9387387633323669 0.011235952377319336 0.01081085205078125
0 0.2732744812965393 0.9355855584144592 0.0072231292724609375 0.009909868240356445
0 0.6560994982719421 0.9328829050064087 0.008828282356262207 0.006306290626525879
0 0.1472712606191635 0.933783769607544 0.00882825255393982 0.008108139038085938
0 0.5894863605499268 0.933783769607544 0.0072231292724609375 0.009909868240356445
1 0.3904494345188141 0.9328829050064087 0.008828222751617432 0.008108139038085938
0 0.6187800765037537 0.9319819808006287 0.008025646209716797 0.008108139038085938
0 0.10834670811891556 0.930630624294281 0.006420552730560303 0.009009003639221191
1 0.46348315477371216 0.9364864826202393 0.021669328212738037 0.02432429790496826
1 0.07102728635072708 0.9279279112815857 0.00882825255393982 0.009009003639221191
0 0.79534512758255 0.9247747659683228 0.008025646209716797 0.008108139038085938
0 0.7375602126121521 0.9229729771614075 0.009630799293518066 0.008108139038085938
0 0.28491172194480896 0.9216216206550598 0.008025705814361572 0.007207155227661133
1 0.2544141188263893 0.9283784031867981 0.019261643290519714 0.02432429790496826
1 0.07062600553035736 0.9189189076423645 0.008025676012039185 0.005405426025390625
0 0.1829855591058731 0.9189189076423645 0.008025676012039185 0.007207155227661133
0 0.1725521683692932 0.9189189076423645 0.008025676012039185 0.007207155227661133
0 0.6569020748138428 0.9189189076423645 0.008828282356262207 0.009009003639221191
1 0.12720705568790436 0.9252251982688904 0.020064204931259155 0.02162158489227295
0 0.6175762414932251 0.9171171188354492 0.0072231292724609375 0.007207155227661133
0 0.09590689837932587 0.9175675511360168 0.005617976188659668 0.008108139038085938
1 0.9943820238113403 0.9162161946296692 0.011235952377319336 0.007207155227661133
0 0.6284109354019165 0.9175675511360168 0.009630799293518066 0.009909868240356445
1 0.9048956632614136 0.9153153300285339 0.008828282356262207 0.007207155227661133
0 0.5758426785469055 0.9157657623291016 0.008828282356262207 0.008108139038085938
0 0.6023274660110474 0.9162161946296692 0.008828282356262207 0.01081085205078125
0 0.591492772102356 0.9157657623291016 0.009630799293518066 0.009909868240356445
0 0.5642054677009583 0.9153153300285339 0.008025646209716797 0.009009003639221191
0 0.45706260204315186 0.9130630493164062 0.0072231292724609375 0.008108139038085938
0 0.4835473597049713 0.9130630493164062 0.008828222751617432 0.009909868240356445
1 0.9237560033798218 0.911261260509491 0.004815459251403809 0.008108139038085938
1 0.5485553741455078 0.911261260509491 0.008828282356262207 0.009909868240356445
0 0.41693419218063354 0.9103603363037109 0.005617976188659668 0.008108139038085938
1 0.3904494345188141 0.9117116928100586 0.008828222751617432 0.01081085205078125
1 0.6998394727706909 0.9103603363037109 0.004815459251403809 0.009909868240356445
1 0.3804173469543457 0.9099099040031433 0.008025705814361572 0.01081085205078125
1 0.7612359523773193 0.9135135412216187 0.021669387817382812 0.025225281715393066
1 0.39004814624786377 0.9031531810760498 0.008025705814361572 0.004504561424255371
1 0.5481541156768799 0.9022522568702698 0.008025646209716797 0.004504561424255371
0 0.4028892517089844 0.9067567586898804 0.008025705814361572 0.013513565063476562
1 0.23234349489212036 0.9049549698829651 0.005617976188659668 0.009909868240356445
0 0.6444622874259949 0.9027026891708374 0.008025646209716797 0.007207155227661133
0 0.5389245748519897 0.907207190990448 0.0072231292724609375 0.016216158866882324
0 0.5999197363853455 0.8986486196517944 0.0072231292724609375 0.006306290626525879
1 0.23073835670948029 0.8968468308448792 0.00722309947013855 0.004504561424255371
0 0.46950241923332214 0.8981981873512268 0.006420552730560303 0.009009003639221191
1 0.4369983971118927 0.9040540456771851 0.020064175128936768 0.02432429790496826
1 0.9695023894309998 0.8941441178321838 0.004815459251403809 0.008108139038085938
1 0.9618780016899109 0.8932432532310486 0.005617976188659668 0.008108139038085938
0 0.8226324319839478 0.892792820930481 0.008025646209716797 0.009009003639221191
0 0.7929373979568481 0.892792820930481 0.011235952377319336 0.009009003639221191
1 0.25481540709733963 0.8986486196517944 0.02006421983242035 0.022522568702697754
0 0.1472712606191635 0.887837827205658 0.00722309947013855 0.006306290626525879
0 0.7251203656196594 0.887837827205658 0.005617976188659668 0.008108139038085938
1 0.128009632229805 0.8950450420379639 0.020064204931259155 0.022522568702697754
1 0.6577046513557434 0.8851351141929626 0.005617976188659668 0.008108139038085938
1 0.9165329337120056 0.8801801800727844 0.008025646209716797 0.005405426025390625
0 0.7307383418083191 0.8810811042785645 0.005617976188659668 0.009009003639221191
1 0.6721509099006653 0.880630612373352 0.0040128231048583984 0.008108139038085938
0 0.4827447831630707 0.880630612373352 0.0072231292724609375 0.009909868240356445
0 0.6243980526924133 0.8792792558670044 0.009630799293518066 0.009009003639221191
1 0.39004814624786377 0.8788288235664368 0.008025705814361572 0.009909868240356445
1 0.3804173469543457 0.8770270347595215 0.008025705814361572 0.009909868240356445
1 0.23194222152233124 0.8738738894462585 0.004815399646759033 0.009009003639221191
0 0.24879615008831024 0.8738738894462585 0.009630829095840454 0.01081085205078125
0 0.13322632014751434 0.8725225329399109 0.008025676012039185 0.008108139038085938
0 0.538523256778717 0.8756756782531738 0.008025646209716797 0.016216158866882324
0 0.6171749830245972 0.869369387626648 0.006420493125915527 0.007207155227661133
0 0.5886837840080261 0.8702702522277832 0.005617976188659668 0.009009003639221191
1 0.9867576360702515 0.8671171069145203 0.005617976188659668 0.004504561424255371
0 0.443418949842453 0.8675675392150879 0.005617976188659668 0.009009003639221191
1 0.4101123511791229 0.8720721006393433 0.020866751670837402 0.023423433303833008
0 0.9915730357170105 0.8639639616012573 0.0072231292724609375 0.009009003639221191
0 0.9779293537139893 0.8626126050949097 0.008828282356262207 0.011711716651916504
0 0.8226324319839478 0.8603603839874268 0.006420493125915527 0.009009003639221191
0 0.7363563179969788 0.8594594597816467 0.008828282356262207 0.007207155227661133
0 0.26003211736679077 0.861261248588562 0.008025705814361572 0.01081085205078125
1 0.17817014455795288 0.866216242313385 0.01926162838935852 0.02432429790496826
0 0.7664526700973511 0.8576576709747314 0.006420493125915527 0.009009003639221191
0 0.5922953486442566 0.8554053902626038 0.011235952377319336 0.008108139038085938
0 0.7247191071510315 0.8558558821678162 0.009630799293518066 0.012612581253051758
0 0.6284109354019165 0.8540540337562561 0.008025646209716797 0.009009003639221191
0 0.5754414200782776 0.8527026772499084 0.006420493125915527 0.009909868240356445
1 0.9430176615715027 0.8486486673355103 0.009630799293518066 0.005405426025390625
0 0.455457478761673 0.8490990996360779 0.005617976188659668 0.008108139038085938
1 0.38081860542297363 0.8490990996360779 0.0072231292724609375 0.009909868240356445
1 0.7106741666793823 0.8504504561424255 0.0072231292724609375 0.014414429664611816
0 0.2853130102157593 0.8463963866233826 0.0072231292724609375 0.006306290626525879
1 0.2604333758354187 0.8445945978164673 0.005617976188659668 0.006306290626525879
0 0.7520064115524292 0.8441441655158997 0.006420493125915527 0.009009003639221191
1 0.9686998128890991 0.8409910202026367 0.008025646209716797 0.004504561424255371
1 0.7869181632995605 0.8513513803482056 0.021669387817382812 0.025225281715393066
0 0.7371588945388794 0.8423423171043396 0.0072231292724609375 0.007207155227661133
0 0.7251203656196594 0.841891884803772 0.0072231292724609375 0.008108139038085938
0 0.6424558758735657 0.8409910202026367 0.005617976188659668 0.008108139038085938
0 0.6560994982719421 0.8409910202026367 0.0072231292724609375 0.009909868240356445
0 0.5477527976036072 0.8441441655158997 0.008828282356262207 0.016216158866882324
0 0.5381219983100891 0.8441441655158997 0.0072231292724609375 0.016216158866882324
0 0.5754414200782776 0.8396396636962891 0.008025646209716797 0.01081085205078125
1 0.9173354506492615 0.8351351618766785 0.008025646209716797 0.005405426025390625
0 0.4835473597049713 0.8360360264778137 0.0072231292724609375 0.007207155227661133
0 0.2311396449804306 0.8405405282974243 0.008025676012039185 0.016216158866882324
1 0.4365971088409424 0.841891884803772 0.020866751670837402 0.02432429790496826
0 0.25963082909584045 0.8310810923576355 0.0072231292724609375 0.008108139038085938
1 0.9357945322990417 0.8292793035507202 0.006420493125915527 0.008108139038085938
0 0.08065810799598694 0.8328828811645508 0.007223114371299744 0.01531529426574707
0 0.7528089880943298 0.8274774551391602 0.008025646209716797 0.008108139038085938
0 0.7259229421615601 0.8270270228385925 0.008828282356262207 0.007207155227661133
1 0.10272873193025589 0.8346846699714661 0.020866766571998596 0.022522568702697754
0 0.6015248894691467 0.8229729533195496 0.0072231292724609375 0.006306290626525879
0 0.562600314617157 0.8225225210189819 0.008025646209716797 0.007207155227661133
1 0.9959871768951416 0.819369375705719 0.008025646209716797 0.004504561424255371
0 0.73796147108078 0.823423445224762 0.008828282356262207 0.012612581253051758
0 0.6288121938705444 0.8220720887184143 0.008828282356262207 0.011711716651916504
0 0.3254414200782776 0.8166666626930237 0.008828222751617432 0.009909868240356445
1 0.9454253315925598 0.815315306186676 0.004815459251403809 0.009009003639221191
0 0.8198234438896179 0.8130630850791931 0.0072231292724609375 0.006306290626525879
0 0.17335473001003265 0.8139639496803284 0.008025676012039185 0.008108139038085938
1 0.7508025765419006 0.8130630850791931 0.005617976188659668 0.008108139038085938
1 0.22833065688610077 0.8126125931739807 0.004012852907180786 0.009009003639221191
1 0.7865168452262878 0.819369375705719 0.022471904754638672 0.02432429790496826
0 0.7247191071510315 0.8112612366676331 0.008025646209716797 0.008108139038085938
1 0.3892455995082855 0.8121621608734131 0.008025705814361572 0.009909868240356445
1 0.9747191071510315 0.8081080913543701 0.008828282356262207 0.005405426025390625
0 0.6007223129272461 0.8085585832595825 0.0072231292724609375 0.008108139038085938
0 0.5730336904525757 0.8067567348480225 0.008025646209716797 0.008108139038085938
1 0.0818619579076767 0.8076576590538025 0.004815414547920227 0.009909868240356445
0 0.483146071434021 0.8054053783416748 0.008025705814361572 0.007207155227661133
1 0.9634831547737122 0.8049549460411072 0.008828282356262207 0.008108139038085938
1 0.4618780016899109 0.8121621608734131 0.021669328212738037 0.022522568702697754
1 0.9125200510025024 0.8013513684272766 0.008025646209716797 0.006306290626525879
0 0.8262439966201782 0.8018018007278442 0.008828282356262207 0.007207155227661133
0 0.2736757695674896 0.8018018007278442 0.006420552730560303 0.009009003639221191
0 0.30738362669944763 0.7990990877151489 0.009630799293518066 0.005405426025390625
1 0.2544141188263893 0.8081080913543701 0.019261643290519714 0.023423433303833008
1 0.9959871768951416 0.7981982231140137 0.008025646209716797 0.007207155227661133
1 0.1532905250787735 0.8054053783416748 0.01926162838935852 0.023423433303833008
1 0.9474318027496338 0.795945942401886 0.0072231292724609375 0.006306290626525879
0 0.18138042092323303 0.796846866607666 0.011235952377319336 0.008108139038085938
1 0.9145264625549316 0.7923423647880554 0.0072231292724609375 0.004504561424255371
1 0.5991171598434448 0.7905405163764954 0.0072231292724609375 0.004504561424255371
1 0.73796147108078 0.7909910082817078 0.005617976188659668 0.007207155227661133
1 0.5485553741455078 0.7896396517753601 0.005617976188659668 0.004504561424255371
1 0.6918138265609741 0.791891872882843 0.004815459251403809 0.01081085205078125
1 0.39004814624786377 0.7869369387626648 0.008025705814361572 0.004504561424255371
0 0.40208667516708374 0.7869369387626648 0.006420552730560303 0.008108139038085938
0 0.7082664370536804 0.7837837934494019 0.0072231292724609375 0.005405426025390625
1 0.9056982398033142 0.7833333611488342 0.008828282356262207 0.006306290626525879
1 0.7158908247947693 0.7851351499557495 0.004815459251403809 0.009909868240356445
1 0.7355538010597229 0.7828828692436218 0.005617976188659668 0.007207155227661133
1 0.6372391581535339 0.7828828692436218 0.006420493125915527 0.007207155227661133
1 0.6773675680160522 0.7824324369430542 0.004815459251403809 0.008108139038085938
1 0.9947832822799683 0.7743242979049683 0.0072231292724609375 0.004504561424255371
1 0.9859550595283508 0.7662162184715271 0.008828282356262207 0.008108139038085938
0 0.7335473299026489 0.7657657861709595 0.009630799293518066 0.007207155227661133
1 0.9703049659729004 0.7635135054588318 0.008025646209716797 0.004504561424255371
1 0.9554574489593506 0.7644144296646118 0.010433435440063477 0.008108139038085938
0 0.6528892517089844 0.7639639377593994 0.008828282356262207 0.007207155227661133
1 0.9285714030265808 0.7617117166519165 0.006420493125915527 0.004504561424255371
0 0.7792937159538269 0.7648648619651794 0.011235952377319336 0.01081085205078125
1 0.9213483333587646 0.7617117166519165 0.008025646209716797 0.006306290626525879
0 0.5738362669944763 0.7612612843513489 0.006420493125915527 0.007207155227661133
0 0.5999197363853455 0.7612612843513489 0.008828282356262207 0.01081085205078125
0 0.49277690052986145 0.7599099278450012 0.008025705814361572 0.008108139038085938
0 0.3346709609031677 0.7585585713386536 0.009630799293518066 0.007207155227661133
0 0.32504013180732727 0.7572072148323059 0.006420552730560303 0.006306290626525879
1 0.9145264625549316 0.7545045018196106 0.0072231292724609375 0.004504561424255371
0 0.4165329039096832 0.7558558583259583 0.006420552730560303 0.01081085205078125
1 0.9963884353637695 0.7522522807121277 0.0072231292724609375 0.005405426025390625
0 0.37961477041244507 0.7527027130126953 0.008025705814361572 0.009909868240356445
0 0.7640449404716492 0.7504504323005676 0.006420493125915527 0.009009003639221191
0 0.790930986404419 0.75 0.008828282356262207 0.009909868240356445
0 0.6396468877792358 0.75 0.006420493125915527 0.009909868240356445
1 0.8306580781936646 0.7454954981803894 0.008025646209716797 0.004504561424255371
0 0.6147672533988953 0.7477477192878723 0.008025646209716797 0.01081085205078125
0 0.5870786309242249 0.7477477192878723 0.008828282356262207 0.01081085205078125
0 0.08105938881635666 0.7472972869873047 0.004815414547920227 0.009909868240356445
1 0.4618780016899109 0.7513513565063477 0.021669328212738037 0.023423433303833008
0 0.29975923895835876 0.7409909963607788 0.0072231292724609375 0.006306290626525879
1 0.2540128454566002 0.7477477192878723 0.02006419003009796 0.02162158489227295
0 0.6982343792915344 0.7391892075538635 0.008025646209716797 0.006306290626525879
1 0.17776885628700256 0.7454954981803894 0.020064204931259155 0.022522568702697754
0 0.09991974383592606 0.7355855703353882 0.00882825255393982 0.006306290626525879
0 0.31861957907676697 0.7337837815284729 0.008025705814361572 0.004504561424255371
1 0.9682985544204712 0.7333333492279053 0.008828282356262207 0.005405426025390625
0 0.7355538010597229 0.7324324250221252 0.0072231292724609375 0.007207155227661133
0 0.7917335629463196 0.7319819927215576 0.0072231292724609375 0.009909868240356445
0 0.5862760543823242 0.7297297120094299 0.0072231292724609375 0.009009003639221191
1 0.8976725339889526 0.7283783555030823 0.005617976188659668 0.008108139038085938
0 0.6119582653045654 0.7288288474082947 0.005617976188659668 0.009009003639221191
1 0.9382022619247437 0.7270269989967346 0.004815459251403809 0.007207155227661133
1 0.5485553741455078 0.7279279232025146 0.0040128231048583984 0.009009003639221191
0 0.8117977380752563 0.7229729890823364 0.0072231292724609375 0.006306290626525879
1 0.6950240731239319 0.723423421382904 0.004815459251403809 0.009009003639221191
1 0.23154093325138092 0.7229729890823364 0.004012852907180786 0.008108139038085938
0 0.1344301700592041 0.7220720648765564 0.005617976188659668 0.008108139038085938
0 0.7367576360702515 0.7198198437690735 0.004815459251403809 0.009009003639221191
0 0.721508800983429 0.7193693518638611 0.006420493125915527 0.008108139038085938
1 0.908507227897644 0.7166666388511658 0.008025646209716797 0.004504561424255371
1 0.7568218111991882 0.7256757020950317 0.020866751670837402 0.02432429790496826
0 0.5738362669944763 0.7171171307563782 0.008025646209716797 0.01081085205078125
1 0.9775280952453613 0.7130630612373352 0.008025646209716797 0.004504561424255371
1 0.4871588945388794 0.7220720648765564 0.019261658191680908 0.022522568702697754
0 0.4289727210998535 0.7135134935379028 0.0072231292724609375 0.009009003639221191
1 0.08065810799598694 0.7121621370315552 0.005617976188659668 0.006306290626525879
0 0.30979132652282715 0.7126126289367676 0.008025705814361572 0.009009003639221191
1 0.9365971088409424 0.7090089917182922 0.006420493125915527 0.005405426025390625
1 0.9931781888008118 0.7054054141044617 0.0072231292724609375 0.005405426025390625
1 0.10353130102157593 0.7144144177436829 0.019261643290519714 0.025225281715393066
0 0.9779293537139893 0.7018017768859863 0.0072231292724609375 0.007207155227661133
0 0.7347512245178223 0.7018017768859863 0.0072231292724609375 0.009009003639221191
0 0.6412519812583923 0.7013513445854187 0.008025646209716797 0.008108139038085938
0 0.7219101190567017 0.7013513445854187 0.008828282356262207 0.009909868240356445
1 0.7066613435745239 0.6986486315727234 0.008828282356262207 0.006306290626525879
0 0.5597913265228271 0.6995495557785034 0.0072231292724609375 0.008108139038085938
0 0.6003210544586182 0.6990991234779358 0.006420493125915527 0.009009003639221191
0 0.5726324319839478 0.6990991234779358 0.008828282356262207 0.009009003639221191
1 0.2580256760120392 0.6968468427658081 0.0072231292724609375 0.006306290626525879
0 0.24839486181735992 0.6963964104652405 0.00882825255393982 0.009009003639221191
0 0.37881219387054443 0.6932432651519775 0.008025705814361572 0.009909868240356445
1 0.9775280952453613 0.6909909844398499 0.004815459251403809 0.007207155227661133
1 0.7078651785850525 0.6896396279335022 0.006420493125915527 0.009909868240356445
1 0.7560192346572876 0.6941441297531128 0.020866751670837402 0.02432429790496826
1 0.9967897534370422 0.683783769607544 0.006420493125915527 0.007207155227661133
1 0.22993579506874084 0.6851351261138916 0.005617976188659668 0.009909868240356445
1 0.22110754251480103 0.6855855584144592 0.005617976188659668 0.01081085205078125
0 0.562600314617157 0.6828829050064087 0.009630799293518066 0.007207155227661133
0 0.24518458545207977 0.6851351261138916 0.005617976188659668 0.011711716651916504
0 0.30939003825187683 0.681531548500061 0.0072231292724609375 0.006306290626525879
0 0.33547350764274597 0.681531548500061 0.008025705814361572 0.008108139038085938
0 0.26003211736679077 0.6851351261138916 0.008025705814361572 0.01531529426574707
1 0.278892457485199 0.6887387633323669 0.020064234733581543 0.02432429790496826
0 0.9654895663261414 0.6792792677879333 0.008025646209716797 0.007207155227661133
1 0.17817014455795288 0.6873874068260193 0.01926162838935852 0.023423433303833008
0 0.9927768707275391 0.6734234094619751 0.011235952377319336 0.008108139038085938
1 0.733146071434021 0.6716216206550598 0.0072231292724609375 0.006306290626525879
1 0.942215085029602 0.6693693399429321 0.006420493125915527 0.007207155227661133
0 0.7897271513938904 0.6707206964492798 0.006420493125915527 0.009909868240356445
0 0.5714285969734192 0.6693693399429321 0.008025646209716797 0.007207155227661133
0 0.5995184779167175 0.6684684753417969 0.006420493125915527 0.009009003639221191
0 0.3001605272293091 0.6675675511360168 0.009630799293518066 0.009009003639221191
0 0.2736757695674896 0.6671171188354492 0.008025705814361572 0.008108139038085938
0 0.5581861734390259 0.6666666865348816 0.0072231292724609375 0.01081085205078125
0 0.28491172194480896 0.6657657623291016 0.006420552730560303 0.009009003639221191
0 0.7632423639297485 0.6671171188354492 0.006420493125915527 0.013513565063476562
0 0.10834670811891556 0.6644144058227539 0.008025676012039185 0.008108139038085938
1 0.37881219387054443 0.6626126170158386 0.006420552730560303 0.009909868240356445
1 0.6970304846763611 0.6608108282089233 0.008828282356262207 0.009909868240356445
1 0.5449438095092773 0.6594594717025757 0.008025646209716797 0.01081085205078125
1 0.8093900680541992 0.6644144058227539 0.021669387817382812 0.02432429790496826
0 0.7223113775253296 0.6554054021835327 0.009630799293518066 0.008108139038085938
0 0.5846709609031677 0.6567567586898804 0.0072231292724609375 0.01081085205078125
1 0.08226323872804642 0.6567567586898804 0.00882825255393982 0.014414429664611816
0 0.46508827805519104 0.6531531810760498 0.010433375835418701 0.009009003639221191
0 0.48234349489212036 0.6518018245697021 0.009630799293518066 0.008108139038085938
0 0.42937400937080383 0.6513513326644897 0.006420552730560303 0.007207155227661133
1 0.4081059396266937 0.6594594717025757 0.020064175128936768 0.023423433303833008
0 0.2841091454029083 0.6527026891708374 0.008025705814361572 0.009909868240356445
1 0.9438202381134033 0.6490991115570068 0.008025646209716797 0.004504561424255371
1 0.9317817091941833 0.6495495438575745 0.009630799293518066 0.005405426025390625
1 0.8944622874259949 0.6459459662437439 0.0072231292724609375 0.009009003639221191
1 0.7520064115524292 0.6432432532310486 0.009630799293518066 0.005405426025390625
1 0.9249598979949951 0.6432432532310486 0.008828282356262207 0.007207155227661133
0 0.7323434948921204 0.6405405402183533 0.0072231292724609375 0.007207155227661133
0 0.6520866751670837 0.6396396160125732 0.0072231292724609375 0.007207155227661133
0 0.6243980526924133 0.6396396160125732 0.008025646209716797 0.007207155227661133
1 0.4032905399799347 0.638738751411438 0.0072231292724609375 0.005405426025390625
0 0.721107542514801 0.6396396160125732 0.008828282356262207 0.009009003639221191
1 0.4289727210998535 0.6382882595062256 0.0072231292724609375 0.006306290626525879
1 0.9353932738304138 0.6382882595062256 0.005617976188659668 0.008108139038085938
1 0.1825842708349228 0.6369369626045227 0.00722309947013855 0.005405426025390625
1 0.5846709609031677 0.6373873949050903 0.005617976188659668 0.008108139038085938
0 0.1725521683692932 0.6364864706993103 0.008025676012039185 0.006306290626525879
0 0.927768886089325 0.6369369626045227 0.008025646209716797 0.009009003639221191
1 0.9903692007064819 0.6310811042785645 0.008025646209716797 0.004504561424255371
1 0.3780096173286438 0.633783757686615 0.008025705814361572 0.009909868240356445
1 0.07423756271600723 0.6301801800727844 0.004012838006019592 0.008108139038085938
0 0.5353130102157593 0.6310811042785645 0.008025646209716797 0.01531529426574707
0 0.7327448129653931 0.6261261105537415 0.008025646209716797 0.009009003639221191
0 0.6256019473075867 0.6256756782531738 0.005617976188659668 0.008108139038085938
1 0.9919742941856384 0.6229729652404785 0.008025646209716797 0.004504561424255371
0 0.7203049659729004 0.6256756782531738 0.0072231292724609375 0.009909868240356445
0 0.5726324319839478 0.6256756782531738 0.0072231292724609375 0.009909868240356445
0 0.5975120663642883 0.6238738894462585 0.008828282356262207 0.008108139038085938
1 0.2524076923727989 0.6292792558670044 0.02006419003009796 0.022522568702697754
0 0.1577046513557434 0.6202702522277832 0.00722309947013855 0.006306290626525879
1 0.7808988690376282 0.611261248588562 0.004815459251403809 0.006306290626525879
1 0.9859550595283508 0.5941441655158997 0.0072231292724609375 0.004504561424255371
1 0.39365971088409424 0.5941441655158997 0.0072231292724609375 0.004504561424255371
1 0.33908507227897644 0.5936936736106873 0.008828222751617432 0.005405426025390625
1 0.2981540858745575 0.5932432413101196 0.005617976188659668 0.004504561424255371
1 0.6845906972885132 0.5932432413101196 0.004815459251403809 0.006306290626525879
1 0.9365971088409424 0.5914414525032043 0.008025646209716797 0.004504561424255371
0 0.7339486479759216 0.5905405282974243 0.0072231292724609375 0.006306290626525879
1 0.6119582653045654 0.5873873829841614 0.0040128231048583984 0.007207155227661133
0 0.7178972959518433 0.5873873829841614 0.0040128231048583984 0.009009003639221191
1 0.6336275935173035 0.5869369506835938 0.0040128231048583984 0.008108139038085938
1 0.9406099319458008 0.5837838053703308 0.008025646209716797 0.005405426025390625
0 0.7319422364234924 0.5774774551391602 0.008025646209716797 0.01081085205078125
1 0.6966292262077332 0.5752252340316772 0.004815459251403809 0.008108139038085938
0 0.625200629234314 0.5756756663322449 0.006420493125915527 0.009009003639221191
0 0.2459871619939804 0.5756756663322449 0.00722309947013855 0.009009003639221191
0 0.09791332483291626 0.5756756663322449 0.008025676012039185 0.009009003639221191
1 0.983146071434021 0.5671170949935913 0.008025646209716797 0.004504561424255371
1 0.6950240731239319 0.5671170949935913 0.008025646209716797 0.004504561424255371
0 0.5345104336738586 0.5707207322120667 0.008025646209716797 0.01531529426574707
1 0.7532102465629578 0.5711711645126343 0.021669387817382812 0.023423433303833008
0 0.636837899684906 0.5639639496803284 0.0072231292724609375 0.009009003639221191
0 0.41492778062820435 0.5644144415855408 0.006420552730560303 0.009909868240356445
0 0.40008026361465454 0.5639639496803284 0.005617976188659668 0.009009003639221191
1 0.3298555314540863 0.5698198080062866 0.019261658191680908 0.022522568702697754
0 0.18218298256397247 0.5626125931739807 0.008025676012039185 0.008108139038085938
1 0.15288925170898438 0.569369375705719 0.018459081649780273 0.02162158489227295
0 0.0967094674706459 0.5635135173797607 0.007223114371299744 0.009909868240356445
1 0.43338683247566223 0.568468451499939 0.020866751670837402 0.023423433303833008
1 0.9534510374069214 0.5527027249336243 0.008025646209716797 0.004504561424255371
1 0.942215085029602 0.5513513684272766 0.009630799293518066 0.005405426025390625
1 0.9337881207466125 0.5531531572341919 0.0040128231048583984 0.009009003639221191
0 0.7299357652664185 0.5481982231140137 0.010433435440063477 0.009909868240356445
0 0.7869181632995605 0.546846866607666 0.0072231292724609375 0.009009003639221191
0 0.4658908545970917 0.5454955101013184 0.005617976188659668 0.008108139038085938
1 0.9586677551269531 0.5432432293891907 0.005617976188659668 0.005405426025390625
0 0.5975120663642883 0.5454955101013184 0.0072231292724609375 0.009909868240356445
0 0.3996789753437042 0.545045018196106 0.004815399646759033 0.009009003639221191
1 0.37680578231811523 0.5391891598701477 0.008828222751617432 0.011711716651916504
0 0.009229534305632114 0.5369369387626648 0.005617978051304817 0.009009003639221191
1 0.959069013595581 0.5346846580505371 0.011235952377319336 0.006306290626525879
0 0.32463884353637695 0.5324324369430542 0.0072231292724609375 0.007207155227661133
1 0.27849116921424866 0.5405405163764954 0.020866751670837402 0.023423433303833008
1 0.12881219387054443 0.5400900840759277 0.020064204931259155 0.022522568702697754
0 0.5834670662879944 0.5324324369430542 0.008025646209716797 0.009009003639221191
1 0.43338683247566223 0.5391891598701477 0.020866751670837402 0.022522568702697754
0 0.2455858737230301 0.5315315127372742 0.008025676012039185 0.007207155227661133
0 0.646869957447052 0.5306306481361389 0.011235952377319336 0.007207155227661133
1 0.9943820238113403 0.5283783674240112 0.008025646209716797 0.004504561424255371
1 0.08788122236728668 0.5261261463165283 0.007223114371299744 0.005405426025390625
1 0.9674959778785706 0.5252252221107483 0.0072231292724609375 0.005405426025390625
1 0.9398073554039001 0.5247747898101807 0.006420493125915527 0.006306290626525879
1 0.9261637330055237 0.523423433303833 0.008025646209716797 0.007207155227661133
1 0.8908507227897644 0.5220720767974854 0.006420493125915527 0.006306290626525879
0 0.13081862032413483 0.5198197960853577 0.011235952377319336 0.007207155227661133
0 0.10112359374761581 0.51936936378479 0.011235952377319336 0.006306290626525879
0 0.8009631037712097 0.51846843957901 0.008025646209716797 0.006306290626525879
0 0.454253613948822 0.5180180072784424 0.008025705814361572 0.005405426025390625
0 0.1725521683692932 0.5189189314842224 0.008025676012039185 0.007207155227661133
0 0.7841091752052307 0.5180180072784424 0.008025646209716797 0.007207155227661133
0 0.6203852295875549 0.51846843957901 0.009630799293518066 0.008108139038085938
0 0.3001605272293091 0.5189189314842224 0.011235952377319336 0.009009003639221191
0 0.6480738520622253 0.5175675749778748 0.010433435440063477 0.009909868240356445
1 0.38764044642448425 0.5162162184715271 0.009630799293518066 0.007207155227661133
1 0.25963082909584045 0.5166666507720947 0.005617976188659668 0.008108139038085938
0 0.7704654932022095 0.5157657861709595 0.006420493125915527 0.008108139038085938
0 0.7435794472694397 0.5157657861709595 0.0072231292724609375 0.008108139038085938
0 0.6099518537521362 0.5157657861709595 0.008025646209716797 0.009909868240356445
1 0.9048956632614136 0.5121621489524841 0.0072231292724609375 0.004504561424255371
0 0.7584269642829895 0.5157657861709595 0.008025646209716797 0.011711716651916504
1 0.9911717772483826 0.5135135054588318 0.008025646209716797 0.009009003639221191
1 0.08306580781936646 0.5117117166519165 0.00882825255393982 0.014414429664611816
1 0.5429373979568481 0.5108107924461365 0.008828282356262207 0.014414429664611816
1 0.3784109055995941 0.5072072148323059 0.005617976188659668 0.007207155227661133
1 0.9971910119056702 0.5045045018196106 0.005617976188659668 0.007207155227661133
0 0.09751203656196594 0.5049549341201782 0.005617976188659668 0.008108139038085938
1 0.7435794472694397 0.504054069519043 0.005617976188659668 0.008108139038085938
1 0.278892457485199 0.5112612843513489 0.020064234733581543 0.022522568702697754
0 0.12158908694982529 0.5054054260253906 0.007223114371299744 0.01081085205078125
1 0.7235152721405029 0.5099099278450012 0.021669387817382812 0.023423433303833008
0 0.636837899684906 0.5031531304121017 0.008828282356262207 0.009909898042678833
1 0.4329855442047119 0.5099099278450012 0.020064234733581543 0.023423433303833008
0 0.8358747959136963 0.5004504323005676 0.0072231292724609375 0.006306290626525879
0 0.4538523256778717 0.5009009093046188 0.0072231292724609375 0.0072071850299835205
1 0.3591492772102356 0.49864865839481354 0.0072231292724609375 0.004504531621932983
1 0.29293739795684814 0.49864864349365234 0.006420552730560303 0.006306290626525879
0 0.8182182908058167 0.4954954981803894 0.008828282356262207 0.009009003639221191
0 0.6308186054229736 0.4932432472705841 0.004815459251403809 0.008108079433441162
0 0.6837881207466125 0.49234235286712646 0.004815459251403809 0.008108079433441162
1 0.22231139242649078 0.4887387454509735 0.008025676012039185 0.004504501819610596
1 0.9598715901374817 0.48783785104751587 0.008025646209716797 0.004504501819610596
0 0.12479935586452484 0.48963963985443115 0.01203852891921997 0.008108079433441162
0 0.41051363945007324 0.4887387454509735 0.010433375835418701 0.008108079433441162
1 0.6015248894691467 0.4882882833480835 0.0040128231048583984 0.009009003639221191
0 0.7299357652664185 0.4860360324382782 0.005617976188659668 0.008108079433441162
0 0.7170947194099426 0.4864864945411682 0.008828282356262207 0.009009003639221191
0 0.5830658078193665 0.4864864945411682 0.0072231292724609375 0.009009003639221191
1 0.9125200510025024 0.4837837815284729 0.009630799293518066 0.005405426025390625
0 0.7427768707275391 0.48558560013771057 0.0072231292724609375 0.009009003639221191
1 0.9767255187034607 0.48243242502212524 0.008025646209716797 0.004504501819610596
1 0.6187800765037537 0.4792792797088623 0.004815459251403809 0.009009003639221191
1 0.37720707058906555 0.48018017411231995 0.008025705814361572 0.010810792446136475
1 0.22150883078575134 0.477027028799057 0.008025676012039185 0.004504501819610596
0 0.08386837691068649 0.48243242502212524 0.007223114371299744 0.01531529426574707
0 0.7030497789382935 0.48063063621520996 0.008025646209716797 0.01531529426574707
1 0.5321027040481567 0.477027028799057 0.008025646209716797 0.00990992784500122
0 0.10955056548118591 0.47567567229270935 0.007223114371299744 0.009009003639221191
1 0.1532905250787735 0.4815315306186676 0.01926162838935852 0.02252250909805298
1 0.25361155718564987 0.4815315306186676 0.020866766571998596 0.02432429790496826
1 0.9265649914741516 0.47072070837020874 0.0072231292724609375 0.004504501819610596
0 0.716292142868042 0.47297295928001404 0.0072231292724609375 0.009009003639221191
0 0.4522472023963928 0.47342342138290405 0.0072231292724609375 0.00990992784500122
0 0.40048155188560486 0.4747747778892517 0.009630799293518066 0.012612640857696533
1 0.9703049659729004 0.46936938166618347 0.006420493125915527 0.005405426025390625
0 0.5930979251861572 0.47072070837020874 0.009630799293518066 0.008108079433441162
0 0.5662118792533875 0.47072070837020874 0.010433435440063477 0.008108079433441162
0 0.7913322448730469 0.46666666865348816 0.008025646209716797 0.007207214832305908
0 0.9048956632614136 0.4626125991344452 0.005617976188659668 0.008108079433441162
0 0.09751203656196594 0.45990991592407227 0.005617976188659668 0.008108079433441162
1 0.6918138265609741 0.4563063085079193 0.008025646209716797 0.004504501819610596
0 0.28491172194480896 0.4581080973148346 0.006420552730560303 0.00990992784500122
0 0.10955056548118591 0.4585585594177246 0.00882825255393982 0.010810792446136475
1 0.9891653060913086 0.4518018066883087 0.005617976188659668 0.004504501819610596
1 0.2544141113758087 0.4509009122848511 0.008025705814361572 0.004504501819610596
1 0.0818619579076767 0.4509009122848511 0.004815414547920227 0.008108079433441162
0 0.2311396449804306 0.4509009122848511 0.006420552730560303 0.00990992784500122
1 0.7776886224746704 0.4472973048686981 0.006420493125915527 0.004504501819610596
1 0.3848314583301544 0.4495495557785034 0.0040128231048583984 0.009009003639221191
0 0.37680578231811523 0.45045045018196106 0.008828222751617432 0.010810792446136475
1 0.9474318027496338 0.44774773716926575 0.005617976188659668 0.007207214832305908
1 0.9197431802749634 0.44549548625946045 0.006420493125915527 0.006306290626525879
0 0.09831460565328598 0.4468468427658081 0.007223114371299744 0.009009003639221191
1 0.3045746386051178 0.45270270109176636 0.020064175128936768 0.02252250909805298
1 0.17817014455795288 0.45315316319465637 0.01926162838935852 0.023423433303833008
0 0.7696629166603088 0.4423423409461975 0.008025646209716797 0.009009003639221191
1 0.7487961649894714 0.4490990936756134 0.020866751670837402 0.02252250909805298
1 0.966292142868042 0.43873873353004456 0.006420493125915527 0.005405426025390625
1 0.5104333758354187 0.43918919563293457 0.006420493125915527 0.008108079433441162
1 0.6143659949302673 0.4288288354873657 0.0072231292724609375 0.009009003639221191
1 0.7355538010597229 0.4256756901741028 0.0072231292724609375 0.006306290626525879
1 0.9093098044395447 0.42252251505851746 0.009630799293518066 0.005405426025390625
0 0.020465489476919174 0.4216216206550598 0.004012841731309891 0.009009003639221191
1 0.8872391581535339 0.411711722612381 0.005617976188659668 0.005405426025390625
0 0.6396468877792358 0.4072072207927704 0.008025646209716797 0.005405426025390625
1 0.966292142868042 0.3977477550506592 0.004815459251403809 0.006306290626525879
1 0.9285714030265808 0.3963963985443115 0.006420493125915527 0.005405426025390625
1 0.37961477041244507 0.39729729294776917 0.004815399646759033 0.007207214832305908
1 0.540930986404419 0.39504504203796387 0.008025646209716797 0.00990992784500122
1 0.6990368962287903 0.3941441476345062 0.008025646209716797 0.00990992784500122
0 0.8041733503341675 0.3914414346218109 0.008025646209716797 0.00990992784500122
1 0.10393258184194565 0.3963963985443115 0.01845906674861908 0.023423433303833008
0 0.12479935213923454 0.388738751411438 0.010433383285999298 0.00990992784500122
1 0.9285714030265808 0.38558557629585266 0.009630799293518066 0.005405426025390625
1 0.5040128082036972 0.3864865005016327 0.008025676012039185 0.007207214832305908
1 0.278892457485199 0.3936936855316162 0.020064234733581543 0.023423433303833008
0 0.7540128231048584 0.38288289308547974 0.0072231292724609375 0.007207214832305908
0 0.6629213690757751 0.3837837874889374 0.004815459251403809 0.009009003639221191
0 0.607945442199707 0.3824324309825897 0.0072231292724609375 0.006306290626525879
1 0.4578651785850525 0.3909910023212433 0.020064234733581543 0.023423433303833008
1 0.7419742941856384 0.3815315365791321 0.0072231292724609375 0.006306290626525879
1 0.7740770578384399 0.3891891837120056 0.021669387817382812 0.023423433303833008
0 0.5481541156768799 0.3792792856693268 0.006420493125915527 0.007207214832305908
1 0.6898073554039001 0.37567567825317383 0.0040128231048583984 0.009009003639221191
0 0.09751203656196594 0.37387385964393616 0.007223114371299744 0.009009003639221191
0 0.7154895663261414 0.36891892552375793 0.0072231292724609375 0.006306290626525879
0 0.6071428656578064 0.3684684634208679 0.0072231292724609375 0.005405426025390625
0 0.6424558758735657 0.36891892552375793 0.012038469314575195 0.008108079433441162
0 0.4626805782318115 0.36936935782432556 0.010433375835418701 0.009009003639221191
0 0.40008026361465454 0.36936935782432556 0.008828222751617432 0.009009003639221191
0 0.8069823384284973 0.36711710691452026 0.0072231292724609375 0.008108079433441162
0 0.778491199016571 0.3675675690174103 0.011235952377319336 0.009009003639221191
1 0.9297752976417542 0.361261248588562 0.0072231292724609375 0.005405426025390625
1 0.7166934013366699 0.3608108162879944 0.008025646209716797 0.004504501819610596
1 0.23154093325138092 0.361711710691452 0.005617976188659668 0.006306290626525879
0 0.12359550595283508 0.36036035418510437 0.008025676012039185 0.007207214832305908
1 0.17817014455795288 0.36666667461395264 0.01926162838935852 0.021621644496917725
0 0.27247190475463867 0.3590089976787567 0.005617976188659668 0.008108079433441162
1 0.25280899554491043 0.3662162125110626 0.019261643290519714 0.02252250909805298
0 0.15008026361465454 0.3590089976787567 0.011235952377319336 0.008108079433441162
0 0.6055377125740051 0.3558558523654938 0.0072231292724609375 0.009009003639221191
0 0.5658106207847595 0.3540540635585785 0.008025646209716797 0.007207214832305908
0 0.7672551870346069 0.35315313935279846 0.008025646209716797 0.010810792446136475
0 0.711476743221283 0.3522522449493408 0.005617976188659668 0.010810792446136475
1 0.9642857313156128 0.3499999940395355 0.008828282356262207 0.008108079433441162
0 0.3001605272293091 0.3450450599193573 0.009630799293518066 0.007207214832305908
0 0.42536115646362305 0.3405405282974243 0.006420552730560303 0.009009003639221191
1 0.7339486479759216 0.3400900959968567 0.005617976188659668 0.00990992784500122
0 0.46348315477371216 0.3400900959968567 0.0072231292724609375 0.00990992784500122
1 0.9530497789382935 0.33648648858070374 0.0072231292724609375 0.004504501819610596
0 0.6195826530456543 0.3378378450870514 0.006420493125915527 0.009009003639221191
1 0.5349116921424866 0.3355855941772461 0.0072231292724609375 0.00990992784500122
1 0.5280898809432983 0.3351351320743561 0.004815459251403809 0.009009003639221191
1 0.9121187925338745 0.3333333432674408 0.0040128231048583984 0.009009003639221191
1 0.22191011905670166 0.3315315246582031 0.00882825255393982 0.005405426025390625
1 0.8908507227897644 0.33198198676109314 0.008025646209716797 0.008108079433441162
1 0.27849116921424866 0.33693695068359375 0.019261658191680908 0.021621644496917725
1 0.944622814655304 0.32747748494148254 0.008025646209716797 0.004504501819610596
1 0.9265649914741516 0.32522523403167725 0.0072231292724609375 0.007207214832305908
1 0.9855538010597229 0.3211711645126343 0.008025646209716797 0.004504501819610596
1 0.7463884353637695 0.32972973585128784 0.022471904754638672 0.021621644496917725
1 0.9229534268379211 0.319369375705719 0.008025646209716797 0.004504501819610596
0 0.12359550595283508 0.3171171247959137 0.008025676012039185 0.009009003639221191
0 0.09791332483291626 0.3171171247959137 0.006420552730560303 0.009009003639221191
0 0.7014446258544922 0.3144144117832184 0.008025646209716797 0.005405426025390625
1 0.812600314617157 0.3121621608734131 0.0072231292724609375 0.004504501819610596
1 0.5304976105690002 0.30900901556015015 0.008025646209716797 0.005405426025390625
0 0.5926966071128845 0.30900901556015015 0.005617976188659668 0.009009003639221191
1 0.613162100315094 0.3058558702468872 0.008025646209716797 0.004504501819610596
0 0.13523274660110474 0.3049549460411072 0.005617976188659668 0.008108079433441162
1 0.3764044940471649 0.30405405163764954 0.008025705814361572 0.011711716651916504
1 0.15369181334972382 0.3099099099636078 0.018459081649780273 0.023423433303833008
0 0.8270465731620789 0.30000001192092896 0.0072231292724609375 0.005405426025390625
0 0.8009631037712097 0.3009009063243866 0.004815459251403809 0.009009003639221191
1 0.2792937457561493 0.3076576590538025 0.020866751670837402 0.02252250909805298
0 0.5292937159538269 0.3004504442214966 0.0072231292724609375 0.00990992784500122
1 0.43178170919418335 0.3054054081439972 0.020866751670837402 0.023423433303833008
0 0.5782504081726074 0.29729729890823364 0.0072231292724609375 0.009009003639221191
0 0.7122793197631836 0.2932432293891907 0.0072231292724609375 0.006306290626525879
0 0.807784914970398 0.2941441535949707 0.0072231292724609375 0.00990992784500122
1 0.6713483333587646 0.29504504799842834 0.005617976188659668 0.011711716651916504
0 0.7945425510406494 0.2914414405822754 0.008025646209716797 0.006306290626525879
0 0.658507227897644 0.29279279708862305 0.0072231292724609375 0.009009003639221191
1 0.7732744812965393 0.2990990877151489 0.021669387817382812 0.023423433303833008
0 0.41292133927345276 0.28153154253959656 0.0072231292724609375 0.011711716651916504
1 0.9907704591751099 0.2752252221107483 0.0072231292724609375 0.004504501819610596
1 0.9241573214530945 0.27657657861709595 0.005617976188659668 0.007207214832305908
1 0.22391653060913086 0.2801801860332489 0.008025676012039185 0.014414429664611816
1 0.5329052805900574 0.27657657861709595 0.004815459251403809 0.009009003639221191
0 0.27166932821273804 0.27387386560440063 0.0072231292724609375 0.009009003639221191
1 0.2524076923727989 0.2797297239303589 0.02006419003009796 0.02252250909805298
1 0.43138042092323303 0.27657657861709595 0.020064175128936768 0.021621644496917725
1 0.6865971088409424 0.2711711823940277 0.008828282356262207 0.014414429664611816
1 0.7439807653427124 0.2707207202911377 0.020866751670837402 0.02252250909805298
1 0.8049759268760681 0.2617117166519165 0.006420493125915527 0.006306290626525879
1 0.6516854166984558 0.2612612545490265 0.008025646209716797 0.005405426025390625
1 0.13121990859508514 0.25810810923576355 0.004012852907180786 0.008108079433441162
1 0.25762438774108887 0.2572072148323059 0.004815399646759033 0.008108079433441162
1 0.8828250169754028 0.2549549639225006 0.006420493125915527 0.009009003639221191
1 0.6769663095474243 0.25360360741615295 0.0072231292724609375 0.006306290626525879
0 0.8089887499809265 0.2522522509098053 0.006420493125915527 0.007207214832305908
1 0.4093098044395447 0.25360361486673355 0.004815399646759033 0.009909912943840027
0 0.10674156993627548 0.25585585832595825 0.008025676012039185 0.014414429664611816
1 0.9859550595283508 0.24819819629192352 0.005617976188659668 0.00810810923576355
1 0.7724719047546387 0.2477477490901947 0.010433435440063477 0.007207214832305908
1 0.8980738520622253 0.24594594538211823 0.009630799293518066 0.005405396223068237
0 0.7989566326141357 0.24684683233499527 0.012038469314575195 0.007207199931144714
1 0.8828250169754028 0.2432432472705841 0.006420493125915527 0.005405396223068237
1 0.9197431802749634 0.2432432472705841 0.006420493125915527 0.007207214832305908
1 0.9943820238113403 0.24189189076423645 0.008025646209716797 0.006306320428848267
0 0.7724719047546387 0.2382882833480835 0.010433435440063477 0.00810810923576355
0 0.07945425063371658 0.23198197782039642 0.008025676012039185 0.004504501819610596
1 0.06781701743602753 0.23198197782039642 0.007223114371299744 0.004504501819610596
0 0.16292135417461395 0.22972972691059113 0.008025676012039185 0.005405396223068237
1 0.9337881207466125 0.22792792320251465 0.008828282356262207 0.005405396223068237
1 0.38121989369392395 0.22567567229270935 0.006420552730560303 0.004504501819610596
1 0.4261637330055237 0.2247747778892517 0.006420552730560303 0.004504501819610596
1 0.4911717474460602 0.2243243306875229 0.006420552730560303 0.005405396223068237
1 0.471107542514801 0.2243243306875229 0.008025705814361572 0.005405396223068237
1 0.5545746684074402 0.22342342138290405 0.008025646209716797 0.005405396223068237
1 0.5365168452262878 0.22297297418117523 0.0072231292724609375 0.004504501819610596
1 0.5228732228279114 0.22297297418117523 0.0072231292724609375 0.004504501819610596
1 0.5116372108459473 0.22297297418117523 0.008828282356262207 0.006306320428848267
1 0.8884429931640625 0.22072072327136993 0.008025646209716797 0.005405396223068237
0 0.6569020748138428 0.2202702760696411 0.005617976188659668 0.00810810923576355
1 0.9341893792152405 0.21621622145175934 0.008025646209716797 0.005405396223068237
1 0.7616372108459473 0.21621622145175934 0.008025646209716797 0.005405396223068237
1 0.15609951317310333 0.21666666865348816 0.010433375835418701 0.006306320428848267
1 0.11436597257852554 0.21711711585521698 0.004012838006019592 0.009009003639221191
0 0.7219101190567017 0.21576575934886932 0.008828282356262207 0.00810810923576355
1 0.7078651785850525 0.2153153121471405 0.006420493125915527 0.009009003639221191
1 0.4329855442047119 0.21486486494541168 0.005617976188659668 0.00810810923576355
0 0.7861155867576599 0.21396397054195404 0.005617976188659668 0.00810810923576355
1 0.9269663095474243 0.21171170473098755 0.006420493125915527 0.009009003639221191
0 0.8065810799598694 0.21216216683387756 0.006420493125915527 0.009909898042678833
1 0.7026484608650208 0.21126125752925873 0.0040128231048583984 0.00810810923576355
1 0.3314606845378876 0.21126125752925873 0.008025705814361572 0.009909898042678833
0 0.9751203656196594 0.2085585594177246 0.009630799293518066 0.00810810923576355
0 0.9630818367004395 0.20720720291137695 0.009630799293518066 0.005405396223068237
1 0.5682182908058167 0.20720720291137695 0.008025646209716797 0.009009003639221191
1 0.6693419218063354 0.2058558613061905 0.004815459251403809 0.009909898042678833
1 0.9273675680160522 0.20315314829349518 0.005617976188659668 0.006306320428848267
1 0.7732744812965393 0.20090089738368988 0.0040128231048583984 0.009009003639221191
1 0.6015248894691467 0.1990990936756134 0.0072231292724609375 0.007207214832305908
1 0.9341893792152405 0.19774775207042694 0.004815459251403809 0.006306320428848267
1 0.6649277806282043 0.1968468427658081 0.0072231292724609375 0.006306320428848267
1 0.9153290390968323 0.1945945918560028 0.0072231292724609375 0.005405396223068237
1 0.7243177890777588 0.19504503905773163 0.005617976188659668 0.006306320428848267
1 0.73796147108078 0.19549550116062164 0.0040128231048583984 0.009009003639221191
0 0.6007223129272461 0.18873873353004456 0.0072231292724609375 0.006306320428848267
0 0.6898073554039001 0.18333333730697632 0.005617976188659668 0.00810810923576355
1 0.10393258184194565 0.1779279261827469 0.005617976188659668 0.00810810923576355
0 0.9775280952453613 0.1761261224746704 0.009630799293518066 0.006306320428848267
1 0.9646869897842407 0.1756756752729416 0.009630799293518066 0.005405396223068237
0 0.898876428604126 0.1738738715648651 0.009630799293518066 0.005405396223068237
1 0.8824237585067749 0.17252252995967865 0.0072231292724609375 0.006306320428848267
1 0.24478331208229065 0.16621620953083038 0.008025676012039185 0.004504501819610596
0 0.9915730357170105 0.16396395862102509 0.008828282356262207 0.007207214832305908
1 0.4197431802749634 0.16261261701583862 0.006420552730560303 0.004504501819610596
1 0.9506420493125916 0.157657653093338 0.0072231292724609375 0.005405396223068237
0 0.9602728486061096 0.1572072058916092 0.008828282356262207 0.006306320428848267
1 0.94261634349823 0.15855856239795685 0.0040128231048583984 0.009009003639221191
1 0.12760834395885468 0.15450450778007507 0.008025676012039185 0.006306320428848267
1 0.9125200510025024 0.1504504531621933 0.008025646209716797 0.005405396223068237
1 0.42495986819267273 0.15000000596046448 0.005617976188659668 0.004504501819610596
1 0.10674156993627548 0.15405406057834625 0.006420552730560303 0.012612611055374146
1 0.9654895663261414 0.1454954892396927 0.008025646209716797 0.004504501819610596
0 0.9891653060913086 0.14414414763450623 0.0072231292724609375 0.007207214832305908
1 0.6962279081344604 0.1436937004327774 0.005617976188659668 0.006306320428848267
1 0.6890048384666443 0.1436937004327774 0.0072231292724609375 0.006306320428848267
1 0.6055377125740051 0.14504504203796387 0.008828282356262207 0.009009003639221191
1 0.9759229421615601 0.1436937004327774 0.004815459251403809 0.00810810923576355
1 0.7154895663261414 0.14279279112815857 0.005617976188659668 0.006306320428848267
1 0.7078651785850525 0.14279279112815857 0.006420493125915527 0.006306320428848267
1 0.591091513633728 0.14189189672470093 0.005617976188659668 0.00810810923576355
1 0.7973515391349792 0.1342342346906662 0.008828282356262207 0.007207214832305908
1 0.6689406037330627 0.13468468189239502 0.005617976188659668 0.00810810923576355
1 0.6765649914741516 0.13288287818431854 0.004815459251403809 0.006306320428848267
1 0.6962279081344604 0.13288287818431854 0.005617976188659668 0.00810810923576355
1 0.7319422364234924 0.1364864856004715 0.012841105461120605 0.01711711287498474
1 0.7154895663261414 0.13153153657913208 0.005617976188659668 0.007207214832305908
0 0.9245585799217224 0.12612612545490265 0.006420493125915527 0.009009003639221191
0 0.9707062840461731 0.12387387454509735 0.008828282356262207 0.00810810923576355
1 0.7235152721405029 0.12387387454509735 0.005617976188659668 0.00810810923576355
1 0.961476743221283 0.11981981992721558 0.008025646209716797 0.007207214832305908
1 0.562600314617157 0.1202702671289444 0.006420493125915527 0.00810810923576355
1 0.08667736500501633 0.12072072178125381 0.004815414547920227 0.010810807347297668
0 0.6384429931640625 0.1180180162191391 0.0072231292724609375 0.007207214832305908
1 0.1829855591058731 0.11891891807317734 0.006420552730560303 0.009009003639221191
1 0.13523274660110474 0.11891891807317734 0.00722309947013855 0.010810807347297668
1 0.20545746386051178 0.11216216534376144 0.008025676012039185 0.004504501819610596
1 0.3555377125740051 0.1135135143995285 0.004815399646759033 0.009009003639221191
1 0.27849116921424866 0.10990990698337555 0.009630799293518066 0.005405411124229431
0 0.9791332483291626 0.10990990698337555 0.006420493125915527 0.007207214832305908
1 0.08547351509332657 0.10990990698337555 0.004012838006019592 0.007207214832305908
0 0.8860353231430054 0.10855855792760849 0.006420493125915527 0.00810810923576355
0 0.5333065986633301 0.10270269960165024 0.0072231292724609375 0.009009003639221191
1 0.38723915815353394 0.0995495468378067 0.005617976188659668 0.004504501819610596
1 0.12199036777019501 0.0995495468378067 0.008025676012039185 0.004504501819610596
1 0.42696627974510193 0.09864864498376846 0.008025705814361572 0.004504501819610596
0 0.1324237585067749 0.0995495468378067 0.008025676012039185 0.006306305527687073
1 0.20425361394882202 0.09639639407396317 0.00722309947013855 0.005405411124229431
1 0.19582664966583252 0.09684684872627258 0.006420552730560303 0.006306305527687073
0 0.8836275935173035 0.09639639407396317 0.004815459251403809 0.009009003639221191
0 0.9498394727706909 0.08873873949050903 0.008828282356262207 0.00810810923576355
0 0.937399685382843 0.08918918669223785 0.006420493125915527 0.009009003639221191
0 0.5967094898223877 0.08873873949050903 0.005617976188659668 0.00810810923576355
0 0.5601926445960999 0.08648648858070374 0.004815459251403809 0.009009003639221191
0 0.1468699872493744 0.08378378301858902 0.008025676012039185 0.005405411124229431
1 0.07704655081033707 0.08693693578243256 0.00963081419467926 0.013513520359992981
0 0.6524879336357117 0.08063063025474548 0.008025646209716797 0.006306305527687073
1 0.9502407908439636 0.07927928119897842 0.008025646209716797 0.005405411124229431
0 0.6709470152854919 0.07927928119897842 0.008025646209716797 0.005405411124229431
1 0.6982343792915344 0.07837837934494019 0.006420493125915527 0.005405411124229431
1 0.687399685382843 0.07792792469263077 0.0072231292724609375 0.004504501819610596
1 0.7776886224746704 0.07522522658109665 0.008025646209716797 0.004504501819610596
0 0.9241573214530945 0.07252252101898193 0.0072231292724609375 0.006306305527687073
1 0.13402889668941498 0.07072071731090546 0.008025676012039185 0.004504501819610596
1 0.1741573065519333 0.06981982290744781 0.008025676012039185 0.004504501819610596
1 0.2796950340270996 0.06531531363725662 0.0072231292724609375 0.004504501819610596
1 0.687399685382843 0.06306306459009647 0.008828282356262207 0.005405407398939133
1 0.6472712755203247 0.0626126155257225 0.0072231292724609375 0.004504501819610596
1 0.4052969515323639 0.06306306459009647 0.009630799293518066 0.005405407398939133
0 0.3828250467777252 0.0626126155257225 0.008025705814361572 0.004504501819610596
1 0.48394864797592163 0.05990990996360779 0.008025705814361572 0.004504501819610596
1 0.9526484608650208 0.05720720812678337 0.006420493125915527 0.009909912943840027
0 0.5634028911590576 0.054504506289958954 0.006420493125915527 0.00810810923576355
0 0.2142857164144516 0.05270270258188248 0.008025676012039185 0.004504501819610596
1 0.9899678826332092 0.05225225165486336 0.0072231292724609375 0.009009011089801788
0 0.7247191071510315 0.04954954981803894 0.004815459251403809 0.009009011089801788
1 0.9369983673095703 0.04684684798121452 0.0040128231048583984 0.007207207381725311
1 0.0545746386051178 0.04459459334611893 0.008025683462619781 0.006306305527687073
0 0.4935794472694397 0.04324324429035187 0.009630799293518066 0.005405403673648834
1 0.046548955142498016 0.04459459334611893 0.00481540709733963 0.00810810923576355
1 0.06661316007375717 0.04144144058227539 0.006420552730560303 0.007207207381725311
1 0.8976725339889526 0.038288287818431854 0.0072231292724609375 0.009909912943840027
0 0.9771267771720886 0.036936938762664795 0.010433435440063477 0.009009011089801788
0 0.966292142868042 0.03513513505458832 0.006420493125915527 0.007207207381725311
1 0.21147672832012177 0.03333333507180214 0.004012852907180786 0.007207207381725311
1 0.6119582653045654 0.03153153136372566 0.0072231292724609375 0.005405403673648834
1 0.23434992134571075 0.03198198229074478 0.004815399646759033 0.00810810923576355
1 0.08467094600200653 0.029279278591275215 0.007223114371299744 0.004504505544900894
1 0.2415730357170105 0.030180180445313454 0.004815399646759033 0.009909909218549728
0 0.6709470152854919 0.027477476745843887 0.008025646209716797 0.006306305527687073
0 0.29333868622779846 0.029279278591275215 0.008828222751617432 0.011711712926626205
0 0.9691011309623718 0.026576576754450798 0.0072231292724609375 0.00810810923576355
1 0.31380417943000793 0.02837837766855955 0.006420552730560303 0.011711711063981056
1 0.3045746386051178 0.02837837766855955 0.0072231292724609375 0.011711711063981056
0 0.6388443112373352 0.018018018454313278 0.006420493125915527 0.007207207381725311
0 0.43218299746513367 0.016216217074543238 0.0072231292724609375 0.005405406467616558
1 0.9699037075042725 0.012162161991000175 0.0072231292724609375 0.004504505544900894
0 0.9265649914741516 0.013963963836431503 0.008828282356262207 0.00810810923576355
0 0.8816211819648743 0.012162161991000175 0.005617976188659668 0.00810810923576355
1 0.9538523554801941 0.010360359912738204 0.010433435440063477 0.00630630599334836
1 0.3655698299407959 0.008558558067306876 0.005617976188659668 0.00630630599334836
